 ---------------------------------------------------------------
 Surface and Strip Forces by surface

  Sref =  60.161       Cref =  4.4401       Bref =  14.859    
  Xref =  8.7873       Yref =  0.0000       Zref =  0.0000    

  Surface # 1     Wing                                    
     # Chordwise = 10   # Spanwise = 20     First strip =  1
     Surface area Ssurf =   18.764490     Ave. chord Cave =    3.460232

 Forces referred to Sref, Cref, Bref about Xref, Yref, Zref
 Standard axis orientation,  X fwd, Z down         
     CLsurf  =   0.13319     Clsurf  =  -0.03806
     CYsurf  =   0.00423     Cmsurf  =  -0.00849
     CDsurf  =   0.00785     Cnsurf  =  -0.00148
     CDisurf =   0.00474     CDvsurf =   0.00311

 Forces referred to Ssurf, Cave 
     CLsurf  =   0.42703     CDsurf  =   0.02518

 Strip Forces referred to Strip Area, Chord
    j     Xle      Yle      Zle      Chord    Area     c_cl     ai     cl_norm    cl       cd       cdv    cm_c/4     cm_LE   C.P.x/c
     1   6.2129   2.0155   0.0000   5.0461   0.1788   1.8918  -0.7377   0.4215   0.3229   0.6408   0.0084  -0.0200  -0.0932    0.312
     2   6.2624   2.0861   0.0000   5.0046   0.5275   1.9406  -0.0944   0.5035   0.3857   0.0493   0.0091  -0.0283  -0.1027    0.323
     3   6.3602   2.2256   0.0000   4.9228   0.8506   1.9710   0.0502   0.5223   0.4001   0.0290   0.0093  -0.0345  -0.1104    0.336
     4   6.5039   2.4306   0.0000   4.8025   1.1329   1.9816   0.1131   0.5386   0.4126   0.0271   0.0095  -0.0392  -0.1168    0.345
     5   6.6900   2.6960   0.0000   4.6467   1.3625   1.9727   0.1249   0.5543   0.4246   0.0264   0.0097  -0.0427  -0.1220    0.350
     6   6.9138   3.0152   0.0000   4.4593   1.5310   1.9439   0.1190   0.5693   0.4361   0.0258   0.0099  -0.0450  -0.1263    0.353
     7   7.1698   3.3805   0.0000   4.2450   1.6342   1.8947   0.1107   0.5831   0.4467   0.0246   0.0101  -0.0466  -0.1297    0.354
     8   7.4519   3.7828   0.0000   4.0089   1.6722   1.8249   0.1044   0.5949   0.4558   0.0228   0.0103  -0.0475  -0.1322    0.354
     9   7.7529   4.2122   0.0000   3.7569   1.6494   1.7346   0.1010   0.6037   0.4625   0.0207   0.0104  -0.0477  -0.1338    0.353
    10   8.0655   4.6581   0.0000   3.4952   1.5732   1.6253   0.0992   0.6083   0.4660   0.0181   0.0105  -0.0473  -0.1341    0.351
    11   8.3820   5.1096   0.0000   3.2302   1.4539   1.4995   0.0925   0.6076   0.4655   0.0152   0.0106  -0.0461  -0.1329    0.349
    12   8.6660   5.5147   0.0000   2.9924   1.0716   1.3712   0.0798   0.6001   0.4597   0.0124   0.0105  -0.0438  -0.1299    0.345
    13   8.9116   5.8650   0.0000   2.7869   0.9482   1.2453   0.0293   0.5854   0.4484   0.0105   0.0104  -0.0409  -0.1251    0.341
    14   9.1416   6.1931   0.0000   2.5943   0.8146   1.1138   0.0412   0.5626   0.4310   0.0084   0.0102  -0.0373  -0.1186    0.337
    15   9.3505   6.4911   0.0000   2.4194   0.6775   0.9767   0.0480   0.5292   0.4054   0.0061   0.0098  -0.0332  -0.1100    0.332
    16   9.5330   6.7515   0.0000   2.2666   0.5421   0.8354   0.0529   0.4834   0.3703   0.0040   0.0095  -0.0290  -0.0993    0.328
    17   9.6848   6.9680   0.0000   2.1395   0.4117   0.6903   0.0583   0.4234   0.3244   0.0020   0.0090  -0.0248  -0.0865    0.326
    18   9.8264   7.1700   0.0000   2.0210   0.4136   0.5281   0.0673   0.3431   0.2628   0.0013   0.0085  -0.0203  -0.0703    0.327
    19   9.9423   7.3353   0.0000   1.9240   0.2402   0.3297   0.0841   0.2252   0.1725   0.0009   0.0079  -0.0143  -0.0469    0.333
    20  10.0009   7.4190   0.0000   1.8749   0.0787   0.1128   0.0995   0.0795   0.0609   0.0016   0.0075  -0.0055  -0.0169    0.340

  Surface # 2     Wing (YDUP)                             
     # Chordwise = 10   # Spanwise = 20     First strip = 21
     Surface area Ssurf =   18.764490     Ave. chord Cave =    3.460232

 Forces referred to Sref, Cref, Bref about Xref, Yref, Zref
 Standard axis orientation,  X fwd, Z down         
     CLsurf  =   0.13319     Clsurf  =   0.03806
     CYsurf  =  -0.00423     Cmsurf  =  -0.00849
     CDsurf  =   0.00785     Cnsurf  =   0.00148
     CDisurf =   0.00474     CDvsurf =   0.00311

 Forces referred to Ssurf, Cave 
     CLsurf  =   0.42703     CDsurf  =   0.02518

 Strip Forces referred to Strip Area, Chord
    j     Xle      Yle      Zle      Chord    Area     c_cl     ai     cl_norm    cl       cd       cdv    cm_c/4     cm_LE   C.P.x/c
    21   6.2129  -2.0155   0.0000   5.0461   0.1788   1.8918  -0.7377   0.4215   0.3229   0.6408   0.0084  -0.0200   0.0932    0.312
    22   6.2624  -2.0861   0.0000   5.0046   0.5275   1.9406  -0.0944   0.5035   0.3857   0.0493   0.0091  -0.0283   0.1027    0.323
    23   6.3602  -2.2256   0.0000   4.9228   0.8506   1.9710   0.0502   0.5223   0.4001   0.0290   0.0093  -0.0345   0.1104    0.336
    24   6.5039  -2.4306   0.0000   4.8025   1.1329   1.9816   0.1131   0.5386   0.4126   0.0271   0.0095  -0.0392   0.1168    0.345
    25   6.6900  -2.6960   0.0000   4.6467   1.3625   1.9727   0.1249   0.5543   0.4246   0.0264   0.0097  -0.0427   0.1220    0.350
    26   6.9138  -3.0152   0.0000   4.4593   1.5310   1.9439   0.1190   0.5693   0.4361   0.0258   0.0099  -0.0450   0.1263    0.353
    27   7.1698  -3.3805   0.0000   4.2450   1.6342   1.8947   0.1107   0.5831   0.4467   0.0246   0.0101  -0.0466   0.1297    0.354
    28   7.4519  -3.7828   0.0000   4.0089   1.6722   1.8249   0.1044   0.5949   0.4558   0.0228   0.0103  -0.0475   0.1322    0.354
    29   7.7529  -4.2122   0.0000   3.7569   1.6494   1.7346   0.1010   0.6037   0.4625   0.0207   0.0104  -0.0477   0.1338    0.353
    30   8.0655  -4.6581   0.0000   3.4952   1.5732   1.6253   0.0992   0.6083   0.4660   0.0181   0.0105  -0.0473   0.1341    0.351
    31   8.3820  -5.1096   0.0000   3.2302   1.4539   1.4995   0.0925   0.6076   0.4655   0.0152   0.0106  -0.0461   0.1329    0.349
    32   8.6660  -5.5147   0.0000   2.9924   1.0716   1.3712   0.0798   0.6001   0.4597   0.0124   0.0105  -0.0438   0.1299    0.345
    33   8.9116  -5.8650   0.0000   2.7869   0.9482   1.2453   0.0293   0.5854   0.4484   0.0105   0.0104  -0.0409   0.1251    0.341
    34   9.1416  -6.1931   0.0000   2.5943   0.8146   1.1138   0.0412   0.5626   0.4310   0.0084   0.0102  -0.0373   0.1186    0.337
    35   9.3505  -6.4911   0.0000   2.4194   0.6775   0.9767   0.0480   0.5292   0.4054   0.0061   0.0098  -0.0332   0.1100    0.332
    36   9.5330  -6.7515   0.0000   2.2666   0.5421   0.8354   0.0529   0.4834   0.3703   0.0040   0.0095  -0.0290   0.0993    0.328
    37   9.6848  -6.9680   0.0000   2.1395   0.4117   0.6903   0.0583   0.4234   0.3244   0.0020   0.0090  -0.0248   0.0865    0.326
    38   9.8264  -7.1700   0.0000   2.0210   0.4136   0.5281   0.0673   0.3431   0.2628   0.0013   0.0085  -0.0203   0.0703    0.327
    39   9.9423  -7.3353   0.0000   1.9240   0.2402   0.3297   0.0841   0.2252   0.1725   0.0009   0.0079  -0.0143   0.0469    0.333
    40  10.0009  -7.4190   0.0000   1.8749   0.0787   0.1128   0.0995   0.0795   0.0609   0.0016   0.0075  -0.0055   0.0169    0.340

  Surface # 3     Top Plane Cruciform                     
     # Chordwise = 20   # Spanwise = 10     First strip = 41
     Surface area Ssurf =   20.050403     Ave. chord Cave =    9.992227

 Forces referred to Sref, Cref, Bref about Xref, Yref, Zref
 Standard axis orientation,  X fwd, Z down         
     CLsurf  =   0.06944     Clsurf  =  -0.00461
     CYsurf  =  -0.00011     Cmsurf  =   0.02232
     CDsurf  =   0.00477     Cnsurf  =  -0.00007
     CDisurf =   0.00477     CDvsurf =   0.00000

 Forces referred to Ssurf, Cave 
     CLsurf  =   0.20834     CDsurf  =   0.01432

 Strip Forces referred to Strip Area, Chord
    j     Xle      Yle      Zle      Chord    Area     c_cl     ai     cl_norm    cl       cd       cdv    cm_c/4     cm_LE   C.P.x/c
    41   0.0607   0.0120   0.0000  12.8933   0.6155   2.1671   0.0626   2.2418   0.1607   0.0949   0.0000  -0.0449  -0.0169    0.529
    42   0.5371   0.1063   0.0000  12.4169   1.7203   2.1669   0.0626   2.4287   0.1741   0.0126   0.0000  -0.0453  -0.0173    0.510
    43   1.4433   0.2857   0.0000  11.5107   2.4839   2.1648   0.0624   2.6171   0.1876   0.0138   0.0000  -0.0437  -0.0176    0.483
    44   2.6905   0.5326   0.0000  10.2634   2.7907   2.1572   0.0617   2.9250   0.2096   0.0152   0.0000  -0.0396  -0.0179    0.439
    45   4.1568   0.8228   0.0000   8.7972   2.6516   2.1326   0.0597   3.3788   0.2422   0.0131   0.0000  -0.0306  -0.0177    0.376
    46   4.7937   1.1367   0.0000   8.4793   2.7020   2.0586   0.0603   0.2465   0.2425   0.0133   0.0000  -0.0167  -0.0595    0.319
    47   4.5390   1.4436   0.0000   9.3409   2.6852   2.0319   0.0675   0.2206   0.2170   0.0157   0.0000  -0.0148  -0.0532    0.318
    48   4.3223   1.7046   0.0000  10.0739   2.2982   2.0069   0.0720   0.2019   0.1986   0.0153   0.0000  -0.0149  -0.0497    0.325
    49   4.1649   1.8942   0.0000  10.6064   1.5535   1.9841   0.0754   0.1898   0.1867   0.0121   0.0000  -0.0158  -0.0482    0.335
    50   4.0821   1.9939   0.0000  10.8863   0.5494   1.9410   0.0773   0.1876   0.1845  -0.0666   0.0000  -0.0163  -0.0468    0.338

  Surface # 4     Top Plane Cruciform (YDUP)              
     # Chordwise = 20   # Spanwise = 10     First strip = 51
     Surface area Ssurf =   20.050403     Ave. chord Cave =    9.992227

 Forces referred to Sref, Cref, Bref about Xref, Yref, Zref
 Standard axis orientation,  X fwd, Z down         
     CLsurf  =   0.06944     Clsurf  =   0.00461
     CYsurf  =   0.00011     Cmsurf  =   0.02232
     CDsurf  =   0.00477     Cnsurf  =   0.00007
     CDisurf =   0.00477     CDvsurf =   0.00000

 Forces referred to Ssurf, Cave 
     CLsurf  =   0.20834     CDsurf  =   0.01432

 Strip Forces referred to Strip Area, Chord
    j     Xle      Yle      Zle      Chord    Area     c_cl     ai     cl_norm    cl       cd       cdv    cm_c/4     cm_LE   C.P.x/c
    51   0.0607  -0.0120   0.0000  12.8933   0.6155   2.1671   0.0626   2.2418   0.1607   0.0949   0.0000  -0.0449   0.0169    0.529
    52   0.5371  -0.1063   0.0000  12.4169   1.7203   2.1669   0.0626   2.4287   0.1741   0.0126   0.0000  -0.0453   0.0173    0.510
    53   1.4433  -0.2857   0.0000  11.5107   2.4839   2.1648   0.0624   2.6171   0.1876   0.0138   0.0000  -0.0437   0.0176    0.483
    54   2.6905  -0.5326   0.0000  10.2634   2.7907   2.1572   0.0617   2.9250   0.2096   0.0152   0.0000  -0.0396   0.0179    0.439
    55   4.1568  -0.8228   0.0000   8.7972   2.6516   2.1326   0.0597   3.3788   0.2422   0.0131   0.0000  -0.0306   0.0177    0.376
    56   4.7937  -1.1367   0.0000   8.4793   2.7020   2.0586   0.0603   0.2465   0.2425   0.0133   0.0000  -0.0167   0.0595    0.319
    57   4.5390  -1.4436   0.0000   9.3409   2.6852   2.0319   0.0675   0.2206   0.2170   0.0157   0.0000  -0.0148   0.0532    0.318
    58   4.3223  -1.7046   0.0000  10.0739   2.2982   2.0069   0.0720   0.2019   0.1986   0.0153   0.0000  -0.0149   0.0497    0.325
    59   4.1649  -1.8942   0.0000  10.6064   1.5535   1.9841   0.0754   0.1898   0.1867   0.0121   0.0000  -0.0158   0.0482    0.335
    60   4.0821  -1.9939   0.0000  10.8863   0.5494   1.9410   0.0773   0.1876   0.1845  -0.0666   0.0000  -0.0163   0.0468    0.338

  Surface # 5     Horizontal Stabilizer                   
     # Chordwise = 10   # Spanwise = 20     First strip = 61
     Surface area Ssurf =    9.014043     Ave. chord Cave =    2.451400

 Forces referred to Sref, Cref, Bref about Xref, Yref, Zref
 Standard axis orientation,  X fwd, Z down         
     CLsurf  =   0.01103     Clsurf  =  -0.00300
     CYsurf  =   0.00046     Cmsurf  =  -0.01252
     CDsurf  =   0.00035     Cnsurf  =  -0.00025
     CDisurf =   0.00035     CDvsurf =   0.00000

 Forces referred to Ssurf, Cave 
     CLsurf  =   0.07361     CDsurf  =   0.00236

 Strip Forces referred to Strip Area, Chord
    j     Xle      Yle      Zle      Chord    Area     c_cl     ai     cl_norm    cl       cd       cdv    cm_c/4     cm_LE   C.P.x/c
    61  11.4252   2.0123  -0.1000   3.7673   0.0853  -0.1286   0.0659  -0.0502  -0.0346   0.0042   0.0000  -0.0095  -0.0007   -0.024
    62  11.4638   2.0574  -0.1000   3.7349   0.2515  -0.1620   0.0658  -0.0588  -0.0405  -0.0361   0.0000  -0.0136  -0.0021   -0.087
    63  11.5399   2.1466  -0.1000   3.6709   0.4053  -0.0978   0.0656  -0.0369  -0.0254  -0.0155   0.0000  -0.0122  -0.0042   -0.230
    64  11.6518   2.2775  -0.1000   3.5769   0.5392   0.0060   0.0654   0.0027   0.0018  -0.0017   0.0000  -0.0091  -0.0072  999.000
    65  11.7966   2.4471  -0.1000   3.4551   0.6474   0.1095   0.0652   0.0459   0.0316   0.0023   0.0000  -0.0056  -0.0103    0.427
    66  11.9708   2.6511  -0.1000   3.3087   0.7259   0.1769   0.0650   0.0774   0.0534   0.0036   0.0000  -0.0035  -0.0129    0.317
    67  12.1701   2.8845  -0.1000   3.1411   0.7727   0.2113   0.0648   0.0974   0.0671   0.0043   0.0000  -0.0029  -0.0150    0.293
    68  12.3896   3.1416  -0.1000   2.9565   0.7880   0.2294   0.0647   0.1124   0.0775   0.0049   0.0000  -0.0027  -0.0168    0.284
    69  12.6240   3.4159  -0.1000   2.7595   0.7741   0.2402   0.0647   0.1261   0.0869   0.0054   0.0000  -0.0024  -0.0183    0.277
    70  12.8673   3.7009  -0.1000   2.5550   0.7348   0.2460   0.0647   0.1396   0.0961   0.0058   0.0000  -0.0018  -0.0197    0.269
    71  13.1137   3.9894  -0.1000   2.3478   0.6753   0.2493   0.0648   0.1539   0.1060   0.0061   0.0000  -0.0007  -0.0207    0.257
    72  13.3570   4.2744  -0.1000   2.1433   0.6012   0.2519   0.0650   0.1704   0.1174   0.0064   0.0000   0.0012  -0.0214    0.240
    73  13.5914   4.5487  -0.1000   1.9463   0.5188   0.2520   0.0653   0.1878   0.1294   0.0061   0.0000   0.0043  -0.0214    0.217
    74  13.8109   4.8058  -0.1000   1.7617   0.4334   0.2398   0.0657   0.1976   0.1361   0.0054   0.0000   0.0075  -0.0202    0.195
    75  14.0102   5.0392  -0.1000   1.5941   0.3497   0.2074   0.0661   0.1889   0.1301   0.0048   0.0000   0.0093  -0.0176    0.178
    76  14.1844   5.2432  -0.1000   1.4477   0.2712   0.1650   0.0665   0.1655   0.1140   0.0042   0.0000   0.0099  -0.0141    0.163
    77  14.3292   5.4128  -0.1000   1.3259   0.1999   0.1222   0.0669   0.1339   0.0922   0.0034   0.0000   0.0096  -0.0102    0.146
    78  14.4411   5.5437  -0.1000   1.2319   0.1360   0.0829   0.0672   0.0978   0.0674   0.0024   0.0000   0.0083  -0.0065    0.127
    79  14.5172   5.6329  -0.1000   1.1679   0.0787   0.0477   0.0674   0.0594   0.0409   0.0012   0.0000   0.0057  -0.0034    0.110
    80  14.5558   5.6780  -0.1000   1.1355   0.0257   0.0156   0.0676   0.0200   0.0138   0.0000   0.0000   0.0020  -0.0010    0.101

  Surface # 6     Horizontal Stabilizer (YDUP)            
     # Chordwise = 10   # Spanwise = 20     First strip = 81
     Surface area Ssurf =    9.014043     Ave. chord Cave =    2.451400

 Forces referred to Sref, Cref, Bref about Xref, Yref, Zref
 Standard axis orientation,  X fwd, Z down         
     CLsurf  =   0.01103     Clsurf  =   0.00300
     CYsurf  =  -0.00046     Cmsurf  =  -0.01252
     CDsurf  =   0.00035     Cnsurf  =   0.00025
     CDisurf =   0.00035     CDvsurf =   0.00000

 Forces referred to Ssurf, Cave 
     CLsurf  =   0.07361     CDsurf  =   0.00236

 Strip Forces referred to Strip Area, Chord
    j     Xle      Yle      Zle      Chord    Area     c_cl     ai     cl_norm    cl       cd       cdv    cm_c/4     cm_LE   C.P.x/c
    81  11.4252  -2.0123  -0.1000   3.7673   0.0853  -0.1286   0.0659  -0.0502  -0.0346   0.0042   0.0000  -0.0095   0.0007   -0.024
    82  11.4638  -2.0574  -0.1000   3.7349   0.2515  -0.1620   0.0658  -0.0588  -0.0405  -0.0361   0.0000  -0.0136   0.0021   -0.087
    83  11.5399  -2.1466  -0.1000   3.6709   0.4053  -0.0978   0.0656  -0.0369  -0.0254  -0.0155   0.0000  -0.0122   0.0042   -0.230
    84  11.6518  -2.2775  -0.1000   3.5769   0.5392   0.0060   0.0654   0.0027   0.0018  -0.0017   0.0000  -0.0091   0.0072  999.000
    85  11.7966  -2.4471  -0.1000   3.4551   0.6474   0.1095   0.0652   0.0459   0.0316   0.0023   0.0000  -0.0056   0.0103    0.427
    86  11.9708  -2.6511  -0.1000   3.3087   0.7259   0.1769   0.0650   0.0774   0.0534   0.0036   0.0000  -0.0035   0.0129    0.317
    87  12.1701  -2.8845  -0.1000   3.1411   0.7727   0.2113   0.0648   0.0974   0.0671   0.0043   0.0000  -0.0029   0.0150    0.293
    88  12.3896  -3.1416  -0.1000   2.9565   0.7880   0.2294   0.0647   0.1124   0.0775   0.0049   0.0000  -0.0027   0.0168    0.284
    89  12.6240  -3.4159  -0.1000   2.7595   0.7741   0.2402   0.0647   0.1261   0.0869   0.0054   0.0000  -0.0024   0.0183    0.277
    90  12.8673  -3.7009  -0.1000   2.5550   0.7348   0.2460   0.0647   0.1396   0.0961   0.0058   0.0000  -0.0018   0.0197    0.269
    91  13.1137  -3.9894  -0.1000   2.3478   0.6753   0.2493   0.0648   0.1539   0.1060   0.0061   0.0000  -0.0007   0.0207    0.257
    92  13.3570  -4.2744  -0.1000   2.1433   0.6012   0.2519   0.0650   0.1704   0.1174   0.0064   0.0000   0.0012   0.0214    0.240
    93  13.5914  -4.5487  -0.1000   1.9463   0.5188   0.2520   0.0653   0.1878   0.1294   0.0061   0.0000   0.0043   0.0214    0.217
    94  13.8109  -4.8058  -0.1000   1.7617   0.4334   0.2398   0.0657   0.1976   0.1361   0.0054   0.0000   0.0075   0.0202    0.195
    95  14.0102  -5.0392  -0.1000   1.5941   0.3497   0.2074   0.0661   0.1889   0.1301   0.0048   0.0000   0.0093   0.0176    0.178
    96  14.1844  -5.2432  -0.1000   1.4477   0.2712   0.1650   0.0665   0.1655   0.1140   0.0042   0.0000   0.0099   0.0141    0.163
    97  14.3292  -5.4128  -0.1000   1.3259   0.1999   0.1222   0.0669   0.1339   0.0922   0.0034   0.0000   0.0096   0.0102    0.146
    98  14.4411  -5.5437  -0.1000   1.2319   0.1360   0.0829   0.0672   0.0978   0.0674   0.0024   0.0000   0.0083   0.0065    0.127
    99  14.5172  -5.6329  -0.1000   1.1679   0.0787   0.0477   0.0674   0.0594   0.0409   0.0012   0.0000   0.0057   0.0034    0.110
   100  14.5558  -5.6780  -0.1000   1.1355   0.0257   0.0156   0.0676   0.0200   0.0138   0.0000   0.0000   0.0020   0.0010    0.101

  Surface # 7     Vertical Stabilizer                     
     # Chordwise = 10   # Spanwise = 20     First strip =101
     Surface area Ssurf =   10.923742     Ave. chord Cave =    3.305100

 Forces referred to Sref, Cref, Bref about Xref, Yref, Zref
 Standard axis orientation,  X fwd, Z down         
     CLsurf  =   0.00249     Clsurf  =  -0.00094
     CYsurf  =  -0.00663     Cmsurf  =  -0.00131
     CDsurf  =   0.00012     Cnsurf  =   0.00100
     CDisurf =   0.00012     CDvsurf =   0.00000

 Forces referred to Ssurf, Cave 
     CLsurf  =   0.03903     CDsurf  =   0.00068

 Strip Forces referred to Strip Area, Chord
    j     Xle      Yle      Zle      Chord    Area     c_cl     ai     cl_norm    cl       cd       cdv    cm_c/4     cm_LE   C.P.x/c
   101   8.9689   0.9669   0.0048   4.4034   0.0896   0.0168   0.0233   0.0064   0.0038   0.0002   0.0000   0.0001  -0.0007    0.234
   102   9.0041   0.9808   0.0429   4.3764   0.2649   0.0500   0.0235   0.0192   0.0114   0.0004   0.0000   0.0002  -0.0020    0.235
   103   9.0735   1.0082   0.1182   4.3229   0.4290   0.0808   0.0240   0.0314   0.0187   0.0005   0.0000   0.0002  -0.0034    0.237
   104   9.1756   1.0485   0.2288   4.2445   0.5751   0.1044   0.0248   0.0414   0.0246   0.0005   0.0000   0.0001  -0.0046    0.245
   105   9.3077   1.1006   0.3721   4.1428   0.6977   0.1172   0.0256   0.0476   0.0283   0.0006   0.0000  -0.0003  -0.0055    0.259
   106   9.4667   1.1633   0.5444   4.0206   0.7928   0.1245   0.0264   0.0521   0.0310   0.0008   0.0000  -0.0006  -0.0063    0.269
   107   9.6485   1.2351   0.7415   3.8807   0.8580   0.1348   0.0270   0.0584   0.0347   0.0008   0.0000  -0.0004  -0.0069    0.262
   108   9.8488   1.3141   0.9586   3.7267   0.8928   0.1462   0.0274   0.0659   0.0392   0.0009   0.0000   0.0002  -0.0073    0.245
   109  10.0626   1.3985   1.1904   3.5623   0.8982   0.1546   0.0276   0.0730   0.0434   0.0009   0.0000   0.0011  -0.0074    0.226
   110  10.2847   1.4861   1.4311   3.3915   0.8768   0.1591   0.0278   0.0789   0.0469   0.0009   0.0000   0.0020  -0.0074    0.208
   111  10.5094   1.5747   1.6747   3.2187   0.8321   0.1598   0.0278   0.0835   0.0496   0.0009   0.0000   0.0029  -0.0072    0.191
   112  10.7315   1.6623   1.9154   3.0479   0.7685   0.1568   0.0278   0.0865   0.0515   0.0008   0.0000   0.0039  -0.0068    0.174
   113  10.9453   1.7467   2.1472   2.8835   0.6908   0.1502   0.0278   0.0876   0.0521   0.0008   0.0000   0.0048  -0.0062    0.157
   114  11.1456   1.8257   2.3643   2.7295   0.6035   0.1398   0.0278   0.0861   0.0512   0.0006   0.0000   0.0056  -0.0054    0.140
   115  11.3274   1.8975   2.5614   2.5896   0.5106   0.1257   0.0277   0.0816   0.0485   0.0005   0.0000   0.0062  -0.0045    0.123
   116  11.4864   1.9602   2.7337   2.4674   0.4155   0.1081   0.0277   0.0737   0.0438   0.0003   0.0000   0.0064  -0.0035    0.105
   117  11.6185   2.0123   2.8770   2.3657   0.3205   0.0875   0.0277   0.0623   0.0370   0.0001   0.0000   0.0060  -0.0025    0.088
   118  11.7206   2.0526   2.9876   2.2873   0.2270   0.0644   0.0277   0.0474   0.0282  -0.0001   0.0000   0.0050  -0.0015    0.072
   119  11.7900   2.0800   3.0629   2.2338   0.1352   0.0394   0.0276   0.0297   0.0177  -0.0002   0.0000   0.0033  -0.0008    0.060
   120  11.8252   2.0939   3.1010   2.2068   0.0449   0.0133   0.0276   0.0101   0.0060  -0.0003   0.0000   0.0012  -0.0003    0.055

  Surface # 8     Vertical Stabilizer (YDUP)              
     # Chordwise = 10   # Spanwise = 20     First strip =121
     Surface area Ssurf =   10.923742     Ave. chord Cave =    3.305100

 Forces referred to Sref, Cref, Bref about Xref, Yref, Zref
 Standard axis orientation,  X fwd, Z down         
     CLsurf  =   0.00249     Clsurf  =   0.00094
     CYsurf  =   0.00663     Cmsurf  =  -0.00131
     CDsurf  =   0.00012     Cnsurf  =  -0.00100
     CDisurf =   0.00012     CDvsurf =   0.00000

 Forces referred to Ssurf, Cave 
     CLsurf  =   0.03903     CDsurf  =   0.00068

 Strip Forces referred to Strip Area, Chord
    j     Xle      Yle      Zle      Chord    Area     c_cl     ai     cl_norm    cl       cd       cdv    cm_c/4     cm_LE   C.P.x/c
   121   8.9689  -0.9669   0.0048   4.4034   0.0896   0.0168   0.0233   0.0064   0.0038   0.0002   0.0000   0.0001   0.0007    0.234
   122   9.0041  -0.9808   0.0429   4.3764   0.2649   0.0500   0.0235   0.0192   0.0114   0.0004   0.0000   0.0002   0.0020    0.235
   123   9.0735  -1.0082   0.1182   4.3229   0.4290   0.0808   0.0240   0.0314   0.0187   0.0005   0.0000   0.0002   0.0034    0.237
   124   9.1756  -1.0485   0.2288   4.2445   0.5751   0.1044   0.0248   0.0414   0.0246   0.0005   0.0000   0.0001   0.0046    0.245
   125   9.3077  -1.1006   0.3721   4.1428   0.6977   0.1172   0.0256   0.0476   0.0283   0.0006   0.0000  -0.0003   0.0055    0.259
   126   9.4667  -1.1633   0.5444   4.0206   0.7928   0.1245   0.0264   0.0521   0.0310   0.0008   0.0000  -0.0006   0.0063    0.269
   127   9.6485  -1.2351   0.7415   3.8807   0.8580   0.1348   0.0270   0.0584   0.0347   0.0008   0.0000  -0.0004   0.0069    0.262
   128   9.8488  -1.3141   0.9586   3.7267   0.8928   0.1462   0.0274   0.0659   0.0392   0.0009   0.0000   0.0002   0.0073    0.245
   129  10.0626  -1.3985   1.1904   3.5623   0.8982   0.1546   0.0276   0.0730   0.0434   0.0009   0.0000   0.0011   0.0074    0.226
   130  10.2847  -1.4861   1.4311   3.3915   0.8768   0.1591   0.0278   0.0789   0.0469   0.0009   0.0000   0.0020   0.0074    0.208
   131  10.5094  -1.5747   1.6747   3.2187   0.8321   0.1598   0.0278   0.0835   0.0496   0.0009   0.0000   0.0029   0.0072    0.191
   132  10.7315  -1.6623   1.9154   3.0479   0.7685   0.1568   0.0278   0.0865   0.0515   0.0008   0.0000   0.0039   0.0068    0.174
   133  10.9453  -1.7467   2.1472   2.8835   0.6908   0.1502   0.0278   0.0876   0.0521   0.0008   0.0000   0.0048   0.0062    0.157
   134  11.1456  -1.8257   2.3643   2.7295   0.6035   0.1398   0.0278   0.0861   0.0512   0.0006   0.0000   0.0056   0.0054    0.140
   135  11.3274  -1.8975   2.5614   2.5896   0.5106   0.1257   0.0277   0.0816   0.0485   0.0005   0.0000   0.0062   0.0045    0.123
   136  11.4864  -1.9602   2.7337   2.4674   0.4155   0.1081   0.0277   0.0737   0.0438   0.0003   0.0000   0.0064   0.0035    0.105
   137  11.6185  -2.0123   2.8770   2.3657   0.3205   0.0875   0.0277   0.0623   0.0370   0.0001   0.0000   0.0060   0.0025    0.088
   138  11.7206  -2.0526   2.9876   2.2873   0.2270   0.0644   0.0277   0.0474   0.0282  -0.0001   0.0000   0.0050   0.0015    0.072
   139  11.7900  -2.0800   3.0629   2.2338   0.1352   0.0394   0.0276   0.0297   0.0177  -0.0002   0.0000   0.0033   0.0008    0.060
   140  11.8252  -2.0939   3.1010   2.2068   0.0449   0.0133   0.0276   0.0101   0.0060  -0.0003   0.0000   0.0012   0.0003    0.055
 ---------------------------------------------------------------
