 1.0000000    -0.0001170
 0.9973074     0.0003888
 0.9911890     0.0015226
 0.9845814     0.0027238
 0.9778619     0.0039210
 0.9711093     0.0050998
 0.9643444     0.0062564
 0.9575744     0.0073895
 0.9508010     0.0084978
 0.9440236     0.0095808
 0.9372426     0.0106369
 0.9304575     0.0116644
 0.9236685     0.0126617
 0.9168755     0.0136268
 0.9100782     0.0145577
 0.9032766     0.0154527
 0.8964707     0.0163099
 0.8896607     0.0171270
 0.8828462     0.0179016
 0.8760275     0.0186318
 0.8692045     0.0193154
 0.8623773     0.0199507
 0.8555461     0.0205360
 0.8487109     0.0210703
 0.8418719     0.0215530
 0.8350293     0.0219846
 0.8281832     0.0223659
 0.8213338     0.0226994
 0.8144813     0.0229883
 0.8076256     0.0232373
 0.8007668     0.0234528
 0.7939046     0.0236426
 0.7870390     0.0238167
 0.7801716     0.0239834
 0.7733040     0.0241453
 0.7664360     0.0243028
 0.7595678     0.0244567
 0.7526994     0.0246074
 0.7458309     0.0247551
 0.7389623     0.0249001
 0.7320936     0.0250425
 0.7252249     0.0251824
 0.7183561     0.0253196
 0.7114875     0.0254538
 0.7046190     0.0255843
 0.6977506     0.0257106
 0.6908824     0.0258316
 0.6840144     0.0259464
 0.6771467     0.0260536
 0.6702792     0.0261521
 0.6634120     0.0262405
 0.6565445     0.0263182
 0.6496768     0.0263858
 0.6428088     0.0264437
 0.6359408     0.0264923
 0.6290725     0.0265317
 0.6222041     0.0265626
 0.6153356     0.0265852
 0.6084669     0.0266000
 0.6015981     0.0266071
 0.5947292     0.0266071
 0.5878603     0.0266002
 0.5809913     0.0265866
 0.5741222     0.0265666
 0.5672531     0.0265405
 0.5603839     0.0265085
 0.5535147     0.0264710
 0.5466455     0.0264278
 0.5397765     0.0263791
 0.5329075     0.0263245
 0.5260387     0.0262637
 0.5191700     0.0261965
 0.5123013     0.0261229
 0.5054329     0.0260425
 0.4985646     0.0259550
 0.4916962     0.0258607
 0.4848278     0.0257601
 0.4779593     0.0256538
 0.4710906     0.0255425
 0.4642219     0.0254268
 0.4573530     0.0253073
 0.4504841     0.0251845
 0.4436150     0.0250591
 0.4367461     0.0249311
 0.4298774     0.0248001
 0.4230088     0.0246657
 0.4161405     0.0245274
 0.4092725     0.0243846
 0.4024046     0.0242369
 0.3955370     0.0240839
 0.3886697     0.0239251
 0.3818025     0.0237603
 0.3749356     0.0235892
 0.3680689     0.0234115
 0.3612025     0.0232269
 0.3543364     0.0230351
 0.3474706     0.0228359
 0.3406051     0.0226288
 0.3337402     0.0224133
 0.3268755     0.0221888
 0.3200109     0.0219557
 0.3131465     0.0217147
 0.3062821     0.0214662
 0.2994179     0.0212109
 0.2925537     0.0209491
 0.2856898     0.0206812
 0.2788260     0.0204074
 0.2719624     0.0201281
 0.2650989     0.0198432
 0.2582357     0.0195530
 0.2513726     0.0192576
 0.2445098     0.0189570
 0.2376471     0.0186513
 0.2307847     0.0183406
 0.2239225     0.0180249
 0.2170604     0.0177045
 0.2101986     0.0173792
 0.2033370     0.0170493
 0.1964758     0.0167142
 0.1896151     0.0163736
 0.1827550     0.0160264
 0.1758955     0.0156718
 0.1690368     0.0153087
 0.1621789     0.0149361
 0.1553218     0.0145533
 0.1484655     0.0141593
 0.1416104     0.0137531
 0.1347564     0.0133334
 0.1279037     0.0128989
 0.1210523     0.0124485
 0.1142023     0.0119812
 0.1073538     0.0114961
 0.1005068     0.0109926
 0.0936613     0.0104702
 0.0868171     0.0099292
 0.0799741     0.0093700
 0.0731325     0.0087933
 0.0662930     0.0081984
 0.0594564     0.0075825
 0.0526224     0.0069428
 0.0457906     0.0062789
 0.0389613     0.0055905
 0.0321300     0.0048846
 0.0253007     0.0041782
 0.0184899     0.0034440
 0.0117140     0.0026345
 0.0055354     0.0017641
 0.0021394     0.0010637
 0.0006903     0.0006188
 0.0000026     0.0001307
 0.0006925    -0.0003574
 0.0021725    -0.0007580
 0.0056508    -0.0013743
 0.0118760    -0.0021440
 0.0186706    -0.0028257
 0.0255042    -0.0034702
 0.0323431    -0.0041099
 0.0391804    -0.0047582
 0.0460188    -0.0054122
 0.0528573    -0.0060638
 0.0596962    -0.0067101
 0.0665359    -0.0073518
 0.0733765    -0.0079903
 0.0802176    -0.0086278
 0.0870585    -0.0092644
 0.0938990    -0.0098983
 0.1007395    -0.0105277
 0.1075804    -0.0111516
 0.1144217    -0.0117696
 0.1212637    -0.0123819
 0.1281062    -0.0129887
 0.1349492    -0.0135903
 0.1417928    -0.0141871
 0.1486370    -0.0147796
 0.1554814    -0.0153681
 0.1623262    -0.0159523
 0.1691711    -0.0165317
 0.1760162    -0.0171053
 0.1828616    -0.0176724
 0.1897074    -0.0182318
 0.1965534    -0.0187824
 0.2034000    -0.0193230
 0.2102469    -0.0198521
 0.2170946    -0.0203686
 0.2239432    -0.0208718
 0.2307927    -0.0213614
 0.2376431    -0.0218372
 0.2444944    -0.0222992
 0.2513467    -0.0227472
 0.2581998    -0.0231814
 0.2650538    -0.0236016
 0.2719087    -0.0240079
 0.2787644    -0.0244005
 0.2856210    -0.0247796
 0.2924785    -0.0251456
 0.2993367    -0.0254988
 0.3061957    -0.0258399
 0.3130555    -0.0261696
 0.3199159    -0.0264885
 0.3267771    -0.0267972
 0.3336390    -0.0270969
 0.3405013    -0.0273881
 0.3473639    -0.0276707
 0.3542268    -0.0279445
 0.3610899    -0.0282093
 0.3679533    -0.0284646
 0.3748169    -0.0287101
 0.3816808    -0.0289453
 0.3885449    -0.0291700
 0.3954093    -0.0293836
 0.4022739    -0.0295860
 0.4091387    -0.0297767
 0.4160037    -0.0299552
 0.4228691    -0.0301214
 0.4297346    -0.0302749
 0.4366002    -0.0304155
 0.4434661    -0.0305427
 0.4503321    -0.0306565
 0.4571984    -0.0307566
 0.4640648    -0.0308431
 0.4709313    -0.0309157
 0.4777979    -0.0309744
 0.4846646    -0.0310191
 0.4915314    -0.0310496
 0.4983981    -0.0310656
 0.5052648    -0.0310671
 0.5121317    -0.0310544
 0.5189988    -0.0310283
 0.5258659    -0.0309892
 0.5327332    -0.0309378
 0.5396005    -0.0308748
 0.5464680    -0.0308007
 0.5533355    -0.0307163
 0.5602030    -0.0306222
 0.5670702    -0.0305184
 0.5739371    -0.0304041
 0.5808036    -0.0302788
 0.5876697    -0.0301420
 0.5945354    -0.0299930
 0.6014007    -0.0298313
 0.6082654    -0.0296563
 0.6151295    -0.0294673
 0.6219929    -0.0292631
 0.6288556    -0.0290432
 0.6357175    -0.0288066
 0.6425785    -0.0285523
 0.6494386    -0.0282798
 0.6562976    -0.0279880
 0.6631556    -0.0276763
 0.6700124    -0.0273438
 0.6768686    -0.0269909
 0.6837243    -0.0266193
 0.6905796    -0.0262308
 0.6974345    -0.0258271
 0.7042892    -0.0254101
 0.7111435    -0.0249814
 0.7179978    -0.0245427
 0.7248519    -0.0240957
 0.7317060    -0.0236417
 0.7385601    -0.0231821
 0.7454141    -0.0227179
 0.7522681    -0.0222500
 0.7591221    -0.0217793
 0.7659760    -0.0213059
 0.7728296    -0.0208299
 0.7796830    -0.0203513
 0.7865363    -0.0198701
 0.7933879    -0.0193845
 0.8002365    -0.0188880
 0.8070817    -0.0183731
 0.8139236    -0.0178336
 0.8207624    -0.0172658
 0.8275978    -0.0166671
 0.8344302    -0.0160359
 0.8412595    -0.0153722
 0.8480860    -0.0146765
 0.8549096    -0.0139502
 0.8617299    -0.0131936
 0.8685468    -0.0124067
 0.8753603    -0.0115899
 0.8821702    -0.0107434
 0.8889767    -0.0098678
 0.8957794    -0.0089634
 0.9025795    -0.0080317
 0.9093795    -0.0070792
 0.9161811    -0.0061198
 0.9229808    -0.0051714
 0.9297791    -0.0042512
 0.9365782    -0.0033767
 0.9433792    -0.0025676
 0.9501845    -0.0018440
 0.9569958    -0.0012219
 0.9638143    -0.0007117
 0.9706396    -0.0003190
 0.9774645    -0.0000501
 0.9842971     0.0000892
 0.9910047     0.0000934
 0.9972576    -0.0000259
 1.0000000    -0.0001170
