 ---------------------------------------------------------------
 Surface and Strip Forces by surface

  Sref =  65.032       Cref =  3.9648       Bref =  18.288    
  Xref =  0.0000       Yref =  0.0000       Zref =  0.0000    

  Surface # 1     Wing                                    
     # Chordwise = 20   # Spanwise = 40     First strip =  1
     Surface area Ssurf =   32.516064     Ave. chord Cave =    3.556000

 Forces referred to Sref, Cref, Bref about Xref, Yref, Zref
 Standard axis orientation,  X fwd, Z down         
     CLsurf  =   0.23665     Clsurf  =  -0.05010
     CYsurf  =   0.01136     Cmsurf  =  -0.22986
     CDsurf  =   0.01264     Cnsurf  =  -0.00527
     CDisurf =   0.00732     CDvsurf =   0.00532

 Forces referred to Ssurf, Cave 
     CLsurf  =   0.47330     CDsurf  =   0.02528

 Strip Forces referred to Strip Area, Chord
    j     Xle      Yle      Zle      Chord    Area     c_cl     ai     cl_norm    cl       cd       cdv    cm_c/4     cm_LE   C.P.x/c
     1   0.0024   0.0035   0.0000   5.6428   0.0795   2.1399   0.0383   0.4616   0.3542   0.2680   0.0086  -0.0483  -0.1192    0.386
     2   0.0212   0.0317   0.0000   5.6299   0.2376   2.1405   0.0455   0.4918   0.3774   0.0557   0.0089  -0.0482  -0.1193    0.378
     3   0.0587   0.0878   0.0000   5.6043   0.3925   2.1422   0.0509   0.4962   0.3808   0.0427   0.0090  -0.0477  -0.1193    0.375
     4   0.1148   0.1717   0.0000   5.5660   0.5424   2.1445   0.0549   0.5006   0.3842   0.0399   0.0090  -0.0467  -0.1191    0.372
     5   0.1889   0.2826   0.0000   5.5153   0.6853   2.1470   0.0577   0.5061   0.3884   0.0381   0.0091  -0.0454  -0.1189    0.367
     6   0.2808   0.4200   0.0000   5.4526   0.8195   2.1492   0.0597   0.5127   0.3934   0.0365   0.0092  -0.0440  -0.1187    0.362
     7   0.3897   0.5829   0.0000   5.3781   0.9434   2.1504   0.0611   0.5204   0.3993   0.0351   0.0093  -0.0425  -0.1186    0.356
     8   0.5151   0.7705   0.0000   5.2924   1.0556   2.1500   0.0621   0.5289   0.4059   0.0338   0.0094  -0.0410  -0.1187    0.351
     9   0.6562   0.9815   0.0000   5.1961   1.1548   2.1476   0.0627   0.5384   0.4131   0.0325   0.0095  -0.0396  -0.1191    0.346
    10   0.8120   1.2147   0.0000   5.0896   1.2402   2.1424   0.0630   0.5486   0.4210   0.0315   0.0096  -0.0384  -0.1196    0.341
    11   0.9817   1.4685   0.0000   4.9736   1.3111   2.1341   0.0630   0.5594   0.4293   0.0304   0.0098  -0.0372  -0.1204    0.337
    12   1.1642   1.7415   0.0000   4.8489   1.3670   2.1221   0.0629   0.5707   0.4380   0.0295   0.0099  -0.0362  -0.1213    0.333
    13   1.3584   2.0319   0.0000   4.7163   1.4078   2.1061   0.0625   0.5826   0.4470   0.0286   0.0101  -0.0354  -0.1224    0.329
    14   1.5630   2.3380   0.0000   4.5764   1.4334   2.0856   0.0620   0.5947   0.4564   0.0278   0.0103  -0.0346  -0.1237    0.326
    15   1.7768   2.6579   0.0000   4.4303   1.4444   2.0604   0.0614   0.6071   0.4659   0.0270   0.0104  -0.0340  -0.1252    0.323
    16   1.9985   2.9896   0.0000   4.2788   1.4411   2.0303   0.0606   0.6196   0.4754   0.0262   0.0106  -0.0335  -0.1267    0.320
    17   2.2268   3.3310   0.0000   4.1229   1.4245   1.9952   0.0597   0.6321   0.4851   0.0253   0.0108  -0.0330  -0.1282    0.318
    18   2.4601   3.6800   0.0000   3.9634   1.3955   1.9552   0.0587   0.6445   0.4946   0.0245   0.0109  -0.0326  -0.1299    0.316
    19   2.6972   4.0346   0.0000   3.8015   1.3552   1.9102   0.0577   0.6567   0.5039   0.0236   0.0111  -0.0322  -0.1315    0.314
    20   2.9364   4.3925   0.0000   3.6380   1.3050   1.8605   0.0567   0.6685   0.5130   0.0227   0.0113  -0.0319  -0.1330    0.312
    21   3.1764   4.7515   0.0000   3.4740   1.2462   1.8062   0.0557   0.6798   0.5216   0.0218   0.0114  -0.0316  -0.1345    0.311
    22   3.4156   5.1094   0.0000   3.3105   1.1802   1.7476   0.0547   0.6904   0.5298   0.0209   0.0116  -0.0312  -0.1359    0.309
    23   3.6527   5.4640   0.0000   3.1486   1.1086   1.6850   0.0539   0.7000   0.5372   0.0199   0.0117  -0.0308  -0.1371    0.307
    24   3.8860   5.8130   0.0000   2.9891   1.0328   1.6187   0.0532   0.7086   0.5437   0.0188   0.0119  -0.0303  -0.1380    0.306
    25   4.1143   6.1544   0.0000   2.8332   0.9542   1.5490   0.0527   0.7156   0.5491   0.0177   0.0120  -0.0298  -0.1386    0.304
    26   4.3360   6.4861   0.0000   2.6817   0.8743   1.4763   0.0526   0.7207   0.5530   0.0166   0.0120  -0.0291  -0.1388    0.303
    27   4.5498   6.8060   0.0000   2.5356   0.7942   1.4007   0.0528   0.7233   0.5551   0.0154   0.0121  -0.0281  -0.1385    0.301
    28   4.7544   7.1121   0.0000   2.3957   0.7151   1.3224   0.0535   0.7229   0.5547   0.0142   0.0121  -0.0269  -0.1374    0.299
    29   4.9486   7.4025   0.0000   2.2631   0.6380   1.2413   0.0548   0.7185   0.5514   0.0130   0.0120  -0.0254  -0.1354    0.296
    30   5.1311   7.6755   0.0000   2.1384   0.5637   1.1573   0.0568   0.7091   0.5441   0.0117   0.0119  -0.0234  -0.1322    0.293
    31   5.3008   7.9293   0.0000   2.0224   0.4928   1.0700   0.0595   0.6934   0.5321   0.0104   0.0118  -0.0209  -0.1276    0.289
    32   5.4566   8.1625   0.0000   1.9159   0.4258   0.9791   0.0628   0.6699   0.5141   0.0090   0.0115  -0.0179  -0.1213    0.285
    33   5.5977   8.3735   0.0000   1.8196   0.3629   0.8840   0.0668   0.6370   0.4888   0.0077   0.0111  -0.0143  -0.1131    0.279
    34   5.7231   8.5611   0.0000   1.7339   0.3041   0.7842   0.0716   0.5932   0.4552   0.0063   0.0107  -0.0105  -0.1030    0.273
    35   5.8320   8.7240   0.0000   1.6594   0.2494   0.6795   0.0773   0.5372   0.4122   0.0050   0.0101  -0.0069  -0.0911    0.267
    36   5.9239   8.8614   0.0000   1.5967   0.1984   0.5695   0.0846   0.4681   0.3592   0.0038   0.0095  -0.0039  -0.0776    0.261
    37   5.9980   8.9723   0.0000   1.5460   0.1507   0.4540   0.0943   0.3856   0.2959   0.0029   0.0089  -0.0020  -0.0629    0.257
    38   6.0541   9.0562   0.0000   1.5077   0.1056   0.3325   0.1079   0.2897   0.2223   0.0026   0.0084  -0.0013  -0.0471    0.256
    39   6.0916   9.1123   0.0000   1.4821   0.0625   0.2043   0.1262   0.1812   0.1391   0.0030   0.0079  -0.0011  -0.0298    0.258
    40   6.1104   9.1405   0.0000   1.4692   0.0207   0.0693   0.1452   0.0622   0.0477   0.0044   0.0077  -0.0006  -0.0105    0.263

  Surface # 2     Wing (YDUP)                             
     # Chordwise = 20   # Spanwise = 40     First strip = 41
     Surface area Ssurf =   32.516064     Ave. chord Cave =    3.556000

 Forces referred to Sref, Cref, Bref about Xref, Yref, Zref
 Standard axis orientation,  X fwd, Z down         
     CLsurf  =   0.23665     Clsurf  =   0.05010
     CYsurf  =  -0.01136     Cmsurf  =  -0.22986
     CDsurf  =   0.01264     Cnsurf  =   0.00527
     CDisurf =   0.00732     CDvsurf =   0.00532

 Forces referred to Ssurf, Cave 
     CLsurf  =   0.47330     CDsurf  =   0.02528

 Strip Forces referred to Strip Area, Chord
    j     Xle      Yle      Zle      Chord    Area     c_cl     ai     cl_norm    cl       cd       cdv    cm_c/4     cm_LE   C.P.x/c
    41   0.0024  -0.0035   0.0000   5.6428   0.0795   2.1399   0.0383   0.4616   0.3542   0.2680   0.0086  -0.0483   0.1192    0.386
    42   0.0212  -0.0317   0.0000   5.6299   0.2376   2.1405   0.0455   0.4918   0.3774   0.0557   0.0089  -0.0482   0.1193    0.378
    43   0.0587  -0.0878   0.0000   5.6043   0.3925   2.1422   0.0509   0.4962   0.3808   0.0427   0.0090  -0.0477   0.1193    0.375
    44   0.1148  -0.1717   0.0000   5.5660   0.5424   2.1445   0.0549   0.5006   0.3842   0.0399   0.0090  -0.0467   0.1191    0.372
    45   0.1889  -0.2826   0.0000   5.5153   0.6853   2.1470   0.0577   0.5061   0.3884   0.0381   0.0091  -0.0454   0.1189    0.367
    46   0.2808  -0.4200   0.0000   5.4526   0.8195   2.1492   0.0597   0.5127   0.3934   0.0365   0.0092  -0.0440   0.1187    0.362
    47   0.3897  -0.5829   0.0000   5.3781   0.9434   2.1504   0.0611   0.5204   0.3993   0.0351   0.0093  -0.0425   0.1186    0.356
    48   0.5151  -0.7705   0.0000   5.2924   1.0556   2.1500   0.0621   0.5289   0.4059   0.0338   0.0094  -0.0410   0.1187    0.351
    49   0.6562  -0.9815   0.0000   5.1961   1.1548   2.1476   0.0627   0.5384   0.4131   0.0325   0.0095  -0.0396   0.1191    0.346
    50   0.8120  -1.2147   0.0000   5.0896   1.2402   2.1424   0.0630   0.5486   0.4210   0.0315   0.0096  -0.0384   0.1196    0.341
    51   0.9817  -1.4685   0.0000   4.9736   1.3111   2.1341   0.0630   0.5594   0.4293   0.0304   0.0098  -0.0372   0.1204    0.337
    52   1.1642  -1.7415   0.0000   4.8489   1.3670   2.1221   0.0629   0.5707   0.4380   0.0295   0.0099  -0.0362   0.1213    0.333
    53   1.3584  -2.0319   0.0000   4.7163   1.4078   2.1061   0.0625   0.5826   0.4470   0.0286   0.0101  -0.0354   0.1224    0.329
    54   1.5630  -2.3380   0.0000   4.5764   1.4334   2.0856   0.0620   0.5947   0.4564   0.0278   0.0103  -0.0346   0.1237    0.326
    55   1.7768  -2.6579   0.0000   4.4303   1.4444   2.0604   0.0614   0.6071   0.4659   0.0270   0.0104  -0.0340   0.1252    0.323
    56   1.9985  -2.9896   0.0000   4.2788   1.4411   2.0303   0.0606   0.6196   0.4754   0.0262   0.0106  -0.0335   0.1267    0.320
    57   2.2268  -3.3310   0.0000   4.1229   1.4245   1.9952   0.0597   0.6321   0.4851   0.0253   0.0108  -0.0330   0.1282    0.318
    58   2.4601  -3.6800   0.0000   3.9634   1.3955   1.9552   0.0587   0.6445   0.4946   0.0245   0.0109  -0.0326   0.1299    0.316
    59   2.6972  -4.0346   0.0000   3.8015   1.3552   1.9102   0.0577   0.6567   0.5039   0.0236   0.0111  -0.0322   0.1315    0.314
    60   2.9364  -4.3925   0.0000   3.6380   1.3050   1.8605   0.0567   0.6685   0.5130   0.0227   0.0113  -0.0319   0.1330    0.312
    61   3.1764  -4.7515   0.0000   3.4740   1.2462   1.8062   0.0557   0.6798   0.5216   0.0218   0.0114  -0.0316   0.1345    0.311
    62   3.4156  -5.1094   0.0000   3.3105   1.1802   1.7476   0.0547   0.6904   0.5298   0.0209   0.0116  -0.0312   0.1359    0.309
    63   3.6527  -5.4640   0.0000   3.1486   1.1086   1.6850   0.0539   0.7000   0.5372   0.0199   0.0117  -0.0308   0.1371    0.307
    64   3.8860  -5.8130   0.0000   2.9891   1.0328   1.6187   0.0532   0.7086   0.5437   0.0188   0.0119  -0.0303   0.1380    0.306
    65   4.1143  -6.1544   0.0000   2.8332   0.9542   1.5490   0.0527   0.7156   0.5491   0.0177   0.0120  -0.0298   0.1386    0.304
    66   4.3360  -6.4861   0.0000   2.6817   0.8743   1.4763   0.0526   0.7207   0.5530   0.0166   0.0120  -0.0291   0.1388    0.303
    67   4.5498  -6.8060   0.0000   2.5356   0.7942   1.4007   0.0528   0.7233   0.5551   0.0154   0.0121  -0.0281   0.1385    0.301
    68   4.7544  -7.1121   0.0000   2.3957   0.7151   1.3224   0.0535   0.7229   0.5547   0.0142   0.0121  -0.0269   0.1374    0.299
    69   4.9486  -7.4025   0.0000   2.2631   0.6380   1.2413   0.0548   0.7185   0.5514   0.0130   0.0120  -0.0254   0.1354    0.296
    70   5.1311  -7.6755   0.0000   2.1384   0.5637   1.1573   0.0568   0.7091   0.5441   0.0117   0.0119  -0.0234   0.1322    0.293
    71   5.3008  -7.9293   0.0000   2.0224   0.4928   1.0700   0.0595   0.6934   0.5321   0.0104   0.0118  -0.0209   0.1276    0.289
    72   5.4566  -8.1625   0.0000   1.9159   0.4258   0.9791   0.0628   0.6699   0.5141   0.0090   0.0115  -0.0179   0.1213    0.285
    73   5.5977  -8.3735   0.0000   1.8196   0.3629   0.8840   0.0668   0.6370   0.4888   0.0077   0.0111  -0.0143   0.1131    0.279
    74   5.7231  -8.5611   0.0000   1.7339   0.3041   0.7842   0.0716   0.5932   0.4552   0.0063   0.0107  -0.0105   0.1030    0.273
    75   5.8320  -8.7240   0.0000   1.6594   0.2494   0.6795   0.0773   0.5372   0.4122   0.0050   0.0101  -0.0069   0.0911    0.267
    76   5.9239  -8.8614   0.0000   1.5967   0.1984   0.5695   0.0846   0.4681   0.3592   0.0038   0.0095  -0.0039   0.0776    0.261
    77   5.9980  -8.9723   0.0000   1.5460   0.1507   0.4540   0.0943   0.3856   0.2959   0.0029   0.0089  -0.0020   0.0629    0.257
    78   6.0541  -9.0562   0.0000   1.5077   0.1056   0.3325   0.1079   0.2897   0.2223   0.0026   0.0084  -0.0013   0.0471    0.256
    79   6.0916  -9.1123   0.0000   1.4821   0.0625   0.2043   0.1262   0.1812   0.1391   0.0030   0.0079  -0.0011   0.0298    0.258
    80   6.1104  -9.1405   0.0000   1.4692   0.0207   0.0693   0.1452   0.0622   0.0477   0.0044   0.0077  -0.0006   0.0105    0.263
 ---------------------------------------------------------------
