2 0.000000 100.000000 150.000000
813 673 
1 -50.121888 0.000000 -55.677985 99.984770 0.000000 1.745241 0.000610 
2 72.906265 0.000000 -55.677985 99.984770 0.000000 1.745241 0.000610 
3 72.906265 0.000000 59.346946 99.984770 0.000000 1.745241 0.000610 
4 -50.121888 0.000000 59.346946 99.984770 0.000000 1.745241 0.000610 
5 11.392189 0.000000 1.834480 100.300268 0.000000 0.990021 -0.005881 
6 -50.121888 0.000000 1.834480 99.984770 0.000000 1.745241 0.000610 
7 11.392189 0.000000 -55.677985 99.984770 0.000000 1.745241 0.000610 
8 72.906265 0.000000 1.834480 99.992082 0.000000 1.318033 0.000332 
9 11.392189 0.000000 59.346946 99.984770 0.000000 1.745241 0.000610 
10 42.149227 0.000000 -26.921753 99.984770 0.000000 1.745241 0.000610 
11 11.392189 0.000000 -26.921753 99.984770 0.000000 1.745241 0.000610 
12 42.149227 0.000000 -55.677985 99.984770 0.000000 1.745241 0.000610 
13 72.906265 0.000000 -26.921753 100.006972 0.000000 1.749127 0.000167 
14 42.149227 0.000000 1.834480 99.992082 0.000000 1.169846 0.000295 
15 -19.364850 0.000000 -26.921753 99.984770 0.000000 1.745241 0.000610 
16 -50.121888 0.000000 -26.921753 99.984770 0.000000 1.745241 0.000610 
17 -19.364850 0.000000 -55.677985 99.984770 0.000000 1.745241 0.000610 
18 -19.364850 0.000000 1.834480 99.984770 0.000000 1.745241 0.000610 
19 42.149227 0.000000 30.590713 99.984770 0.000000 1.745241 0.000610 
20 11.392189 0.000000 30.590713 99.984770 0.000000 1.745241 0.000610 
21 72.906265 0.000000 30.590713 100.028449 0.000000 1.646485 -0.000298 
22 42.149227 0.000000 59.346946 99.984770 0.000000 1.745241 0.000610 
23 26.770708 0.000000 -12.543636 99.984770 0.000000 1.745241 0.000610 
24 11.392189 0.000000 -12.543636 99.984770 0.000000 1.745241 0.000610 
25 26.770708 0.000000 -26.921753 99.984770 0.000000 1.745241 0.000610 
26 42.149227 0.000000 -12.543636 100.034408 0.000000 1.713400 -0.000395 
27 26.770708 0.000000 1.834480 99.952313 0.000000 1.242162 0.001109 
28 -19.364850 0.000000 30.590713 99.984770 0.000000 1.745241 0.000610 
29 -50.121888 0.000000 30.590713 99.984770 0.000000 1.745241 0.000610 
30 -19.364850 0.000000 59.346946 99.984770 0.000000 1.745241 0.000610 
31 -3.986330 0.000000 -12.543636 99.984770 0.000000 1.745241 0.000610 
32 -19.364850 0.000000 -12.543636 99.984770 0.000000 1.745241 0.000610 
33 -3.986330 0.000000 -26.921753 99.984770 0.000000 1.745241 0.000610 
34 -3.986330 0.000000 1.834480 99.984770 0.000000 1.745241 0.000610 
35 26.770708 0.000000 16.212597 99.984770 0.000000 1.745241 0.000610 
36 11.392189 0.000000 16.212597 99.984770 0.000000 1.745241 0.000610 
37 42.149227 0.000000 16.212597 100.064428 0.000000 1.560237 -0.001044 
38 26.770708 0.000000 30.590713 99.984770 0.000000 1.745241 0.000610 
39 19.081448 0.000000 -5.354578 99.888302 0.000000 1.534404 0.002474 
40 11.392189 0.000000 -5.354578 99.984770 0.000000 1.745241 0.000610 
41 19.081448 0.000000 -12.543636 99.984770 0.000000 1.745241 0.000610 
42 26.770708 0.000000 -5.354578 99.956361 0.000000 1.553205 0.001115 
43 19.081448 0.000000 1.834480 100.011823 0.000000 1.777437 0.000079 
44 -3.986330 0.000000 16.212597 99.984770 0.000000 1.745241 0.000610 
45 -19.364850 0.000000 16.212597 99.984770 0.000000 1.745241 0.000610 
46 -3.986330 0.000000 30.590713 99.984770 0.000000 1.745241 0.000610 
47 3.702929 0.000000 -5.354578 99.984770 0.000000 1.745241 0.000610 
48 -3.986330 0.000000 -5.354578 99.984770 0.000000 1.745241 0.000610 
49 3.702929 0.000000 -12.543636 99.984770 0.000000 1.745241 0.000610 
50 3.702929 0.000000 1.834480 99.984770 0.000000 1.745241 0.000610 
51 19.081448 0.000000 9.023539 99.984770 0.000000 1.745241 0.000610 
52 11.392189 0.000000 9.023539 99.984770 0.000000 1.745241 0.000610 
53 26.770708 0.000000 9.023539 100.095356 0.000000 1.470809 -0.001689 
54 19.081448 0.000000 16.212597 99.984770 0.000000 1.745241 0.000610 
55 15.236819 0.000000 -1.760049 99.876634 0.000000 1.375006 0.002662 
56 11.392189 0.000000 -1.760049 99.853616 0.000000 1.438827 0.003142 
57 15.236819 0.000000 -5.354578 99.984770 0.000000 1.745241 0.000610 
58 19.081448 0.000000 -1.760049 99.979999 0.000000 1.578583 0.000650 
59 15.236819 0.000000 1.834480 100.060923 0.000000 1.427786 -0.001014 
60 3.702929 0.000000 9.023539 99.984770 0.000000 1.745241 0.000610 
61 -3.986330 0.000000 9.023539 99.984770 0.000000 1.745241 0.000610 
62 3.702929 0.000000 16.212597 99.984770 0.000000 1.745241 0.000610 
63 7.547559 0.000000 -1.760049 99.984770 0.000000 1.745241 0.000610 
64 3.702929 0.000000 -1.760049 99.984770 0.000000 1.745241 0.000610 
65 7.547559 0.000000 -5.354578 99.984770 0.000000 1.745241 0.000610 
66 7.547559 0.000000 1.834480 99.984770 0.000000 1.745241 0.000610 
67 15.236819 0.000000 5.429010 99.984770 0.000000 1.745241 0.000610 
68 11.392189 0.000000 5.429010 99.984770 0.000000 1.745241 0.000610 
69 19.081448 0.000000 5.429010 100.114411 0.000000 1.442297 -0.002077 
70 15.236819 0.000000 9.023539 99.984770 0.000000 1.745241 0.000610 
71 13.314504 0.000000 0.037216 99.994105 0.000000 0.000000 0.000118 
72 11.392189 0.000000 0.037216 99.984770 0.000000 0.000000 0.000305 
73 13.314504 0.000000 -1.760049 99.821772 0.000000 1.313767 0.003748 
74 15.236819 0.000000 0.037216 100.100159 0.000000 1.906568 -0.001638 
75 13.314504 0.000000 1.834480 100.185128 0.000000 1.159969 -0.003559 
76 57.527746 0.000000 -12.543636 100.002103 0.000000 1.666568 0.000236 
77 57.527746 0.000000 -26.921753 99.984770 0.000000 1.745241 0.000610 
78 72.906265 0.000000 -12.543636 99.991909 0.000000 1.651952 0.000435 
79 57.527746 0.000000 1.834480 99.993015 0.000000 1.240947 0.000294 
80 34.459968 0.000000 -5.354578 100.049797 0.000000 1.503479 -0.000770 
81 34.459968 0.000000 -12.543636 99.920146 0.000000 1.606989 0.001858 
82 42.149227 0.000000 -5.354578 100.010132 0.000000 1.440193 0.000005 
83 34.459968 0.000000 1.834480 99.987008 0.000000 1.159192 0.000394 
84 22.926078 0.000000 -1.760049 99.969364 0.000000 1.577079 0.000862 
85 22.926078 0.000000 -5.354578 99.913270 0.000000 1.532765 0.001973 
86 26.770708 0.000000 -1.760049 100.073384 0.000000 1.295615 -0.001299 
87 22.926078 0.000000 1.834480 99.973947 0.000000 1.572167 0.000769 
88 17.159133 0.000000 0.037216 100.024337 0.000000 1.852098 -0.000144 
89 17.159133 0.000000 -1.760049 99.939002 0.000000 1.477361 0.001440 
90 19.081448 0.000000 0.037216 99.992553 0.000000 2.017775 0.000556 
91 17.159133 0.000000 1.834480 99.933293 0.000000 1.776857 0.001652 
92 7.547559 0.000000 5.429010 99.984770 0.000000 1.745241 0.000610 
93 3.702929 0.000000 5.429010 99.984770 0.000000 1.745241 0.000610 
94 7.547559 0.000000 9.023539 99.984770 0.000000 1.745241 0.000610 
95 13.314504 0.000000 3.631745 100.117351 0.000000 1.458311 -0.002131 
96 11.392189 0.000000 3.631745 99.984770 0.000000 1.745241 0.000610 
97 15.236819 0.000000 3.631745 100.163606 0.000000 1.320661 -0.003091 
98 13.314504 0.000000 5.429010 99.984770 0.000000 1.745241 0.000610 
99 14.275661 0.000000 0.935848 100.021282 0.000000 1.511665 -0.000197 
100 13.314504 0.000000 0.935848 99.984770 0.000000 0.000000 0.000305 
101 14.275661 0.000000 0.037216 99.960271 0.000000 1.557860 0.001038 
102 15.236819 0.000000 0.935848 99.953333 0.000000 1.866686 0.001283 
103 14.275661 0.000000 1.834480 100.115558 0.000000 1.273890 -0.002146 
104 26.770708 0.000000 -41.299869 99.984770 0.000000 1.745241 0.000610 
105 11.392189 0.000000 -41.299869 99.984770 0.000000 1.745241 0.000610 
106 26.770708 0.000000 -55.677985 99.984770 0.000000 1.745241 0.000610 
107 42.149227 0.000000 -41.299869 99.984770 0.000000 1.745241 0.000610 
108 19.081448 0.000000 -19.732694 99.984770 0.000000 1.745241 0.000610 
109 11.392189 0.000000 -19.732694 99.984770 0.000000 1.745241 0.000610 
110 19.081448 0.000000 -26.921753 99.984770 0.000000 1.745241 0.000610 
111 26.770708 0.000000 -19.732694 99.984770 0.000000 1.745241 0.000610 
112 15.236819 0.000000 -8.949107 99.984770 0.000000 1.745241 0.000610 
113 11.392189 0.000000 -8.949107 99.984770 0.000000 1.745241 0.000610 
114 15.236819 0.000000 -12.543636 99.984770 0.000000 1.745241 0.000610 
115 19.081448 0.000000 -8.949107 99.984770 0.000000 1.745241 0.000610 
116 13.314504 0.000000 -3.557313 99.984770 0.000000 1.745241 0.000610 
117 11.392189 0.000000 -3.557313 99.984770 0.000000 1.745241 0.000610 
118 13.314504 0.000000 -5.354578 99.984770 0.000000 1.745241 0.000610 
119 15.236819 0.000000 -3.557313 99.846941 0.000000 1.443386 0.003278 
120 14.275661 0.000000 -0.861416 99.913324 0.000000 1.364123 0.001923 
121 13.314504 0.000000 -0.861416 99.867062 0.000000 1.304444 0.002835 
122 14.275661 0.000000 -1.760049 99.842870 0.000000 1.335255 0.003329 
123 15.236819 0.000000 -0.861416 99.929842 0.000000 1.434328 0.001611 
124 57.527746 0.000000 16.212597 99.962975 0.000000 1.688879 0.001027 
125 72.906265 0.000000 16.212597 99.979716 0.000000 1.657155 0.000681 
126 57.527746 0.000000 30.590713 99.984770 0.000000 1.745241 0.000610 
127 34.459968 0.000000 9.023539 99.915201 0.000000 1.608010 0.001958 
128 42.149227 0.000000 9.023539 99.954253 0.000000 1.524917 0.001149 
129 34.459968 0.000000 16.212597 99.984770 0.000000 1.745241 0.000610 
130 22.926078 0.000000 5.429010 100.031508 0.000000 1.336515 -0.000451 
131 26.770708 0.000000 5.429010 99.983875 0.000000 1.397527 0.000518 
132 22.926078 0.000000 9.023539 99.984770 0.000000 1.745241 0.000610 
133 17.159133 0.000000 3.631745 100.111191 0.000000 1.382116 -0.002030 
134 19.081448 0.000000 3.631745 99.985028 0.000000 1.474130 0.000517 
135 17.159133 0.000000 5.429010 100.072148 0.000000 1.556526 -0.001200 
136 16.197976 0.000000 0.935848 99.995015 0.000000 1.836942 0.000437 
137 16.197976 0.000000 0.037216 100.044822 0.000000 1.775653 -0.000581 
138 17.159133 0.000000 0.935848 100.038556 0.000000 1.906444 -0.000408 
139 16.197976 0.000000 1.834480 100.009776 0.000000 1.639898 0.000073 
140 14.756240 0.000000 0.486532 100.021476 0.000000 0.000000 -0.000429 
141 14.275661 0.000000 0.486532 100.015220 0.000000 0.000000 -0.000304 
142 14.756240 0.000000 0.037216 100.021763 0.000000 0.000000 -0.000435 
143 15.236819 0.000000 0.486532 100.050994 0.000000 1.879624 -0.000666 
144 14.756240 0.000000 0.935848 99.999538 0.000000 1.778987 0.000326 
145 9.469874 0.000000 0.037216 99.984770 0.000000 0.000000 0.000305 
146 7.547559 0.000000 0.037216 99.984770 0.000000 0.000000 0.000305 
147 9.469874 0.000000 -1.760049 99.984770 0.000000 1.745241 0.000610 
148 9.469874 0.000000 1.834480 100.108253 0.000000 1.451947 -0.001952 
149 12.353346 0.000000 0.935848 99.984770 0.000000 0.000000 0.000305 
150 11.392189 0.000000 0.935848 99.984770 0.000000 0.000000 0.000305 
151 12.353346 0.000000 0.037216 99.984770 0.000000 0.000000 0.000305 
152 12.353346 0.000000 1.834480 100.239951 0.000000 1.074408 -0.004667 
153 13.795082 0.000000 0.486532 99.995787 0.000000 0.000000 0.000084 
154 13.314504 0.000000 0.486532 99.988757 0.000000 0.000000 0.000225 
155 13.795082 0.000000 0.037216 99.986313 0.000000 1.499818 0.000499 
156 13.795082 0.000000 0.935848 100.038991 0.000000 1.397269 -0.000584 
157 17.159133 0.000000 -3.557313 99.863859 0.000000 1.441301 0.002937 
158 17.159133 0.000000 -5.354578 99.984770 0.000000 1.745241 0.000610 
159 19.081448 0.000000 -3.557313 99.897178 0.000000 1.473547 0.002278 
160 16.197976 0.000000 -0.861416 100.000827 0.000000 1.631833 0.000250 
161 16.197976 0.000000 -1.760049 99.909508 0.000000 1.424802 0.002016 
162 17.159133 0.000000 -0.861416 100.020600 0.000000 1.687344 -0.000127 
163 14.756240 0.000000 -0.412100 99.959313 0.000000 1.525779 0.001047 
164 14.275661 0.000000 -0.412100 99.925131 0.000000 1.394943 0.001694 
165 14.756240 0.000000 -0.861416 99.916557 0.000000 1.402160 0.001868 
166 15.236819 0.000000 -0.412100 99.981061 0.000000 1.579704 0.000629 
167 14.515950 0.000000 0.261874 100.017992 0.000000 0.000000 -0.000360 
168 14.275661 0.000000 0.261874 100.014841 0.000000 0.000000 -0.000297 
169 14.515950 0.000000 0.037216 100.029315 0.000000 1.749623 -0.000280 
170 14.756240 0.000000 0.261874 100.021414 0.000000 0.000000 -0.000428 
171 14.515950 0.000000 0.486532 100.018141 0.000000 0.000000 -0.000363 
172 9.469874 0.000000 3.631745 99.984770 0.000000 1.745241 0.000610 
173 7.547559 0.000000 3.631745 99.984770 0.000000 1.745241 0.000610 
174 9.469874 0.000000 5.429010 99.984770 0.000000 1.745241 0.000610 
175 10.431031 0.000000 0.935848 99.984770 0.000000 0.000000 0.000305 
176 9.469874 0.000000 0.935848 99.984770 0.000000 0.000000 0.000305 
177 10.431031 0.000000 0.037216 99.984770 0.000000 0.000000 0.000305 
178 10.431031 0.000000 1.834480 100.161488 0.000000 1.300989 -0.003054 
179 -34.743369 0.000000 -12.543636 99.984770 0.000000 1.745241 0.000610 
180 -50.121888 0.000000 -12.543636 99.984770 0.000000 1.745241 0.000610 
181 -34.743369 0.000000 -26.921753 99.984770 0.000000 1.745241 0.000610 
182 -34.743369 0.000000 1.834480 99.984770 0.000000 1.745241 0.000610 
183 -11.675590 0.000000 -5.354578 99.984770 0.000000 1.745241 0.000610 
184 -19.364850 0.000000 -5.354578 99.984770 0.000000 1.745241 0.000610 
185 -11.675590 0.000000 -12.543636 99.984770 0.000000 1.745241 0.000610 
186 -11.675590 0.000000 1.834480 99.984770 0.000000 1.745241 0.000610 
187 -0.141701 0.000000 -1.760049 99.984770 0.000000 1.745241 0.000610 
188 -3.986330 0.000000 -1.760049 99.984770 0.000000 1.745241 0.000610 
189 -0.141701 0.000000 -5.354578 99.984770 0.000000 1.745241 0.000610 
190 -0.141701 0.000000 1.834480 99.984770 0.000000 1.745241 0.000610 
191 5.625244 0.000000 0.037216 99.984770 0.000000 1.745241 0.000610 
192 3.702929 0.000000 0.037216 99.984770 0.000000 1.745241 0.000610 
193 5.625244 0.000000 -1.760049 99.984770 0.000000 1.745241 0.000610 
194 5.625244 0.000000 1.834480 99.984770 0.000000 1.745241 0.000610 
195 8.508716 0.000000 0.935848 99.984770 0.000000 0.000000 0.000305 
196 7.547559 0.000000 0.935848 99.984770 0.000000 0.000000 0.000305 
197 8.508716 0.000000 0.037216 99.984770 0.000000 0.000000 0.000305 
198 8.508716 0.000000 1.834480 99.984770 0.000000 1.745241 0.000610 
199 -34.743369 0.000000 16.212597 99.984770 0.000000 1.745241 0.000610 
200 -50.121888 0.000000 16.212597 99.984770 0.000000 1.745241 0.000610 
201 -34.743369 0.000000 30.590713 99.984770 0.000000 1.745241 0.000610 
202 -11.675590 0.000000 9.023539 99.984770 0.000000 1.745241 0.000610 
203 -19.364850 0.000000 9.023539 99.984770 0.000000 1.745241 0.000610 
204 -11.675590 0.000000 16.212597 99.984770 0.000000 1.745241 0.000610 
205 -0.141701 0.000000 5.429010 99.984770 0.000000 1.745241 0.000610 
206 -3.986330 0.000000 5.429010 99.984770 0.000000 1.745241 0.000610 
207 -0.141701 0.000000 9.023539 99.984770 0.000000 1.745241 0.000610 
208 5.625244 0.000000 3.631745 99.984770 0.000000 1.745241 0.000610 
209 3.702929 0.000000 3.631745 99.984770 0.000000 1.745241 0.000610 
210 5.625244 0.000000 5.429010 99.984770 0.000000 1.745241 0.000610 
211 6.586402 0.000000 0.935848 99.984770 0.000000 1.745241 0.000610 
212 5.625244 0.000000 0.935848 99.984770 0.000000 1.745241 0.000610 
213 6.586402 0.000000 0.037216 99.984770 0.000000 0.000000 0.000305 
214 6.586402 0.000000 1.834480 99.984770 0.000000 1.745241 0.000610 
215 -3.986330 0.000000 -41.299869 99.984770 0.000000 1.745241 0.000610 
216 -19.364850 0.000000 -41.299869 99.984770 0.000000 1.745241 0.000610 
217 -3.986330 0.000000 -55.677985 99.984770 0.000000 1.745241 0.000610 
218 3.702929 0.000000 -19.732694 99.984770 0.000000 1.745241 0.000610 
219 -3.986330 0.000000 -19.732694 99.984770 0.000000 1.745241 0.000610 
220 3.702929 0.000000 -26.921753 99.984770 0.000000 1.745241 0.000610 
221 7.547559 0.000000 -8.949107 99.984770 0.000000 1.745241 0.000610 
222 3.702929 0.000000 -8.949107 99.984770 0.000000 1.745241 0.000610 
223 7.547559 0.000000 -12.543636 99.984770 0.000000 1.745241 0.000610 
224 9.469874 0.000000 -3.557313 99.984770 0.000000 1.745241 0.000610 
225 7.547559 0.000000 -3.557313 99.984770 0.000000 1.745241 0.000610 
226 9.469874 0.000000 -5.354578 99.984770 0.000000 1.745241 0.000610 
227 8.508716 0.000000 -0.861416 99.923193 0.000000 1.613057 0.001799 
228 7.547559 0.000000 -0.861416 99.984770 0.000000 1.745241 0.000610 
229 8.508716 0.000000 -1.760049 99.984770 0.000000 1.745241 0.000610 
230 9.469874 0.000000 -0.861416 99.809294 0.000000 1.316336 0.004000 
231 8.028138 0.000000 0.486532 99.984770 0.000000 0.000000 0.000305 
232 7.547559 0.000000 0.486532 99.984770 0.000000 0.000000 0.000305 
233 8.028138 0.000000 0.037216 99.984770 0.000000 0.000000 0.000305 
234 8.508716 0.000000 0.486532 99.984770 0.000000 0.000000 0.000305 
235 8.028138 0.000000 0.935848 100.172655 0.000000 1.195824 -0.003302 
236 1.780614 0.000000 0.037216 99.984770 0.000000 1.745241 0.000610 
237 -0.141701 0.000000 0.037216 99.984770 0.000000 1.745241 0.000610 
238 1.780614 0.000000 -1.760049 99.984770 0.000000 1.745241 0.000610 
239 1.780614 0.000000 1.834480 99.984770 0.000000 1.745241 0.000610 
240 4.664087 0.000000 0.935848 99.984770 0.000000 1.745241 0.000610 
241 3.702929 0.000000 0.935848 99.984770 0.000000 1.745241 0.000610 
242 4.664087 0.000000 0.037216 99.984770 0.000000 1.745241 0.000610 
243 4.664087 0.000000 1.834480 99.984770 0.000000 1.745241 0.000610 
244 5.625244 0.000000 -3.557313 99.984770 0.000000 1.745241 0.000610 
245 3.702929 0.000000 -3.557313 99.984770 0.000000 1.745241 0.000610 
246 5.625244 0.000000 -5.354578 99.984770 0.000000 1.745241 0.000610 
247 6.586402 0.000000 -0.861416 99.984770 0.000000 1.745241 0.000610 
248 5.625244 0.000000 -0.861416 99.984770 0.000000 1.745241 0.000610 
249 6.586402 0.000000 -1.760049 99.984770 0.000000 1.745241 0.000610 
250 6.105823 0.000000 0.486532 99.984770 0.000000 0.000000 0.000305 
251 5.625244 0.000000 0.486532 99.984770 0.000000 1.745241 0.000610 
252 6.105823 0.000000 0.037216 99.984770 0.000000 0.000000 0.000305 
253 6.586402 0.000000 0.486532 99.984770 0.000000 0.000000 0.000305 
254 6.105823 0.000000 0.935848 99.984770 0.000000 1.745241 0.000610 
255 4.664087 0.000000 -0.861416 99.984770 0.000000 1.745241 0.000610 
256 3.702929 0.000000 -0.861416 99.984770 0.000000 1.745241 0.000610 
257 4.664087 0.000000 -1.760049 99.984770 0.000000 1.745241 0.000610 
258 6.105823 0.000000 -0.412100 99.984770 0.000000 1.745241 0.000610 
259 5.625244 0.000000 -0.412100 99.984770 0.000000 1.745241 0.000610 
260 6.105823 0.000000 -0.861416 99.984770 0.000000 1.745241 0.000610 
261 6.586402 0.000000 -0.412100 99.984770 0.000000 1.745241 0.000610 
262 7.066980 0.000000 0.486532 99.984770 0.000000 0.000000 0.000305 
263 7.066980 0.000000 0.037216 99.984770 0.000000 0.000000 0.000305 
264 7.066980 0.000000 0.935848 100.073993 0.000000 1.534118 -0.001243 
265 6.346112 0.000000 0.261874 99.984770 0.000000 0.000000 0.000305 
266 6.105823 0.000000 0.261874 99.984770 0.000000 0.000000 0.000305 
267 6.346112 0.000000 0.037216 99.984770 0.000000 0.000000 0.000305 
268 6.586402 0.000000 0.261874 99.984770 0.000000 0.000000 0.000305 
269 6.346112 0.000000 0.486532 99.984770 0.000000 0.000000 0.000305 
270 5.144665 0.000000 0.486532 99.984770 0.000000 1.745241 0.000610 
271 4.664087 0.000000 0.486532 99.984770 0.000000 1.745241 0.000610 
272 5.144665 0.000000 0.037216 99.984770 0.000000 1.745241 0.000610 
273 5.144665 0.000000 0.935848 99.984770 0.000000 1.745241 0.000610 
274 5.865533 0.000000 0.261874 99.984770 0.000000 1.745241 0.000610 
275 5.625244 0.000000 0.261874 99.984770 0.000000 1.745241 0.000610 
276 5.865533 0.000000 0.037216 99.984770 0.000000 1.745241 0.000610 
277 5.865533 0.000000 0.486532 99.984770 0.000000 1.745241 0.000610 
278 15.717397 0.000000 0.486532 100.045760 0.000000 1.845483 -0.000574 
279 15.717397 0.000000 0.037216 100.075344 0.000000 1.824686 -0.001173 
280 16.197976 0.000000 0.486532 100.058283 0.000000 1.855324 -0.000821 
281 15.717397 0.000000 0.935848 99.978929 0.000000 1.857683 0.000767 
282 14.996529 0.000000 0.261874 100.021763 0.000000 0.000000 -0.000435 
283 14.996529 0.000000 0.037216 100.063866 0.000000 1.785383 -0.000958 
284 15.236819 0.000000 0.261874 100.058656 0.000000 1.819556 -0.000842 
285 14.996529 0.000000 0.486532 100.021763 0.000000 0.000000 -0.000435 
286 14.275661 0.000000 2.733113 100.184610 0.000000 1.237724 -0.003530 
287 13.314504 0.000000 2.733113 100.203611 0.000000 1.216355 -0.003913 
288 15.236819 0.000000 2.733113 100.141319 0.000000 1.299107 -0.002653 
289 14.275661 0.000000 3.631745 100.103836 0.000000 1.466160 -0.001859 
290 14.756240 0.000000 1.385164 100.058938 0.000000 1.476410 -0.000960 
291 14.275661 0.000000 1.385164 100.071141 0.000000 1.355892 -0.001238 
292 15.236819 0.000000 1.385164 100.044371 0.000000 1.600474 -0.000631 
293 14.756240 0.000000 1.834480 100.056822 0.000000 1.388642 -0.000943 
294 14.996529 0.000000 0.711190 100.005512 0.000000 1.820522 0.000221 
295 14.756240 0.000000 0.711190 100.021035 0.000000 0.000000 -0.000421 
296 15.236819 0.000000 0.711190 99.969967 0.000000 1.857021 0.000946 
297 14.996529 0.000000 0.935848 100.004691 0.000000 1.723374 0.000203 
298 14.876385 0.000000 0.374203 100.021438 0.000000 0.000000 -0.000429 
299 14.756240 0.000000 0.374203 100.021573 0.000000 0.000000 -0.000431 
300 14.876385 0.000000 0.261874 100.021115 0.000000 0.000000 -0.000422 
301 14.996529 0.000000 0.374203 100.021763 0.000000 0.000000 -0.000435 
302 14.876385 0.000000 0.486532 100.021129 0.000000 0.000000 -0.000422 
303 15.717397 0.000000 -0.412100 100.020566 0.000000 1.624782 -0.000147 
304 15.717397 0.000000 -0.861416 99.954822 0.000000 1.509058 0.001132 
305 16.197976 0.000000 -0.412100 100.069002 0.000000 1.773935 -0.001065 
306 15.477108 0.000000 0.261874 100.066658 0.000000 1.821947 -0.001001 
307 15.477108 0.000000 0.037216 100.141482 0.000000 1.935212 -0.002451 
308 15.717397 0.000000 0.261874 100.050954 0.000000 1.818684 -0.000688 
309 15.477108 0.000000 0.486532 100.046412 0.000000 1.842609 -0.000589 
310 15.116674 0.000000 0.374203 100.021763 0.000000 0.000000 -0.000435 
311 15.116674 0.000000 0.261874 100.073381 0.000000 1.925127 -0.001096 
312 15.236819 0.000000 0.374203 100.034269 0.000000 1.806860 -0.000359 
313 15.116674 0.000000 0.486532 100.003873 0.000000 1.890539 0.000280 
314 16.197976 0.000000 2.733113 100.094848 0.000000 1.372666 -0.001707 
315 17.159133 0.000000 2.733113 100.030949 0.000000 1.498764 -0.000394 
316 16.197976 0.000000 3.631745 100.148196 0.000000 1.334113 -0.002780 
317 15.717397 0.000000 1.385164 99.983362 0.000000 1.748323 0.000639 
318 16.197976 0.000000 1.385164 99.955278 0.000000 1.799883 0.001220 
319 15.717397 0.000000 1.834480 100.016950 0.000000 1.525290 -0.000106 
320 15.477108 0.000000 0.711190 99.994594 0.000000 1.919718 0.000477 
321 15.717397 0.000000 0.711190 100.004024 0.000000 1.845573 0.000260 
322 15.477108 0.000000 0.935848 100.005994 0.000000 1.833732 0.000216 
323 15.116674 0.000000 0.598861 99.926237 0.000000 2.018548 0.001886 
324 14.996529 0.000000 0.598861 100.021763 0.000000 0.000000 -0.000435 
325 15.236819 0.000000 0.598861 99.979205 0.000000 1.917021 0.000784 
326 15.116674 0.000000 0.711190 99.933471 0.000000 1.950228 0.001713 
327 15.056602 0.000000 0.430368 100.021763 0.000000 0.000000 -0.000435 
328 14.996529 0.000000 0.430368 100.021763 0.000000 0.000000 -0.000435 
329 15.056602 0.000000 0.374203 100.021763 0.000000 0.000000 -0.000435 
330 15.116674 0.000000 0.430368 100.021763 0.000000 0.000000 -0.000435 
331 15.056602 0.000000 0.486532 100.021763 0.000000 0.000000 -0.000435 
332 15.356963 0.000000 0.374203 100.060580 0.000000 1.845167 -0.000871 
333 15.356963 0.000000 0.261874 100.080887 0.000000 1.855266 -0.001273 
334 15.477108 0.000000 0.374203 100.049447 0.000000 1.812982 -0.000660 
335 15.356963 0.000000 0.486532 100.043084 0.000000 1.850912 -0.000519 
336 21.003763 0.000000 0.037216 99.976405 0.000000 2.051325 0.000893 
337 21.003763 0.000000 -1.760049 99.952199 0.000000 1.547216 0.001197 
338 22.926078 0.000000 0.037216 99.971150 0.000000 1.925051 0.000948 
339 21.003763 0.000000 1.834480 99.963342 0.000000 1.568643 0.000980 
340 18.120291 0.000000 0.935848 100.071114 0.000000 1.956572 -0.001039 
341 18.120291 0.000000 0.037216 99.991600 0.000000 1.859332 0.000514 
342 19.081448 0.000000 0.935848 100.017552 0.000000 2.067954 0.000077 
343 18.120291 0.000000 1.834480 99.950146 0.000000 1.792605 0.001320 
344 16.678555 0.000000 0.486532 100.044759 0.000000 1.901685 -0.000533 
345 16.678555 0.000000 0.037216 100.032054 0.000000 1.854981 -0.000297 
346 17.159133 0.000000 0.486532 100.060852 0.000000 1.963888 -0.000831 
347 16.678555 0.000000 0.935848 100.034239 0.000000 1.879166 -0.000332 
348 15.957687 0.000000 0.261874 100.044634 0.000000 1.792464 -0.000571 
349 15.957687 0.000000 0.037216 100.067926 0.000000 1.805447 -0.001032 
350 16.197976 0.000000 0.261874 100.030976 0.000000 1.794106 -0.000298 
351 15.957687 0.000000 0.486532 100.029976 0.000000 1.792625 -0.000278 
352 15.597253 0.000000 0.374203 100.051297 0.000000 1.827356 -0.000692 
353 15.597253 0.000000 0.261874 100.063980 0.000000 1.829586 -0.000944 
354 15.717397 0.000000 0.374203 100.054691 0.000000 1.843246 -0.000754 
355 15.597253 0.000000 0.486532 100.039443 0.000000 1.830462 -0.000454 
356 15.957687 0.000000 0.711190 100.003583 0.000000 1.798003 0.000252 
357 16.197976 0.000000 0.711190 100.025020 0.000000 1.815301 -0.000171 
358 15.957687 0.000000 0.935848 99.970357 0.000000 1.891035 0.000951 
359 15.837542 0.000000 0.374203 100.044148 0.000000 1.822549 -0.000551 
360 15.837542 0.000000 0.261874 100.052691 0.000000 1.824507 -0.000721 
361 15.957687 0.000000 0.374203 100.036635 0.000000 1.790043 -0.000412 
362 15.837542 0.000000 0.486532 100.034531 0.000000 1.819250 -0.000360 
363 15.597253 0.000000 0.598861 100.023919 0.000000 1.843432 -0.000139 
364 15.477108 0.000000 0.598861 100.023822 0.000000 1.864358 -0.000129 
365 15.717397 0.000000 0.598861 100.033716 0.000000 1.851207 -0.000332 
366 15.597253 0.000000 0.711190 99.996474 0.000000 1.874141 0.000422 
367 15.657325 0.000000 0.430368 100.040346 0.000000 1.819309 -0.000476 
368 15.597253 0.000000 0.430368 100.045823 0.000000 1.828761 -0.000582 
369 15.657325 0.000000 0.374203 100.045629 0.000000 1.817044 -0.000582 
370 15.717397 0.000000 0.430368 100.049761 0.000000 1.842602 -0.000656 
371 15.657325 0.000000 0.486532 100.035340 0.000000 1.822600 -0.000375 
372 18.120291 0.000000 -0.861416 99.992542 0.000000 1.650917 0.000422 
373 18.120291 0.000000 -1.760049 99.976970 0.000000 1.563701 0.000706 
374 19.081448 0.000000 -0.861416 99.969432 0.000000 1.654434 0.000886 
375 16.678555 0.000000 -0.412100 100.033983 0.000000 1.767480 -0.000367 
376 16.678555 0.000000 -0.861416 100.047501 0.000000 1.695060 -0.000662 
377 17.159133 0.000000 -0.412100 100.012151 0.000000 1.772358 0.000071 
378 16.438265 0.000000 0.261874 100.046624 0.000000 1.861913 -0.000586 
379 16.438265 0.000000 0.037216 100.042617 0.000000 1.821471 -0.000520 
380 16.678555 0.000000 0.261874 100.031601 0.000000 1.872987 -0.000281 
381 16.438265 0.000000 0.486532 100.041669 0.000000 1.858630 -0.000488 
382 16.077831 0.000000 0.374203 100.031343 0.000000 1.784688 -0.000308 
383 16.077831 0.000000 0.261874 100.037106 0.000000 1.785008 -0.000423 
384 16.197976 0.000000 0.374203 100.048731 0.000000 1.836324 -0.000637 
385 16.077831 0.000000 0.486532 100.024508 0.000000 1.782679 -0.000172 
386 16.678555 0.000000 1.385164 99.918173 0.000000 1.904736 0.002003 
387 17.159133 0.000000 1.385164 99.979493 0.000000 1.829888 0.000745 
388 16.678555 0.000000 1.834480 99.935008 0.000000 1.744106 0.001606 
389 16.438265 0.000000 0.711190 100.036117 0.000000 1.860594 -0.000376 
390 16.678555 0.000000 0.711190 100.043303 0.000000 1.886576 -0.000510 
391 16.438265 0.000000 0.935848 100.014205 0.000000 1.865252 0.000064 
392 16.318121 0.000000 0.374203 100.052977 0.000000 1.867628 -0.000711 
393 16.318121 0.000000 0.261874 100.041770 0.000000 1.832944 -0.000499 
394 16.438265 0.000000 0.374203 100.044401 0.000000 1.862786 -0.000541 
395 16.318121 0.000000 0.486532 100.050345 0.000000 1.867834 -0.000658 
396 16.318121 0.000000 0.598861 100.046679 0.000000 1.864771 -0.000586 
397 16.197976 0.000000 0.598861 100.052776 0.000000 1.859272 -0.000710 
398 16.438265 0.000000 0.598861 100.039377 0.000000 1.858551 -0.000442 
399 16.318121 0.000000 0.711190 100.035392 0.000000 1.858242 -0.000363 
400 16.258048 0.000000 0.430368 100.057361 0.000000 1.865288 -0.000799 
401 16.197976 0.000000 0.430368 100.045648 0.000000 1.827806 -0.000579 
402 16.258048 0.000000 0.374203 100.058867 0.000000 1.864502 -0.000829 
403 16.318121 0.000000 0.430368 100.051415 0.000000 1.867259 -0.000679 
404 16.258048 0.000000 0.486532 100.055460 0.000000 1.864955 -0.000761 
405 17.639712 0.000000 0.486532 100.027334 0.000000 1.895223 -0.000188 
406 17.639712 0.000000 0.037216 100.033753 0.000000 1.963155 -0.000290 
407 18.120291 0.000000 0.486532 100.029796 0.000000 1.963470 -0.000210 
408 17.639712 0.000000 0.935848 100.035862 0.000000 1.899399 -0.000356 
409 16.918844 0.000000 0.261874 100.031952 0.000000 1.888298 -0.000282 
410 16.918844 0.000000 0.037216 100.021982 0.000000 1.843538 -0.000100 
411 17.159133 0.000000 0.261874 100.041322 0.000000 1.911560 -0.000461 
412 16.918844 0.000000 0.486532 100.032172 0.000000 1.886327 -0.000288 
413 16.558410 0.000000 0.374203 100.038143 0.000000 1.869205 -0.000413 
414 16.558410 0.000000 0.261874 100.038256 0.000000 1.867593 -0.000416 
415 16.678555 0.000000 0.374203 100.033086 0.000000 1.877318 -0.000309 
416 16.558410 0.000000 0.486532 100.038289 0.000000 1.867792 -0.000417 
417 16.918844 0.000000 0.711190 100.032530 0.000000 1.876326 -0.000299 
418 17.159133 0.000000 0.711190 100.046722 0.000000 1.939481 -0.000558 
419 16.918844 0.000000 0.935848 100.033345 0.000000 1.867304 -0.000318 
420 16.798699 0.000000 0.374203 100.037318 0.000000 1.880188 -0.000393 
421 16.798699 0.000000 0.261874 100.038820 0.000000 1.891736 -0.000419 
422 16.918844 0.000000 0.374203 100.032060 0.000000 1.889422 -0.000284 
423 16.798699 0.000000 0.486532 100.036031 0.000000 1.878450 -0.000368 
424 17.639712 0.000000 -0.412100 100.002104 0.000000 1.757189 0.000267 
425 17.639712 0.000000 -0.861416 100.009834 0.000000 1.679802 0.000085 
426 18.120291 0.000000 -0.412100 99.985414 0.000000 1.786966 0.000611 
427 17.399423 0.000000 0.261874 100.054091 0.000000 1.987289 -0.000687 
428 17.399423 0.000000 0.037216 100.022970 0.000000 1.907246 -0.000096 
429 17.639712 0.000000 0.261874 100.018035 0.000000 1.920154 0.000008 
430 17.399423 0.000000 0.486532 100.059710 0.000000 1.981516 -0.000801 
431 17.038989 0.000000 0.374203 100.032102 0.000000 1.868368 -0.000293 
432 17.038989 0.000000 0.261874 100.029169 0.000000 1.863960 -0.000236 
433 17.159133 0.000000 0.374203 100.062367 0.000000 1.966913 -0.000860 
434 17.038989 0.000000 0.486532 100.029077 0.000000 1.863960 -0.000234 
435 21.003763 0.000000 3.631745 99.911586 0.000000 1.391882 0.001965 
436 22.926078 0.000000 3.631745 99.999964 0.000000 1.284960 0.000166 
437 21.003763 0.000000 5.429010 100.082711 0.000000 1.314382 -0.001480 
438 18.120291 0.000000 2.733113 99.923777 0.000000 1.664169 0.001804 
439 19.081448 0.000000 2.733113 99.873919 0.000000 1.692079 0.002814 
440 18.120291 0.000000 3.631745 100.067129 0.000000 1.424851 -0.001139 
441 17.639712 0.000000 1.385164 99.991997 0.000000 1.817161 0.000491 
442 18.120291 0.000000 1.385164 100.030746 0.000000 1.816131 -0.000285 
443 17.639712 0.000000 1.834480 99.913348 0.000000 1.824869 0.002070 
444 17.399423 0.000000 0.711190 100.034323 0.000000 1.929301 -0.000314 
445 17.639712 0.000000 0.711190 100.040698 0.000000 1.858763 -0.000468 
446 17.399423 0.000000 0.935848 100.019092 0.000000 1.898697 -0.000021 
447 17.038989 0.000000 0.598861 100.027234 0.000000 1.860744 -0.000198 
448 16.918844 0.000000 0.598861 100.037678 0.000000 1.893116 -0.000395 
449 17.159133 0.000000 0.598861 100.053854 0.000000 1.948791 -0.000697 
450 17.038989 0.000000 0.711190 100.055349 0.000000 1.937016 -0.000732 
451 16.978916 0.000000 0.430368 100.034497 0.000000 1.895148 -0.000331 
452 16.918844 0.000000 0.430368 100.031685 0.000000 1.887005 -0.000278 
453 16.978916 0.000000 0.374203 100.028650 0.000000 1.881263 -0.000219 
454 17.038989 0.000000 0.430368 100.031279 0.000000 1.868210 -0.000277 
455 16.978916 0.000000 0.486532 100.034568 0.000000 1.894210 -0.000333 
456 17.279278 0.000000 0.374203 100.050202 0.000000 1.947007 -0.000625 
457 17.279278 0.000000 0.261874 100.052244 0.000000 1.947158 -0.000666 
458 17.399423 0.000000 0.374203 100.055293 0.000000 1.984068 -0.000712 
459 17.279278 0.000000 0.486532 100.046724 0.000000 1.943026 -0.000557 
460 20.042606 0.000000 0.935848 99.990647 0.000000 2.054459 0.000609 
461 20.042606 0.000000 0.037216 99.984212 0.000000 2.056056 0.000739 
462 21.003763 0.000000 0.935848 99.969768 0.000000 1.992434 0.001003 
463 20.042606 0.000000 1.834480 99.968955 0.000000 1.648029 0.000893 
464 18.600870 0.000000 0.486532 100.024094 0.000000 2.062284 -0.000057 
465 18.600870 0.000000 0.037216 100.003418 0.000000 1.972855 0.000321 
466 19.081448 0.000000 0.486532 100.013169 0.000000 2.116763 0.000185 
467 18.600870 0.000000 0.935848 100.044867 0.000000 2.031878 -0.000484 
468 17.880002 0.000000 0.261874 100.004061 0.000000 1.893196 0.000277 
469 17.880002 0.000000 0.037216 100.006866 0.000000 1.919026 0.000231 
470 18.120291 0.000000 0.261874 100.019573 0.000000 1.952376 -0.000010 
471 17.880002 0.000000 0.486532 100.053969 0.000000 1.979090 -0.000688 
472 17.519568 0.000000 0.374203 100.015929 0.000000 1.889939 0.000039 
473 17.519568 0.000000 0.261874 100.044841 0.000000 1.987434 -0.000502 
474 17.639712 0.000000 0.374203 100.022330 0.000000 1.912622 -0.000081 
475 17.519568 0.000000 0.486532 100.024626 0.000000 1.885879 -0.000137 
476 17.880002 0.000000 0.711190 100.065086 0.000000 1.943923 -0.000923 
477 18.120291 0.000000 0.711190 100.045056 0.000000 1.981909 -0.000508 
478 17.880002 0.000000 0.935848 100.074919 0.000000 1.942222 -0.001120 
479 17.759857 0.000000 0.374203 100.023102 0.000000 1.930710 -0.000089 
480 17.759857 0.000000 0.261874 100.018348 0.000000 1.938228 0.000009 
481 17.880002 0.000000 0.374203 100.013806 0.000000 1.896550 0.000084 
482 17.759857 0.000000 0.486532 100.032895 0.000000 1.928391 -0.000286 
483 17.519568 0.000000 0.598861 100.030413 0.000000 1.865417 -0.000260 
484 17.399423 0.000000 0.598861 100.048687 0.000000 1.937627 -0.000598 
485 17.639712 0.000000 0.598861 100.033369 0.000000 1.877029 -0.000315 
486 17.519568 0.000000 0.711190 100.057534 0.000000 1.951878 -0.000769 
487 17.579640 0.000000 0.430368 100.024047 0.000000 1.901014 -0.000120 
488 17.519568 0.000000 0.430368 100.018922 0.000000 1.885495 -0.000023 
489 17.579640 0.000000 0.374203 100.022706 0.000000 1.910239 -0.000089 
490 17.639712 0.000000 0.430368 100.024068 0.000000 1.899842 -0.000120 
491 17.579640 0.000000 0.486532 100.027098 0.000000 1.893721 -0.000183 
492 22.926078 0.000000 -8.949107 99.984770 0.000000 1.745241 0.000610 
493 22.926078 0.000000 -12.543636 99.984770 0.000000 1.745241 0.000610 
494 26.770708 0.000000 -8.949107 99.919066 0.000000 1.603264 0.001879 
495 21.003763 0.000000 -3.557313 99.951399 0.000000 1.547031 0.001213 
496 21.003763 0.000000 -5.354578 99.881819 0.000000 1.499686 0.002594 
497 22.926078 0.000000 -3.557313 99.967041 0.000000 1.552491 0.000901 
498 20.042606 0.000000 -0.861416 99.964469 0.000000 1.718297 0.001007 
499 20.042606 0.000000 -1.760049 99.967559 0.000000 1.562883 0.000894 
500 21.003763 0.000000 -0.861416 99.965653 0.000000 1.743315 0.000992 
501 18.600870 0.000000 -0.412100 99.977834 0.000000 1.766384 0.000756 
502 18.600870 0.000000 -0.861416 99.974151 0.000000 1.674685 0.000798 
503 19.081448 0.000000 -0.412100 99.978981 0.000000 1.833928 0.000757 
504 18.360580 0.000000 0.261874 100.028873 0.000000 2.019906 -0.000170 
505 18.360580 0.000000 0.037216 100.007577 0.000000 1.948298 0.000228 
506 18.600870 0.000000 0.261874 100.011392 0.000000 2.025215 0.000182 
507 18.360580 0.000000 0.486532 100.038736 0.000000 2.027467 -0.000364 
508 18.000146 0.000000 0.374203 100.029607 0.000000 1.957550 -0.000209 
509 18.000146 0.000000 0.261874 100.030682 0.000000 1.967018 -0.000227 
510 18.120291 0.000000 0.374203 100.021868 0.000000 1.953886 -0.000056 
511 18.000146 0.000000 0.486532 100.030226 0.000000 1.954082 -0.000223 
512 18.600870 0.000000 1.385164 100.050923 0.000000 1.903404 -0.000656 
513 19.081448 0.000000 1.385164 100.006125 0.000000 1.926182 0.000249 
514 18.600870 0.000000 1.834480 99.942878 0.000000 1.873873 0.001495 
515 18.360580 0.000000 0.711190 100.047393 0.000000 2.023026 -0.000539 
516 18.600870 0.000000 0.711190 100.031750 0.000000 2.058449 -0.000211 
517 18.360580 0.000000 0.935848 100.041985 0.000000 1.982977 -0.000446 
518 18.240436 0.000000 0.374203 100.035299 0.000000 2.022191 -0.000297 
519 18.240436 0.000000 0.261874 100.016208 0.000000 1.976426 0.000066 
520 18.360580 0.000000 0.374203 100.031511 0.000000 2.019404 -0.000222 
521 18.240436 0.000000 0.486532 100.038243 0.000000 2.015096 -0.000359 
522 18.240436 0.000000 0.598861 100.039542 0.000000 2.000945 -0.000390 
523 18.120291 0.000000 0.598861 100.047523 0.000000 2.004290 -0.000549 
524 18.360580 0.000000 0.598861 100.048667 0.000000 2.039698 -0.000557 
525 18.240436 0.000000 0.711190 100.040901 0.000000 1.988431 -0.000423 
526 18.180363 0.000000 0.430368 100.042103 0.000000 2.015834 -0.000436 
527 18.120291 0.000000 0.430368 100.023335 0.000000 1.952579 -0.000085 
528 18.180363 0.000000 0.374203 100.020938 0.000000 1.959495 -0.000035 
529 18.240436 0.000000 0.430368 100.036027 0.000000 2.015176 -0.000314 
530 18.180363 0.000000 0.486532 100.042900 0.000000 2.014244 -0.000452 
531 19.562027 0.000000 0.486532 100.000495 0.000000 2.137347 0.000447 
532 19.562027 0.000000 0.037216 99.995861 0.000000 2.071977 0.000512 
533 20.042606 0.000000 0.486532 99.986545 0.000000 2.121238 0.000720 
534 19.562027 0.000000 0.935848 100.004352 0.000000 2.065186 0.000340 
535 18.841159 0.000000 0.261874 100.004147 0.000000 2.066070 0.000344 
536 18.841159 0.000000 0.037216 100.001437 0.000000 2.019316 0.000379 
537 19.081448 0.000000 0.261874 100.003293 0.000000 2.089077 0.000371 
538 18.841159 0.000000 0.486532 100.012431 0.000000 2.087417 0.000187 
539 18.480725 0.000000 0.374203 100.017792 0.000000 2.032550 0.000057 
540 18.480725 0.000000 0.261874 100.011680 0.000000 2.014625 0.000172 
541 18.600870 0.000000 0.374203 100.022334 0.000000 2.061300 -0.000022 
542 18.480725 0.000000 0.486532 100.026626 0.000000 2.051074 -0.000112 
543 18.841159 0.000000 0.711190 100.023083 0.000000 2.094718 -0.000023 
544 19.081448 0.000000 0.711190 100.012528 0.000000 2.103172 0.000192 
545 18.841159 0.000000 0.935848 100.026889 0.000000 2.065846 -0.000111 
546 18.721014 0.000000 0.374203 100.019490 0.000000 2.084262 0.000045 
547 18.721014 0.000000 0.261874 100.015906 0.000000 2.074473 0.000112 
548 18.841159 0.000000 0.374203 100.011944 0.000000 2.092303 0.000199 
549 18.721014 0.000000 0.486532 100.019612 0.000000 2.096560 0.000047 
550 19.562027 0.000000 -0.412100 99.973825 0.000000 1.865654 0.000872 
551 19.562027 0.000000 -0.861416 99.962534 0.000000 1.686361 0.001035 
552 20.042606 0.000000 -0.412100 99.980104 0.000000 1.883943 0.000753 
553 19.321738 0.000000 0.261874 100.003090 0.000000 2.125235 0.000390 
554 19.321738 0.000000 0.037216 99.993815 0.000000 2.056592 0.000547 
555 19.562027 0.000000 0.261874 99.996334 0.000000 2.119356 0.000523 
556 19.321738 0.000000 0.486532 100.003721 0.000000 2.135243 0.000382 
557 18.961304 0.000000 0.374203 100.005425 0.000000 2.077710 0.000323 
558 18.961304 0.000000 0.261874 100.005334 0.000000 2.071811 0.000323 
559 19.081448 0.000000 0.374203 100.005476 0.000000 2.101964 0.000332 
560 18.961304 0.000000 0.486532 100.012850 0.000000 2.100811 0.000184 
561 20.042606 0.000000 2.733113 99.843695 0.000000 1.551145 0.003376 
562 21.003763 0.000000 2.733113 99.952643 0.000000 1.374967 0.001137 
563 20.042606 0.000000 3.631745 99.904665 0.000000 1.320509 0.002084 
564 19.562027 0.000000 1.385164 99.999495 0.000000 1.903013 0.000372 
565 20.042606 0.000000 1.385164 99.994886 0.000000 1.884545 0.000458 
566 19.562027 0.000000 1.834480 99.980721 0.000000 1.744397 0.000690 
567 19.321738 0.000000 0.711190 100.006363 0.000000 2.117172 0.000321 
568 19.562027 0.000000 0.711190 100.003555 0.000000 2.120165 0.000379 
569 19.321738 0.000000 0.935848 100.008145 0.000000 2.065623 0.000264 
570 18.961304 0.000000 0.598861 100.019086 0.000000 2.115604 0.000066 
571 18.841159 0.000000 0.598861 100.021498 0.000000 2.105074 0.000013 
572 19.081448 0.000000 0.598861 100.017014 0.000000 2.122386 0.000110 
573 18.961304 0.000000 0.711190 100.025522 0.000000 2.119086 -0.000061 
574 18.901231 0.000000 0.430368 100.009358 0.000000 2.089373 0.000249 
575 18.841159 0.000000 0.430368 100.013362 0.000000 2.094724 0.000172 
576 18.901231 0.000000 0.374203 100.009919 0.000000 2.093287 0.000240 
577 18.961304 0.000000 0.430368 100.012395 0.000000 2.100316 0.000193 
578 18.901231 0.000000 0.486532 100.017117 0.000000 2.110315 0.000103 
579 19.201593 0.000000 0.374203 100.005576 0.000000 2.121005 0.000338 
580 19.201593 0.000000 0.261874 100.000545 0.000000 2.097970 0.000429 
581 19.321738 0.000000 0.374203 100.002080 0.000000 2.133169 0.000414 
582 19.201593 0.000000 0.486532 100.006751 0.000000 2.129994 0.000319 
583 30.615338 0.000000 -1.760049 100.027174 0.000000 1.193224 -0.000401 
584 30.615338 0.000000 -5.354578 100.114193 0.000000 1.615958 -0.002020 
585 34.459968 0.000000 -1.760049 100.012652 0.000000 1.153110 -0.000120 
586 30.615338 0.000000 1.834480 99.978623 0.000000 1.176353 0.000566 
587 24.848393 0.000000 0.037216 100.000835 0.000000 1.616159 0.000245 
588 24.848393 0.000000 -1.760049 100.028112 0.000000 1.526181 -0.000329 
589 26.770708 0.000000 0.037216 100.004313 0.000000 1.496755 0.000138 
590 24.848393 0.000000 1.834480 99.930869 0.000000 1.431977 0.001590 
591 21.964921 0.000000 0.935848 99.960649 0.000000 1.924952 0.001159 
592 21.964921 0.000000 0.037216 99.973931 0.000000 2.017320 0.000929 
593 22.926078 0.000000 0.935848 99.966244 0.000000 1.900582 0.001037 
594 21.964921 0.000000 1.834480 99.976298 0.000000 1.576676 0.000723 
595 20.523185 0.000000 0.486532 99.982801 0.000000 2.119963 0.000794 
596 20.523185 0.000000 0.037216 99.979678 0.000000 2.064251 0.000833 
597 21.003763 0.000000 0.486532 99.977541 0.000000 2.106077 0.000893 
598 20.523185 0.000000 0.935848 99.983177 0.000000 2.030715 0.000749 
599 19.802316 0.000000 0.261874 99.989303 0.000000 2.125162 0.000666 
600 19.802316 0.000000 0.037216 99.985521 0.000000 2.070637 0.000719 
601 20.042606 0.000000 0.261874 99.986391 0.000000 2.111013 0.000718 
602 19.802316 0.000000 0.486532 99.992707 0.000000 2.141317 0.000605 
603 19.441882 0.000000 0.374203 100.001010 0.000000 2.129132 0.000433 
604 19.441882 0.000000 0.261874 99.999315 0.000000 2.118184 0.000463 
605 19.562027 0.000000 0.374203 99.997977 0.000000 2.131263 0.000495 
606 19.441882 0.000000 0.486532 100.002761 0.000000 2.132450 0.000400 
607 19.802316 0.000000 0.711190 99.998010 0.000000 2.119180 0.000489 
608 20.042606 0.000000 0.711190 99.986066 0.000000 2.098441 0.000720 
609 19.802316 0.000000 0.935848 99.997641 0.000000 2.060373 0.000472 
610 19.682172 0.000000 0.374203 99.996751 0.000000 2.138547 0.000523 
611 19.682172 0.000000 0.261874 99.994047 0.000000 2.124263 0.000571 
612 19.802316 0.000000 0.374203 99.991259 0.000000 2.138093 0.000632 
613 19.682172 0.000000 0.486532 99.999441 0.000000 2.145433 0.000472 
614 19.441882 0.000000 0.598861 100.005496 0.000000 2.131411 0.000344 
615 19.321738 0.000000 0.598861 100.003542 0.000000 2.123033 0.000380 
616 19.562027 0.000000 0.598861 100.001292 0.000000 2.130065 0.000428 
617 19.441882 0.000000 0.711190 100.005818 0.000000 2.115591 0.000331 
618 19.501955 0.000000 0.430368 100.000378 0.000000 2.133466 0.000448 
619 19.441882 0.000000 0.430368 100.002788 0.000000 2.134767 0.000400 
620 19.501955 0.000000 0.374203 100.000163 0.000000 2.131647 0.000451 
621 19.562027 0.000000 0.430368 99.998667 0.000000 2.133325 0.000482 
622 19.501955 0.000000 0.486532 100.001117 0.000000 2.133556 0.000433 
623 20.523185 0.000000 1.385164 99.965419 0.000000 1.816284 0.001022 
624 21.003763 0.000000 1.385164 99.963003 0.000000 1.769056 0.001054 
625 20.523185 0.000000 1.834480 99.965565 0.000000 1.594297 0.000944 
626 20.282895 0.000000 0.711190 99.985010 0.000000 2.098513 0.000741 
627 20.282895 0.000000 0.486532 99.983375 0.000000 2.120759 0.000783 
628 20.523185 0.000000 0.711190 99.982343 0.000000 2.089796 0.000790 
629 20.282895 0.000000 0.935848 99.983670 0.000000 2.041630 0.000744 
630 19.922461 0.000000 0.598861 99.988575 0.000000 2.118439 0.000678 
631 19.802316 0.000000 0.598861 99.992673 0.000000 2.132151 0.000602 
632 19.922461 0.000000 0.486532 99.988988 0.000000 2.125904 0.000673 
633 20.042606 0.000000 0.598861 99.985795 0.000000 2.112182 0.000731 
634 19.922461 0.000000 0.711190 99.990287 0.000000 2.109548 0.000640 
635 21.964921 0.000000 -0.861416 99.974688 0.000000 1.738971 0.000809 
636 21.964921 0.000000 -1.760049 99.958115 0.000000 1.565226 0.001084 
637 22.926078 0.000000 -0.861416 99.984442 0.000000 1.708152 0.000603 
638 20.523185 0.000000 -0.412100 99.978457 0.000000 1.889501 0.000788 
639 20.523185 0.000000 -0.861416 99.969023 0.000000 1.723216 0.000917 
640 21.003763 0.000000 -0.412100 99.976485 0.000000 1.889130 0.000828 
641 20.282895 0.000000 0.261874 99.982470 0.000000 2.111975 0.000797 
642 20.282895 0.000000 0.037216 99.982092 0.000000 2.065270 0.000785 
643 20.523185 0.000000 0.261874 99.980226 0.000000 2.109580 0.000841 
644 20.162751 0.000000 0.598861 99.984423 0.000000 2.110059 0.000757 
645 20.162751 0.000000 0.486532 99.985178 0.000000 2.120324 0.000747 
646 20.282895 0.000000 0.598861 99.983654 0.000000 2.112820 0.000774 
647 20.162751 0.000000 0.711190 99.983739 0.000000 2.093534 0.000764 
648 20.162751 0.000000 0.374203 99.984470 0.000000 2.117564 0.000760 
649 20.042606 0.000000 0.374203 99.986859 0.000000 2.121118 0.000713 
650 20.162751 0.000000 0.261874 99.985120 0.000000 2.110850 0.000744 
651 20.282895 0.000000 0.374203 99.983522 0.000000 2.123257 0.000781 
652 20.102678 0.000000 0.542697 99.986080 0.000000 2.118005 0.000728 
653 20.042606 0.000000 0.542697 99.986538 0.000000 2.118805 0.000719 
654 20.102678 0.000000 0.486532 99.985441 0.000000 2.118217 0.000740 
655 20.162751 0.000000 0.542697 99.984403 0.000000 2.114925 0.000760 
656 20.102678 0.000000 0.598861 99.984785 0.000000 2.109332 0.000750 
657 21.484342 0.000000 0.486532 99.973128 0.000000 2.079130 0.000971 
658 21.484342 0.000000 0.037216 99.975688 0.000000 2.043487 0.000905 
659 21.964921 0.000000 0.486532 99.964473 0.000000 2.026094 0.001122 
660 21.484342 0.000000 0.935848 99.964522 0.000000 1.954408 0.001093 
661 20.763474 0.000000 0.711190 99.978655 0.000000 2.080993 0.000861 
662 20.763474 0.000000 0.486532 99.979521 0.000000 2.109225 0.000855 
663 21.003763 0.000000 0.711190 99.977715 0.000000 2.078513 0.000878 
664 20.763474 0.000000 0.935848 99.983145 0.000000 2.035950 0.000752 
665 20.403040 0.000000 0.598861 99.985034 0.000000 2.106224 0.000743 
666 20.403040 0.000000 0.486532 99.984420 0.000000 2.114531 0.000759 
667 20.523185 0.000000 0.598861 99.983130 0.000000 2.110161 0.000783 
668 20.403040 0.000000 0.711190 99.985211 0.000000 2.090825 0.000733 
669 20.763474 0.000000 0.261874 99.978778 0.000000 2.097974 0.000865 
670 20.763474 0.000000 0.037216 99.978017 0.000000 2.056719 0.000863 
671 21.003763 0.000000 0.261874 99.977149 0.000000 2.098139 0.000898 
672 20.643329 0.000000 0.598861 99.982163 0.000000 2.113315 0.000804 
673 20.643329 0.000000 0.486532 99.981280 0.000000 2.121179 0.000825 
674 20.763474 0.000000 0.598861 99.979248 0.000000 2.099547 0.000857 
675 20.643329 0.000000 0.711190 99.982712 0.000000 2.095463 0.000785 
676 30.615338 0.000000 5.429010 99.892611 0.000000 1.327460 0.002328 
677 34.459968 0.000000 5.429010 99.951368 0.000000 1.218497 0.001122 
678 30.615338 0.000000 9.023539 100.004188 0.000000 1.577327 0.000165 
679 24.848393 0.000000 3.631745 99.983338 0.000000 1.272741 0.000495 
680 26.770708 0.000000 3.631745 99.883727 0.000000 1.202289 0.002475 
681 24.848393 0.000000 5.429010 99.942652 0.000000 1.516173 0.001378 
682 21.964921 0.000000 2.733113 99.988131 0.000000 1.341705 0.000418 
683 22.926078 0.000000 2.733113 99.994192 0.000000 1.340749 0.000296 
684 21.964921 0.000000 3.631745 99.947142 0.000000 1.375015 0.001248 
685 21.484342 0.000000 1.385164 99.964341 0.000000 1.752831 0.001021 
686 21.964921 0.000000 1.385164 99.969180 0.000000 1.759032 0.000927 
687 21.484342 0.000000 1.834480 99.974561 0.000000 1.575811 0.000758 
688 21.244053 0.000000 0.711190 99.974477 0.000000 2.062041 0.000936 
689 21.244053 0.000000 0.486532 99.977329 0.000000 2.103248 0.000897 
690 21.484342 0.000000 0.711190 99.965969 0.000000 2.024552 0.001092 
691 21.244053 0.000000 0.935848 99.963523 0.000000 1.965659 0.001117 
692 20.883619 0.000000 0.598861 99.978080 0.000000 2.095015 0.000878 
693 20.883619 0.000000 0.486532 99.977938 0.000000 2.104784 0.000885 
694 21.003763 0.000000 0.598861 99.977983 0.000000 2.096034 0.000880 
695 20.883619 0.000000 0.711190 99.978457 0.000000 2.078643 0.000864 
696 21.484342 0.000000 -0.412100 99.974611 0.000000 1.889607 0.000866 
697 21.484342 0.000000 -0.861416 99.970764 0.000000 1.740234 0.000888 
698 21.964921 0.000000 -0.412100 99.975330 0.000000 1.874620 0.000845 
699 21.244053 0.000000 0.261874 99.976590 0.000000 2.098325 0.000909 
700 21.244053 0.000000 0.037216 99.975871 0.000000 2.051840 0.000904 
701 21.484342 0.000000 0.261874 99.975903 0.000000 2.084497 0.000917 
702 20.883619 0.000000 0.374203 99.978389 0.000000 2.107138 0.000877 
703 20.763474 0.000000 0.374203 99.979029 0.000000 2.106224 0.000864 
704 20.883619 0.000000 0.261874 99.978310 0.000000 2.098280 0.000875 
705 21.003763 0.000000 0.374203 99.977638 0.000000 2.107956 0.000892 
706 20.823546 0.000000 0.542697 99.977865 0.000000 2.097560 0.000883 
707 20.763474 0.000000 0.542697 99.979747 0.000000 2.106598 0.000850 
708 20.823546 0.000000 0.486532 99.978451 0.000000 2.102493 0.000874 
709 20.883619 0.000000 0.542697 99.978267 0.000000 2.102633 0.000877 
710 20.823546 0.000000 0.598861 99.978816 0.000000 2.096698 0.000864 
711 57.527746 0.000000 -41.299869 99.984770 0.000000 1.745241 0.000610 
712 57.527746 0.000000 -55.677985 99.984770 0.000000 1.745241 0.000610 
713 72.906265 0.000000 -41.299869 99.984770 0.000000 1.745241 0.000610 
714 -34.743369 0.000000 -41.299869 99.984770 0.000000 1.745241 0.000610 
715 -50.121888 0.000000 -41.299869 99.984770 0.000000 1.745241 0.000610 
716 -34.743369 0.000000 -55.677985 99.984770 0.000000 1.745241 0.000610 
717 34.459968 0.000000 -19.732694 99.984770 0.000000 1.745241 0.000610 
718 34.459968 0.000000 -26.921753 99.984770 0.000000 1.745241 0.000610 
719 42.149227 0.000000 -19.732694 99.984770 0.000000 1.745241 0.000610 
720 -11.675590 0.000000 -19.732694 99.984770 0.000000 1.745241 0.000610 
721 -19.364850 0.000000 -19.732694 99.984770 0.000000 1.745241 0.000610 
722 -11.675590 0.000000 -26.921753 99.984770 0.000000 1.745241 0.000610 
723 -0.141701 0.000000 -8.949107 99.984770 0.000000 1.745241 0.000610 
724 -3.986330 0.000000 -8.949107 99.984770 0.000000 1.745241 0.000610 
725 -0.141701 0.000000 -12.543636 99.984770 0.000000 1.745241 0.000610 
726 12.353346 0.000000 -0.861416 99.833644 0.000000 1.255709 0.003494 
727 11.392189 0.000000 -0.861416 99.794129 0.000000 1.203493 0.004276 
728 12.353346 0.000000 -1.760049 99.793865 0.000000 1.283721 0.004302 
729 30.615338 0.000000 -8.949107 99.934095 0.000000 1.601552 0.001577 
730 30.615338 0.000000 -12.543636 99.984770 0.000000 1.745241 0.000610 
731 34.459968 0.000000 -8.949107 99.981272 0.000000 1.627903 0.000640 
732 24.848393 0.000000 -3.557313 99.959396 0.000000 1.514285 0.001042 
733 24.848393 0.000000 -5.354578 99.947576 0.000000 1.570797 0.001297 
734 26.770708 0.000000 -3.557313 100.028050 0.000000 1.550568 -0.000321 
735 12.353346 0.000000 2.733113 100.123461 0.000000 1.408600 -0.002267 
736 11.392189 0.000000 2.733113 100.154269 0.000000 1.374388 -0.002890 
737 12.353346 0.000000 3.631745 99.984770 0.000000 1.745241 0.000610 
738 13.795082 0.000000 1.385164 100.044940 0.000000 1.356749 -0.000714 
739 13.314504 0.000000 1.385164 100.053611 0.000000 1.381229 -0.000881 
740 13.795082 0.000000 1.834480 100.089467 0.000000 1.340663 -0.001608 
741 13.795082 0.000000 -0.412100 99.941211 0.000000 1.374972 0.001366 
742 13.314504 0.000000 -0.412100 99.924673 0.000000 1.333758 0.001687 
743 13.795082 0.000000 -0.861416 99.914026 0.000000 1.390179 0.001916 
744 14.515950 0.000000 0.711190 100.017676 0.000000 0.000000 -0.000353 
745 14.275661 0.000000 0.711190 100.016667 0.000000 0.000000 -0.000333 
746 14.515950 0.000000 0.935848 100.078859 0.000000 1.602991 -0.001319 
747 10.431031 0.000000 -0.861416 99.737431 0.000000 1.117577 0.005398 
748 10.431031 0.000000 -1.760049 99.948506 0.000000 1.667508 0.001309 
749 10.431031 0.000000 2.733113 99.984770 0.000000 1.745241 0.000610 
750 9.469874 0.000000 2.733113 99.984770 0.000000 1.745241 0.000610 
751 10.431031 0.000000 3.631745 99.984770 0.000000 1.745241 0.000610 
752 1.780614 0.000000 -3.557313 99.984770 0.000000 1.745241 0.000610 
753 -0.141701 0.000000 -3.557313 99.984770 0.000000 1.745241 0.000610 
754 1.780614 0.000000 -5.354578 99.984770 0.000000 1.745241 0.000610 
755 1.780614 0.000000 3.631745 99.984770 0.000000 1.745241 0.000610 
756 -0.141701 0.000000 3.631745 99.984770 0.000000 1.745241 0.000610 
757 1.780614 0.000000 5.429010 99.984770 0.000000 1.745241 0.000610 
758 7.066980 0.000000 -0.412100 99.984770 0.000000 1.745241 0.000610 
759 7.066980 0.000000 -0.861416 99.984770 0.000000 1.745241 0.000610 
760 7.547559 0.000000 -0.412100 99.890183 0.000000 1.541802 0.002439 
761 5.144665 0.000000 -0.412100 99.984770 0.000000 1.745241 0.000610 
762 4.664087 0.000000 -0.412100 99.984770 0.000000 1.745241 0.000610 
763 5.144665 0.000000 -0.861416 99.984770 0.000000 1.745241 0.000610 
764 14.876385 0.000000 0.598861 100.021097 0.000000 0.000000 -0.000422 
765 14.756240 0.000000 0.598861 100.021059 0.000000 0.000000 -0.000421 
766 14.876385 0.000000 0.711190 100.021763 0.000000 0.000000 -0.000435 
767 15.356963 0.000000 0.598861 100.019909 0.000000 1.890900 -0.000041 
768 15.356963 0.000000 0.711190 99.976460 0.000000 2.017977 0.000879 
769 15.837542 0.000000 0.598861 100.025609 0.000000 1.828372 -0.000178 
770 15.957687 0.000000 0.598861 100.017232 0.000000 1.788747 -0.000025 
771 15.837542 0.000000 0.711190 100.008451 0.000000 1.837178 0.000169 
772 16.077831 0.000000 0.598861 100.018472 0.000000 1.786412 -0.000050 
773 16.077831 0.000000 0.711190 100.005277 0.000000 1.788294 0.000214 
774 16.558410 0.000000 0.598861 100.037696 0.000000 1.869678 -0.000404 
775 16.678555 0.000000 0.598861 100.042996 0.000000 1.891415 -0.000502 
776 16.558410 0.000000 0.711190 100.031644 0.000000 1.857539 -0.000288 
777 16.798699 0.000000 0.598861 100.034372 0.000000 1.873365 -0.000336 
778 16.798699 0.000000 0.711190 100.037681 0.000000 1.878590 -0.000401 
779 17.279278 0.000000 0.598861 100.046453 0.000000 1.944084 -0.000551 
780 17.279278 0.000000 0.711190 100.044196 0.000000 1.937275 -0.000509 
781 17.759857 0.000000 0.598861 100.035683 0.000000 1.898472 -0.000353 
782 17.880002 0.000000 0.598861 100.058739 0.000000 1.963137 -0.000789 
783 17.759857 0.000000 0.711190 100.039843 0.000000 1.868143 -0.000448 
784 18.000146 0.000000 0.598861 100.049635 0.000000 1.964525 -0.000607 
785 18.000146 0.000000 0.711190 100.062668 0.000000 1.965595 -0.000867 
786 18.480725 0.000000 0.598861 100.036694 0.000000 2.053154 -0.000312 
787 18.600870 0.000000 0.598861 100.032820 0.000000 2.077458 -0.000225 
788 18.480725 0.000000 0.711190 100.039223 0.000000 2.041729 -0.000368 
789 18.721014 0.000000 0.598861 100.021350 0.000000 2.087140 0.000009 
790 18.721014 0.000000 0.711190 100.024192 0.000000 2.078121 -0.000052 
791 19.201593 0.000000 0.598861 100.006971 0.000000 2.122801 0.000311 
792 19.201593 0.000000 0.711190 100.007557 0.000000 2.111386 0.000295 
793 19.922461 0.000000 0.374203 99.988689 0.000000 2.123972 0.000678 
794 19.922461 0.000000 0.261874 99.988429 0.000000 2.113735 0.000679 
795 19.682172 0.000000 0.598861 100.001297 0.000000 2.139416 0.000432 
796 19.682172 0.000000 0.711190 99.998474 0.000000 2.111795 0.000477 
797 20.403040 0.000000 0.374203 99.983597 0.000000 2.112472 0.000775 
798 20.403040 0.000000 0.261874 99.981790 0.000000 2.104062 0.000808 
799 20.523185 0.000000 0.374203 99.981583 0.000000 2.120866 0.000819 
800 20.643329 0.000000 0.374203 99.980218 0.000000 2.117158 0.000845 
801 20.643329 0.000000 0.261874 99.979252 0.000000 2.107922 0.000860 
802 8.508716 0.000000 2.733113 99.984770 0.000000 1.745241 0.000610 
803 7.547559 0.000000 2.733113 99.984770 0.000000 1.745241 0.000610 
804 8.508716 0.000000 3.631745 99.984770 0.000000 1.745241 0.000610 
805 6.586402 0.000000 2.733113 99.984770 0.000000 1.745241 0.000610 
806 5.625244 0.000000 2.733113 99.984770 0.000000 1.745241 0.000610 
807 6.586402 0.000000 3.631745 99.984770 0.000000 1.745241 0.000610 
808 8.028138 0.000000 -0.412100 99.776460 0.000000 1.246631 0.004643 
809 8.028138 0.000000 -0.861416 99.984770 0.000000 1.745241 0.000610 
810 8.508716 0.000000 -0.412100 99.773474 0.000000 1.203357 0.004692 
811 4.664087 0.000000 2.733113 99.984770 0.000000 1.745241 0.000610 
812 3.702929 0.000000 2.733113 99.984770 0.000000 1.745241 0.000610 
813 4.664087 0.000000 3.631745 99.984770 0.000000 1.745241 0.000610 
1 19 21 3 22 
2 20 19 22 9 
3 28 20 9 30 
4 29 28 30 4 
5 35 37 19 38 
6 36 35 38 20 
7 44 36 20 46 
8 45 44 46 28 
9 51 53 35 54 
10 52 51 54 36 
11 60 52 36 62 
12 61 60 62 44 
13 67 69 51 70 
14 68 67 70 52 
15 10 77 76 26 
16 77 13 78 76 
17 76 78 8 79 
18 26 76 79 14 
19 81 26 82 80 
20 80 82 14 83 
21 92 68 52 94 
22 93 92 94 60 
23 95 97 67 98 
24 96 95 98 68 
25 7 106 104 105 
26 106 12 107 104 
27 104 107 10 25 
28 105 104 25 11 
29 11 110 108 109 
30 110 25 111 108 
31 108 111 23 41 
32 109 108 41 24 
33 24 114 112 113 
34 114 41 115 112 
35 112 115 39 57 
36 113 112 57 40 
37 40 118 116 117 
38 118 57 119 116 
39 116 119 55 73 
40 117 116 73 56 
41 73 122 120 121 
42 122 55 123 120 
43 14 79 124 37 
44 79 8 125 124 
45 124 125 21 126 
46 37 124 126 19 
47 83 14 128 127 
48 127 128 37 129 
49 53 127 129 35 
50 130 131 53 132 
51 69 130 132 51 
52 133 134 69 135 
53 97 133 135 67 
54 72 151 149 150 
55 151 71 100 149 
56 149 100 75 152 
57 150 149 152 5 
58 71 155 153 154 
59 155 101 141 153 
60 153 141 99 156 
61 154 153 156 100 
62 57 158 157 119 
63 158 39 159 157 
64 157 159 58 89 
65 119 157 89 55 
66 55 161 160 123 
67 161 89 162 160 
68 120 165 163 164 
69 165 123 166 163 
70 163 166 74 142 
71 164 163 142 101 
72 101 169 167 168 
73 169 142 170 167 
74 167 170 140 171 
75 168 167 171 141 
76 172 96 68 174 
77 173 172 174 92 
78 145 177 175 176 
79 177 72 150 175 
80 175 150 5 178 
81 176 175 178 148 
82 16 181 179 180 
83 181 15 32 179 
84 179 32 18 182 
85 180 179 182 6 
86 32 185 183 184 
87 185 31 48 183 
88 183 48 34 186 
89 184 183 186 18 
90 48 189 187 188 
91 188 187 190 34 
92 197 145 176 195 
93 195 176 148 198 
94 196 195 198 66 
95 6 182 199 200 
96 182 18 45 199 
97 199 45 28 201 
98 200 199 201 29 
99 18 186 202 203 
100 186 34 61 202 
101 202 61 44 204 
102 203 202 204 45 
103 34 190 205 206 
104 205 93 60 207 
105 206 205 207 61 
106 208 173 92 210 
107 209 208 210 93 
108 211 196 66 214 
109 212 211 214 194 
110 17 217 215 216 
111 217 7 105 215 
112 215 105 11 33 
113 216 215 33 15 
114 33 220 218 219 
115 220 11 109 218 
116 218 109 24 49 
117 219 218 49 31 
118 49 223 221 222 
119 223 24 113 221 
120 221 113 40 65 
121 222 221 65 47 
122 65 226 224 225 
123 226 40 117 224 
124 224 117 56 147 
125 225 224 147 63 
126 63 229 227 228 
127 229 147 230 227 
128 227 230 145 197 
129 146 233 231 232 
130 233 197 234 231 
131 231 234 195 235 
132 232 231 235 196 
133 187 238 236 237 
134 238 64 192 236 
135 236 192 50 239 
136 237 236 239 190 
137 192 242 240 241 
138 240 212 194 243 
139 241 240 243 50 
140 47 246 244 245 
141 246 65 225 244 
142 244 225 63 193 
143 245 244 193 64 
144 193 249 247 248 
145 249 63 228 247 
146 250 253 211 254 
147 251 250 254 212 
148 64 257 255 256 
149 257 193 248 255 
150 256 255 242 192 
151 248 260 258 259 
152 260 247 261 258 
153 258 261 213 252 
154 259 258 252 191 
155 213 263 262 253 
156 263 146 232 262 
157 262 232 196 264 
158 253 262 264 211 
159 252 267 265 266 
160 267 213 268 265 
161 265 268 253 269 
162 266 265 269 250 
163 242 272 270 271 
164 272 191 251 270 
165 270 251 212 273 
166 271 270 273 240 
167 191 276 274 275 
168 276 252 266 274 
169 274 266 250 277 
170 275 274 277 251 
171 142 283 282 170 
172 283 74 284 282 
173 75 103 286 287 
174 103 59 288 286 
175 286 288 97 289 
176 287 286 289 95 
177 99 144 290 291 
178 144 102 292 290 
179 290 292 59 293 
180 291 290 293 103 
181 294 296 102 297 
182 295 294 297 144 
183 170 300 298 299 
184 300 282 301 298 
185 298 301 285 302 
186 299 298 302 140 
187 123 304 303 166 
188 304 160 305 303 
189 303 305 137 279 
190 166 303 279 74 
191 74 307 306 284 
192 307 279 308 306 
193 282 311 310 301 
194 311 284 312 310 
195 310 312 143 313 
196 59 139 314 288 
197 139 91 315 314 
198 314 315 133 316 
199 288 314 316 97 
200 102 281 317 292 
201 281 136 318 317 
202 317 318 139 319 
203 292 317 319 59 
204 320 321 281 322 
205 296 320 322 102 
206 285 313 323 324 
207 313 143 325 323 
208 323 325 296 326 
209 324 323 326 294 
210 301 329 327 328 
211 329 310 330 327 
212 327 330 313 331 
213 328 327 331 285 
214 284 333 332 312 
215 333 306 334 332 
216 332 334 309 335 
217 312 332 335 143 
218 279 349 348 308 
219 349 137 350 348 
220 306 353 352 334 
221 353 308 354 352 
222 334 352 355 309 
223 356 357 136 358 
224 321 356 358 281 
225 308 360 359 354 
226 360 348 361 359 
227 359 361 351 362 
228 354 359 362 278 
229 309 355 363 364 
230 355 278 365 363 
231 363 365 321 366 
232 364 363 366 320 
233 352 369 367 368 
234 369 354 370 367 
235 367 370 278 371 
236 368 367 371 355 
237 89 373 372 162 
238 373 58 374 372 
239 160 376 375 305 
240 376 162 377 375 
241 375 377 88 345 
242 305 375 345 137 
243 137 379 378 350 
244 379 345 380 378 
245 348 383 382 361 
246 383 350 384 382 
247 382 384 280 385 
248 361 382 385 351 
249 136 347 386 318 
250 347 138 387 386 
251 386 387 91 388 
252 318 386 388 139 
253 389 390 347 391 
254 357 389 391 136 
255 350 393 392 384 
256 393 378 394 392 
257 392 394 381 395 
258 280 395 396 397 
259 395 381 398 396 
260 396 398 389 399 
261 397 396 399 357 
262 384 402 400 401 
263 402 392 403 400 
264 400 403 395 404 
265 401 400 404 280 
266 345 410 409 380 
267 410 88 411 409 
268 378 414 413 394 
269 414 380 415 413 
270 413 415 344 416 
271 394 413 416 381 
272 417 418 138 419 
273 390 417 419 347 
274 380 421 420 415 
275 421 409 422 420 
276 420 422 412 423 
277 415 420 423 344 
278 162 425 424 377 
279 425 372 426 424 
280 424 426 341 406 
281 377 424 406 88 
282 88 428 427 411 
283 428 406 429 427 
284 409 432 431 422 
285 432 411 433 431 
286 431 433 346 434 
287 435 436 130 437 
288 134 435 437 69 
289 91 343 438 315 
290 343 43 439 438 
291 438 439 134 440 
292 315 438 440 133 
293 138 408 441 387 
294 408 340 442 441 
295 441 442 343 443 
296 387 441 443 91 
297 444 445 408 446 
298 418 444 446 138 
299 412 434 447 448 
300 434 346 449 447 
301 447 449 418 450 
302 448 447 450 417 
303 422 453 451 452 
304 453 431 454 451 
305 451 454 434 455 
306 452 451 455 412 
307 411 457 456 433 
308 457 427 458 456 
309 456 458 430 459 
310 433 456 459 346 
311 406 469 468 429 
312 469 341 470 468 
313 427 473 472 458 
314 473 429 474 472 
315 458 472 475 430 
316 476 477 340 478 
317 445 476 478 408 
318 429 480 479 474 
319 480 468 481 479 
320 479 481 471 482 
321 474 479 482 405 
322 430 475 483 484 
323 475 405 485 483 
324 483 485 445 486 
325 484 483 486 444 
326 472 489 487 488 
327 489 474 490 487 
328 487 490 405 491 
329 488 487 491 475 
330 41 493 492 115 
331 493 23 494 492 
332 492 494 42 85 
333 115 492 85 39 
334 39 496 495 159 
335 496 85 497 495 
336 495 497 84 337 
337 159 495 337 58 
338 58 499 498 374 
339 499 337 500 498 
340 372 502 501 426 
341 502 374 503 501 
342 501 503 90 465 
343 426 501 465 341 
344 341 505 504 470 
345 505 465 506 504 
346 468 509 508 481 
347 509 470 510 508 
348 508 510 407 511 
349 481 508 511 471 
350 340 467 512 442 
351 467 342 513 512 
352 512 513 43 514 
353 442 512 514 343 
354 515 516 467 517 
355 477 515 517 340 
356 470 519 518 510 
357 519 504 520 518 
358 518 520 507 521 
359 407 521 522 523 
360 521 507 524 522 
361 522 524 515 525 
362 523 522 525 477 
363 510 528 526 527 
364 528 518 529 526 
365 526 529 521 530 
366 527 526 530 407 
367 465 536 535 506 
368 536 90 537 535 
369 504 540 539 520 
370 540 506 541 539 
371 539 541 464 542 
372 520 539 542 507 
373 543 544 342 545 
374 516 543 545 467 
375 506 547 546 541 
376 547 535 548 546 
377 546 548 538 549 
378 541 546 549 464 
379 374 551 550 503 
380 551 498 552 550 
381 550 552 461 532 
382 503 550 532 90 
383 90 554 553 537 
384 554 532 555 553 
385 535 558 557 548 
386 558 537 559 557 
387 557 559 466 560 
388 43 463 561 439 
389 463 339 562 561 
390 561 562 435 563 
391 439 561 563 134 
392 342 534 564 513 
393 534 460 565 564 
394 564 565 463 566 
395 513 564 566 43 
396 567 568 534 569 
397 544 567 569 342 
398 538 560 570 571 
399 560 466 572 570 
400 570 572 544 573 
401 571 570 573 543 
402 548 576 574 575 
403 576 557 577 574 
404 574 577 560 578 
405 575 574 578 538 
406 537 580 579 559 
407 580 553 581 579 
408 579 581 556 582 
409 559 579 582 466 
410 42 584 583 86 
411 584 80 585 583 
412 583 585 83 586 
413 86 583 586 27 
414 84 588 587 338 
415 588 86 589 587 
416 587 589 27 590 
417 338 587 590 87 
418 592 338 593 591 
419 591 593 87 594 
420 532 600 599 555 
421 600 461 601 599 
422 553 604 603 581 
423 604 555 605 603 
424 581 603 606 556 
425 607 608 460 609 
426 568 607 609 534 
427 555 611 610 605 
428 611 599 612 610 
429 610 612 602 613 
430 605 610 613 531 
431 556 606 614 615 
432 606 531 616 614 
433 614 616 568 617 
434 615 614 617 567 
435 603 620 618 619 
436 620 605 621 618 
437 618 621 531 622 
438 619 618 622 606 
439 460 598 623 565 
440 598 462 624 623 
441 623 624 339 625 
442 565 623 625 463 
443 626 628 598 629 
444 608 626 629 460 
445 602 632 630 631 
446 632 533 633 630 
447 630 633 608 634 
448 631 630 634 607 
449 337 636 635 500 
450 636 84 637 635 
451 635 637 338 592 
452 498 639 638 552 
453 639 500 640 638 
454 638 640 336 596 
455 552 638 596 461 
456 461 642 641 601 
457 642 596 643 641 
458 645 627 646 644 
459 644 646 626 647 
460 633 644 647 608 
461 601 650 648 649 
462 650 641 651 648 
463 648 651 627 645 
464 649 648 645 533 
465 533 654 652 653 
466 654 645 655 652 
467 652 655 644 656 
468 653 652 656 633 
469 658 592 659 657 
470 657 659 591 660 
471 661 663 462 664 
472 628 661 664 598 
473 627 666 665 646 
474 666 595 667 665 
475 665 667 628 668 
476 646 665 668 626 
477 596 670 669 643 
478 670 336 671 669 
479 595 673 672 667 
480 673 662 674 672 
481 672 674 661 675 
482 667 672 675 628 
483 27 586 676 131 
484 586 83 677 676 
485 676 677 127 678 
486 131 676 678 53 
487 87 590 679 436 
488 590 27 680 679 
489 679 680 131 681 
490 436 679 681 130 
491 339 594 682 562 
492 594 87 683 682 
493 682 683 436 684 
494 562 682 684 435 
495 462 660 685 624 
496 660 591 686 685 
497 685 686 594 687 
498 624 685 687 339 
499 597 689 688 663 
500 689 657 690 688 
501 688 690 660 691 
502 663 688 691 462 
503 693 597 694 692 
504 692 694 663 695 
505 674 692 695 661 
506 500 697 696 640 
507 697 635 698 696 
508 696 698 592 658 
509 640 696 658 336 
510 336 700 699 671 
511 700 658 701 699 
512 699 701 657 689 
513 671 699 689 597 
514 669 704 702 703 
515 704 671 705 702 
516 702 705 597 693 
517 703 702 693 662 
518 662 708 706 707 
519 708 693 709 706 
520 706 709 692 710 
521 707 706 710 674 
522 12 712 711 107 
523 712 2 713 711 
524 711 713 13 77 
525 107 711 77 10 
526 1 716 714 715 
527 716 17 216 714 
528 714 216 15 181 
529 715 714 181 16 
530 25 718 717 111 
531 718 10 719 717 
532 717 719 26 81 
533 111 717 81 23 
534 15 722 720 721 
535 722 33 219 720 
536 720 219 31 185 
537 721 720 185 32 
538 31 725 723 724 
539 725 49 222 723 
540 723 222 47 189 
541 724 723 189 48 
542 56 728 726 727 
543 728 73 121 726 
544 726 121 71 151 
545 727 726 151 72 
546 23 730 729 494 
547 730 81 731 729 
548 729 731 80 584 
549 494 729 584 42 
550 85 733 732 497 
551 733 42 734 732 
552 732 734 86 588 
553 497 732 588 84 
554 5 152 735 736 
555 152 75 287 735 
556 735 287 95 737 
557 736 735 737 96 
558 100 156 738 739 
559 156 99 291 738 
560 738 291 103 740 
561 739 738 740 75 
562 121 743 741 742 
563 743 120 164 741 
564 741 164 101 155 
565 742 741 155 71 
566 141 171 744 745 
567 171 140 295 744 
568 744 295 144 746 
569 745 744 746 99 
570 147 748 747 230 
571 748 56 727 747 
572 747 727 72 177 
573 230 747 177 145 
574 148 178 749 750 
575 178 5 736 749 
576 749 736 96 751 
577 750 749 751 172 
578 189 754 752 753 
579 754 47 245 752 
580 752 245 64 238 
581 753 752 238 187 
582 190 239 755 756 
583 239 50 209 755 
584 755 209 93 757 
585 756 755 757 205 
586 247 759 758 261 
587 759 228 760 758 
588 758 760 146 263 
589 261 758 263 213 
590 255 763 761 762 
591 763 248 259 761 
592 761 259 191 272 
593 762 761 272 242 
594 140 302 764 765 
595 302 285 324 764 
596 764 324 294 766 
597 765 764 766 295 
598 143 335 767 325 
599 335 309 364 767 
600 767 364 320 768 
601 325 767 768 296 
602 278 362 769 365 
603 362 351 770 769 
604 769 770 356 771 
605 365 769 771 321 
606 351 385 772 770 
607 385 280 397 772 
608 772 397 357 773 
609 770 772 773 356 
610 381 416 774 398 
611 416 344 775 774 
612 774 775 390 776 
613 398 774 776 389 
614 344 423 777 775 
615 423 412 448 777 
616 777 448 417 778 
617 775 777 778 390 
618 346 459 779 449 
619 459 430 484 779 
620 779 484 444 780 
621 449 779 780 418 
622 405 482 781 485 
623 482 471 782 781 
624 781 782 476 783 
625 485 781 783 445 
626 471 511 784 782 
627 511 407 523 784 
628 784 523 477 785 
629 782 784 785 476 
630 507 542 786 524 
631 542 464 787 786 
632 786 787 516 788 
633 524 786 788 515 
634 464 549 789 787 
635 549 538 571 789 
636 789 571 543 790 
637 787 789 790 516 
638 466 582 791 572 
639 582 556 615 791 
640 791 615 567 792 
641 572 791 792 544 
642 599 794 793 612 
643 794 601 649 793 
644 793 649 533 632 
645 612 793 632 602 
646 531 613 795 616 
647 613 602 631 795 
648 795 631 607 796 
649 616 795 796 568 
650 641 798 797 651 
651 798 643 799 797 
652 797 799 595 666 
653 651 797 666 627 
654 643 801 800 799 
655 801 669 703 800 
656 800 703 662 673 
657 799 800 673 595 
658 66 198 802 803 
659 198 148 750 802 
660 802 750 172 804 
661 803 802 804 173 
662 194 214 805 806 
663 214 66 803 805 
664 805 803 173 807 
665 806 805 807 208 
666 228 809 808 760 
667 809 227 810 808 
668 808 810 197 233 
669 760 808 233 146 
670 50 243 811 812 
671 243 194 806 811 
672 811 806 208 813 
673 812 811 813 209 
