2 0.000000 100.000000 150.000000
854 712 
1 -50.121888 0.000000 -55.677985 99.939083 0.000000 3.489950 0.002442 
2 72.906265 0.000000 -55.677985 99.939083 0.000000 3.489950 0.002442 
3 72.906265 0.000000 59.346946 99.939083 0.000000 3.489950 0.002442 
4 -50.121888 0.000000 59.346946 99.939083 0.000000 3.489950 0.002442 
5 11.392189 0.000000 1.834480 100.569984 0.000000 1.979741 -0.010919 
6 -50.121888 0.000000 1.834480 99.939083 0.000000 3.489950 0.002442 
7 11.392189 0.000000 -55.677985 99.939083 0.000000 3.489950 0.002442 
8 72.906265 0.000000 1.834480 99.968366 0.000000 2.663356 0.001344 
9 11.392189 0.000000 59.346946 99.939083 0.000000 3.489950 0.002442 
10 42.149227 0.000000 -26.921753 99.939083 0.000000 3.489950 0.002442 
11 11.392189 0.000000 -26.921753 99.939083 0.000000 3.489950 0.002442 
12 42.149227 0.000000 -55.677985 99.939083 0.000000 3.489950 0.002442 
13 72.906265 0.000000 -26.921753 99.984266 0.000000 3.504810 0.001545 
14 42.149227 0.000000 1.834480 99.966030 0.000000 2.650674 0.001384 
15 -19.364850 0.000000 -26.921753 99.939083 0.000000 3.489950 0.002442 
16 -50.121888 0.000000 -26.921753 99.939083 0.000000 3.489950 0.002442 
17 -19.364850 0.000000 -55.677985 99.939083 0.000000 3.489950 0.002442 
18 -19.364850 0.000000 1.834480 99.939083 0.000000 3.489950 0.002442 
19 42.149227 0.000000 30.590713 99.939083 0.000000 3.489950 0.002442 
20 11.392189 0.000000 30.590713 99.939083 0.000000 3.489950 0.002442 
21 72.906265 0.000000 30.590713 100.026625 0.000000 3.291920 0.000551 
22 42.149227 0.000000 59.346946 99.939083 0.000000 3.489950 0.002442 
23 26.770708 0.000000 -12.543636 99.939083 0.000000 3.489950 0.002442 
24 11.392189 0.000000 -12.543636 99.939083 0.000000 3.489950 0.002442 
25 26.770708 0.000000 -26.921753 99.939083 0.000000 3.489950 0.002442 
26 42.149227 0.000000 -12.543636 100.040559 0.000000 3.432561 0.000367 
27 26.770708 0.000000 1.834480 99.907493 0.000000 2.592463 0.002528 
28 -19.364850 0.000000 30.590713 99.939083 0.000000 3.489950 0.002442 
29 -50.121888 0.000000 30.590713 99.939083 0.000000 3.489950 0.002442 
30 -19.364850 0.000000 59.346946 99.939083 0.000000 3.489950 0.002442 
31 -3.986330 0.000000 -12.543636 99.939083 0.000000 3.489950 0.002442 
32 -19.364850 0.000000 -12.543636 99.939083 0.000000 3.489950 0.002442 
33 -3.986330 0.000000 -26.921753 99.939083 0.000000 3.489950 0.002442 
34 -3.986330 0.000000 1.834480 99.939083 0.000000 3.489950 0.002442 
35 26.770708 0.000000 16.212597 99.939083 0.000000 3.489950 0.002442 
36 11.392189 0.000000 16.212597 99.939083 0.000000 3.489950 0.002442 
37 42.149227 0.000000 16.212597 100.098928 0.000000 3.118492 -0.001006 
38 26.770708 0.000000 30.590713 99.939083 0.000000 3.489950 0.002442 
39 19.081448 0.000000 -5.354578 99.746177 0.000000 3.068340 0.006048 
40 11.392189 0.000000 -5.354578 99.939083 0.000000 3.489950 0.002442 
41 19.081448 0.000000 -12.543636 99.939083 0.000000 3.489950 0.002442 
42 26.770708 0.000000 -5.354578 99.882957 0.000000 3.108243 0.003317 
43 19.081448 0.000000 1.834480 100.006077 0.000000 3.526682 0.001123 
44 -3.986330 0.000000 16.212597 99.939083 0.000000 3.489950 0.002442 
45 -19.364850 0.000000 16.212597 99.939083 0.000000 3.489950 0.002442 
46 -3.986330 0.000000 30.590713 99.939083 0.000000 3.489950 0.002442 
47 3.702929 0.000000 -5.354578 99.939083 0.000000 3.489950 0.002442 
48 -3.986330 0.000000 -5.354578 99.939083 0.000000 3.489950 0.002442 
49 3.702929 0.000000 -12.543636 99.939083 0.000000 3.489950 0.002442 
50 3.702929 0.000000 1.834480 99.939083 0.000000 3.489950 0.002442 
51 19.081448 0.000000 9.023539 99.939083 0.000000 3.489950 0.002442 
52 11.392189 0.000000 9.023539 99.939083 0.000000 3.489950 0.002442 
53 26.770708 0.000000 9.023539 100.160223 0.000000 2.941171 -0.002336 
54 19.081448 0.000000 16.212597 99.939083 0.000000 3.489950 0.002442 
55 15.236819 0.000000 -1.760049 99.722844 0.000000 2.749593 0.006331 
56 11.392189 0.000000 -1.760049 99.676816 0.000000 2.877217 0.007334 
57 15.236819 0.000000 -5.354578 99.939083 0.000000 3.489950 0.002442 
58 19.081448 0.000000 -1.760049 99.929543 0.000000 3.156685 0.002411 
59 15.236819 0.000000 1.834480 100.091366 0.000000 2.855137 -0.001012 
60 3.702929 0.000000 9.023539 99.939083 0.000000 3.489950 0.002442 
61 -3.986330 0.000000 9.023539 99.939083 0.000000 3.489950 0.002442 
62 3.702929 0.000000 16.212597 99.939083 0.000000 3.489950 0.002442 
63 7.547559 0.000000 -1.760049 99.939083 0.000000 3.489950 0.002442 
64 3.702929 0.000000 -1.760049 99.939083 0.000000 3.489950 0.002442 
65 7.547559 0.000000 -5.354578 99.939083 0.000000 3.489950 0.002442 
66 7.547559 0.000000 1.834480 99.939083 0.000000 3.489950 0.002442 
67 15.236819 0.000000 5.429010 99.939083 0.000000 3.489950 0.002442 
68 11.392189 0.000000 5.429010 99.939083 0.000000 3.489950 0.002442 
69 19.081448 0.000000 5.429010 100.198326 0.000000 2.884155 -0.003129 
70 15.236819 0.000000 9.023539 99.939083 0.000000 3.489950 0.002442 
71 13.314504 0.000000 0.037216 99.957750 0.000000 0.000000 0.000846 
72 11.392189 0.000000 0.037216 99.939083 0.000000 0.000000 0.001219 
73 13.314504 0.000000 -1.760049 99.613138 0.000000 2.627135 0.008483 
74 15.236819 0.000000 0.037216 100.169827 0.000000 3.812556 -0.001942 
75 13.314504 0.000000 1.834480 100.339739 0.000000 2.319585 -0.006229 
76 57.527746 0.000000 -12.543636 99.977745 0.000000 3.353240 0.001572 
77 57.527746 0.000000 -26.921753 99.939083 0.000000 3.489950 0.002442 
78 72.906265 0.000000 -12.543636 99.956604 0.000000 3.328895 0.001980 
79 57.527746 0.000000 1.834480 99.962944 0.000000 2.811633 0.001534 
80 34.459968 0.000000 -5.354578 100.084589 0.000000 3.057160 -0.000757 
81 34.459968 0.000000 -12.543636 99.809855 0.000000 3.213489 0.004855 
82 42.149227 0.000000 -5.354578 100.001918 0.000000 2.944220 0.000829 
83 34.459968 0.000000 1.834480 99.962518 0.000000 2.534769 0.001394 
84 22.926078 0.000000 -1.760049 99.905995 0.000000 3.134823 0.002870 
85 22.926078 0.000000 -5.354578 99.796105 0.000000 3.065062 0.005038 
86 26.770708 0.000000 -1.760049 100.152460 0.000000 2.622024 -0.002358 
87 22.926078 0.000000 1.834480 99.915836 0.000000 3.235129 0.002737 
88 17.159133 0.000000 0.037216 100.018635 0.000000 3.708338 0.001003 
89 17.159133 0.000000 -1.760049 99.847561 0.000000 2.954271 0.003935 
90 19.081448 0.000000 0.037216 99.912971 0.000000 4.057041 0.003397 
91 17.159133 0.000000 1.834480 99.836145 0.000000 3.553173 0.004558 
92 7.547559 0.000000 5.429010 99.939083 0.000000 3.489950 0.002442 
93 3.702929 0.000000 5.429010 99.939083 0.000000 3.489950 0.002442 
94 7.547559 0.000000 9.023539 99.939083 0.000000 3.489950 0.002442 
95 13.314504 0.000000 3.631745 100.204205 0.000000 2.916178 -0.003227 
96 11.392189 0.000000 3.631745 99.939083 0.000000 3.489950 0.002442 
97 15.236819 0.000000 3.631745 100.296701 0.000000 2.640919 -0.005218 
98 13.314504 0.000000 5.429010 99.939083 0.000000 3.489950 0.002442 
99 14.275661 0.000000 0.935848 100.012097 0.000000 3.022870 0.000672 
100 13.314504 0.000000 0.935848 99.939083 0.000000 0.000000 0.001219 
101 14.275661 0.000000 0.037216 99.890093 0.000000 3.115245 0.003177 
102 15.236819 0.000000 0.935848 99.876218 0.000000 3.732803 0.003882 
103 14.275661 0.000000 1.834480 100.200619 0.000000 2.547391 -0.003356 
104 26.770708 0.000000 -41.299869 99.939083 0.000000 3.489950 0.002442 
105 11.392189 0.000000 -41.299869 99.939083 0.000000 3.489950 0.002442 
106 26.770708 0.000000 -55.677985 99.939083 0.000000 3.489950 0.002442 
107 42.149227 0.000000 -41.299869 99.939083 0.000000 3.489950 0.002442 
108 19.081448 0.000000 -19.732694 99.939083 0.000000 3.489950 0.002442 
109 11.392189 0.000000 -19.732694 99.939083 0.000000 3.489950 0.002442 
110 19.081448 0.000000 -26.921753 99.939083 0.000000 3.489950 0.002442 
111 26.770708 0.000000 -19.732694 99.939083 0.000000 3.489950 0.002442 
112 15.236819 0.000000 -8.949107 99.939083 0.000000 3.489950 0.002442 
113 11.392189 0.000000 -8.949107 99.939083 0.000000 3.489950 0.002442 
114 15.236819 0.000000 -12.543636 99.939083 0.000000 3.489950 0.002442 
115 19.081448 0.000000 -8.949107 99.939083 0.000000 3.489950 0.002442 
116 13.314504 0.000000 -3.557313 99.939083 0.000000 3.489950 0.002442 
117 11.392189 0.000000 -3.557313 99.939083 0.000000 3.489950 0.002442 
118 13.314504 0.000000 -5.354578 99.939083 0.000000 3.489950 0.002442 
119 15.236819 0.000000 -3.557313 99.663468 0.000000 2.886332 0.007610 
120 14.275661 0.000000 -0.861416 99.796213 0.000000 2.727830 0.004839 
121 13.314504 0.000000 -0.861416 99.703703 0.000000 2.608490 0.006641 
122 14.275661 0.000000 -1.760049 99.655327 0.000000 2.670103 0.007652 
123 15.236819 0.000000 -0.861416 99.829245 0.000000 2.868219 0.004253 
124 57.527746 0.000000 16.212597 99.900723 0.000000 3.356378 0.003121 
125 72.906265 0.000000 16.212597 99.934077 0.000000 3.284116 0.002402 
126 57.527746 0.000000 30.590713 99.939083 0.000000 3.489950 0.002442 
127 34.459968 0.000000 9.023539 99.816961 0.000000 3.170069 0.004684 
128 42.149227 0.000000 9.023539 99.892707 0.000000 2.986223 0.003046 
129 34.459968 0.000000 16.212597 99.939083 0.000000 3.489950 0.002442 
130 22.926078 0.000000 5.429010 100.042341 0.000000 2.652163 -0.000144 
131 26.770708 0.000000 5.429010 99.958618 0.000000 2.742824 0.001582 
132 22.926078 0.000000 9.023539 99.939083 0.000000 3.489950 0.002442 
133 17.159133 0.000000 3.631745 100.191888 0.000000 2.763810 -0.003068 
134 19.081448 0.000000 3.631745 99.939600 0.000000 2.947812 0.002081 
135 17.159133 0.000000 5.429010 100.113812 0.000000 3.112579 -0.001307 
136 16.197976 0.000000 0.935848 99.960176 0.000000 3.671866 0.002149 
137 16.197976 0.000000 0.037216 100.059731 0.000000 3.552492 0.000067 
138 17.159133 0.000000 0.935848 100.047528 0.000000 3.809277 0.000501 
139 16.197976 0.000000 1.834480 99.989088 0.000000 3.279297 0.001295 
140 14.756240 0.000000 0.486532 100.012484 0.000000 0.000000 -0.000250 
141 14.275661 0.000000 0.486532 99.999975 0.000000 0.000000 0.000001 
142 14.756240 0.000000 0.037216 100.013059 0.000000 0.000000 -0.000261 
143 15.236819 0.000000 0.486532 100.071512 0.000000 3.758675 -0.000018 
144 14.756240 0.000000 0.935848 99.968615 0.000000 3.557431 0.001897 
145 9.469874 0.000000 0.037216 99.939083 0.000000 0.000000 0.001219 
146 7.547559 0.000000 0.037216 99.939083 0.000000 0.000000 0.001219 
147 9.469874 0.000000 -1.760049 99.939083 0.000000 3.489950 0.002442 
148 9.469874 0.000000 1.834480 100.186012 0.000000 2.903451 -0.002872 
149 12.353346 0.000000 0.935848 99.939083 0.000000 0.000000 0.001219 
150 11.392189 0.000000 0.935848 99.939083 0.000000 0.000000 0.001219 
151 12.353346 0.000000 0.037216 99.939083 0.000000 0.000000 0.001219 
152 12.353346 0.000000 1.834480 100.449367 0.000000 2.148489 -0.008473 
153 13.795082 0.000000 0.486532 99.961115 0.000000 0.000000 0.000778 
154 13.314504 0.000000 0.486532 99.947057 0.000000 0.000000 0.001060 
155 13.795082 0.000000 0.037216 99.942169 0.000000 2.999180 0.002060 
156 13.795082 0.000000 0.935848 100.047508 0.000000 2.794112 -0.000170 
157 17.159133 0.000000 -3.557313 99.697298 0.000000 2.882164 0.006923 
158 17.159133 0.000000 -5.354578 99.939083 0.000000 3.489950 0.002442 
159 19.081448 0.000000 -3.557313 99.763927 0.000000 2.946646 0.005615 
160 16.197976 0.000000 -0.861416 99.971192 0.000000 3.263169 0.001644 
161 16.197976 0.000000 -1.760049 99.788583 0.000000 2.849170 0.005061 
162 17.159133 0.000000 -0.861416 100.010733 0.000000 3.374175 0.000925 
163 14.756240 0.000000 -0.412100 99.888177 0.000000 3.051093 0.003176 
164 14.275661 0.000000 -0.412100 99.819823 0.000000 2.789461 0.004398 
165 14.756240 0.000000 -0.861416 99.802679 0.000000 2.803893 0.004751 
166 15.236819 0.000000 -0.412100 99.931667 0.000000 3.158926 0.002370 
167 14.515950 0.000000 0.261874 100.005517 0.000000 0.000000 -0.000110 
168 14.275661 0.000000 0.261874 99.999216 0.000000 0.000000 0.000016 
169 14.515950 0.000000 0.037216 100.028160 0.000000 3.498712 0.000661 
170 14.756240 0.000000 0.261874 100.012360 0.000000 0.000000 -0.000247 
171 14.515950 0.000000 0.486532 100.005816 0.000000 0.000000 -0.000116 
172 9.469874 0.000000 3.631745 99.939083 0.000000 3.489950 0.002442 
173 7.547559 0.000000 3.631745 99.939083 0.000000 3.489950 0.002442 
174 9.469874 0.000000 5.429010 99.939083 0.000000 3.489950 0.002442 
175 10.431031 0.000000 0.935848 99.939083 0.000000 0.000000 0.001219 
176 9.469874 0.000000 0.935848 99.939083 0.000000 0.000000 0.001219 
177 10.431031 0.000000 0.037216 99.939083 0.000000 0.000000 0.001219 
178 10.431031 0.000000 1.834480 100.292466 0.000000 2.601581 -0.005154 
179 -34.743369 0.000000 -12.543636 99.939083 0.000000 3.489950 0.002442 
180 -50.121888 0.000000 -12.543636 99.939083 0.000000 3.489950 0.002442 
181 -34.743369 0.000000 -26.921753 99.939083 0.000000 3.489950 0.002442 
182 -34.743369 0.000000 1.834480 99.939083 0.000000 3.489950 0.002442 
183 -11.675590 0.000000 -5.354578 99.939083 0.000000 3.489950 0.002442 
184 -19.364850 0.000000 -5.354578 99.939083 0.000000 3.489950 0.002442 
185 -11.675590 0.000000 -12.543636 99.939083 0.000000 3.489950 0.002442 
186 -11.675590 0.000000 1.834480 99.939083 0.000000 3.489950 0.002442 
187 -0.141701 0.000000 -1.760049 99.939083 0.000000 3.489950 0.002442 
188 -3.986330 0.000000 -1.760049 99.939083 0.000000 3.489950 0.002442 
189 -0.141701 0.000000 -5.354578 99.939083 0.000000 3.489950 0.002442 
190 -0.141701 0.000000 1.834480 99.939083 0.000000 3.489950 0.002442 
191 5.625244 0.000000 0.037216 99.939083 0.000000 3.489950 0.002442 
192 3.702929 0.000000 0.037216 99.939083 0.000000 3.489950 0.002442 
193 5.625244 0.000000 -1.760049 99.939083 0.000000 3.489950 0.002442 
194 5.625244 0.000000 1.834480 99.939083 0.000000 3.489950 0.002442 
195 8.508716 0.000000 0.935848 99.939083 0.000000 0.000000 0.001219 
196 7.547559 0.000000 0.935848 99.939083 0.000000 0.000000 0.001219 
197 8.508716 0.000000 0.037216 99.939083 0.000000 0.000000 0.001219 
198 8.508716 0.000000 1.834480 99.939083 0.000000 3.489950 0.002442 
199 -34.743369 0.000000 16.212597 99.939083 0.000000 3.489950 0.002442 
200 -50.121888 0.000000 16.212597 99.939083 0.000000 3.489950 0.002442 
201 -34.743369 0.000000 30.590713 99.939083 0.000000 3.489950 0.002442 
202 -11.675590 0.000000 9.023539 99.939083 0.000000 3.489950 0.002442 
203 -19.364850 0.000000 9.023539 99.939083 0.000000 3.489950 0.002442 
204 -11.675590 0.000000 16.212597 99.939083 0.000000 3.489950 0.002442 
205 -0.141701 0.000000 5.429010 99.939083 0.000000 3.489950 0.002442 
206 -3.986330 0.000000 5.429010 99.939083 0.000000 3.489950 0.002442 
207 -0.141701 0.000000 9.023539 99.939083 0.000000 3.489950 0.002442 
208 5.625244 0.000000 3.631745 99.939083 0.000000 3.489950 0.002442 
209 3.702929 0.000000 3.631745 99.939083 0.000000 3.489950 0.002442 
210 5.625244 0.000000 5.429010 99.939083 0.000000 3.489950 0.002442 
211 6.586402 0.000000 0.935848 99.939083 0.000000 3.489950 0.002442 
212 5.625244 0.000000 0.935848 99.939083 0.000000 3.489950 0.002442 
213 6.586402 0.000000 0.037216 99.939083 0.000000 0.000000 0.001219 
214 6.586402 0.000000 1.834480 99.939083 0.000000 3.489950 0.002442 
215 -3.986330 0.000000 -41.299869 99.939083 0.000000 3.489950 0.002442 
216 -19.364850 0.000000 -41.299869 99.939083 0.000000 3.489950 0.002442 
217 -3.986330 0.000000 -55.677985 99.939083 0.000000 3.489950 0.002442 
218 3.702929 0.000000 -19.732694 99.939083 0.000000 3.489950 0.002442 
219 -3.986330 0.000000 -19.732694 99.939083 0.000000 3.489950 0.002442 
220 3.702929 0.000000 -26.921753 99.939083 0.000000 3.489950 0.002442 
221 7.547559 0.000000 -8.949107 99.939083 0.000000 3.489950 0.002442 
222 3.702929 0.000000 -8.949107 99.939083 0.000000 3.489950 0.002442 
223 7.547559 0.000000 -12.543636 99.939083 0.000000 3.489950 0.002442 
224 9.469874 0.000000 -3.557313 99.939083 0.000000 3.489950 0.002442 
225 7.547559 0.000000 -3.557313 99.939083 0.000000 3.489950 0.002442 
226 9.469874 0.000000 -5.354578 99.939083 0.000000 3.489950 0.002442 
227 8.508716 0.000000 -0.861416 99.815949 0.000000 3.225622 0.004740 
228 7.547559 0.000000 -0.861416 99.939083 0.000000 3.489950 0.002442 
229 8.508716 0.000000 -1.760049 99.939083 0.000000 3.489950 0.002442 
230 9.469874 0.000000 -0.861416 99.588186 0.000000 2.632271 0.008992 
231 8.028138 0.000000 0.486532 99.939083 0.000000 0.000000 0.001219 
232 7.547559 0.000000 0.486532 99.939083 0.000000 0.000000 0.001219 
233 8.028138 0.000000 0.037216 99.939083 0.000000 0.000000 0.001219 
234 8.508716 0.000000 0.486532 99.939083 0.000000 0.000000 0.001219 
235 8.028138 0.000000 0.935848 100.314795 0.000000 2.391284 -0.005701 
236 1.780614 0.000000 0.037216 99.939083 0.000000 3.489950 0.002442 
237 -0.141701 0.000000 0.037216 99.939083 0.000000 3.489950 0.002442 
238 1.780614 0.000000 -1.760049 99.939083 0.000000 3.489950 0.002442 
239 1.780614 0.000000 1.834480 99.939083 0.000000 3.489950 0.002442 
240 4.664087 0.000000 0.935848 99.939083 0.000000 3.489950 0.002442 
241 3.702929 0.000000 0.935848 99.939083 0.000000 3.489950 0.002442 
242 4.664087 0.000000 0.037216 99.939083 0.000000 3.489950 0.002442 
243 4.664087 0.000000 1.834480 99.939083 0.000000 3.489950 0.002442 
244 5.625244 0.000000 -3.557313 99.939083 0.000000 3.489950 0.002442 
245 3.702929 0.000000 -3.557313 99.939083 0.000000 3.489950 0.002442 
246 5.625244 0.000000 -5.354578 99.939083 0.000000 3.489950 0.002442 
247 6.586402 0.000000 -0.861416 99.939083 0.000000 3.489950 0.002442 
248 5.625244 0.000000 -0.861416 99.939083 0.000000 3.489950 0.002442 
249 6.586402 0.000000 -1.760049 99.939083 0.000000 3.489950 0.002442 
250 6.105823 0.000000 0.486532 99.939083 0.000000 0.000000 0.001219 
251 5.625244 0.000000 0.486532 99.939083 0.000000 3.489950 0.002442 
252 6.105823 0.000000 0.037216 99.939083 0.000000 0.000000 0.001219 
253 6.586402 0.000000 0.486532 99.939083 0.000000 0.000000 0.001219 
254 6.105823 0.000000 0.935848 99.939083 0.000000 3.489950 0.002442 
255 4.664087 0.000000 -0.861416 99.939083 0.000000 3.489950 0.002442 
256 3.702929 0.000000 -0.861416 99.939083 0.000000 3.489950 0.002442 
257 4.664087 0.000000 -1.760049 99.939083 0.000000 3.489950 0.002442 
258 6.105823 0.000000 -0.412100 99.939083 0.000000 3.489950 0.002442 
259 5.625244 0.000000 -0.412100 99.939083 0.000000 3.489950 0.002442 
260 6.105823 0.000000 -0.861416 99.939083 0.000000 3.489950 0.002442 
261 6.586402 0.000000 -0.412100 99.939083 0.000000 3.489950 0.002442 
262 7.066980 0.000000 0.486532 99.939083 0.000000 0.000000 0.001219 
263 7.066980 0.000000 0.037216 99.939083 0.000000 0.000000 0.001219 
264 7.066980 0.000000 0.935848 100.117502 0.000000 3.067768 -0.001408 
265 6.346112 0.000000 0.261874 99.939083 0.000000 0.000000 0.001219 
266 6.105823 0.000000 0.261874 99.939083 0.000000 0.000000 0.001219 
267 6.346112 0.000000 0.037216 99.939083 0.000000 0.000000 0.001219 
268 6.586402 0.000000 0.261874 99.939083 0.000000 0.000000 0.001219 
269 6.346112 0.000000 0.486532 99.939083 0.000000 0.000000 0.001219 
270 5.144665 0.000000 0.486532 99.939083 0.000000 3.489950 0.002442 
271 4.664087 0.000000 0.486532 99.939083 0.000000 3.489950 0.002442 
272 5.144665 0.000000 0.037216 99.939083 0.000000 3.489950 0.002442 
273 5.144665 0.000000 0.935848 99.939083 0.000000 3.489950 0.002442 
274 5.865533 0.000000 0.261874 99.939083 0.000000 3.489950 0.002442 
275 5.625244 0.000000 0.261874 99.939083 0.000000 3.489950 0.002442 
276 5.865533 0.000000 0.037216 99.939083 0.000000 3.489950 0.002442 
277 5.865533 0.000000 0.486532 99.939083 0.000000 3.489950 0.002442 
278 15.717397 0.000000 0.486532 100.062292 0.000000 3.689677 0.000115 
279 15.717397 0.000000 0.037216 100.120204 0.000000 3.648816 -0.001073 
280 16.197976 0.000000 0.486532 100.087106 0.000000 3.709306 -0.000367 
281 15.717397 0.000000 0.935848 99.927404 0.000000 3.714800 0.002839 
282 14.996529 0.000000 0.261874 100.013059 0.000000 0.000000 -0.000261 
283 14.996529 0.000000 0.037216 100.097252 0.000000 3.570221 -0.000671 
284 15.236819 0.000000 0.261874 100.086834 0.000000 3.638559 -0.000413 
285 14.996529 0.000000 0.486532 100.013059 0.000000 0.000000 -0.000261 
286 14.275661 0.000000 2.733113 100.338704 0.000000 2.475072 -0.006135 
287 13.314504 0.000000 2.733113 100.376700 0.000000 2.432339 -0.006908 
288 15.236819 0.000000 2.733113 100.252135 0.000000 2.597817 -0.004355 
289 14.275661 0.000000 3.631745 100.177179 0.000000 2.931873 -0.002680 
290 14.756240 0.000000 1.385164 100.087397 0.000000 2.952370 -0.000876 
291 14.275661 0.000000 1.385164 100.111799 0.000000 2.711370 -0.001500 
292 15.236819 0.000000 1.385164 100.058267 0.000000 3.200460 -0.000141 
293 14.756240 0.000000 1.834480 100.083166 0.000000 2.776861 -0.000892 
294 14.996529 0.000000 0.711190 99.980561 0.000000 3.640490 0.001717 
295 14.756240 0.000000 0.711190 100.011603 0.000000 0.000000 -0.000232 
296 15.236819 0.000000 0.711190 99.909482 0.000000 3.713477 0.003199 
297 14.996529 0.000000 0.935848 99.978920 0.000000 3.446223 0.001612 
298 14.876385 0.000000 0.374203 100.012409 0.000000 0.000000 -0.000248 
299 14.756240 0.000000 0.374203 100.012678 0.000000 0.000000 -0.000254 
300 14.876385 0.000000 0.261874 100.011763 0.000000 0.000000 -0.000235 
301 14.996529 0.000000 0.374203 100.013059 0.000000 0.000000 -0.000261 
302 14.876385 0.000000 0.486532 100.011791 0.000000 0.000000 -0.000236 
303 15.717397 0.000000 -0.412100 100.010665 0.000000 3.249070 0.000843 
304 15.717397 0.000000 -0.861416 99.879197 0.000000 3.017655 0.003336 
305 16.197976 0.000000 -0.412100 100.107521 0.000000 3.547329 -0.000892 
306 15.477108 0.000000 0.261874 100.102834 0.000000 3.643340 -0.000730 
307 15.477108 0.000000 0.037216 100.252460 0.000000 3.869836 -0.003545 
308 15.717397 0.000000 0.261874 100.072535 0.000000 3.638155 -0.000128 
309 15.477108 0.000000 0.486532 100.062349 0.000000 3.684657 0.000110 
310 15.116674 0.000000 0.374203 100.013059 0.000000 0.000000 -0.000261 
311 15.116674 0.000000 0.261874 100.116279 0.000000 3.849669 -0.000844 
312 15.236819 0.000000 0.374203 100.038067 0.000000 3.613169 0.000544 
313 15.116674 0.000000 0.486532 99.977284 0.000000 3.780504 0.001887 
314 16.197976 0.000000 2.733113 100.159206 0.000000 2.744914 -0.002427 
315 17.159133 0.000000 2.733113 100.031428 0.000000 2.997071 0.000270 
316 16.197976 0.000000 3.631745 100.265886 0.000000 2.667819 -0.004592 
317 15.717397 0.000000 1.385164 99.936269 0.000000 3.496113 0.002503 
318 16.197976 0.000000 1.385164 99.880108 0.000000 3.599217 0.003705 
319 15.717397 0.000000 1.834480 100.003433 0.000000 3.050116 0.000862 
320 15.477108 0.000000 0.711190 99.958729 0.000000 3.838853 0.002304 
321 15.717397 0.000000 0.711190 99.977585 0.000000 3.690585 0.001814 
322 15.477108 0.000000 0.935848 99.981526 0.000000 3.666906 0.001717 
323 15.116674 0.000000 0.598861 99.822035 0.000000 4.036483 0.005212 
324 14.996529 0.000000 0.598861 100.013059 0.000000 0.000000 -0.000261 
325 15.236819 0.000000 0.598861 99.927954 0.000000 3.833458 0.002918 
326 15.116674 0.000000 0.711190 99.836501 0.000000 3.899863 0.004811 
327 15.056602 0.000000 0.430368 100.013059 0.000000 0.000000 -0.000261 
328 14.996529 0.000000 0.430368 100.013059 0.000000 0.000000 -0.000261 
329 15.056602 0.000000 0.374203 100.013059 0.000000 0.000000 -0.000261 
330 15.116674 0.000000 0.430368 100.013059 0.000000 0.000000 -0.000261 
331 15.056602 0.000000 0.486532 100.013059 0.000000 0.000000 -0.000261 
332 15.356963 0.000000 0.374203 100.090681 0.000000 3.689772 -0.000453 
333 15.356963 0.000000 0.261874 100.131288 0.000000 3.709968 -0.001250 
334 15.477108 0.000000 0.374203 100.068419 0.000000 3.625411 -0.000054 
335 15.356963 0.000000 0.486532 100.055695 0.000000 3.701262 0.000256 
336 21.003763 0.000000 0.037216 99.900313 0.000000 4.061556 0.003656 
337 21.003763 0.000000 -1.760049 99.851688 0.000000 3.080179 0.003928 
338 22.926078 0.000000 0.037216 99.901174 0.000000 3.795133 0.003428 
339 21.003763 0.000000 1.834480 99.890712 0.000000 3.200176 0.003219 
340 18.120291 0.000000 0.935848 100.130483 0.000000 3.890271 -0.001097 
341 18.120291 0.000000 0.037216 99.952803 0.000000 3.733300 0.002343 
342 19.081448 0.000000 0.935848 99.982421 0.000000 4.163906 0.002090 
343 18.120291 0.000000 1.834480 99.870163 0.000000 3.583819 0.003894 
344 16.678555 0.000000 0.486532 100.060513 0.000000 3.801948 0.000235 
345 16.678555 0.000000 0.037216 100.034546 0.000000 3.712108 0.000687 
346 17.159133 0.000000 0.486532 100.092989 0.000000 3.927903 -0.000318 
347 16.678555 0.000000 0.935848 100.038516 0.000000 3.755918 0.000641 
348 15.957687 0.000000 0.261874 100.059706 0.000000 3.586002 0.000091 
349 15.957687 0.000000 0.037216 100.106051 0.000000 3.611894 -0.000817 
350 16.197976 0.000000 0.261874 100.032306 0.000000 3.589606 0.000643 
351 15.957687 0.000000 0.486532 100.030566 0.000000 3.583949 0.000674 
352 15.597253 0.000000 0.374203 100.073531 0.000000 3.654558 -0.000136 
353 15.597253 0.000000 0.261874 100.098837 0.000000 3.659877 -0.000638 
354 15.717397 0.000000 0.374203 100.080112 0.000000 3.686415 -0.000244 
355 15.597253 0.000000 0.486532 100.049876 0.000000 3.659630 0.000342 
356 15.957687 0.000000 0.711190 99.977606 0.000000 3.593589 0.001742 
357 16.197976 0.000000 0.711190 100.020393 0.000000 3.627899 0.000909 
358 15.957687 0.000000 0.935848 99.910261 0.000000 3.781494 0.003234 
359 15.837542 0.000000 0.374203 100.058925 0.000000 3.645120 0.000150 
360 15.837542 0.000000 0.261874 100.075889 0.000000 3.649930 -0.000186 
361 15.957687 0.000000 0.374203 100.043837 0.000000 3.580220 0.000405 
362 15.837542 0.000000 0.486532 100.039736 0.000000 3.637208 0.000528 
363 15.597253 0.000000 0.598861 100.017369 0.000000 3.686302 0.001012 
364 15.477108 0.000000 0.598861 100.017175 0.000000 3.728148 0.001047 
365 15.717397 0.000000 0.598861 100.038174 0.000000 3.700322 0.000606 
366 15.597253 0.000000 0.711190 99.962487 0.000000 3.747712 0.002159 
367 15.657325 0.000000 0.430368 100.051539 0.000000 3.637915 0.000292 
368 15.597253 0.000000 0.430368 100.062614 0.000000 3.656793 0.000085 
369 15.657325 0.000000 0.374203 100.062073 0.000000 3.633977 0.000079 
370 15.717397 0.000000 0.430368 100.070286 0.000000 3.684517 -0.000049 
371 15.657325 0.000000 0.486532 100.041542 0.000000 3.643918 0.000497 
372 18.120291 0.000000 -0.861416 99.953871 0.000000 3.301697 0.002017 
373 18.120291 0.000000 -1.760049 99.923487 0.000000 3.126926 0.002514 
374 19.081448 0.000000 -0.861416 99.909326 0.000000 3.315830 0.002921 
375 16.678555 0.000000 -0.412100 100.037760 0.000000 3.535145 0.000495 
376 16.678555 0.000000 -0.861416 100.064526 0.000000 3.389604 -0.000142 
377 17.159133 0.000000 -0.412100 99.994322 0.000000 3.545554 0.001373 
378 16.438265 0.000000 0.261874 100.064125 0.000000 3.725819 0.000105 
379 16.438265 0.000000 0.037216 100.055260 0.000000 3.644326 0.000223 
380 16.678555 0.000000 0.261874 100.033942 0.000000 3.748334 0.000727 
381 16.438265 0.000000 0.486532 100.054453 0.000000 3.715804 0.000291 
382 16.077831 0.000000 0.374203 100.033211 0.000000 3.569619 0.000610 
383 16.077831 0.000000 0.261874 100.044601 0.000000 3.571251 0.000383 
384 16.197976 0.000000 0.374203 100.067950 0.000000 3.672991 -0.000010 
385 16.077831 0.000000 0.486532 100.019594 0.000000 3.564046 0.000879 
386 16.678555 0.000000 1.385164 99.805909 0.000000 3.808892 0.005357 
387 17.159133 0.000000 1.385164 99.928773 0.000000 3.658490 0.002770 
388 16.678555 0.000000 1.834480 99.839575 0.000000 3.487681 0.004442 
389 16.438265 0.000000 0.711190 100.042556 0.000000 3.718157 0.000531 
390 16.678555 0.000000 0.711190 100.057423 0.000000 3.769316 0.000272 
391 16.438265 0.000000 0.935848 99.998481 0.000000 3.728310 0.001422 
392 16.318121 0.000000 0.374203 100.076416 0.000000 3.735710 -0.000133 
393 16.318121 0.000000 0.261874 100.053860 0.000000 3.667437 0.000268 
394 16.438265 0.000000 0.374203 100.059836 0.000000 3.726249 0.000191 
395 16.318121 0.000000 0.486532 100.071214 0.000000 3.734320 -0.000030 
396 16.318121 0.000000 0.598861 100.063823 0.000000 3.726909 0.000112 
397 16.197976 0.000000 0.598861 100.076030 0.000000 3.716032 -0.000140 
398 16.438265 0.000000 0.598861 100.049827 0.000000 3.714037 0.000383 
399 16.318121 0.000000 0.711190 100.041116 0.000000 3.713613 0.000557 
400 16.258048 0.000000 0.430368 100.085238 0.000000 3.730115 -0.000314 
401 16.197976 0.000000 0.430368 100.061828 0.000000 3.655130 0.000099 
402 16.258048 0.000000 0.374203 100.088205 0.000000 3.729397 -0.000374 
403 16.318121 0.000000 0.430368 100.073337 0.000000 3.734090 -0.000073 
404 16.258048 0.000000 0.486532 100.081452 0.000000 3.728562 -0.000239 
405 17.639712 0.000000 0.486532 100.046013 0.000000 3.791740 0.000518 
406 17.639712 0.000000 0.037216 100.056221 0.000000 3.948146 0.000434 
407 18.120291 0.000000 0.486532 100.030917 0.000000 3.939394 0.000934 
408 17.639712 0.000000 0.935848 100.063232 0.000000 3.776202 0.000161 
409 16.918844 0.000000 0.261874 100.034562 0.000000 3.779335 0.000738 
410 16.918844 0.000000 0.037216 100.014316 0.000000 3.689479 0.001076 
411 17.159133 0.000000 0.261874 100.053269 0.000000 3.827951 0.000400 
412 16.918844 0.000000 0.486532 100.035280 0.000000 3.771308 0.000717 
413 16.558410 0.000000 0.374203 100.047245 0.000000 3.739230 0.000453 
414 16.558410 0.000000 0.261874 100.047308 0.000000 3.737359 0.000451 
415 16.678555 0.000000 0.374203 100.037078 0.000000 3.755605 0.000669 
416 16.558410 0.000000 0.486532 100.047622 0.000000 3.734146 0.000442 
417 16.918844 0.000000 0.711190 100.035827 0.000000 3.748474 0.000689 
418 17.159133 0.000000 0.711190 100.064185 0.000000 3.874411 0.000217 
419 16.918844 0.000000 0.935848 100.037145 0.000000 3.731296 0.000650 
420 16.798699 0.000000 0.374203 100.045500 0.000000 3.761501 0.000505 
421 16.798699 0.000000 0.261874 100.048333 0.000000 3.786016 0.000467 
422 16.918844 0.000000 0.374203 100.034953 0.000000 3.780127 0.000730 
423 16.798699 0.000000 0.486532 100.043023 0.000000 3.755517 0.000550 
424 17.639712 0.000000 -0.412100 99.973442 0.000000 3.516075 0.001770 
425 17.639712 0.000000 -0.861416 99.989324 0.000000 3.359455 0.001344 
426 18.120291 0.000000 -0.412100 99.953840 0.000000 3.600264 0.002224 
427 17.399423 0.000000 0.261874 100.100930 0.000000 3.988905 -0.000428 
428 17.399423 0.000000 0.037216 100.015720 0.000000 3.820281 0.001146 
429 17.639712 0.000000 0.261874 100.026009 0.000000 3.855474 0.000967 
430 17.399423 0.000000 0.486532 100.113505 0.000000 3.962573 -0.000701 
431 17.038989 0.000000 0.374203 100.035009 0.000000 3.738194 0.000698 
432 17.038989 0.000000 0.261874 100.028967 0.000000 3.730862 0.000813 
433 17.159133 0.000000 0.374203 100.095710 0.000000 3.937045 -0.000365 
434 17.038989 0.000000 0.486532 100.029071 0.000000 3.726628 0.000808 
435 21.003763 0.000000 3.631745 99.809536 0.000000 2.771458 0.004595 
436 22.926078 0.000000 3.631745 99.981632 0.000000 2.560970 0.001024 
437 21.003763 0.000000 5.429010 100.134936 0.000000 2.628363 -0.002006 
438 18.120291 0.000000 2.733113 99.817116 0.000000 3.327832 0.004785 
439 19.081448 0.000000 2.733113 99.717415 0.000000 3.383643 0.006835 
440 18.120291 0.000000 3.631745 100.103776 0.000000 2.849269 -0.001263 
441 17.639712 0.000000 1.385164 99.954020 0.000000 3.632268 0.002244 
442 18.120291 0.000000 1.385164 100.048624 0.000000 3.603861 0.000326 
443 17.639712 0.000000 1.834480 99.796261 0.000000 3.649183 0.005432 
444 17.399423 0.000000 0.711190 100.039980 0.000000 3.854773 0.000687 
445 17.639712 0.000000 0.711190 100.073216 0.000000 3.703177 -0.000093 
446 17.399423 0.000000 0.935848 100.008588 0.000000 3.793479 0.001269 
447 17.038989 0.000000 0.598861 100.025360 0.000000 3.717892 0.000876 
448 16.918844 0.000000 0.598861 100.046259 0.000000 3.782727 0.000506 
449 17.159133 0.000000 0.598861 100.078581 0.000000 3.893861 -0.000056 
450 17.038989 0.000000 0.711190 100.081445 0.000000 3.869659 -0.000132 
451 16.978916 0.000000 0.430368 100.039879 0.000000 3.790385 0.000639 
452 16.918844 0.000000 0.430368 100.034269 0.000000 3.774042 0.000739 
453 16.978916 0.000000 0.374203 100.028121 0.000000 3.763896 0.000855 
454 17.038989 0.000000 0.430368 100.033433 0.000000 3.736577 0.000728 
455 16.978916 0.000000 0.486532 100.040062 0.000000 3.787095 0.000633 
456 20.042606 0.000000 0.935848 99.920532 0.000000 4.156837 0.003328 
457 20.042606 0.000000 0.037216 99.909874 0.000000 4.097320 0.003493 
458 21.003763 0.000000 0.935848 99.882575 0.000000 4.032980 0.003989 
459 20.042606 0.000000 1.834480 99.892274 0.000000 3.332505 0.003275 
460 18.600870 0.000000 0.486532 100.001704 0.000000 4.141021 0.001684 
461 18.600870 0.000000 0.037216 99.959608 0.000000 3.945522 0.002370 
462 19.081448 0.000000 0.486532 99.975113 0.000000 4.283862 0.002338 
463 18.600870 0.000000 0.935848 100.051824 0.000000 4.071284 0.000621 
464 17.880002 0.000000 0.711190 100.120019 0.000000 3.873361 -0.000901 
465 17.880002 0.000000 0.486532 100.097470 0.000000 3.959876 -0.000382 
466 18.120291 0.000000 0.711190 100.061601 0.000000 3.967027 0.000341 
467 17.880002 0.000000 0.935848 100.139647 0.000000 3.862158 -0.001302 
468 17.519568 0.000000 0.598861 100.053723 0.000000 3.722642 0.000311 
469 17.399423 0.000000 0.598861 100.091596 0.000000 3.865804 -0.000338 
470 17.519568 0.000000 0.486532 100.041686 0.000000 3.771949 0.000589 
471 17.639712 0.000000 0.598861 100.058551 0.000000 3.746647 0.000232 
472 17.519568 0.000000 0.711190 100.108312 0.000000 3.889103 -0.000654 
473 17.880002 0.000000 0.261874 99.996408 0.000000 3.803607 0.001521 
474 17.880002 0.000000 0.037216 100.000611 0.000000 3.861593 0.001481 
475 18.120291 0.000000 0.261874 100.009569 0.000000 3.922693 0.001349 
476 17.519568 0.000000 0.374203 100.023684 0.000000 3.788565 0.000963 
477 17.399423 0.000000 0.374203 100.104011 0.000000 3.976074 -0.000500 
478 17.519568 0.000000 0.261874 100.080832 0.000000 3.990509 -0.000025 
479 17.639712 0.000000 0.374203 100.035206 0.000000 3.834008 0.000766 
480 17.759857 0.000000 0.598861 100.061769 0.000000 3.788833 0.000200 
481 17.759857 0.000000 0.486532 100.056014 0.000000 3.857758 0.000368 
482 17.880002 0.000000 0.598861 100.107247 0.000000 3.918634 -0.000610 
483 17.759857 0.000000 0.711190 100.070685 0.000000 3.722419 -0.000029 
484 17.579640 0.000000 0.542697 100.049501 0.000000 3.759621 0.000423 
485 17.519568 0.000000 0.542697 100.046684 0.000000 3.744845 0.000469 
486 17.579640 0.000000 0.486532 100.046128 0.000000 3.788426 0.000513 
487 17.639712 0.000000 0.542697 100.052491 0.000000 3.771909 0.000373 
488 17.579640 0.000000 0.598861 100.056287 0.000000 3.737686 0.000271 
489 18.600870 0.000000 1.385164 100.086546 0.000000 3.777382 -0.000305 
490 19.081448 0.000000 1.385164 99.956700 0.000000 3.872217 0.002371 
491 18.600870 0.000000 1.834480 99.868425 0.000000 3.721997 0.004031 
492 18.360580 0.000000 0.711190 100.067650 0.000000 4.049014 0.000286 
493 18.360580 0.000000 0.486532 100.053074 0.000000 4.067141 0.000593 
494 18.600870 0.000000 0.711190 100.017760 0.000000 4.133081 0.001355 
495 18.360580 0.000000 0.935848 100.056740 0.000000 3.963646 0.000436 
496 18.000146 0.000000 0.598861 100.088465 0.000000 3.921690 -0.000232 
497 18.000146 0.000000 0.486532 100.030793 0.000000 3.920350 0.000922 
498 18.120291 0.000000 0.598861 100.066619 0.000000 4.015749 0.000280 
499 18.000146 0.000000 0.711190 100.114641 0.000000 3.916832 -0.000759 
500 22.926078 0.000000 -8.949107 99.939083 0.000000 3.489950 0.002442 
501 22.926078 0.000000 -12.543636 99.939083 0.000000 3.489950 0.002442 
502 26.770708 0.000000 -8.949107 99.807696 0.000000 3.206040 0.004894 
503 21.003763 0.000000 -3.557313 99.872352 0.000000 3.093591 0.003521 
504 21.003763 0.000000 -5.354578 99.733213 0.000000 2.998916 0.006267 
505 22.926078 0.000000 -3.557313 99.903646 0.000000 3.104551 0.002898 
506 20.042606 0.000000 -0.861416 99.887246 0.000000 3.430052 0.003442 
507 20.042606 0.000000 -1.760049 99.909392 0.000000 3.138982 0.002804 
508 21.003763 0.000000 -0.861416 99.893432 0.000000 3.453640 0.003334 
509 18.600870 0.000000 -0.412100 99.926148 0.000000 3.541638 0.002738 
510 18.600870 0.000000 -0.861416 99.927799 0.000000 3.372037 0.002587 
511 19.081448 0.000000 -0.412100 99.907728 0.000000 3.668759 0.003201 
512 18.360580 0.000000 0.261874 100.032460 0.000000 4.058912 0.000999 
513 18.360580 0.000000 0.037216 99.985842 0.000000 3.911283 0.001816 
514 18.600870 0.000000 0.261874 99.975768 0.000000 4.062064 0.002139 
515 18.240436 0.000000 0.598861 100.051359 0.000000 4.009208 0.000580 
516 18.240436 0.000000 0.486532 100.048362 0.000000 4.042900 0.000667 
517 18.360580 0.000000 0.598861 100.073405 0.000000 4.085481 0.000201 
518 18.240436 0.000000 0.711190 100.054190 0.000000 3.979892 0.000500 
519 18.240436 0.000000 0.374203 100.041974 0.000000 4.061156 0.000810 
520 18.120291 0.000000 0.374203 100.014628 0.000000 3.924493 0.001249 
521 18.240436 0.000000 0.261874 100.003356 0.000000 3.970800 0.001512 
522 18.360580 0.000000 0.374203 100.038107 0.000000 4.055915 0.000884 
523 18.180363 0.000000 0.542697 100.058490 0.000000 4.025457 0.000450 
524 18.120291 0.000000 0.542697 100.065755 0.000000 4.023429 0.000303 
525 18.180363 0.000000 0.486532 100.057455 0.000000 4.041133 0.000484 
526 18.240436 0.000000 0.542697 100.047975 0.000000 4.021532 0.000658 
527 18.180363 0.000000 0.598861 100.057922 0.000000 4.008022 0.000448 
528 19.562027 0.000000 0.486532 99.936706 0.000000 4.301499 0.003125 
529 19.562027 0.000000 0.037216 99.935603 0.000000 4.141617 0.003012 
530 20.042606 0.000000 0.486532 99.910957 0.000000 4.265793 0.003613 
531 19.562027 0.000000 0.935848 99.958438 0.000000 4.190771 0.002594 
532 18.841159 0.000000 0.711190 99.993962 0.000000 4.215969 0.001902 
533 18.841159 0.000000 0.486532 99.968486 0.000000 4.202163 0.002402 
534 19.081448 0.000000 0.711190 99.973816 0.000000 4.245651 0.002332 
535 18.841159 0.000000 0.935848 99.994334 0.000000 4.151097 0.001840 
536 18.480725 0.000000 0.598861 100.034444 0.000000 4.116340 0.001006 
537 18.480725 0.000000 0.486532 100.004985 0.000000 4.118822 0.001599 
538 18.600870 0.000000 0.598861 100.019536 0.000000 4.170806 0.001351 
539 18.480725 0.000000 0.711190 100.039132 0.000000 4.091080 0.000892 
540 18.841159 0.000000 0.261874 99.948579 0.000000 4.163099 0.002769 
541 18.841159 0.000000 0.037216 99.953646 0.000000 4.070681 0.002591 
542 19.081448 0.000000 0.261874 99.938738 0.000000 4.221713 0.003016 
543 18.721014 0.000000 0.598861 99.980494 0.000000 4.180956 0.002143 
544 18.721014 0.000000 0.486532 99.981176 0.000000 4.218201 0.002160 
545 18.841159 0.000000 0.598861 99.988603 0.000000 4.236991 0.002027 
546 18.721014 0.000000 0.711190 99.986549 0.000000 4.167127 0.002010 
547 20.042606 0.000000 2.733113 99.674928 0.000000 3.082919 0.007497 
548 21.003763 0.000000 2.733113 99.889635 0.000000 2.755846 0.002974 
549 20.042606 0.000000 3.631745 99.778898 0.000000 2.640615 0.005141 
550 19.562027 0.000000 1.385164 99.956533 0.000000 3.836603 0.002347 
551 20.042606 0.000000 1.385164 99.952600 0.000000 3.827028 0.002418 
552 19.562027 0.000000 1.834480 99.930597 0.000000 3.482572 0.002607 
553 19.321738 0.000000 0.711190 99.951640 0.000000 4.289542 0.002815 
554 19.321738 0.000000 0.486532 99.941667 0.000000 4.324239 0.003045 
555 19.562027 0.000000 0.711190 99.944538 0.000000 4.280442 0.002950 
556 19.321738 0.000000 0.935848 99.971892 0.000000 4.174834 0.002310 
557 18.961304 0.000000 0.598861 99.987595 0.000000 4.269796 0.002075 
558 18.961304 0.000000 0.486532 99.973640 0.000000 4.247325 0.002337 
559 19.081448 0.000000 0.598861 99.985797 0.000000 4.292867 0.002131 
560 18.961304 0.000000 0.711190 100.003461 0.000000 4.274896 0.001761 
561 19.562027 0.000000 -0.412100 99.879097 0.000000 3.724825 0.003819 
562 19.562027 0.000000 -0.861416 99.874531 0.000000 3.376650 0.003661 
563 20.042606 0.000000 -0.412100 99.911669 0.000000 3.740034 0.003175 
564 19.321738 0.000000 0.261874 99.941797 0.000000 4.298452 0.003020 
565 19.321738 0.000000 0.037216 99.920503 0.000000 4.138964 0.003313 
566 19.562027 0.000000 0.261874 99.929820 0.000000 4.249794 0.003219 
567 18.961304 0.000000 0.374203 99.955822 0.000000 4.200350 0.002655 
568 18.841159 0.000000 0.374203 99.966848 0.000000 4.220872 0.002450 
569 18.961304 0.000000 0.261874 99.952939 0.000000 4.183261 0.002698 
570 19.081448 0.000000 0.374203 99.945374 0.000000 4.255384 0.002911 
571 18.901231 0.000000 0.542697 99.984329 0.000000 4.257099 0.002130 
572 18.841159 0.000000 0.542697 99.985867 0.000000 4.242170 0.002087 
573 18.901231 0.000000 0.486532 99.980555 0.000000 4.259419 0.002208 
574 18.961304 0.000000 0.542697 99.982495 0.000000 4.263811 0.002173 
575 18.901231 0.000000 0.598861 99.987501 0.000000 4.248457 0.002059 
576 19.201593 0.000000 0.598861 99.949380 0.000000 4.297722 0.002867 
577 19.201593 0.000000 0.486532 99.946401 0.000000 4.311271 0.002939 
578 19.321738 0.000000 0.598861 99.943519 0.000000 4.300737 0.002988 
579 19.201593 0.000000 0.711190 99.953321 0.000000 4.275100 0.002769 
580 30.615338 0.000000 -1.760049 100.052011 0.000000 2.424843 -0.000452 
581 30.615338 0.000000 -5.354578 100.211532 0.000000 3.263383 -0.003160 
582 34.459968 0.000000 -1.760049 100.020026 0.000000 2.356097 0.000155 
583 30.615338 0.000000 1.834480 99.950674 0.000000 2.515286 0.001622 
584 24.848393 0.000000 0.037216 99.988518 0.000000 3.164667 0.001233 
585 24.848393 0.000000 -1.760049 100.038563 0.000000 3.036344 0.000151 
586 26.770708 0.000000 0.037216 100.008201 0.000000 2.907425 0.000682 
587 24.848393 0.000000 1.834480 99.845072 0.000000 2.966461 0.003992 
588 21.964921 0.000000 0.935848 99.872597 0.000000 3.914525 0.004095 
589 21.964921 0.000000 0.037216 99.897832 0.000000 3.991375 0.003649 
590 22.926078 0.000000 0.935848 99.890555 0.000000 3.878127 0.003705 
591 21.964921 0.000000 1.834480 99.916136 0.000000 3.229943 0.002727 
592 20.523185 0.000000 0.486532 99.907591 0.000000 4.259548 0.003675 
593 20.523185 0.000000 0.037216 99.905405 0.000000 4.099458 0.003584 
594 21.003763 0.000000 0.486532 99.897853 0.000000 4.224621 0.003841 
595 20.523185 0.000000 0.935848 99.911053 0.000000 4.108782 0.003478 
596 19.802316 0.000000 0.711190 99.932697 0.000000 4.270799 0.003180 
597 19.802316 0.000000 0.486532 99.921711 0.000000 4.306336 0.003431 
598 20.042606 0.000000 0.711190 99.909434 0.000000 4.229903 0.003613 
599 19.802316 0.000000 0.935848 99.932787 0.000000 4.166329 0.003089 
600 19.441882 0.000000 0.598861 99.946986 0.000000 4.299348 0.002917 
601 19.441882 0.000000 0.486532 99.941349 0.000000 4.298533 0.003030 
602 19.562027 0.000000 0.598861 99.937889 0.000000 4.290658 0.003092 
603 19.441882 0.000000 0.711190 99.955575 0.000000 4.288554 0.002735 
604 19.802316 0.000000 0.261874 99.916355 0.000000 4.255951 0.003496 
605 19.802316 0.000000 0.037216 99.911591 0.000000 4.125854 0.003482 
606 20.042606 0.000000 0.261874 99.912262 0.000000 4.229761 0.003556 
607 19.441882 0.000000 0.374203 99.937856 0.000000 4.286397 0.003089 
608 19.321738 0.000000 0.374203 99.936488 0.000000 4.316375 0.003143 
609 19.441882 0.000000 0.261874 99.934728 0.000000 4.255447 0.003126 
610 19.562027 0.000000 0.374203 99.932253 0.000000 4.283125 0.003199 
611 19.682172 0.000000 0.598861 99.938678 0.000000 4.307091 0.003091 
612 19.682172 0.000000 0.486532 99.935190 0.000000 4.314588 0.003167 
613 19.802316 0.000000 0.598861 99.921153 0.000000 4.292483 0.003431 
614 19.682172 0.000000 0.711190 99.933462 0.000000 4.258525 0.003154 
615 19.501955 0.000000 0.542697 99.942485 0.000000 4.306394 0.003014 
616 19.441882 0.000000 0.542697 99.942891 0.000000 4.296706 0.002997 
617 19.501955 0.000000 0.486532 99.938637 0.000000 4.300800 0.003086 
618 19.562027 0.000000 0.542697 99.938582 0.000000 4.302839 0.003089 
619 19.501955 0.000000 0.598861 99.944819 0.000000 4.303500 0.002964 
620 20.523185 0.000000 1.385164 99.877354 0.000000 3.695472 0.003832 
621 21.003763 0.000000 1.385164 99.878728 0.000000 3.606750 0.003739 
622 20.523185 0.000000 1.834480 99.910792 0.000000 3.232944 0.002837 
623 20.282895 0.000000 0.711190 99.910406 0.000000 4.233632 0.003596 
624 20.282895 0.000000 0.486532 99.905724 0.000000 4.264946 0.003717 
625 20.523185 0.000000 0.711190 99.905896 0.000000 4.212959 0.003669 
626 20.282895 0.000000 0.935848 99.909431 0.000000 4.134478 0.003532 
627 19.922461 0.000000 0.598861 99.913871 0.000000 4.264850 0.003553 
628 19.922461 0.000000 0.486532 99.915105 0.000000 4.275111 0.003537 
629 20.042606 0.000000 0.598861 99.909125 0.000000 4.252543 0.003638 
630 19.922461 0.000000 0.711190 99.916967 0.000000 4.251909 0.003480 
631 21.964921 0.000000 -0.861416 99.911105 0.000000 3.433366 0.002965 
632 21.964921 0.000000 -1.760049 99.881775 0.000000 3.118004 0.003346 
633 22.926078 0.000000 -0.861416 99.931548 0.000000 3.366834 0.002508 
634 20.523185 0.000000 -0.412100 99.911645 0.000000 3.741606 0.003176 
635 20.523185 0.000000 -0.861416 99.895103 0.000000 3.419883 0.003277 
636 21.003763 0.000000 -0.412100 99.908370 0.000000 3.726357 0.003231 
637 20.282895 0.000000 0.261874 99.905405 0.000000 4.224235 0.003689 
638 20.282895 0.000000 0.037216 99.907136 0.000000 4.110366 0.003559 
639 20.523185 0.000000 0.261874 99.903024 0.000000 4.213543 0.003728 
640 20.162751 0.000000 0.598861 99.907656 0.000000 4.251193 0.003667 
641 20.162751 0.000000 0.486532 99.909253 0.000000 4.266884 0.003648 
642 20.282895 0.000000 0.598861 99.906010 0.000000 4.254393 0.003703 
643 20.162751 0.000000 0.711190 99.906405 0.000000 4.223062 0.003668 
644 20.162751 0.000000 0.374203 99.908224 0.000000 4.253336 0.003657 
645 20.042606 0.000000 0.374203 99.912469 0.000000 4.261020 0.003578 
646 20.162751 0.000000 0.261874 99.910274 0.000000 4.228489 0.003595 
647 20.282895 0.000000 0.374203 99.906368 0.000000 4.258696 0.003699 
648 20.102678 0.000000 0.542697 99.910736 0.000000 4.264899 0.003616 
649 20.042606 0.000000 0.542697 99.910751 0.000000 4.263534 0.003615 
650 20.102678 0.000000 0.486532 99.909528 0.000000 4.262761 0.003639 
651 20.162751 0.000000 0.542697 99.907631 0.000000 4.258722 0.003674 
652 20.102678 0.000000 0.598861 99.908137 0.000000 4.249722 0.003656 
653 21.484342 0.000000 0.486532 99.893572 0.000000 4.175069 0.003886 
654 21.484342 0.000000 0.037216 99.902313 0.000000 4.045278 0.003602 
655 21.964921 0.000000 0.486532 99.879924 0.000000 4.073456 0.004076 
656 21.484342 0.000000 0.935848 99.878539 0.000000 3.964609 0.004016 
657 20.763474 0.000000 0.711190 99.898896 0.000000 4.192977 0.003793 
658 20.763474 0.000000 0.486532 99.901193 0.000000 4.232553 0.003781 
659 21.003763 0.000000 0.711190 99.898840 0.000000 4.187782 0.003790 
660 20.763474 0.000000 0.935848 99.909716 0.000000 4.122437 0.003517 
661 20.403040 0.000000 0.598861 99.914609 0.000000 4.240878 0.003518 
662 20.403040 0.000000 0.486532 99.911684 0.000000 4.247114 0.003582 
663 20.523185 0.000000 0.598861 99.907584 0.000000 4.246249 0.003664 
664 20.403040 0.000000 0.711190 99.914719 0.000000 4.215482 0.003494 
665 20.763474 0.000000 0.261874 99.902368 0.000000 4.185778 0.003717 
666 20.763474 0.000000 0.037216 99.903114 0.000000 4.076419 0.003611 
667 21.003763 0.000000 0.261874 99.899554 0.000000 4.182990 0.003772 
668 20.643329 0.000000 0.598861 99.906063 0.000000 4.252001 0.003699 
669 20.643329 0.000000 0.486532 99.904902 0.000000 4.261127 0.003731 
670 20.763474 0.000000 0.598861 99.899843 0.000000 4.220308 0.003798 
671 20.643329 0.000000 0.711190 99.906764 0.000000 4.222774 0.003660 
672 30.615338 0.000000 5.429010 99.787834 0.000000 2.561209 0.004919 
673 34.459968 0.000000 5.429010 99.902362 0.000000 2.325169 0.002499 
674 30.615338 0.000000 9.023539 99.981269 0.000000 3.143175 0.001364 
675 24.848393 0.000000 3.631745 99.947976 0.000000 2.540392 0.001688 
676 26.770708 0.000000 3.631745 99.766678 0.000000 2.378586 0.005254 
677 24.848393 0.000000 5.429010 99.863336 0.000000 3.007883 0.003649 
678 21.964921 0.000000 2.733113 99.975513 0.000000 2.689956 0.001215 
679 22.926078 0.000000 2.733113 99.960602 0.000000 2.722704 0.001531 
680 21.964921 0.000000 3.631745 99.880795 0.000000 2.731557 0.003139 
681 21.484342 0.000000 1.385164 99.885517 0.000000 3.581424 0.003584 
682 21.964921 0.000000 1.385164 99.898031 0.000000 3.606804 0.003350 
683 21.484342 0.000000 1.834480 99.914237 0.000000 3.225241 0.002762 
684 21.244053 0.000000 0.711190 99.895040 0.000000 4.155884 0.003840 
685 21.244053 0.000000 0.486532 99.901559 0.000000 4.222482 0.003765 
686 21.484342 0.000000 0.711190 99.879947 0.000000 4.084242 0.004084 
687 21.244053 0.000000 0.935848 99.870233 0.000000 3.983879 0.004198 
688 20.883619 0.000000 0.598861 99.897988 0.000000 4.211037 0.003827 
689 20.883619 0.000000 0.486532 99.898426 0.000000 4.223304 0.003829 
690 21.003763 0.000000 0.598861 99.899825 0.000000 4.215556 0.003794 
691 20.883619 0.000000 0.711190 99.900003 0.000000 4.188273 0.003767 
692 20.763474 0.000000 1.160506 99.887576 0.000000 3.868509 0.003758 
693 20.523185 0.000000 1.160506 99.912225 0.000000 3.950849 0.003327 
694 21.003763 0.000000 1.160506 99.880224 0.000000 3.839275 0.003883 
695 20.763474 0.000000 1.385164 99.882655 0.000000 3.643084 0.003686 
696 20.643329 0.000000 0.823519 99.906644 0.000000 4.176486 0.003624 
697 20.523185 0.000000 0.823519 99.911100 0.000000 4.165357 0.003525 
698 20.763474 0.000000 0.823519 99.909992 0.000000 4.187173 0.003565 
699 20.643329 0.000000 0.935848 99.913232 0.000000 4.111702 0.003437 
700 20.703402 0.000000 0.655026 99.905055 0.000000 4.237509 0.003707 
701 20.643329 0.000000 0.655026 99.906151 0.000000 4.239737 0.003687 
702 20.703402 0.000000 0.598861 99.903815 0.000000 4.243962 0.003738 
703 20.763474 0.000000 0.655026 99.900627 0.000000 4.213244 0.003776 
704 20.703402 0.000000 0.711190 99.906058 0.000000 4.224116 0.003676 
705 57.527746 0.000000 -41.299869 99.939083 0.000000 3.489950 0.002442 
706 57.527746 0.000000 -55.677985 99.939083 0.000000 3.489950 0.002442 
707 72.906265 0.000000 -41.299869 99.939083 0.000000 3.489950 0.002442 
708 -34.743369 0.000000 -41.299869 99.939083 0.000000 3.489950 0.002442 
709 -50.121888 0.000000 -41.299869 99.939083 0.000000 3.489950 0.002442 
710 -34.743369 0.000000 -55.677985 99.939083 0.000000 3.489950 0.002442 
711 34.459968 0.000000 -19.732694 99.939083 0.000000 3.489950 0.002442 
712 34.459968 0.000000 -26.921753 99.939083 0.000000 3.489950 0.002442 
713 42.149227 0.000000 -19.732694 99.939083 0.000000 3.489950 0.002442 
714 -11.675590 0.000000 -19.732694 99.939083 0.000000 3.489950 0.002442 
715 -19.364850 0.000000 -19.732694 99.939083 0.000000 3.489950 0.002442 
716 -11.675590 0.000000 -26.921753 99.939083 0.000000 3.489950 0.002442 
717 -0.141701 0.000000 -8.949107 99.939083 0.000000 3.489950 0.002442 
718 -3.986330 0.000000 -8.949107 99.939083 0.000000 3.489950 0.002442 
719 -0.141701 0.000000 -12.543636 99.939083 0.000000 3.489950 0.002442 
720 12.353346 0.000000 -0.861416 99.636877 0.000000 2.511035 0.007942 
721 11.392189 0.000000 -0.861416 99.557860 0.000000 2.406619 0.009491 
722 12.353346 0.000000 -1.760049 99.557333 0.000000 2.567051 0.009583 
723 30.615338 0.000000 -8.949107 99.837748 0.000000 3.202617 0.004286 
724 30.615338 0.000000 -12.543636 99.939083 0.000000 3.489950 0.002442 
725 34.459968 0.000000 -8.949107 99.933616 0.000000 3.259514 0.002395 
726 24.848393 0.000000 -3.557313 99.887701 0.000000 3.028408 0.003172 
727 24.848393 0.000000 -5.354578 99.864708 0.000000 3.141115 0.003704 
728 26.770708 0.000000 -3.557313 100.040797 0.000000 3.113042 0.000153 
729 12.353346 0.000000 2.733113 100.216423 0.000000 2.816770 -0.003527 
730 11.392189 0.000000 2.733113 100.278030 0.000000 2.748358 -0.004790 
731 12.353346 0.000000 3.631745 99.939083 0.000000 3.489950 0.002442 
732 13.795082 0.000000 1.385164 100.059405 0.000000 2.713085 -0.000452 
733 13.314504 0.000000 1.385164 100.076745 0.000000 2.762038 -0.000772 
734 13.795082 0.000000 1.834480 100.148445 0.000000 2.680918 -0.002247 
735 13.795082 0.000000 -0.412100 99.851979 0.000000 2.749524 0.003728 
736 13.314504 0.000000 -0.412100 99.818909 0.000000 2.667109 0.004349 
737 13.795082 0.000000 -0.861416 99.797618 0.000000 2.779935 0.004840 
738 14.515950 0.000000 0.711190 100.004886 0.000000 0.000000 -0.000098 
739 14.275661 0.000000 0.711190 100.002868 0.000000 0.000000 -0.000057 
740 14.515950 0.000000 0.935848 100.127232 0.000000 3.205494 -0.001516 
741 10.431031 0.000000 -0.861416 99.444481 0.000000 2.234813 0.011714 
742 10.431031 0.000000 -1.760049 99.866567 0.000000 3.334509 0.003793 
743 10.431031 0.000000 2.733113 99.939083 0.000000 3.489950 0.002442 
744 9.469874 0.000000 2.733113 99.939083 0.000000 3.489950 0.002442 
745 10.431031 0.000000 3.631745 99.939083 0.000000 3.489950 0.002442 
746 1.780614 0.000000 -3.557313 99.939083 0.000000 3.489950 0.002442 
747 -0.141701 0.000000 -3.557313 99.939083 0.000000 3.489950 0.002442 
748 1.780614 0.000000 -5.354578 99.939083 0.000000 3.489950 0.002442 
749 1.780614 0.000000 3.631745 99.939083 0.000000 3.489950 0.002442 
750 -0.141701 0.000000 3.631745 99.939083 0.000000 3.489950 0.002442 
751 1.780614 0.000000 5.429010 99.939083 0.000000 3.489950 0.002442 
752 7.066980 0.000000 -0.412100 99.939083 0.000000 3.489950 0.002442 
753 7.066980 0.000000 -0.861416 99.939083 0.000000 3.489950 0.002442 
754 7.547559 0.000000 -0.412100 99.749939 0.000000 3.083134 0.005981 
755 5.144665 0.000000 -0.412100 99.939083 0.000000 3.489950 0.002442 
756 4.664087 0.000000 -0.412100 99.939083 0.000000 3.489950 0.002442 
757 5.144665 0.000000 -0.861416 99.939083 0.000000 3.489950 0.002442 
758 14.876385 0.000000 0.598861 100.011727 0.000000 0.000000 -0.000234 
759 14.756240 0.000000 0.598861 100.011651 0.000000 0.000000 -0.000233 
760 14.876385 0.000000 0.711190 100.013059 0.000000 0.000000 -0.000261 
761 15.356963 0.000000 0.598861 100.009352 0.000000 3.781224 0.001244 
762 15.356963 0.000000 0.711190 99.922466 0.000000 4.035339 0.003189 
763 15.837542 0.000000 0.598861 100.021834 0.000000 3.654584 0.000900 
764 15.957687 0.000000 0.598861 100.005016 0.000000 3.575239 0.001179 
765 15.837542 0.000000 0.711190 99.987438 0.000000 3.672024 0.001602 
766 16.077831 0.000000 0.598861 100.007458 0.000000 3.570454 0.001127 
767 16.077831 0.000000 0.711190 99.980942 0.000000 3.574041 0.001661 
768 16.558410 0.000000 0.598861 100.046393 0.000000 3.736182 0.000468 
769 16.678555 0.000000 0.598861 100.056945 0.000000 3.779540 0.000289 
770 16.558410 0.000000 0.711190 100.034158 0.000000 3.711414 0.000695 
771 16.798699 0.000000 0.598861 100.039670 0.000000 3.743337 0.000608 
772 16.798699 0.000000 0.711190 100.046149 0.000000 3.753175 0.000486 
773 17.279278 0.000000 0.374203 100.071328 0.000000 3.897594 0.000092 
774 17.279278 0.000000 0.261874 100.075083 0.000000 3.899502 0.000018 
775 17.279278 0.000000 0.486532 100.064653 0.000000 3.886447 0.000217 
776 17.279278 0.000000 0.598861 100.064278 0.000000 3.885631 0.000224 
777 17.279278 0.000000 0.711190 100.059855 0.000000 3.870662 0.000301 
778 18.000146 0.000000 0.374203 100.029233 0.000000 3.931394 0.000962 
779 17.880002 0.000000 0.374203 100.016576 0.000000 3.803727 0.001117 
780 18.000146 0.000000 0.261874 100.030940 0.000000 3.951536 0.000943 
781 17.759857 0.000000 0.374203 100.035887 0.000000 3.871219 0.000781 
782 17.759857 0.000000 0.261874 100.025716 0.000000 3.892748 0.001002 
783 18.480725 0.000000 0.374203 99.986904 0.000000 4.080436 0.001931 
784 18.480725 0.000000 0.261874 99.974392 0.000000 4.040661 0.002149 
785 18.600870 0.000000 0.374203 99.997867 0.000000 4.138239 0.001758 
786 18.721014 0.000000 0.374203 99.995735 0.000000 4.205953 0.001858 
787 18.721014 0.000000 0.261874 99.986454 0.000000 4.182590 0.002024 
788 19.201593 0.000000 0.374203 99.947155 0.000000 4.295722 0.002910 
789 19.201593 0.000000 0.261874 99.935186 0.000000 4.241474 0.003104 
790 19.922461 0.000000 0.374203 99.915190 0.000000 4.263961 0.003526 
791 19.802316 0.000000 0.374203 99.919237 0.000000 4.292294 0.003469 
792 19.922461 0.000000 0.261874 99.915376 0.000000 4.232355 0.003495 
793 19.682172 0.000000 0.374203 99.930537 0.000000 4.294087 0.003243 
794 19.682172 0.000000 0.261874 99.926168 0.000000 4.255630 0.003298 
795 20.282895 0.000000 1.160506 99.904973 0.000000 3.978251 0.003494 
796 20.042606 0.000000 1.160506 99.936723 0.000000 4.005308 0.002878 
797 20.282895 0.000000 1.385164 99.930320 0.000000 3.795023 0.002841 
798 20.403040 0.000000 0.823519 99.917049 0.000000 4.180304 0.003417 
799 20.282895 0.000000 0.823519 99.909618 0.000000 4.192675 0.003577 
800 20.403040 0.000000 0.935848 99.916998 0.000000 4.126384 0.003373 
801 20.162751 0.000000 0.823519 99.911059 0.000000 4.193088 0.003549 
802 20.042606 0.000000 0.823519 99.907058 0.000000 4.185997 0.003623 
803 20.162751 0.000000 0.935848 99.910600 0.000000 4.137439 0.003511 
804 21.484342 0.000000 -0.412100 99.906269 0.000000 3.722032 0.003270 
805 21.484342 0.000000 -0.861416 99.903199 0.000000 3.437428 0.003126 
806 21.964921 0.000000 -0.412100 99.907320 0.000000 3.690849 0.003225 
807 20.403040 0.000000 0.374203 99.910935 0.000000 4.234259 0.003586 
808 20.403040 0.000000 0.261874 99.905736 0.000000 4.205401 0.003666 
809 20.523185 0.000000 0.374203 99.904403 0.000000 4.248847 0.003730 
810 21.244053 0.000000 0.261874 99.900721 0.000000 4.182461 0.003748 
811 21.244053 0.000000 0.037216 99.902694 0.000000 4.063535 0.003609 
812 21.484342 0.000000 0.261874 99.901081 0.000000 4.157132 0.003719 
813 20.883619 0.000000 0.823519 99.898457 0.000000 4.143797 0.003761 
814 21.003763 0.000000 0.823519 99.895042 0.000000 4.134662 0.003822 
815 20.883619 0.000000 0.935848 99.893403 0.000000 4.068559 0.003800 
816 20.643329 0.000000 0.374203 99.903671 0.000000 4.242452 0.003739 
817 20.643329 0.000000 0.261874 99.901443 0.000000 4.208007 0.003755 
818 20.763474 0.000000 0.374203 99.901349 0.000000 4.215975 0.003764 
819 21.244053 0.000000 1.160506 99.870124 0.000000 3.800032 0.004056 
820 21.484342 0.000000 1.160506 99.881381 0.000000 3.791098 0.003823 
821 21.244053 0.000000 1.385164 99.875181 0.000000 3.597685 0.003804 
822 8.508716 0.000000 2.733113 99.939083 0.000000 3.489950 0.002442 
823 7.547559 0.000000 2.733113 99.939083 0.000000 3.489950 0.002442 
824 8.508716 0.000000 3.631745 99.939083 0.000000 3.489950 0.002442 
825 6.586402 0.000000 2.733113 99.939083 0.000000 3.489950 0.002442 
826 5.625244 0.000000 2.733113 99.939083 0.000000 3.489950 0.002442 
827 6.586402 0.000000 3.631745 99.939083 0.000000 3.489950 0.002442 
828 8.028138 0.000000 -0.412100 99.522528 0.000000 2.492882 0.010251 
829 8.028138 0.000000 -0.861416 99.939083 0.000000 3.489950 0.002442 
830 8.508716 0.000000 -0.412100 99.516556 0.000000 2.406347 0.010330 
831 19.802316 0.000000 1.160506 99.957384 0.000000 4.029178 0.002482 
832 19.562027 0.000000 1.160506 99.967171 0.000000 3.999217 0.002261 
833 19.802316 0.000000 1.385164 99.961420 0.000000 3.806940 0.002226 
834 19.922461 0.000000 0.823519 99.919746 0.000000 4.217500 0.003395 
835 19.802316 0.000000 0.823519 99.935647 0.000000 4.231155 0.003086 
836 19.922461 0.000000 0.935848 99.930833 0.000000 4.164663 0.003127 
837 19.682172 0.000000 0.823519 99.936927 0.000000 4.229129 0.003059 
838 19.562027 0.000000 0.823519 99.945141 0.000000 4.232936 0.002897 
839 19.682172 0.000000 0.935848 99.940556 0.000000 4.170206 0.002936 
840 20.883619 0.000000 0.374203 99.900385 0.000000 4.217041 0.003784 
841 20.883619 0.000000 0.261874 99.901669 0.000000 4.185369 0.003731 
842 21.003763 0.000000 0.374203 99.899095 0.000000 4.216973 0.003810 
843 4.664087 0.000000 2.733113 99.939083 0.000000 3.489950 0.002442 
844 3.702929 0.000000 2.733113 99.939083 0.000000 3.489950 0.002442 
845 4.664087 0.000000 3.631745 99.939083 0.000000 3.489950 0.002442 
846 19.321738 0.000000 1.160506 99.969392 0.000000 4.022754 0.002235 
847 19.081448 0.000000 1.160506 99.957160 0.000000 4.016325 0.002476 
848 19.321738 0.000000 1.385164 99.937541 0.000000 3.850869 0.002739 
849 19.441882 0.000000 0.823519 99.959508 0.000000 4.251702 0.002624 
850 19.321738 0.000000 0.823519 99.950198 0.000000 4.237125 0.002799 
851 19.441882 0.000000 0.935848 99.959694 0.000000 4.183807 0.002563 
852 19.201593 0.000000 0.823519 99.976332 0.000000 4.231226 0.002269 
853 19.081448 0.000000 0.823519 99.982229 0.000000 4.218101 0.002139 
854 19.201593 0.000000 0.935848 99.965995 0.000000 4.150730 0.002409 
1 19 21 3 22 
2 20 19 22 9 
3 28 20 9 30 
4 29 28 30 4 
5 35 37 19 38 
6 36 35 38 20 
7 44 36 20 46 
8 45 44 46 28 
9 51 53 35 54 
10 52 51 54 36 
11 60 52 36 62 
12 61 60 62 44 
13 67 69 51 70 
14 68 67 70 52 
15 10 77 76 26 
16 77 13 78 76 
17 76 78 8 79 
18 26 76 79 14 
19 81 26 82 80 
20 80 82 14 83 
21 92 68 52 94 
22 93 92 94 60 
23 95 97 67 98 
24 96 95 98 68 
25 7 106 104 105 
26 106 12 107 104 
27 104 107 10 25 
28 105 104 25 11 
29 11 110 108 109 
30 110 25 111 108 
31 108 111 23 41 
32 109 108 41 24 
33 24 114 112 113 
34 114 41 115 112 
35 112 115 39 57 
36 113 112 57 40 
37 40 118 116 117 
38 118 57 119 116 
39 116 119 55 73 
40 117 116 73 56 
41 73 122 120 121 
42 122 55 123 120 
43 14 79 124 37 
44 79 8 125 124 
45 124 125 21 126 
46 37 124 126 19 
47 83 14 128 127 
48 127 128 37 129 
49 53 127 129 35 
50 130 131 53 132 
51 69 130 132 51 
52 133 134 69 135 
53 97 133 135 67 
54 72 151 149 150 
55 151 71 100 149 
56 149 100 75 152 
57 150 149 152 5 
58 71 155 153 154 
59 155 101 141 153 
60 153 141 99 156 
61 154 153 156 100 
62 57 158 157 119 
63 158 39 159 157 
64 157 159 58 89 
65 119 157 89 55 
66 55 161 160 123 
67 161 89 162 160 
68 120 165 163 164 
69 165 123 166 163 
70 163 166 74 142 
71 164 163 142 101 
72 101 169 167 168 
73 169 142 170 167 
74 167 170 140 171 
75 168 167 171 141 
76 172 96 68 174 
77 173 172 174 92 
78 145 177 175 176 
79 177 72 150 175 
80 175 150 5 178 
81 176 175 178 148 
82 16 181 179 180 
83 181 15 32 179 
84 179 32 18 182 
85 180 179 182 6 
86 32 185 183 184 
87 185 31 48 183 
88 183 48 34 186 
89 184 183 186 18 
90 48 189 187 188 
91 188 187 190 34 
92 197 145 176 195 
93 195 176 148 198 
94 196 195 198 66 
95 6 182 199 200 
96 182 18 45 199 
97 199 45 28 201 
98 200 199 201 29 
99 18 186 202 203 
100 186 34 61 202 
101 202 61 44 204 
102 203 202 204 45 
103 34 190 205 206 
104 205 93 60 207 
105 206 205 207 61 
106 208 173 92 210 
107 209 208 210 93 
108 211 196 66 214 
109 212 211 214 194 
110 17 217 215 216 
111 217 7 105 215 
112 215 105 11 33 
113 216 215 33 15 
114 33 220 218 219 
115 220 11 109 218 
116 218 109 24 49 
117 219 218 49 31 
118 49 223 221 222 
119 223 24 113 221 
120 221 113 40 65 
121 222 221 65 47 
122 65 226 224 225 
123 226 40 117 224 
124 224 117 56 147 
125 225 224 147 63 
126 63 229 227 228 
127 229 147 230 227 
128 227 230 145 197 
129 146 233 231 232 
130 233 197 234 231 
131 231 234 195 235 
132 232 231 235 196 
133 187 238 236 237 
134 238 64 192 236 
135 236 192 50 239 
136 237 236 239 190 
137 192 242 240 241 
138 240 212 194 243 
139 241 240 243 50 
140 47 246 244 245 
141 246 65 225 244 
142 244 225 63 193 
143 245 244 193 64 
144 193 249 247 248 
145 249 63 228 247 
146 250 253 211 254 
147 251 250 254 212 
148 64 257 255 256 
149 257 193 248 255 
150 256 255 242 192 
151 248 260 258 259 
152 260 247 261 258 
153 258 261 213 252 
154 259 258 252 191 
155 213 263 262 253 
156 263 146 232 262 
157 262 232 196 264 
158 253 262 264 211 
159 252 267 265 266 
160 267 213 268 265 
161 265 268 253 269 
162 266 265 269 250 
163 242 272 270 271 
164 272 191 251 270 
165 270 251 212 273 
166 271 270 273 240 
167 191 276 274 275 
168 276 252 266 274 
169 274 266 250 277 
170 275 274 277 251 
171 142 283 282 170 
172 283 74 284 282 
173 75 103 286 287 
174 103 59 288 286 
175 286 288 97 289 
176 287 286 289 95 
177 99 144 290 291 
178 144 102 292 290 
179 290 292 59 293 
180 291 290 293 103 
181 294 296 102 297 
182 295 294 297 144 
183 170 300 298 299 
184 300 282 301 298 
185 298 301 285 302 
186 299 298 302 140 
187 123 304 303 166 
188 304 160 305 303 
189 303 305 137 279 
190 166 303 279 74 
191 74 307 306 284 
192 307 279 308 306 
193 282 311 310 301 
194 311 284 312 310 
195 310 312 143 313 
196 59 139 314 288 
197 139 91 315 314 
198 314 315 133 316 
199 288 314 316 97 
200 102 281 317 292 
201 281 136 318 317 
202 317 318 139 319 
203 292 317 319 59 
204 320 321 281 322 
205 296 320 322 102 
206 285 313 323 324 
207 313 143 325 323 
208 323 325 296 326 
209 324 323 326 294 
210 301 329 327 328 
211 329 310 330 327 
212 327 330 313 331 
213 328 327 331 285 
214 284 333 332 312 
215 333 306 334 332 
216 332 334 309 335 
217 312 332 335 143 
218 279 349 348 308 
219 349 137 350 348 
220 306 353 352 334 
221 353 308 354 352 
222 334 352 355 309 
223 356 357 136 358 
224 321 356 358 281 
225 308 360 359 354 
226 360 348 361 359 
227 359 361 351 362 
228 354 359 362 278 
229 309 355 363 364 
230 355 278 365 363 
231 363 365 321 366 
232 364 363 366 320 
233 352 369 367 368 
234 369 354 370 367 
235 367 370 278 371 
236 368 367 371 355 
237 89 373 372 162 
238 373 58 374 372 
239 160 376 375 305 
240 376 162 377 375 
241 375 377 88 345 
242 305 375 345 137 
243 137 379 378 350 
244 379 345 380 378 
245 348 383 382 361 
246 383 350 384 382 
247 382 384 280 385 
248 361 382 385 351 
249 136 347 386 318 
250 347 138 387 386 
251 386 387 91 388 
252 318 386 388 139 
253 389 390 347 391 
254 357 389 391 136 
255 350 393 392 384 
256 393 378 394 392 
257 392 394 381 395 
258 280 395 396 397 
259 395 381 398 396 
260 396 398 389 399 
261 397 396 399 357 
262 384 402 400 401 
263 402 392 403 400 
264 400 403 395 404 
265 401 400 404 280 
266 345 410 409 380 
267 410 88 411 409 
268 378 414 413 394 
269 414 380 415 413 
270 413 415 344 416 
271 394 413 416 381 
272 417 418 138 419 
273 390 417 419 347 
274 380 421 420 415 
275 421 409 422 420 
276 420 422 412 423 
277 415 420 423 344 
278 162 425 424 377 
279 425 372 426 424 
280 424 426 341 406 
281 377 424 406 88 
282 88 428 427 411 
283 428 406 429 427 
284 409 432 431 422 
285 432 411 433 431 
286 431 433 346 434 
287 435 436 130 437 
288 134 435 437 69 
289 91 343 438 315 
290 343 43 439 438 
291 438 439 134 440 
292 315 438 440 133 
293 138 408 441 387 
294 408 340 442 441 
295 441 442 343 443 
296 387 441 443 91 
297 444 445 408 446 
298 418 444 446 138 
299 412 434 447 448 
300 434 346 449 447 
301 447 449 418 450 
302 448 447 450 417 
303 422 453 451 452 
304 453 431 454 451 
305 451 454 434 455 
306 452 451 455 412 
307 464 466 340 467 
308 445 464 467 408 
309 430 470 468 469 
310 468 471 445 472 
311 469 468 472 444 
312 406 474 473 429 
313 474 341 475 473 
314 427 478 476 477 
315 478 429 479 476 
316 476 479 405 470 
317 477 476 470 430 
318 405 481 480 471 
319 481 465 482 480 
320 480 482 464 483 
321 471 480 483 445 
322 470 486 484 485 
323 486 405 487 484 
324 484 487 471 488 
325 485 484 488 468 
326 340 463 489 442 
327 463 342 490 489 
328 489 490 43 491 
329 442 489 491 343 
330 492 494 463 495 
331 466 492 495 340 
332 465 497 496 482 
333 497 407 498 496 
334 496 498 466 499 
335 482 496 499 464 
336 41 501 500 115 
337 501 23 502 500 
338 500 502 42 85 
339 115 500 85 39 
340 39 504 503 159 
341 504 85 505 503 
342 503 505 84 337 
343 159 503 337 58 
344 58 507 506 374 
345 507 337 508 506 
346 372 510 509 426 
347 510 374 511 509 
348 509 511 90 461 
349 426 509 461 341 
350 341 513 512 475 
351 513 461 514 512 
352 516 493 517 515 
353 515 517 492 518 
354 498 515 518 466 
355 475 521 519 520 
356 521 512 522 519 
357 519 522 493 516 
358 520 519 516 407 
359 407 525 523 524 
360 525 516 526 523 
361 523 526 515 527 
362 524 523 527 498 
363 532 534 342 535 
364 494 532 535 463 
365 493 537 536 517 
366 537 460 538 536 
367 536 538 494 539 
368 517 536 539 492 
369 461 541 540 514 
370 541 90 542 540 
371 460 544 543 538 
372 544 533 545 543 
373 543 545 532 546 
374 538 543 546 494 
375 43 459 547 439 
376 459 339 548 547 
377 547 548 435 549 
378 439 547 549 134 
379 550 551 459 552 
380 490 550 552 43 
381 558 462 559 557 
382 557 559 534 560 
383 545 557 560 532 
384 374 562 561 511 
385 562 506 563 561 
386 561 563 457 529 
387 511 561 529 90 
388 90 565 564 542 
389 565 529 566 564 
390 540 569 567 568 
391 569 542 570 567 
392 567 570 462 558 
393 568 567 558 533 
394 533 573 571 572 
395 573 558 574 571 
396 571 574 557 575 
397 572 571 575 545 
398 462 577 576 559 
399 577 554 578 576 
400 576 578 553 579 
401 559 576 579 534 
402 42 581 580 86 
403 581 80 582 580 
404 580 582 83 583 
405 86 580 583 27 
406 84 585 584 338 
407 585 86 586 584 
408 584 586 27 587 
409 338 584 587 87 
410 589 338 590 588 
411 588 590 87 591 
412 554 601 600 578 
413 600 602 555 603 
414 578 600 603 553 
415 529 605 604 566 
416 605 457 606 604 
417 564 609 607 608 
418 609 566 610 607 
419 607 610 528 601 
420 608 607 601 554 
421 528 612 611 602 
422 612 597 613 611 
423 611 613 596 614 
424 602 611 614 555 
425 601 617 615 616 
426 617 528 618 615 
427 615 618 602 619 
428 616 615 619 600 
429 620 621 339 622 
430 551 620 622 459 
431 597 628 627 613 
432 628 530 629 627 
433 627 629 598 630 
434 613 627 630 596 
435 337 632 631 508 
436 632 84 633 631 
437 631 633 338 589 
438 506 635 634 563 
439 635 508 636 634 
440 634 636 336 593 
441 563 634 593 457 
442 457 638 637 606 
443 638 593 639 637 
444 641 624 642 640 
445 640 642 623 643 
446 629 640 643 598 
447 606 646 644 645 
448 646 637 647 644 
449 644 647 624 641 
450 645 644 641 530 
451 530 650 648 649 
452 650 641 651 648 
453 648 651 640 652 
454 649 648 652 629 
455 654 589 655 653 
456 653 655 588 656 
457 624 662 661 642 
458 662 592 663 661 
459 661 663 625 664 
460 642 661 664 623 
461 593 666 665 639 
462 666 336 667 665 
463 592 669 668 663 
464 669 658 670 668 
465 663 668 671 625 
466 27 583 672 131 
467 583 83 673 672 
468 672 673 127 674 
469 131 672 674 53 
470 87 587 675 436 
471 587 27 676 675 
472 675 676 131 677 
473 436 675 677 130 
474 339 591 678 548 
475 591 87 679 678 
476 678 679 436 680 
477 548 678 680 435 
478 656 588 682 681 
479 681 682 591 683 
480 621 681 683 339 
481 594 685 684 659 
482 685 653 686 684 
483 684 686 656 687 
484 659 684 687 458 
485 658 689 688 670 
486 689 594 690 688 
487 688 690 659 691 
488 670 688 691 657 
489 595 660 692 693 
490 660 458 694 692 
491 692 694 621 695 
492 693 692 695 620 
493 625 671 696 697 
494 671 657 698 696 
495 696 698 660 699 
496 697 696 699 595 
497 668 702 700 701 
498 702 670 703 700 
499 700 703 657 704 
500 701 700 704 671 
501 12 706 705 107 
502 706 2 707 705 
503 705 707 13 77 
504 107 705 77 10 
505 1 710 708 709 
506 710 17 216 708 
507 708 216 15 181 
508 709 708 181 16 
509 25 712 711 111 
510 712 10 713 711 
511 711 713 26 81 
512 111 711 81 23 
513 15 716 714 715 
514 716 33 219 714 
515 714 219 31 185 
516 715 714 185 32 
517 31 719 717 718 
518 719 49 222 717 
519 717 222 47 189 
520 718 717 189 48 
521 56 722 720 721 
522 722 73 121 720 
523 720 121 71 151 
524 721 720 151 72 
525 23 724 723 502 
526 724 81 725 723 
527 723 725 80 581 
528 502 723 581 42 
529 85 727 726 505 
530 727 42 728 726 
531 726 728 86 585 
532 505 726 585 84 
533 5 152 729 730 
534 152 75 287 729 
535 729 287 95 731 
536 730 729 731 96 
537 100 156 732 733 
538 156 99 291 732 
539 732 291 103 734 
540 733 732 734 75 
541 121 737 735 736 
542 737 120 164 735 
543 735 164 101 155 
544 736 735 155 71 
545 141 171 738 739 
546 171 140 295 738 
547 738 295 144 740 
548 739 738 740 99 
549 147 742 741 230 
550 742 56 721 741 
551 741 721 72 177 
552 230 741 177 145 
553 148 178 743 744 
554 178 5 730 743 
555 743 730 96 745 
556 744 743 745 172 
557 189 748 746 747 
558 748 47 245 746 
559 746 245 64 238 
560 747 746 238 187 
561 190 239 749 750 
562 239 50 209 749 
563 749 209 93 751 
564 750 749 751 205 
565 247 753 752 261 
566 753 228 754 752 
567 752 754 146 263 
568 261 752 263 213 
569 255 757 755 756 
570 757 248 259 755 
571 755 259 191 272 
572 756 755 272 242 
573 140 302 758 759 
574 302 285 324 758 
575 758 324 294 760 
576 759 758 760 295 
577 143 335 761 325 
578 335 309 364 761 
579 761 364 320 762 
580 325 761 762 296 
581 278 362 763 365 
582 362 351 764 763 
583 763 764 356 765 
584 365 763 765 321 
585 351 385 766 764 
586 385 280 397 766 
587 766 397 357 767 
588 764 766 767 356 
589 381 416 768 398 
590 416 344 769 768 
591 768 769 390 770 
592 398 768 770 389 
593 344 423 771 769 
594 423 412 448 771 
595 771 448 417 772 
596 769 771 772 390 
597 411 774 773 433 
598 774 427 477 773 
599 773 477 430 775 
600 433 773 775 346 
601 346 775 776 449 
602 775 430 469 776 
603 776 469 444 777 
604 449 776 777 418 
605 473 780 778 779 
606 780 475 520 778 
607 778 520 407 497 
608 779 778 497 465 
609 429 782 781 479 
610 782 473 779 781 
611 781 779 465 481 
612 479 781 481 405 
613 512 784 783 522 
614 784 514 785 783 
615 783 785 460 537 
616 522 783 537 493 
617 514 787 786 785 
618 787 540 568 786 
619 786 568 533 544 
620 785 786 544 460 
621 542 789 788 570 
622 789 564 608 788 
623 788 608 554 577 
624 570 788 577 462 
625 604 792 790 791 
626 792 606 645 790 
627 790 645 530 628 
628 791 790 628 597 
629 566 794 793 610 
630 794 604 791 793 
631 793 791 597 612 
632 610 793 612 528 
633 456 626 795 796 
634 626 595 693 795 
635 795 693 620 797 
636 796 795 797 551 
637 623 664 798 799 
638 664 625 697 798 
639 798 697 595 800 
640 799 798 800 626 
641 598 643 801 802 
642 643 623 799 801 
643 801 799 626 803 
644 802 801 803 456 
645 508 805 804 636 
646 805 631 806 804 
647 804 806 589 654 
648 636 804 654 336 
649 637 808 807 647 
650 808 639 809 807 
651 807 809 592 662 
652 647 807 662 624 
653 336 811 810 667 
654 811 654 812 810 
655 810 812 653 685 
656 667 810 685 594 
657 657 691 813 698 
658 691 659 814 813 
659 813 814 458 815 
660 698 813 815 660 
661 639 817 816 809 
662 817 665 818 816 
663 816 818 658 669 
664 809 816 669 592 
665 458 687 819 694 
666 687 656 820 819 
667 819 820 681 821 
668 694 819 821 621 
669 66 198 822 823 
670 198 148 744 822 
671 822 744 172 824 
672 823 822 824 173 
673 194 214 825 826 
674 214 66 823 825 
675 825 823 173 827 
676 826 825 827 208 
677 228 829 828 754 
678 829 227 830 828 
679 828 830 197 233 
680 754 828 233 146 
681 531 599 831 832 
682 599 456 796 831 
683 831 796 551 833 
684 832 831 833 550 
685 596 630 834 835 
686 630 598 802 834 
687 834 802 456 836 
688 835 834 836 599 
689 555 614 837 838 
690 614 596 835 837 
691 837 835 599 839 
692 838 837 839 531 
693 665 841 840 818 
694 841 667 842 840 
695 840 842 594 689 
696 818 840 689 658 
697 50 243 843 844 
698 243 194 826 843 
699 843 826 208 845 
700 844 843 845 209 
701 342 556 846 847 
702 556 531 832 846 
703 846 832 550 848 
704 847 846 848 490 
705 553 603 849 850 
706 603 555 838 849 
707 849 838 531 851 
708 850 849 851 556 
709 534 579 852 853 
710 579 553 850 852 
711 852 850 556 854 
712 853 852 854 342 
