2 0.000000 100.000000 150.000000
872 730 
1 -50.121888 0.000000 -55.677985 99.756405 0.000000 6.975647 0.009827 
2 72.906265 0.000000 -55.677985 99.756405 0.000000 6.975647 0.009827 
3 72.906265 0.000000 59.346946 99.756405 0.000000 6.975647 0.009827 
4 -50.121888 0.000000 59.346946 99.756405 0.000000 6.975647 0.009827 
5 11.392189 0.000000 1.834480 101.017440 0.000000 3.957070 -0.018532 
6 -50.121888 0.000000 1.834480 99.756405 0.000000 6.975647 0.009827 
7 11.392189 0.000000 -55.677985 99.756405 0.000000 6.975647 0.009827 
8 72.906265 0.000000 1.834480 99.939886 0.000000 4.404329 0.003152 
9 11.392189 0.000000 59.346946 99.756405 0.000000 6.975647 0.009827 
10 42.149227 0.000000 -26.921753 99.756405 0.000000 6.975647 0.009827 
11 11.392189 0.000000 -26.921753 99.756405 0.000000 6.975647 0.009827 
12 42.149227 0.000000 -55.677985 99.756405 0.000000 6.975647 0.009827 
13 72.906265 0.000000 -26.921753 99.849514 0.000000 7.014666 0.007991 
14 42.149227 0.000000 1.834480 99.852695 0.000000 5.709034 0.006242 
15 -19.364850 0.000000 -26.921753 99.756405 0.000000 6.975647 0.009827 
16 -50.121888 0.000000 -26.921753 99.756405 0.000000 6.975647 0.009827 
17 -19.364850 0.000000 -55.677985 99.756405 0.000000 6.975647 0.009827 
18 -19.364850 0.000000 1.834480 99.756405 0.000000 6.975647 0.009827 
19 42.149227 0.000000 30.590713 99.756405 0.000000 6.975647 0.009827 
20 11.392189 0.000000 30.590713 99.756405 0.000000 6.975647 0.009827 
21 72.906265 0.000000 30.590713 99.932243 0.000000 6.577441 0.005713 
22 42.149227 0.000000 59.346946 99.756405 0.000000 6.975647 0.009827 
23 26.770708 0.000000 -12.543636 99.756405 0.000000 6.975647 0.009827 
24 11.392189 0.000000 -12.543636 99.756405 0.000000 6.975647 0.009827 
25 26.770708 0.000000 -26.921753 99.756405 0.000000 6.975647 0.009827 
26 42.149227 0.000000 -12.543636 99.957141 0.000000 6.863463 0.005599 
27 26.770708 0.000000 1.834480 99.796822 0.000000 5.705593 0.007368 
28 -19.364850 0.000000 30.590713 99.756405 0.000000 6.975647 0.009827 
29 -50.121888 0.000000 30.590713 99.756405 0.000000 6.975647 0.009827 
30 -19.364850 0.000000 59.346946 99.756405 0.000000 6.975647 0.009827 
31 -3.986330 0.000000 -12.543636 99.756405 0.000000 6.975647 0.009827 
32 -19.364850 0.000000 -12.543636 99.756405 0.000000 6.975647 0.009827 
33 -3.986330 0.000000 -26.921753 99.756405 0.000000 6.975647 0.009827 
34 -3.986330 0.000000 1.834480 99.756405 0.000000 6.975647 0.009827 
35 26.770708 0.000000 16.212597 99.756405 0.000000 6.975647 0.009827 
36 11.392189 0.000000 16.212597 99.756405 0.000000 6.975647 0.009827 
37 42.149227 0.000000 16.212597 100.078501 0.000000 6.226174 0.002311 
38 26.770708 0.000000 30.590713 99.756405 0.000000 6.975647 0.009827 
39 19.081448 0.000000 -5.354578 99.370829 0.000000 6.132941 0.016573 
40 11.392189 0.000000 -5.354578 99.756405 0.000000 6.975647 0.009827 
41 19.081448 0.000000 -12.543636 99.756405 0.000000 6.975647 0.009827 
42 26.770708 0.000000 -5.354578 99.646468 0.000000 6.220633 0.011048 
43 19.081448 0.000000 1.834480 99.956019 0.000000 6.920620 0.005701 
44 -3.986330 0.000000 16.212597 99.756405 0.000000 6.975647 0.009827 
45 -19.364850 0.000000 16.212597 99.756405 0.000000 6.975647 0.009827 
46 -3.986330 0.000000 30.590713 99.756405 0.000000 6.975647 0.009827 
47 3.702929 0.000000 -5.354578 99.756405 0.000000 6.975647 0.009827 
48 -3.986330 0.000000 -5.354578 99.756405 0.000000 6.975647 0.009827 
49 3.702929 0.000000 -12.543636 99.756405 0.000000 6.975647 0.009827 
50 3.702929 0.000000 1.834480 99.756405 0.000000 6.975647 0.009827 
51 19.081448 0.000000 9.023539 99.756405 0.000000 6.975647 0.009827 
52 11.392189 0.000000 9.023539 99.756405 0.000000 6.975647 0.009827 
53 26.770708 0.000000 9.023539 100.198416 0.000000 5.878758 -0.000516 
54 19.081448 0.000000 16.212597 99.756405 0.000000 6.975647 0.009827 
55 15.236819 0.000000 -1.760049 99.324191 0.000000 5.495835 0.016765 
56 11.392189 0.000000 -1.760049 99.232192 0.000000 5.750928 0.018953 
57 15.236819 0.000000 -5.354578 99.756405 0.000000 6.975647 0.009827 
58 19.081448 0.000000 -1.760049 99.737337 0.000000 6.309524 0.009313 
59 15.236819 0.000000 1.834480 100.060786 0.000000 5.706796 0.002045 
60 3.702929 0.000000 9.023539 99.756405 0.000000 6.975647 0.009827 
61 -3.986330 0.000000 9.023539 99.756405 0.000000 6.975647 0.009827 
62 3.702929 0.000000 16.212597 99.756405 0.000000 6.975647 0.009827 
63 7.547559 0.000000 -1.760049 99.756405 0.000000 6.975647 0.009827 
64 3.702929 0.000000 -1.760049 99.756405 0.000000 6.975647 0.009827 
65 7.547559 0.000000 -5.354578 99.756405 0.000000 6.975647 0.009827 
66 7.547559 0.000000 1.834480 99.756405 0.000000 6.975647 0.009827 
67 15.236819 0.000000 5.429010 99.756405 0.000000 6.975647 0.009827 
68 11.392189 0.000000 5.429010 99.756405 0.000000 6.975647 0.009827 
69 19.081448 0.000000 5.429010 100.274575 0.000000 5.764795 -0.002171 
70 15.236819 0.000000 9.023539 99.756405 0.000000 6.975647 0.009827 
71 13.314504 0.000000 0.037216 99.793717 0.000000 0.000000 0.004138 
72 11.392189 0.000000 0.037216 99.756405 0.000000 0.000000 0.004890 
73 13.314504 0.000000 -1.760049 99.104912 0.000000 5.251068 0.021006 
74 15.236819 0.000000 0.037216 100.217611 0.000000 7.620465 0.001452 
75 13.314504 0.000000 1.834480 100.557229 0.000000 4.636344 -0.008945 
76 57.527746 0.000000 -12.543636 99.846644 0.000000 6.770707 0.007708 
77 57.527746 0.000000 -26.921753 99.756405 0.000000 6.975647 0.009827 
78 72.906265 0.000000 -12.543636 99.800778 0.000000 6.732889 0.008586 
79 57.527746 0.000000 1.834480 99.932614 0.000000 4.534786 0.003415 
80 34.459968 0.000000 -5.354578 100.101625 0.000000 6.292504 0.001930 
81 34.459968 0.000000 -12.543636 99.498108 0.000000 6.423063 0.014339 
82 42.149227 0.000000 -5.354578 99.920177 0.000000 6.103257 0.005349 
83 34.459968 0.000000 1.834480 99.839312 0.000000 5.853410 0.006682 
84 22.926078 0.000000 -1.760049 99.667570 0.000000 6.194666 0.010585 
85 22.926078 0.000000 -5.354578 99.470624 0.000000 6.126390 0.014519 
86 26.770708 0.000000 -1.760049 100.322491 0.000000 5.399011 -0.003533 
87 22.926078 0.000000 1.834480 99.686472 0.000000 6.881177 0.011117 
88 17.159133 0.000000 0.037216 99.916616 0.000000 7.429258 0.007238 
89 17.159133 0.000000 -1.760049 99.573474 0.000000 5.904944 0.012144 
90 19.081448 0.000000 0.037216 99.584381 0.000000 8.004173 0.014919 
91 17.159133 0.000000 1.834480 99.550656 0.000000 7.102017 0.014208 
92 7.547559 0.000000 5.429010 99.756405 0.000000 6.975647 0.009827 
93 3.702929 0.000000 5.429010 99.756405 0.000000 6.975647 0.009827 
94 7.547559 0.000000 9.023539 99.756405 0.000000 6.975647 0.009827 
95 13.314504 0.000000 3.631745 100.286326 0.000000 5.828802 -0.002332 
96 11.392189 0.000000 3.631745 99.756405 0.000000 6.975647 0.009827 
97 15.236819 0.000000 3.631745 100.471206 0.000000 5.278621 -0.006616 
98 13.314504 0.000000 5.429010 99.756405 0.000000 6.975647 0.009827 
99 14.275661 0.000000 0.935848 99.902346 0.000000 6.042059 0.005634 
100 13.314504 0.000000 0.935848 99.756405 0.000000 0.000000 0.004890 
101 14.275661 0.000000 0.037216 99.658487 0.000000 6.226695 0.010811 
102 15.236819 0.000000 0.935848 99.630753 0.000000 7.461057 0.013106 
103 14.275661 0.000000 1.834480 100.279159 0.000000 5.091679 -0.002989 
104 26.770708 0.000000 -41.299869 99.756405 0.000000 6.975647 0.009827 
105 11.392189 0.000000 -41.299869 99.756405 0.000000 6.975647 0.009827 
106 26.770708 0.000000 -55.677985 99.756405 0.000000 6.975647 0.009827 
107 42.149227 0.000000 -41.299869 99.756405 0.000000 6.975647 0.009827 
108 19.081448 0.000000 -19.732694 99.756405 0.000000 6.975647 0.009827 
109 11.392189 0.000000 -19.732694 99.756405 0.000000 6.975647 0.009827 
110 19.081448 0.000000 -26.921753 99.756405 0.000000 6.975647 0.009827 
111 26.770708 0.000000 -19.732694 99.756405 0.000000 6.975647 0.009827 
112 15.236819 0.000000 -8.949107 99.756405 0.000000 6.975647 0.009827 
113 11.392189 0.000000 -8.949107 99.756405 0.000000 6.975647 0.009827 
114 15.236819 0.000000 -12.543636 99.756405 0.000000 6.975647 0.009827 
115 19.081448 0.000000 -8.949107 99.756405 0.000000 6.975647 0.009827 
116 13.314504 0.000000 -3.557313 99.756405 0.000000 6.975647 0.009827 
117 11.392189 0.000000 -3.557313 99.756405 0.000000 6.975647 0.009827 
118 13.314504 0.000000 -5.354578 99.756405 0.000000 6.975647 0.009827 
119 15.236819 0.000000 -3.557313 99.205512 0.000000 5.769147 0.019525 
120 14.275661 0.000000 -0.861416 99.470840 0.000000 5.452337 0.013712 
121 13.314504 0.000000 -0.861416 99.285931 0.000000 5.213801 0.017238 
122 14.275661 0.000000 -1.760049 99.189240 0.000000 5.336953 0.019361 
123 15.236819 0.000000 -0.861416 99.536863 0.000000 5.732944 0.012686 
124 57.527746 0.000000 16.212597 99.706056 0.000000 6.605420 0.010339 
125 72.906265 0.000000 16.212597 99.776036 0.000000 6.401705 0.008646 
126 57.527746 0.000000 30.590713 99.756405 0.000000 6.975647 0.009827 
127 34.459968 0.000000 9.023539 99.589288 0.000000 6.131980 0.012101 
128 42.149227 0.000000 9.023539 99.739391 0.000000 5.654899 0.008474 
129 34.459968 0.000000 16.212597 99.756405 0.000000 6.975647 0.009827 
130 22.926078 0.000000 5.429010 100.006671 0.000000 5.214349 0.002592 
131 26.770708 0.000000 5.429010 99.835133 0.000000 5.351524 0.006197 
132 22.926078 0.000000 9.023539 99.756405 0.000000 6.975647 0.009827 
133 17.159133 0.000000 3.631745 100.261707 0.000000 5.524254 -0.002184 
134 19.081448 0.000000 3.631745 99.757439 0.000000 5.892032 0.008386 
135 17.159133 0.000000 5.429010 100.105652 0.000000 6.221365 0.001759 
136 16.197976 0.000000 0.935848 99.801345 0.000000 7.332761 0.009434 
137 16.197976 0.000000 0.037216 99.999477 0.000000 7.106980 0.005087 
138 17.159133 0.000000 0.935848 99.977479 0.000000 7.600087 0.006265 
139 16.197976 0.000000 1.834480 99.856354 0.000000 6.554599 0.007219 
140 14.756240 0.000000 0.486532 99.903119 0.000000 0.000000 0.001940 
141 14.275661 0.000000 0.486532 99.878115 0.000000 0.000000 0.002442 
142 14.756240 0.000000 0.037216 99.904268 0.000000 0.000000 0.001917 
143 15.236819 0.000000 0.486532 100.021103 0.000000 7.512771 0.005249 
144 14.756240 0.000000 0.935848 99.815434 0.000000 7.110527 0.008821 
145 9.469874 0.000000 0.037216 99.756405 0.000000 0.000000 0.004890 
146 7.547559 0.000000 0.037216 99.756405 0.000000 0.000000 0.004890 
147 9.469874 0.000000 -1.760049 99.756405 0.000000 6.975647 0.009827 
148 9.469874 0.000000 1.834480 100.249962 0.000000 5.803364 -0.001635 
149 12.353346 0.000000 0.935848 99.756405 0.000000 0.000000 0.004890 
150 11.392189 0.000000 0.935848 99.756405 0.000000 0.000000 0.004890 
151 12.353346 0.000000 0.037216 99.756405 0.000000 0.000000 0.004890 
152 12.353346 0.000000 1.834480 100.776352 0.000000 4.294361 -0.013555 
153 13.795082 0.000000 0.486532 99.800442 0.000000 0.000000 0.004003 
154 13.314504 0.000000 0.486532 99.772344 0.000000 0.000000 0.004569 
155 13.795082 0.000000 0.037216 99.762573 0.000000 5.994707 0.008406 
156 13.795082 0.000000 0.935848 99.973125 0.000000 5.584819 0.003670 
157 17.159133 0.000000 -3.557313 99.273130 0.000000 5.760816 0.018122 
158 17.159133 0.000000 -5.354578 99.756405 0.000000 6.975647 0.009827 
159 19.081448 0.000000 -3.557313 99.406307 0.000000 5.889701 0.015543 
160 16.197976 0.000000 -0.861416 99.820585 0.000000 6.522361 0.007901 
161 16.197976 0.000000 -1.760049 99.455589 0.000000 5.694869 0.014302 
162 17.159133 0.000000 -0.861416 99.899619 0.000000 6.744240 0.006598 
163 14.756240 0.000000 -0.412100 99.654656 0.000000 6.098470 0.010727 
164 14.275661 0.000000 -0.412100 99.518030 0.000000 5.575522 0.012888 
165 14.756240 0.000000 -0.861416 99.483764 0.000000 5.604369 0.013621 
166 15.236819 0.000000 -0.412100 99.741583 0.000000 6.314003 0.009232 
167 14.515950 0.000000 0.261874 99.889192 0.000000 0.000000 0.002220 
168 14.275661 0.000000 0.261874 99.876598 0.000000 0.000000 0.002473 
169 14.515950 0.000000 0.037216 99.934451 0.000000 6.993160 0.006240 
170 14.756240 0.000000 0.261874 99.902870 0.000000 0.000000 0.001945 
171 14.515950 0.000000 0.486532 99.889791 0.000000 0.000000 0.002208 
172 9.469874 0.000000 3.631745 99.756405 0.000000 6.975647 0.009827 
173 7.547559 0.000000 3.631745 99.756405 0.000000 6.975647 0.009827 
174 9.469874 0.000000 5.429010 99.756405 0.000000 6.975647 0.009827 
175 10.431031 0.000000 0.935848 99.756405 0.000000 0.000000 0.004890 
176 9.469874 0.000000 0.935848 99.756405 0.000000 0.000000 0.004890 
177 10.431031 0.000000 0.037216 99.756405 0.000000 0.000000 0.004890 
178 10.431031 0.000000 1.834480 100.462740 0.000000 5.199992 -0.006529 
179 -34.743369 0.000000 -12.543636 99.756405 0.000000 6.975647 0.009827 
180 -50.121888 0.000000 -12.543636 99.756405 0.000000 6.975647 0.009827 
181 -34.743369 0.000000 -26.921753 99.756405 0.000000 6.975647 0.009827 
182 -34.743369 0.000000 1.834480 99.756405 0.000000 6.975647 0.009827 
183 -11.675590 0.000000 -5.354578 99.756405 0.000000 6.975647 0.009827 
184 -19.364850 0.000000 -5.354578 99.756405 0.000000 6.975647 0.009827 
185 -11.675590 0.000000 -12.543636 99.756405 0.000000 6.975647 0.009827 
186 -11.675590 0.000000 1.834480 99.756405 0.000000 6.975647 0.009827 
187 -0.141701 0.000000 -1.760049 99.756405 0.000000 6.975647 0.009827 
188 -3.986330 0.000000 -1.760049 99.756405 0.000000 6.975647 0.009827 
189 -0.141701 0.000000 -5.354578 99.756405 0.000000 6.975647 0.009827 
190 -0.141701 0.000000 1.834480 99.756405 0.000000 6.975647 0.009827 
191 5.625244 0.000000 0.037216 99.756405 0.000000 6.975647 0.009827 
192 3.702929 0.000000 0.037216 99.756405 0.000000 6.975647 0.009827 
193 5.625244 0.000000 -1.760049 99.756405 0.000000 6.975647 0.009827 
194 5.625244 0.000000 1.834480 99.756405 0.000000 6.975647 0.009827 
195 8.508716 0.000000 0.935848 99.756405 0.000000 0.000000 0.004890 
196 7.547559 0.000000 0.935848 99.756405 0.000000 0.000000 0.004890 
197 8.508716 0.000000 0.037216 99.756405 0.000000 0.000000 0.004890 
198 8.508716 0.000000 1.834480 99.756405 0.000000 6.975647 0.009827 
199 -34.743369 0.000000 16.212597 99.756405 0.000000 6.975647 0.009827 
200 -50.121888 0.000000 16.212597 99.756405 0.000000 6.975647 0.009827 
201 -34.743369 0.000000 30.590713 99.756405 0.000000 6.975647 0.009827 
202 -11.675590 0.000000 9.023539 99.756405 0.000000 6.975647 0.009827 
203 -19.364850 0.000000 9.023539 99.756405 0.000000 6.975647 0.009827 
204 -11.675590 0.000000 16.212597 99.756405 0.000000 6.975647 0.009827 
205 -0.141701 0.000000 5.429010 99.756405 0.000000 6.975647 0.009827 
206 -3.986330 0.000000 5.429010 99.756405 0.000000 6.975647 0.009827 
207 -0.141701 0.000000 9.023539 99.756405 0.000000 6.975647 0.009827 
208 5.625244 0.000000 3.631745 99.756405 0.000000 6.975647 0.009827 
209 3.702929 0.000000 3.631745 99.756405 0.000000 6.975647 0.009827 
210 5.625244 0.000000 5.429010 99.756405 0.000000 6.975647 0.009827 
211 6.586402 0.000000 0.935848 99.756405 0.000000 6.975647 0.009827 
212 5.625244 0.000000 0.935848 99.756405 0.000000 6.975647 0.009827 
213 6.586402 0.000000 0.037216 99.756405 0.000000 0.000000 0.004890 
214 6.586402 0.000000 1.834480 99.756405 0.000000 6.975647 0.009827 
215 -3.986330 0.000000 -41.299869 99.756405 0.000000 6.975647 0.009827 
216 -19.364850 0.000000 -41.299869 99.756405 0.000000 6.975647 0.009827 
217 -3.986330 0.000000 -55.677985 99.756405 0.000000 6.975647 0.009827 
218 3.702929 0.000000 -19.732694 99.756405 0.000000 6.975647 0.009827 
219 -3.986330 0.000000 -19.732694 99.756405 0.000000 6.975647 0.009827 
220 3.702929 0.000000 -26.921753 99.756405 0.000000 6.975647 0.009827 
221 7.547559 0.000000 -8.949107 99.756405 0.000000 6.975647 0.009827 
222 3.702929 0.000000 -8.949107 99.756405 0.000000 6.975647 0.009827 
223 7.547559 0.000000 -12.543636 99.756405 0.000000 6.975647 0.009827 
224 9.469874 0.000000 -3.557313 99.756405 0.000000 6.975647 0.009827 
225 7.547559 0.000000 -3.557313 99.756405 0.000000 6.975647 0.009827 
226 9.469874 0.000000 -5.354578 99.756405 0.000000 6.975647 0.009827 
227 8.508716 0.000000 -0.861416 99.510288 0.000000 6.447315 0.014122 
228 7.547559 0.000000 -0.861416 99.756405 0.000000 6.975647 0.009827 
229 8.508716 0.000000 -1.760049 99.756405 0.000000 6.975647 0.009827 
230 9.469874 0.000000 -0.861416 99.055039 0.000000 5.261335 0.022048 
231 8.028138 0.000000 0.486532 99.756405 0.000000 0.000000 0.004890 
232 7.547559 0.000000 0.486532 99.756405 0.000000 0.000000 0.004890 
233 8.028138 0.000000 0.037216 99.756405 0.000000 0.000000 0.004890 
234 8.508716 0.000000 0.486532 99.756405 0.000000 0.000000 0.004890 
235 8.028138 0.000000 0.935848 100.507373 0.000000 4.779655 -0.007827 
236 1.780614 0.000000 0.037216 99.756405 0.000000 6.975647 0.009827 
237 -0.141701 0.000000 0.037216 99.756405 0.000000 6.975647 0.009827 
238 1.780614 0.000000 -1.760049 99.756405 0.000000 6.975647 0.009827 
239 1.780614 0.000000 1.834480 99.756405 0.000000 6.975647 0.009827 
240 4.664087 0.000000 0.935848 99.756405 0.000000 6.975647 0.009827 
241 3.702929 0.000000 0.935848 99.756405 0.000000 6.975647 0.009827 
242 4.664087 0.000000 0.037216 99.756405 0.000000 6.975647 0.009827 
243 4.664087 0.000000 1.834480 99.756405 0.000000 6.975647 0.009827 
244 5.625244 0.000000 -3.557313 99.756405 0.000000 6.975647 0.009827 
245 3.702929 0.000000 -3.557313 99.756405 0.000000 6.975647 0.009827 
246 5.625244 0.000000 -5.354578 99.756405 0.000000 6.975647 0.009827 
247 6.586402 0.000000 -0.861416 99.756405 0.000000 6.975647 0.009827 
248 5.625244 0.000000 -0.861416 99.756405 0.000000 6.975647 0.009827 
249 6.586402 0.000000 -1.760049 99.756405 0.000000 6.975647 0.009827 
250 6.105823 0.000000 0.486532 99.756405 0.000000 0.000000 0.004890 
251 5.625244 0.000000 0.486532 99.756405 0.000000 6.975647 0.009827 
252 6.105823 0.000000 0.037216 99.756405 0.000000 0.000000 0.004890 
253 6.586402 0.000000 0.486532 99.756405 0.000000 0.000000 0.004890 
254 6.105823 0.000000 0.935848 99.756405 0.000000 6.975647 0.009827 
255 4.664087 0.000000 -0.861416 99.756405 0.000000 6.975647 0.009827 
256 3.702929 0.000000 -0.861416 99.756405 0.000000 6.975647 0.009827 
257 4.664087 0.000000 -1.760049 99.756405 0.000000 6.975647 0.009827 
258 6.105823 0.000000 -0.412100 99.756405 0.000000 6.975647 0.009827 
259 5.625244 0.000000 -0.412100 99.756405 0.000000 6.975647 0.009827 
260 6.105823 0.000000 -0.861416 99.756405 0.000000 6.975647 0.009827 
261 6.586402 0.000000 -0.412100 99.756405 0.000000 6.975647 0.009827 
262 7.066980 0.000000 0.486532 99.756405 0.000000 0.000000 0.004890 
263 7.066980 0.000000 0.037216 99.756405 0.000000 0.000000 0.004890 
264 7.066980 0.000000 0.935848 100.113026 0.000000 6.131799 0.001500 
265 6.346112 0.000000 0.261874 99.756405 0.000000 0.000000 0.004890 
266 6.105823 0.000000 0.261874 99.756405 0.000000 0.000000 0.004890 
267 6.346112 0.000000 0.037216 99.756405 0.000000 0.000000 0.004890 
268 6.586402 0.000000 0.261874 99.756405 0.000000 0.000000 0.004890 
269 6.346112 0.000000 0.486532 99.756405 0.000000 0.000000 0.004890 
270 5.144665 0.000000 0.486532 99.756405 0.000000 6.975647 0.009827 
271 4.664087 0.000000 0.486532 99.756405 0.000000 6.975647 0.009827 
272 5.144665 0.000000 0.037216 99.756405 0.000000 6.975647 0.009827 
273 5.144665 0.000000 0.935848 99.756405 0.000000 6.975647 0.009827 
274 5.865533 0.000000 0.261874 99.756405 0.000000 6.975647 0.009827 
275 5.625244 0.000000 0.261874 99.756405 0.000000 6.975647 0.009827 
276 5.865533 0.000000 0.037216 99.756405 0.000000 6.975647 0.009827 
277 5.865533 0.000000 0.486532 99.756405 0.000000 6.975647 0.009827 
278 15.717397 0.000000 0.486532 100.007773 0.000000 7.372685 0.005308 
279 15.717397 0.000000 0.037216 100.118425 0.000000 7.293188 0.002958 
280 16.197976 0.000000 0.486532 100.056372 0.000000 7.413077 0.004387 
281 15.717397 0.000000 0.935848 99.733063 0.000000 7.425074 0.010963 
282 14.996529 0.000000 0.261874 99.904268 0.000000 0.000000 0.001917 
283 14.996529 0.000000 0.037216 100.072551 0.000000 7.136092 0.003654 
284 15.236819 0.000000 0.261874 100.051726 0.000000 7.272686 0.004273 
285 14.996529 0.000000 0.486532 99.904268 0.000000 0.000000 0.001917 
286 14.275661 0.000000 2.733113 100.555160 0.000000 4.947128 -0.008611 
287 13.314504 0.000000 2.733113 100.631106 0.000000 4.861715 -0.010193 
288 15.236819 0.000000 2.733113 100.382128 0.000000 5.192469 -0.004936 
289 14.275661 0.000000 3.631745 100.232307 0.000000 5.860175 -0.001216 
290 14.756240 0.000000 1.385164 100.052854 0.000000 5.901142 0.002431 
291 14.275661 0.000000 1.385164 100.101627 0.000000 5.419437 0.000904 
292 15.236819 0.000000 1.385164 99.994627 0.000000 6.397023 0.004217 
293 14.756240 0.000000 1.834480 100.044396 0.000000 5.550339 0.002197 
294 14.996529 0.000000 0.711190 99.839312 0.000000 7.276543 0.008579 
295 14.756240 0.000000 0.711190 99.901358 0.000000 0.000000 0.001976 
296 15.236819 0.000000 0.711190 99.697240 0.000000 7.422428 0.011689 
297 14.996529 0.000000 0.935848 99.836031 0.000000 6.888247 0.008086 
298 14.876385 0.000000 0.374203 99.902969 0.000000 0.000000 0.001943 
299 14.756240 0.000000 0.374203 99.903507 0.000000 0.000000 0.001933 
300 14.876385 0.000000 0.261874 99.901677 0.000000 0.000000 0.001969 
301 14.996529 0.000000 0.374203 99.904268 0.000000 0.000000 0.001917 
302 14.876385 0.000000 0.486532 99.901733 0.000000 0.000000 0.001968 
303 15.717397 0.000000 -0.412100 99.899483 0.000000 6.494180 0.006266 
304 15.717397 0.000000 -0.861416 99.636709 0.000000 6.031635 0.011010 
305 16.197976 0.000000 -0.412100 100.093076 0.000000 7.090336 0.003175 
306 15.477108 0.000000 0.261874 100.083708 0.000000 7.282244 0.003641 
307 15.477108 0.000000 0.037216 100.382776 0.000000 7.734956 -0.001684 
308 15.717397 0.000000 0.261874 100.027277 0.000000 7.277425 0.004773 
309 15.477108 0.000000 0.486532 100.002788 0.000000 7.364828 0.005397 
310 15.116674 0.000000 0.374203 99.904268 0.000000 0.000000 0.001917 
311 15.116674 0.000000 0.261874 100.110581 0.000000 7.694646 0.003722 
312 15.236819 0.000000 0.374203 99.954252 0.000000 7.221938 0.006168 
313 15.116674 0.000000 0.486532 99.832761 0.000000 7.556400 0.009134 
314 16.197976 0.000000 2.733113 100.196384 0.000000 5.486483 -0.000921 
315 17.159133 0.000000 2.733113 99.940984 0.000000 5.990490 0.004791 
316 16.197976 0.000000 3.631745 100.409613 0.000000 5.332387 -0.005337 
317 15.717397 0.000000 1.385164 99.750781 0.000000 6.987965 0.009959 
318 16.197976 0.000000 1.385164 99.638529 0.000000 7.194049 0.012546 
319 15.717397 0.000000 1.834480 99.885028 0.000000 6.096516 0.006051 
320 15.477108 0.000000 0.711190 99.795675 0.000000 7.673028 0.010070 
321 15.717397 0.000000 0.711190 99.833364 0.000000 7.376676 0.008849 
322 15.477108 0.000000 0.935848 99.841241 0.000000 7.329342 0.008618 
323 15.116674 0.000000 0.598861 99.522453 0.000000 8.068045 0.016296 
324 14.996529 0.000000 0.598861 99.904268 0.000000 0.000000 0.001917 
325 15.236819 0.000000 0.598861 99.734163 0.000000 7.662244 0.011306 
326 15.116674 0.000000 0.711190 99.551366 0.000000 7.794973 0.015256 
327 15.056602 0.000000 0.430368 99.904268 0.000000 0.000000 0.001917 
328 14.996529 0.000000 0.430368 99.904268 0.000000 0.000000 0.001917 
329 15.056602 0.000000 0.374203 99.904268 0.000000 0.000000 0.001917 
330 15.116674 0.000000 0.430368 99.904268 0.000000 0.000000 0.001917 
331 15.056602 0.000000 0.486532 99.904268 0.000000 0.000000 0.001917 
332 15.356963 0.000000 0.374203 100.059417 0.000000 7.375050 0.004269 
333 15.356963 0.000000 0.261874 100.140580 0.000000 7.415416 0.002692 
334 15.477108 0.000000 0.374203 100.014919 0.000000 7.246410 0.004977 
335 15.356963 0.000000 0.486532 99.989487 0.000000 7.398015 0.005716 
336 21.003763 0.000000 0.037216 99.591425 0.000000 7.956581 0.014697 
337 21.003763 0.000000 -1.760049 99.632420 0.000000 6.218554 0.011331 
338 22.926078 0.000000 0.037216 99.651271 0.000000 7.342749 0.012507 
339 21.003763 0.000000 1.834480 99.642987 0.000000 6.629704 0.011656 
340 18.120291 0.000000 0.935848 100.246532 0.000000 7.718427 0.001022 
341 18.120291 0.000000 0.037216 99.746821 0.000000 7.713379 0.011128 
342 19.081448 0.000000 0.935848 99.656664 0.000000 8.427978 0.014154 
343 18.120291 0.000000 1.834480 99.620135 0.000000 7.159388 0.012871 
344 16.678555 0.000000 0.486532 100.004883 0.000000 7.600105 0.005711 
345 16.678555 0.000000 0.037216 99.950352 0.000000 7.429546 0.006555 
346 17.159133 0.000000 0.486532 100.070711 0.000000 7.860342 0.004787 
347 16.678555 0.000000 0.935848 99.957659 0.000000 7.498785 0.006512 
348 15.957687 0.000000 0.261874 100.000793 0.000000 7.174432 0.005158 
349 15.957687 0.000000 0.037216 100.092569 0.000000 7.225154 0.003379 
350 16.197976 0.000000 0.261874 99.945605 0.000000 7.182998 0.006286 
351 15.957687 0.000000 0.486532 99.943670 0.000000 7.161864 0.006295 
352 15.597253 0.000000 0.374203 100.030675 0.000000 7.306783 0.004748 
353 15.597253 0.000000 0.261874 100.080885 0.000000 7.320447 0.003755 
354 15.717397 0.000000 0.374203 100.042978 0.000000 7.371014 0.004594 
355 15.597253 0.000000 0.486532 99.983846 0.000000 7.312309 0.005702 
356 15.957687 0.000000 0.711190 99.837434 0.000000 7.175000 0.008467 
357 16.197976 0.000000 0.711190 99.922691 0.000000 7.242490 0.006837 
358 15.957687 0.000000 0.935848 99.698800 0.000000 7.558382 0.011866 
359 15.837542 0.000000 0.374203 100.000176 0.000000 7.289081 0.005338 
360 15.837542 0.000000 0.261874 100.033465 0.000000 7.301556 0.004684 
361 15.957687 0.000000 0.374203 99.969725 0.000000 7.160009 0.005765 
362 15.837542 0.000000 0.486532 99.962257 0.000000 7.268056 0.006074 
363 15.597253 0.000000 0.598861 99.912883 0.000000 7.368115 0.007222 
364 15.477108 0.000000 0.598861 99.912497 0.000000 7.451757 0.007356 
365 15.717397 0.000000 0.598861 99.959643 0.000000 7.390148 0.006308 
366 15.597253 0.000000 0.711190 99.803187 0.000000 7.490859 0.009635 
367 15.657325 0.000000 0.430368 99.986452 0.000000 7.271504 0.005589 
368 15.597253 0.000000 0.430368 100.009092 0.000000 7.309002 0.005187 
369 15.657325 0.000000 0.374203 100.007267 0.000000 7.265916 0.005160 
370 15.717397 0.000000 0.430368 100.023583 0.000000 7.364880 0.004977 
371 15.657325 0.000000 0.486532 99.966648 0.000000 7.281084 0.006004 
372 16.678555 0.000000 1.385164 99.490220 0.000000 7.613142 0.016222 
373 17.159133 0.000000 1.385164 99.736952 0.000000 7.309118 0.010709 
374 16.678555 0.000000 1.834480 99.557512 0.000000 6.971113 0.013878 
375 16.438265 0.000000 0.711190 99.966939 0.000000 7.421714 0.006207 
376 16.438265 0.000000 0.486532 99.993336 0.000000 7.426660 0.005681 
377 16.678555 0.000000 0.711190 99.998791 0.000000 7.521069 0.005713 
378 16.438265 0.000000 0.935848 99.877676 0.000000 7.444714 0.008051 
379 18.120291 0.000000 -0.861416 99.782970 0.000000 6.600515 0.008768 
380 18.120291 0.000000 -1.760049 99.725231 0.000000 6.250043 0.009483 
381 19.081448 0.000000 -0.861416 99.645901 0.000000 6.686654 0.011674 
382 16.678555 0.000000 -0.412100 99.954570 0.000000 7.068571 0.005940 
383 16.678555 0.000000 -0.861416 100.007138 0.000000 6.775078 0.004467 
384 17.159133 0.000000 -0.412100 99.868505 0.000000 7.091703 0.007716 
385 16.438265 0.000000 0.261874 100.011182 0.000000 7.457898 0.005367 
386 16.438265 0.000000 0.037216 99.990269 0.000000 7.291195 0.005541 
387 16.678555 0.000000 0.261874 99.950200 0.000000 7.504423 0.006671 
388 16.318121 0.000000 0.598861 100.009851 0.000000 7.442193 0.005370 
389 16.197976 0.000000 0.598861 100.034307 0.000000 7.420657 0.004844 
390 16.318121 0.000000 0.486532 100.024501 0.000000 7.463480 0.005106 
391 16.438265 0.000000 0.598861 99.984363 0.000000 7.415182 0.005845 
392 16.318121 0.000000 0.711190 99.964072 0.000000 7.413225 0.006253 
393 16.077831 0.000000 0.598861 99.897334 0.000000 7.129920 0.007187 
394 15.957687 0.000000 0.598861 99.892600 0.000000 7.139744 0.007297 
395 16.077831 0.000000 0.486532 99.921562 0.000000 7.122383 0.006685 
396 16.077831 0.000000 0.711190 99.843925 0.000000 7.135412 0.008278 
397 16.318121 0.000000 0.374203 100.034307 0.000000 7.472931 0.004922 
398 16.197976 0.000000 0.374203 100.017532 0.000000 7.346833 0.005072 
399 16.318121 0.000000 0.261874 99.988533 0.000000 7.339250 0.005647 
400 16.438265 0.000000 0.374203 100.003380 0.000000 7.455340 0.005521 
401 16.258048 0.000000 0.542697 100.041469 0.000000 7.468321 0.004771 
402 16.197976 0.000000 0.542697 100.046727 0.000000 7.418155 0.004589 
403 16.258048 0.000000 0.486532 100.045015 0.000000 7.451761 0.004674 
404 16.318121 0.000000 0.542697 100.015663 0.000000 7.443870 0.005255 
405 16.258048 0.000000 0.598861 100.008055 0.000000 7.409262 0.005357 
406 17.639712 0.000000 0.486532 100.060189 0.000000 7.623629 0.004629 
407 17.639712 0.000000 0.037216 100.053176 0.000000 8.035453 0.005422 
408 18.120291 0.000000 0.486532 99.957142 0.000000 8.148502 0.007553 
409 17.639712 0.000000 0.935848 100.097154 0.000000 7.460400 0.003635 
410 16.918844 0.000000 0.711190 99.955464 0.000000 7.478358 0.006525 
411 16.918844 0.000000 0.486532 99.954107 0.000000 7.540325 0.006647 
412 17.159133 0.000000 0.711190 100.012099 0.000000 7.729124 0.005765 
413 16.918844 0.000000 0.935848 99.956799 0.000000 7.445647 0.006449 
414 16.558410 0.000000 0.598861 99.977198 0.000000 7.459423 0.006057 
415 16.558410 0.000000 0.486532 99.979355 0.000000 7.463930 0.006020 
416 16.678555 0.000000 0.598861 99.998100 0.000000 7.546089 0.005765 
417 16.558410 0.000000 0.711190 99.952468 0.000000 7.405860 0.006477 
418 16.918844 0.000000 0.261874 99.951034 0.000000 7.567913 0.006752 
419 16.918844 0.000000 0.037216 99.909522 0.000000 7.385098 0.007316 
420 17.159133 0.000000 0.261874 99.988227 0.000000 7.673128 0.006161 
421 16.798699 0.000000 0.598861 99.963441 0.000000 7.473782 0.006357 
422 16.798699 0.000000 0.486532 99.969740 0.000000 7.508004 0.006281 
423 16.918844 0.000000 0.598861 99.976511 0.000000 7.552626 0.006212 
424 16.798699 0.000000 0.711190 99.976155 0.000000 7.488273 0.006121 
425 16.798699 0.000000 0.374203 99.973881 0.000000 7.528478 0.006229 
426 16.678555 0.000000 0.374203 99.957264 0.000000 7.515782 0.006546 
427 16.798699 0.000000 0.261874 99.978744 0.000000 7.580508 0.006210 
428 16.918844 0.000000 0.374203 99.952613 0.000000 7.566631 0.006718 
429 21.003763 0.000000 3.631745 99.566853 0.000000 5.497826 0.011804 
430 22.926078 0.000000 3.631745 99.879850 0.000000 5.109963 0.005038 
431 21.003763 0.000000 5.429010 100.147873 0.000000 5.253523 -0.000200 
432 18.120291 0.000000 2.733113 99.512620 0.000000 6.651608 0.014350 
433 19.081448 0.000000 2.733113 99.313339 0.000000 6.763165 0.018596 
434 18.120291 0.000000 3.631745 100.085591 0.000000 5.695066 0.001533 
435 17.639712 0.000000 1.385164 99.788590 0.000000 7.253115 0.009575 
436 18.120291 0.000000 1.385164 100.051773 0.000000 7.086622 0.004002 
437 17.639712 0.000000 1.834480 99.470936 0.000000 7.293919 0.016127 
438 17.399423 0.000000 0.711190 99.966013 0.000000 7.693194 0.006642 
439 17.399423 0.000000 0.486532 100.205807 0.000000 7.945716 0.002198 
440 17.639712 0.000000 0.711190 100.120795 0.000000 7.364017 0.003015 
441 17.399423 0.000000 0.935848 99.899665 0.000000 7.566973 0.007792 
442 17.038989 0.000000 0.598861 99.934660 0.000000 7.423209 0.006863 
443 17.038989 0.000000 0.486532 99.941559 0.000000 7.451827 0.006767 
444 17.159133 0.000000 0.598861 100.040969 0.000000 7.775178 0.005253 
445 17.038989 0.000000 0.711190 100.046612 0.000000 7.720087 0.005053 
446 16.858772 0.000000 0.542697 99.961166 0.000000 7.514203 0.006464 
447 16.798699 0.000000 0.542697 99.965193 0.000000 7.487633 0.006342 
448 16.858772 0.000000 0.486532 99.966279 0.000000 7.547682 0.006412 
449 16.918844 0.000000 0.542697 99.980237 0.000000 7.584055 0.006185 
450 16.858772 0.000000 0.598861 99.978300 0.000000 7.534264 0.006148 
451 17.639712 0.000000 -0.412100 99.823718 0.000000 7.035882 0.008545 
452 17.639712 0.000000 -0.861416 99.857245 0.000000 6.716094 0.007418 
453 18.120291 0.000000 -0.412100 99.809253 0.000000 7.333220 0.009274 
454 17.399423 0.000000 0.261874 100.170255 0.000000 8.051013 0.003083 
455 17.399423 0.000000 0.037216 99.907575 0.000000 7.670098 0.007791 
456 17.639712 0.000000 0.261874 100.009523 0.000000 7.835869 0.005985 
457 17.279278 0.000000 0.598861 100.014261 0.000000 7.763930 0.005776 
458 17.279278 0.000000 0.486532 100.013686 0.000000 7.779139 0.005811 
459 17.399423 0.000000 0.598861 100.161395 0.000000 7.703806 0.002712 
460 17.279278 0.000000 0.711190 100.006227 0.000000 7.724428 0.005876 
461 20.042606 0.000000 0.935848 99.583423 0.000000 8.442866 0.015682 
462 20.042606 0.000000 0.037216 99.591003 0.000000 8.047100 0.014854 
463 21.003763 0.000000 0.935848 99.547588 0.000000 8.269542 0.016120 
464 20.042606 0.000000 1.834480 99.553230 0.000000 6.868452 0.013820 
465 18.600870 0.000000 0.486532 99.804807 0.000000 8.531013 0.011303 
466 18.600870 0.000000 0.037216 99.711770 0.000000 8.034169 0.012361 
467 19.081448 0.000000 0.486532 99.696198 0.000000 8.607990 0.013659 
468 18.600870 0.000000 0.935848 99.974978 0.000000 8.304044 0.007451 
469 17.880002 0.000000 0.711190 100.223844 0.000000 7.745489 0.001520 
470 17.880002 0.000000 0.486532 100.163343 0.000000 8.020304 0.003173 
471 18.120291 0.000000 0.711190 100.049585 0.000000 8.114680 0.005624 
472 17.880002 0.000000 0.935848 100.248733 0.000000 7.638828 0.000855 
473 17.519568 0.000000 0.598861 100.083911 0.000000 7.433772 0.003862 
474 17.519568 0.000000 0.486532 100.054892 0.000000 7.570404 0.004654 
475 17.639712 0.000000 0.598861 100.090931 0.000000 7.493054 0.003810 
476 17.519568 0.000000 0.711190 100.197699 0.000000 7.731285 0.002023 
477 17.880002 0.000000 0.261874 99.943455 0.000000 7.772938 0.007224 
478 17.880002 0.000000 0.037216 99.934308 0.000000 7.895845 0.007605 
479 18.120291 0.000000 0.261874 99.886529 0.000000 8.132484 0.008961 
480 17.519568 0.000000 0.374203 100.013914 0.000000 7.634845 0.005582 
481 17.399423 0.000000 0.374203 100.181360 0.000000 8.004236 0.002784 
482 17.519568 0.000000 0.261874 100.123613 0.000000 8.068252 0.004052 
483 17.639712 0.000000 0.374203 100.036580 0.000000 7.770779 0.005335 
484 17.759857 0.000000 0.598861 100.101344 0.000000 7.608470 0.003775 
485 17.759857 0.000000 0.486532 100.083923 0.000000 7.800758 0.004425 
486 17.880002 0.000000 0.598861 100.189891 0.000000 7.884301 0.002421 
487 17.759857 0.000000 0.711190 100.114582 0.000000 7.411333 0.003210 
488 17.579640 0.000000 0.542697 100.069983 0.000000 7.529575 0.004288 
489 17.519568 0.000000 0.542697 100.067393 0.000000 7.497454 0.004291 
490 17.579640 0.000000 0.486532 100.063208 0.000000 7.613843 0.004553 
491 17.639712 0.000000 0.542697 100.076008 0.000000 7.564184 0.004219 
492 17.579640 0.000000 0.598861 100.085846 0.000000 7.466318 0.003872 
493 18.600870 0.000000 1.385164 100.150807 0.000000 7.420639 0.002494 
494 19.081448 0.000000 1.385164 99.732053 0.000000 7.873245 0.011685 
495 18.600870 0.000000 1.834480 99.673592 0.000000 7.330101 0.012033 
496 18.360580 0.000000 0.711190 100.054740 0.000000 8.308412 0.005842 
497 18.360580 0.000000 0.486532 100.005086 0.000000 8.381465 0.006971 
498 18.600870 0.000000 0.711190 99.848929 0.000000 8.504291 0.010357 
499 18.360580 0.000000 0.935848 100.063468 0.000000 8.040716 0.005223 
500 18.000146 0.000000 0.598861 100.151268 0.000000 7.908130 0.003237 
501 18.000146 0.000000 0.486532 99.955688 0.000000 8.092765 0.007491 
502 18.120291 0.000000 0.598861 100.043643 0.000000 8.261260 0.005987 
503 18.000146 0.000000 0.711190 100.209976 0.000000 7.844269 0.001953 
504 22.926078 0.000000 -8.949107 99.756405 0.000000 6.975647 0.009827 
505 22.926078 0.000000 -12.543636 99.756405 0.000000 6.975647 0.009827 
506 26.770708 0.000000 -8.949107 99.493791 0.000000 6.408174 0.014408 
507 21.003763 0.000000 -3.557313 99.623025 0.000000 6.183412 0.011478 
508 21.003763 0.000000 -5.354578 99.344917 0.000000 5.994177 0.016931 
509 22.926078 0.000000 -3.557313 99.685629 0.000000 6.205469 0.010231 
510 20.042606 0.000000 -0.861416 99.632259 0.000000 6.806413 0.012118 
511 20.042606 0.000000 -1.760049 99.608439 0.000000 6.219107 0.011821 
512 21.003763 0.000000 -0.861416 99.630399 0.000000 6.760049 0.012092 
513 18.600870 0.000000 -0.412100 99.691639 0.000000 7.216501 0.011495 
514 18.600870 0.000000 -0.861416 99.739050 0.000000 6.822302 0.009964 
515 19.081448 0.000000 -0.412100 99.683278 0.000000 7.278692 0.011758 
516 18.360580 0.000000 0.261874 99.949465 0.000000 8.377987 0.008094 
517 18.360580 0.000000 0.037216 99.830970 0.000000 8.042245 0.009943 
518 18.600870 0.000000 0.261874 99.747627 0.000000 8.332700 0.012129 
519 18.240436 0.000000 0.598861 100.012119 0.000000 8.265314 0.006633 
520 18.240436 0.000000 0.486532 99.990788 0.000000 8.366439 0.007236 
521 18.360580 0.000000 0.598861 100.056147 0.000000 8.389204 0.005950 
522 18.240436 0.000000 0.711190 100.032679 0.000000 8.157776 0.006037 
523 18.360580 0.000000 1.160506 100.204089 0.000000 7.567851 0.001644 
524 18.120291 0.000000 1.160506 100.184209 0.000000 7.416409 0.001816 
525 18.600870 0.000000 1.160506 100.088503 0.000000 7.902764 0.004495 
526 18.360580 0.000000 1.385164 100.086185 0.000000 7.353517 0.003697 
527 18.240436 0.000000 0.823519 100.077197 0.000000 8.105997 0.005051 
528 18.120291 0.000000 0.823519 100.235262 0.000000 7.910494 0.001549 
529 18.360580 0.000000 0.823519 100.078079 0.000000 8.192182 0.005176 
530 18.240436 0.000000 0.935848 100.239354 0.000000 7.768312 0.001243 
531 18.180363 0.000000 0.655026 100.037190 0.000000 8.203479 0.006022 
532 18.120291 0.000000 0.655026 100.049755 0.000000 8.197963 0.005758 
533 18.180363 0.000000 0.598861 100.025996 0.000000 8.254948 0.006334 
534 18.240436 0.000000 0.655026 100.025506 0.000000 8.196911 0.006247 
535 18.180363 0.000000 0.711190 100.041409 0.000000 8.135454 0.005824 
536 19.562027 0.000000 0.486532 99.627840 0.000000 8.659710 0.015153 
537 19.562027 0.000000 0.037216 99.657733 0.000000 8.206544 0.013753 
538 20.042606 0.000000 0.486532 99.571537 0.000000 8.569998 0.016150 
539 19.562027 0.000000 0.935848 99.647692 0.000000 8.482945 0.014433 
540 18.841159 0.000000 0.711190 99.696787 0.000000 8.518731 0.013490 
541 18.841159 0.000000 0.486532 99.664524 0.000000 8.449710 0.014031 
542 19.081448 0.000000 0.711190 99.659949 0.000000 8.552230 0.014304 
543 18.841159 0.000000 0.935848 99.751082 0.000000 8.512623 0.012369 
544 18.480725 0.000000 0.598861 99.911048 0.000000 8.455938 0.009009 
545 18.480725 0.000000 0.486532 99.805255 0.000000 8.491688 0.011226 
546 18.600870 0.000000 0.598861 99.844823 0.000000 8.587555 0.010586 
547 18.480725 0.000000 0.711190 99.929692 0.000000 8.385507 0.008509 
548 18.841159 0.000000 0.261874 99.643219 0.000000 8.273972 0.014165 
549 18.841159 0.000000 0.037216 99.736731 0.000000 8.098100 0.011957 
550 19.081448 0.000000 0.261874 99.617505 0.000000 8.405285 0.014918 
551 18.721014 0.000000 0.598861 99.680196 0.000000 8.481173 0.013764 
552 18.721014 0.000000 0.486532 99.677322 0.000000 8.492015 0.013842 
553 18.841159 0.000000 0.598861 99.695744 0.000000 8.542437 0.013553 
554 18.721014 0.000000 0.711190 99.720774 0.000000 8.544414 0.013044 
555 20.042606 0.000000 2.733113 99.304647 0.000000 6.081468 0.017868 
556 21.003763 0.000000 2.733113 99.808107 0.000000 5.429745 0.006829 
557 20.042606 0.000000 3.631745 99.436232 0.000000 5.278012 0.014227 
558 19.562027 0.000000 1.385164 99.617639 0.000000 7.846667 0.013981 
559 20.042606 0.000000 1.385164 99.655030 0.000000 7.839779 0.013204 
560 19.562027 0.000000 1.834480 99.836505 0.000000 6.876607 0.008060 
561 19.321738 0.000000 0.711190 99.608129 0.000000 8.635921 0.015515 
562 19.321738 0.000000 0.486532 99.600625 0.000000 8.649577 0.015693 
563 19.562027 0.000000 0.711190 99.637815 0.000000 8.648002 0.014927 
564 19.321738 0.000000 0.935848 99.660593 0.000000 8.444790 0.014103 
565 18.961304 0.000000 0.598861 99.697981 0.000000 8.577593 0.013569 
566 18.961304 0.000000 0.486532 99.686346 0.000000 8.543878 0.013748 
567 19.081448 0.000000 0.598861 99.711187 0.000000 8.649777 0.013426 
568 18.961304 0.000000 0.711190 99.719279 0.000000 8.609045 0.013188 
569 18.841159 0.000000 1.160506 99.821358 0.000000 8.191329 0.010386 
570 19.081448 0.000000 1.160506 99.673391 0.000000 8.233775 0.013479 
571 18.841159 0.000000 1.385164 100.152006 0.000000 7.456719 0.002524 
572 18.721014 0.000000 0.823519 99.720228 0.000000 8.467451 0.012921 
573 18.600870 0.000000 0.823519 99.937003 0.000000 8.348067 0.008296 
574 18.841159 0.000000 0.823519 99.727802 0.000000 8.539113 0.012891 
575 18.721014 0.000000 0.935848 99.796517 0.000000 8.302658 0.011080 
576 18.781087 0.000000 0.655026 99.705550 0.000000 8.553982 0.013372 
577 18.721014 0.000000 0.655026 99.688732 0.000000 8.480406 0.013588 
578 18.781087 0.000000 0.598861 99.704435 0.000000 8.568304 0.013420 
579 18.841159 0.000000 0.655026 99.699844 0.000000 8.552398 0.013487 
580 18.781087 0.000000 0.711190 99.713071 0.000000 8.541644 0.013197 
581 19.562027 0.000000 -0.412100 99.567773 0.000000 7.282620 0.014125 
582 19.562027 0.000000 -0.861416 99.687640 0.000000 6.768515 0.010936 
583 20.042606 0.000000 -0.412100 99.625995 0.000000 7.320509 0.012990 
584 19.321738 0.000000 0.261874 99.636070 0.000000 8.542200 0.014776 
585 19.321738 0.000000 0.037216 99.611225 0.000000 8.151164 0.014613 
586 19.562027 0.000000 0.261874 99.620820 0.000000 8.469922 0.014962 
587 19.201593 0.000000 0.598861 99.603005 0.000000 8.640862 0.015629 
588 19.201593 0.000000 0.486532 99.602426 0.000000 8.631126 0.015623 
589 19.321738 0.000000 0.598861 99.597724 0.000000 8.634710 0.015726 
590 19.201593 0.000000 0.711190 99.604863 0.000000 8.618299 0.015551 
591 30.615338 0.000000 -1.760049 100.084575 0.000000 5.046676 0.000855 
592 30.615338 0.000000 -5.354578 100.355423 0.000000 6.644643 -0.002699 
593 34.459968 0.000000 -1.760049 100.005184 0.000000 4.965393 0.002367 
594 30.615338 0.000000 1.834480 99.836422 0.000000 5.743696 0.006611 
595 24.848393 0.000000 0.037216 99.937248 0.000000 6.033030 0.004918 
596 24.848393 0.000000 -1.760049 99.982866 0.000000 6.064726 0.004037 
597 26.770708 0.000000 0.037216 100.033232 0.000000 5.478096 0.002342 
598 24.848393 0.000000 1.834480 99.586038 0.000000 6.419005 0.012537 
599 21.964921 0.000000 0.935848 99.534724 0.000000 8.075288 0.016056 
600 21.964921 0.000000 0.037216 99.604776 0.000000 7.768751 0.014119 
601 22.926078 0.000000 0.935848 99.602299 0.000000 8.037712 0.014607 
602 21.964921 0.000000 1.834480 99.705957 0.000000 6.791566 0.010595 
603 20.523185 0.000000 0.486532 99.579551 0.000000 8.543602 0.015938 
604 20.523185 0.000000 0.037216 99.597772 0.000000 8.017336 0.014666 
605 21.003763 0.000000 0.486532 99.570360 0.000000 8.497104 0.016045 
606 20.523185 0.000000 0.935848 99.600750 0.000000 8.373924 0.015207 
607 19.802316 0.000000 0.711190 99.615961 0.000000 8.612320 0.015312 
608 19.802316 0.000000 0.486532 99.582826 0.000000 8.633412 0.016030 
609 20.042606 0.000000 0.711190 99.565349 0.000000 8.559548 0.016258 
610 19.802316 0.000000 0.935848 99.627670 0.000000 8.466510 0.014815 
611 19.321738 0.000000 1.160506 99.638071 0.000000 8.187108 0.014123 
612 19.562027 0.000000 1.160506 99.674650 0.000000 8.125511 0.013271 
613 19.321738 0.000000 1.385164 99.654662 0.000000 7.896650 0.013304 
614 19.441882 0.000000 0.823519 99.643379 0.000000 8.574196 0.014682 
615 19.321738 0.000000 0.823519 99.601744 0.000000 8.560780 0.015513 
616 19.441882 0.000000 0.711190 99.643070 0.000000 8.633145 0.014793 
617 19.562027 0.000000 0.823519 99.640306 0.000000 8.569941 0.014738 
618 19.441882 0.000000 0.935848 99.639820 0.000000 8.467921 0.014569 
619 19.201593 0.000000 0.823519 99.668166 0.000000 8.538637 0.014111 
620 19.081448 0.000000 0.823519 99.655489 0.000000 8.491611 0.014289 
621 19.201593 0.000000 0.935848 99.646812 0.000000 8.408892 0.014323 
622 19.441882 0.000000 0.598861 99.640220 0.000000 8.670427 0.014918 
623 19.441882 0.000000 0.486532 99.630945 0.000000 8.641751 0.015057 
624 19.562027 0.000000 0.598861 99.629266 0.000000 8.665349 0.015133 
625 19.381810 0.000000 0.767355 99.639000 0.000000 8.590692 0.014801 
626 19.321738 0.000000 0.767355 99.610683 0.000000 8.616183 0.015427 
627 19.381810 0.000000 0.711190 99.644756 0.000000 8.640886 0.014772 
628 19.441882 0.000000 0.767355 99.648701 0.000000 8.625778 0.014664 
629 19.381810 0.000000 0.823519 99.606889 0.000000 8.579955 0.015441 
630 20.523185 0.000000 1.385164 99.537145 0.000000 7.620123 0.015270 
631 21.003763 0.000000 1.385164 99.574155 0.000000 7.479873 0.014293 
632 20.523185 0.000000 1.834480 99.608603 0.000000 6.702278 0.012457 
633 19.802316 0.000000 1.160506 99.658942 0.000000 8.214461 0.013742 
634 20.042606 0.000000 1.160506 99.630900 0.000000 8.170670 0.014243 
635 19.802316 0.000000 1.385164 99.676490 0.000000 7.778333 0.012667 
636 19.682172 0.000000 0.823519 99.632593 0.000000 8.573314 0.014902 
637 19.682172 0.000000 0.711190 99.624279 0.000000 8.618621 0.015153 
638 19.802316 0.000000 0.823519 99.619826 0.000000 8.550120 0.015123 
639 19.682172 0.000000 0.935848 99.634182 0.000000 8.463935 0.014677 
640 20.282895 0.000000 0.711190 99.577293 0.000000 8.576764 0.016043 
641 20.282895 0.000000 0.486532 99.565670 0.000000 8.562107 0.016256 
642 20.523185 0.000000 0.711190 99.575491 0.000000 8.551013 0.016035 
643 20.282895 0.000000 0.935848 99.576668 0.000000 8.422440 0.015786 
644 19.922461 0.000000 0.823519 99.574373 0.000000 8.535337 0.016030 
645 19.922461 0.000000 0.711190 99.568469 0.000000 8.575717 0.016223 
646 20.042606 0.000000 0.823519 99.560582 0.000000 8.488844 0.016232 
647 19.922461 0.000000 0.935848 99.611924 0.000000 8.438524 0.015090 
648 20.282895 0.000000 1.160506 99.573045 0.000000 8.149065 0.015393 
649 20.523185 0.000000 1.160506 99.613386 0.000000 8.105495 0.014493 
650 20.282895 0.000000 1.385164 99.633384 0.000000 7.787752 0.013564 
651 20.162751 0.000000 0.823519 99.578595 0.000000 8.517827 0.015913 
652 20.162751 0.000000 0.711190 99.560622 0.000000 8.544770 0.016329 
653 20.282895 0.000000 0.823519 99.575942 0.000000 8.515813 0.015964 
654 20.162751 0.000000 0.935848 99.579075 0.000000 8.428206 0.015746 
655 21.964921 0.000000 -0.861416 99.660327 0.000000 6.714737 0.011419 
656 21.964921 0.000000 -1.760049 99.617690 0.000000 6.173079 0.011574 
657 22.926078 0.000000 -0.861416 99.720018 0.000000 6.574706 0.010013 
658 20.523185 0.000000 -0.412100 99.640568 0.000000 7.304522 0.012669 
659 20.523185 0.000000 -0.861416 99.612667 0.000000 6.704232 0.012377 
660 21.003763 0.000000 -0.412100 99.623308 0.000000 7.267054 0.012965 
661 20.282895 0.000000 0.261874 99.575707 0.000000 8.374182 0.015722 
662 20.042606 0.000000 0.261874 99.583998 0.000000 8.391699 0.015582 
663 20.282895 0.000000 0.037216 99.591271 0.000000 8.063975 0.014877 
664 20.523185 0.000000 0.261874 99.577522 0.000000 8.325129 0.015600 
665 20.162751 0.000000 0.598861 99.564046 0.000000 8.575316 0.016313 
666 20.042606 0.000000 0.598861 99.565479 0.000000 8.582120 0.016296 
667 20.162751 0.000000 0.486532 99.570072 0.000000 8.565626 0.016172 
668 20.282895 0.000000 0.598861 99.563428 0.000000 8.583968 0.016341 
669 20.102678 0.000000 0.767355 99.561905 0.000000 8.525420 0.016269 
670 20.042606 0.000000 0.767355 99.566655 0.000000 8.539804 0.016197 
671 20.102678 0.000000 0.711190 99.566119 0.000000 8.561297 0.016246 
672 20.162751 0.000000 0.767355 99.578527 0.000000 8.549364 0.015970 
673 20.102678 0.000000 0.823519 99.580132 0.000000 8.521660 0.015888 
674 21.484342 0.000000 0.486532 99.576090 0.000000 8.384312 0.015731 
675 21.484342 0.000000 0.037216 99.613364 0.000000 7.902654 0.014159 
676 21.964921 0.000000 0.486532 99.562548 0.000000 8.165475 0.015636 
677 21.484342 0.000000 0.935848 99.548321 0.000000 8.150599 0.015903 
678 20.763474 0.000000 0.711190 99.563460 0.000000 8.506510 0.016204 
679 20.763474 0.000000 0.486532 99.573799 0.000000 8.509237 0.015996 
680 21.003763 0.000000 0.711190 99.575726 0.000000 8.528418 0.015990 
681 20.763474 0.000000 0.935848 99.586257 0.000000 8.414879 0.015575 
682 20.403040 0.000000 0.823519 99.610222 0.000000 8.491910 0.015218 
683 20.403040 0.000000 0.711190 99.605614 0.000000 8.544089 0.015404 
684 20.523185 0.000000 0.823519 99.600388 0.000000 8.467211 0.015376 
685 20.403040 0.000000 0.935848 99.611528 0.000000 8.405558 0.015041 
686 30.615338 0.000000 5.429010 99.604281 0.000000 4.728918 0.010238 
687 34.459968 0.000000 5.429010 99.827115 0.000000 4.187062 0.005235 
688 30.615338 0.000000 9.023539 99.857021 0.000000 6.230723 0.006785 
689 24.848393 0.000000 3.631745 99.839995 0.000000 5.079777 0.005811 
690 26.770708 0.000000 3.631745 99.521088 0.000000 4.733488 0.011936 
691 24.848393 0.000000 5.429010 99.644382 0.000000 5.910449 0.010706 
692 21.964921 0.000000 2.733113 99.809009 0.000000 5.569361 0.006966 
693 22.926078 0.000000 2.733113 99.811353 0.000000 5.636248 0.006994 
694 21.964921 0.000000 3.631745 99.711216 0.000000 5.393292 0.008752 
695 21.484342 0.000000 1.385164 99.609877 0.000000 7.488919 0.013576 
696 21.964921 0.000000 1.385164 99.626281 0.000000 7.591248 0.013399 
697 21.484342 0.000000 1.834480 99.689465 0.000000 6.746672 0.010869 
698 20.763474 0.000000 1.160506 99.566221 0.000000 7.952866 0.015207 
699 21.003763 0.000000 1.160506 99.538058 0.000000 7.915898 0.015725 
700 20.763474 0.000000 1.385164 99.571380 0.000000 7.526921 0.014423 
701 20.643329 0.000000 0.823519 99.571709 0.000000 8.483626 0.015994 
702 20.643329 0.000000 0.711190 99.572966 0.000000 8.550879 0.016087 
703 20.763474 0.000000 0.823519 99.586764 0.000000 8.516597 0.015743 
704 20.643329 0.000000 0.935848 99.614320 0.000000 8.397268 0.014969 
705 20.763474 0.000000 0.261874 99.586314 0.000000 8.295418 0.015369 
706 20.763474 0.000000 0.037216 99.594044 0.000000 7.986654 0.014692 
707 21.003763 0.000000 0.261874 99.583640 0.000000 8.289738 0.015414 
708 20.643329 0.000000 0.598861 99.573859 0.000000 8.574470 0.016110 
709 20.523185 0.000000 0.598861 99.574806 0.000000 8.563876 0.016072 
710 20.643329 0.000000 0.486532 99.575904 0.000000 8.541579 0.016010 
711 20.763474 0.000000 0.598861 99.568506 0.000000 8.536396 0.016153 
712 21.244053 0.000000 0.711190 99.569452 0.000000 8.449852 0.015981 
713 21.244053 0.000000 0.486532 99.589131 0.000000 8.476915 0.015625 
714 21.484342 0.000000 0.711190 99.546494 0.000000 8.319074 0.016227 
715 21.244053 0.000000 0.935848 99.517982 0.000000 8.195103 0.016602 
716 20.883619 0.000000 0.823519 99.573246 0.000000 8.454909 0.015912 
717 20.883619 0.000000 0.711190 99.577831 0.000000 8.526540 0.015944 
718 21.003763 0.000000 0.823519 99.569752 0.000000 8.448197 0.015972 
719 20.883619 0.000000 0.935848 99.561543 0.000000 8.321625 0.015922 
720 20.703402 0.000000 0.767355 99.569466 0.000000 8.516624 0.016098 
721 20.643329 0.000000 0.767355 99.574894 0.000000 8.530790 0.016011 
722 20.703402 0.000000 0.711190 99.572226 0.000000 8.552717 0.016105 
723 20.763474 0.000000 0.767355 99.582876 0.000000 8.538836 0.015862 
724 20.703402 0.000000 0.823519 99.588300 0.000000 8.517070 0.015712 
725 57.527746 0.000000 -41.299869 99.756405 0.000000 6.975647 0.009827 
726 57.527746 0.000000 -55.677985 99.756405 0.000000 6.975647 0.009827 
727 72.906265 0.000000 -41.299869 99.756405 0.000000 6.975647 0.009827 
728 -34.743369 0.000000 -41.299869 99.756405 0.000000 6.975647 0.009827 
729 -50.121888 0.000000 -41.299869 99.756405 0.000000 6.975647 0.009827 
730 -34.743369 0.000000 -55.677985 99.756405 0.000000 6.975647 0.009827 
731 34.459968 0.000000 -19.732694 99.756405 0.000000 6.975647 0.009827 
732 34.459968 0.000000 -26.921753 99.756405 0.000000 6.975647 0.009827 
733 42.149227 0.000000 -19.732694 99.756405 0.000000 6.975647 0.009827 
734 -11.675590 0.000000 -19.732694 99.756405 0.000000 6.975647 0.009827 
735 -19.364850 0.000000 -19.732694 99.756405 0.000000 6.975647 0.009827 
736 -11.675590 0.000000 -26.921753 99.756405 0.000000 6.975647 0.009827 
737 -0.141701 0.000000 -8.949107 99.756405 0.000000 6.975647 0.009827 
738 -3.986330 0.000000 -8.949107 99.756405 0.000000 6.975647 0.009827 
739 -0.141701 0.000000 -12.543636 99.756405 0.000000 6.975647 0.009827 
740 12.353346 0.000000 -0.861416 99.152362 0.000000 5.019010 0.019779 
741 11.392189 0.000000 -0.861416 98.994423 0.000000 4.810306 0.022827 
742 12.353346 0.000000 -1.760049 98.993370 0.000000 5.130974 0.023182 
743 30.615338 0.000000 -8.949107 99.553859 0.000000 6.401331 0.013171 
744 30.615338 0.000000 -12.543636 99.756405 0.000000 6.975647 0.009827 
745 34.459968 0.000000 -8.949107 99.756188 0.000000 6.537692 0.009228 
746 24.848393 0.000000 -3.557313 99.649514 0.000000 6.052966 0.010775 
747 24.848393 0.000000 -5.354578 99.607746 0.000000 6.278404 0.011911 
748 26.770708 0.000000 -3.557313 99.975733 0.000000 6.256644 0.004419 
749 12.353346 0.000000 2.733113 100.310748 0.000000 5.630108 -0.003045 
750 11.392189 0.000000 2.733113 100.433887 0.000000 5.493367 -0.005647 
751 12.353346 0.000000 3.631745 99.756405 0.000000 6.975647 0.009827 
752 13.795082 0.000000 1.385164 99.996902 0.000000 5.422864 0.003012 
753 13.314504 0.000000 1.385164 100.031562 0.000000 5.520710 0.002422 
754 13.795082 0.000000 1.834480 100.174874 0.000000 5.358570 -0.000629 
755 13.795082 0.000000 -0.412100 99.582303 0.000000 5.495698 0.011486 
756 13.314504 0.000000 -0.412100 99.516204 0.000000 5.330969 0.012651 
757 13.795082 0.000000 -0.861416 99.473647 0.000000 5.556484 0.013772 
758 14.515950 0.000000 0.711190 99.887932 0.000000 0.000000 0.002245 
759 14.275661 0.000000 0.711190 99.883899 0.000000 0.000000 0.002326 
760 14.515950 0.000000 0.935848 100.132474 0.000000 6.407083 0.001456 
761 10.431031 0.000000 -0.861416 98.767804 0.000000 4.466903 0.027196 
762 10.431031 0.000000 -1.760049 99.611462 0.000000 6.664955 0.012347 
763 10.431031 0.000000 2.733113 99.756405 0.000000 6.975647 0.009827 
764 9.469874 0.000000 2.733113 99.756405 0.000000 6.975647 0.009827 
765 10.431031 0.000000 3.631745 99.756405 0.000000 6.975647 0.009827 
766 1.780614 0.000000 -3.557313 99.756405 0.000000 6.975647 0.009827 
767 -0.141701 0.000000 -3.557313 99.756405 0.000000 6.975647 0.009827 
768 1.780614 0.000000 -5.354578 99.756405 0.000000 6.975647 0.009827 
769 1.780614 0.000000 3.631745 99.756405 0.000000 6.975647 0.009827 
770 -0.141701 0.000000 3.631745 99.756405 0.000000 6.975647 0.009827 
771 1.780614 0.000000 5.429010 99.756405 0.000000 6.975647 0.009827 
772 7.066980 0.000000 -0.412100 99.756405 0.000000 6.975647 0.009827 
773 7.066980 0.000000 -0.861416 99.756405 0.000000 6.975647 0.009827 
774 7.547559 0.000000 -0.412100 99.378348 0.000000 6.162512 0.016456 
775 5.144665 0.000000 -0.412100 99.756405 0.000000 6.975647 0.009827 
776 4.664087 0.000000 -0.412100 99.756405 0.000000 6.975647 0.009827 
777 5.144665 0.000000 -0.861416 99.756405 0.000000 6.975647 0.009827 
778 14.876385 0.000000 0.598861 99.901604 0.000000 0.000000 0.001971 
779 14.756240 0.000000 0.598861 99.901453 0.000000 0.000000 0.001974 
780 14.876385 0.000000 0.711190 99.904268 0.000000 0.000000 0.001917 
781 15.356963 0.000000 0.598861 99.896858 0.000000 7.557842 0.007834 
782 15.356963 0.000000 0.711190 99.723192 0.000000 8.065760 0.012180 
783 16.077831 0.000000 0.374203 99.948268 0.000000 7.139502 0.006169 
784 16.077831 0.000000 0.261874 99.970367 0.000000 7.145624 0.005731 
785 15.837542 0.000000 0.598861 99.926471 0.000000 7.298583 0.006843 
786 15.837542 0.000000 0.711190 99.857458 0.000000 7.332148 0.008293 
787 16.558410 0.000000 0.374203 99.977852 0.000000 7.482160 0.006078 
788 16.558410 0.000000 0.261874 99.977192 0.000000 7.481721 0.006090 
789 17.038989 0.000000 0.374203 99.952560 0.000000 7.483752 0.006592 
790 17.038989 0.000000 0.261874 99.939690 0.000000 7.471775 0.006835 
791 17.159133 0.000000 0.374203 100.074521 0.000000 7.888363 0.004754 
792 17.880002 0.000000 1.160506 100.167205 0.000000 7.329088 0.002029 
793 17.639712 0.000000 1.160506 99.838966 0.000000 7.465890 0.008870 
794 17.880002 0.000000 1.385164 99.785662 0.000000 7.377753 0.009820 
795 17.279278 0.000000 0.374203 100.025516 0.000000 7.811132 0.005622 
796 17.279278 0.000000 0.261874 100.031680 0.000000 7.817514 0.005508 
797 18.000146 0.000000 0.823519 100.232404 0.000000 7.664345 0.001222 
798 17.880002 0.000000 0.823519 100.251556 0.000000 7.765956 0.000995 
799 18.000146 0.000000 0.935848 100.262044 0.000000 7.483775 0.000353 
800 17.759857 0.000000 0.823519 100.127589 0.000000 7.233320 0.002686 
801 17.639712 0.000000 0.823519 100.152900 0.000000 7.192795 0.002118 
802 17.759857 0.000000 0.935848 100.165881 0.000000 7.066108 0.001675 
803 17.759857 0.000000 0.374203 100.034364 0.000000 7.864387 0.005528 
804 17.759857 0.000000 0.261874 100.005100 0.000000 7.929796 0.006225 
805 17.880002 0.000000 0.374203 99.993218 0.000000 7.750441 0.006180 
806 18.480725 0.000000 0.823519 100.089166 0.000000 8.248344 0.005045 
807 18.480725 0.000000 0.935848 100.111872 0.000000 8.127866 0.004387 
808 19.802316 0.000000 0.261874 99.583802 0.000000 8.423043 0.015640 
809 19.802316 0.000000 0.037216 99.589626 0.000000 8.094079 0.014961 
810 18.961304 0.000000 0.823519 99.668815 0.000000 8.520246 0.014066 
811 18.961304 0.000000 0.935848 99.676096 0.000000 8.453954 0.013801 
812 19.682172 0.000000 0.598861 99.626832 0.000000 8.665850 0.015184 
813 19.682172 0.000000 0.486532 99.622520 0.000000 8.647334 0.015240 
814 19.802316 0.000000 0.598861 99.577598 0.000000 8.642279 0.016153 
815 19.922461 0.000000 0.598861 99.572004 0.000000 8.605185 0.016202 
816 19.922461 0.000000 0.486532 99.576788 0.000000 8.589063 0.016076 
817 20.403040 0.000000 0.598861 99.606085 0.000000 8.567649 0.015436 
818 20.403040 0.000000 0.486532 99.596795 0.000000 8.528737 0.015558 
819 21.484342 0.000000 -0.412100 99.638588 0.000000 7.236616 0.012608 
820 21.484342 0.000000 -0.861416 99.627038 0.000000 6.727010 0.012115 
821 21.964921 0.000000 -0.412100 99.645080 0.000000 7.160770 0.012363 
822 21.244053 0.000000 0.261874 99.594905 0.000000 8.256336 0.015126 
823 21.244053 0.000000 0.037216 99.613366 0.000000 7.939480 0.014219 
824 21.484342 0.000000 0.261874 99.603239 0.000000 8.218823 0.014891 
825 20.883619 0.000000 0.598861 99.567730 0.000000 8.527180 0.016152 
826 20.883619 0.000000 0.486532 99.570714 0.000000 8.497996 0.016040 
827 21.003763 0.000000 0.598861 99.578025 0.000000 8.545687 0.015973 
828 21.244053 0.000000 1.160506 99.541537 0.000000 7.881209 0.015597 
829 21.484342 0.000000 1.160506 99.572561 0.000000 7.884440 0.014966 
830 21.244053 0.000000 1.385164 99.559802 0.000000 7.496400 0.014613 
831 8.508716 0.000000 2.733113 99.756405 0.000000 6.975647 0.009827 
832 7.547559 0.000000 2.733113 99.756405 0.000000 6.975647 0.009827 
833 8.508716 0.000000 3.631745 99.756405 0.000000 6.975647 0.009827 
834 6.586402 0.000000 2.733113 99.756405 0.000000 6.975647 0.009827 
835 5.625244 0.000000 2.733113 99.756405 0.000000 6.975647 0.009827 
836 6.586402 0.000000 3.631745 99.756405 0.000000 6.975647 0.009827 
837 8.028138 0.000000 -0.412100 98.923802 0.000000 4.982727 0.024467 
838 8.028138 0.000000 -0.861416 99.756405 0.000000 6.975647 0.009827 
839 8.508716 0.000000 -0.412100 98.911867 0.000000 4.809763 0.024537 
840 17.399423 0.000000 1.160506 99.840483 0.000000 7.346658 0.008659 
841 17.159133 0.000000 1.160506 99.900384 0.000000 7.527205 0.007716 
842 17.399423 0.000000 1.385164 99.778905 0.000000 7.362744 0.009935 
843 17.519568 0.000000 0.823519 100.136242 0.000000 7.567890 0.003010 
844 17.399423 0.000000 0.823519 99.955016 0.000000 7.636491 0.006777 
845 17.519568 0.000000 0.935848 99.945645 0.000000 7.638653 0.006970 
846 17.279278 0.000000 0.823519 99.970589 0.000000 7.691821 0.006547 
847 17.159133 0.000000 0.823519 99.974651 0.000000 7.571898 0.006279 
848 17.279278 0.000000 0.935848 99.927027 0.000000 7.636871 0.007344 
849 18.000146 0.000000 0.374203 99.936734 0.000000 8.134569 0.007944 
850 18.000146 0.000000 0.261874 99.925102 0.000000 8.174135 0.008246 
851 18.120291 0.000000 0.374203 99.910117 0.000000 8.137462 0.008490 
852 18.240436 0.000000 0.374203 99.960986 0.000000 8.379772 0.007863 
853 18.240436 0.000000 0.261874 99.876030 0.000000 8.195327 0.009279 
854 18.360580 0.000000 0.374203 99.967262 0.000000 8.373272 0.007725 
855 4.664087 0.000000 2.733113 99.756405 0.000000 6.975647 0.009827 
856 3.702929 0.000000 2.733113 99.756405 0.000000 6.975647 0.009827 
857 4.664087 0.000000 3.631745 99.756405 0.000000 6.975647 0.009827 
858 16.918844 0.000000 1.160506 99.853573 0.000000 7.386553 0.008453 
859 16.678555 0.000000 1.160506 99.834605 0.000000 7.603571 0.009169 
860 16.918844 0.000000 1.385164 99.667379 0.000000 7.527258 0.012460 
861 17.038989 0.000000 0.823519 100.037268 0.000000 7.691919 0.005198 
862 16.918844 0.000000 0.823519 99.944948 0.000000 7.445847 0.006689 
863 17.038989 0.000000 0.935848 100.007237 0.000000 7.630296 0.005710 
864 16.798699 0.000000 0.823519 99.984102 0.000000 7.509852 0.005993 
865 16.678555 0.000000 0.823519 99.972931 0.000000 7.476970 0.006170 
866 16.798699 0.000000 0.935848 99.956078 0.000000 7.480746 0.006516 
867 18.480725 0.000000 0.374203 99.763909 0.000000 8.393543 0.011900 
868 18.480725 0.000000 0.261874 99.736277 0.000000 8.287622 0.012284 
869 18.600870 0.000000 0.374203 99.793997 0.000000 8.512011 0.011491 
870 18.721014 0.000000 0.374203 99.781888 0.000000 8.491580 0.011703 
871 18.721014 0.000000 0.261874 99.773187 0.000000 8.411615 0.011742 
872 18.841159 0.000000 0.374203 99.667945 0.000000 8.429322 0.013925 
1 19 21 3 22 
2 20 19 22 9 
3 28 20 9 30 
4 29 28 30 4 
5 35 37 19 38 
6 36 35 38 20 
7 44 36 20 46 
8 45 44 46 28 
9 51 53 35 54 
10 52 51 54 36 
11 60 52 36 62 
12 61 60 62 44 
13 67 69 51 70 
14 68 67 70 52 
15 10 77 76 26 
16 77 13 78 76 
17 76 78 8 79 
18 26 76 79 14 
19 81 26 82 80 
20 80 82 14 83 
21 92 68 52 94 
22 93 92 94 60 
23 95 97 67 98 
24 96 95 98 68 
25 7 106 104 105 
26 106 12 107 104 
27 104 107 10 25 
28 105 104 25 11 
29 11 110 108 109 
30 110 25 111 108 
31 108 111 23 41 
32 109 108 41 24 
33 24 114 112 113 
34 114 41 115 112 
35 112 115 39 57 
36 113 112 57 40 
37 40 118 116 117 
38 118 57 119 116 
39 116 119 55 73 
40 117 116 73 56 
41 73 122 120 121 
42 122 55 123 120 
43 14 79 124 37 
44 79 8 125 124 
45 124 125 21 126 
46 37 124 126 19 
47 83 14 128 127 
48 127 128 37 129 
49 53 127 129 35 
50 130 131 53 132 
51 69 130 132 51 
52 133 134 69 135 
53 97 133 135 67 
54 72 151 149 150 
55 151 71 100 149 
56 149 100 75 152 
57 150 149 152 5 
58 71 155 153 154 
59 155 101 141 153 
60 153 141 99 156 
61 154 153 156 100 
62 57 158 157 119 
63 158 39 159 157 
64 157 159 58 89 
65 119 157 89 55 
66 55 161 160 123 
67 161 89 162 160 
68 120 165 163 164 
69 165 123 166 163 
70 163 166 74 142 
71 164 163 142 101 
72 101 169 167 168 
73 169 142 170 167 
74 167 170 140 171 
75 168 167 171 141 
76 172 96 68 174 
77 173 172 174 92 
78 145 177 175 176 
79 177 72 150 175 
80 175 150 5 178 
81 176 175 178 148 
82 16 181 179 180 
83 181 15 32 179 
84 179 32 18 182 
85 180 179 182 6 
86 32 185 183 184 
87 185 31 48 183 
88 183 48 34 186 
89 184 183 186 18 
90 48 189 187 188 
91 188 187 190 34 
92 197 145 176 195 
93 195 176 148 198 
94 196 195 198 66 
95 6 182 199 200 
96 182 18 45 199 
97 199 45 28 201 
98 200 199 201 29 
99 18 186 202 203 
100 186 34 61 202 
101 202 61 44 204 
102 203 202 204 45 
103 34 190 205 206 
104 205 93 60 207 
105 206 205 207 61 
106 208 173 92 210 
107 209 208 210 93 
108 211 196 66 214 
109 212 211 214 194 
110 17 217 215 216 
111 217 7 105 215 
112 215 105 11 33 
113 216 215 33 15 
114 33 220 218 219 
115 220 11 109 218 
116 218 109 24 49 
117 219 218 49 31 
118 49 223 221 222 
119 223 24 113 221 
120 221 113 40 65 
121 222 221 65 47 
122 65 226 224 225 
123 226 40 117 224 
124 224 117 56 147 
125 225 224 147 63 
126 63 229 227 228 
127 229 147 230 227 
128 227 230 145 197 
129 146 233 231 232 
130 233 197 234 231 
131 231 234 195 235 
132 232 231 235 196 
133 187 238 236 237 
134 238 64 192 236 
135 236 192 50 239 
136 237 236 239 190 
137 192 242 240 241 
138 240 212 194 243 
139 241 240 243 50 
140 47 246 244 245 
141 246 65 225 244 
142 244 225 63 193 
143 245 244 193 64 
144 193 249 247 248 
145 249 63 228 247 
146 250 253 211 254 
147 251 250 254 212 
148 64 257 255 256 
149 257 193 248 255 
150 256 255 242 192 
151 248 260 258 259 
152 260 247 261 258 
153 258 261 213 252 
154 259 258 252 191 
155 213 263 262 253 
156 263 146 232 262 
157 262 232 196 264 
158 253 262 264 211 
159 252 267 265 266 
160 267 213 268 265 
161 265 268 253 269 
162 266 265 269 250 
163 242 272 270 271 
164 272 191 251 270 
165 270 251 212 273 
166 271 270 273 240 
167 191 276 274 275 
168 276 252 266 274 
169 274 266 250 277 
170 275 274 277 251 
171 142 283 282 170 
172 283 74 284 282 
173 75 103 286 287 
174 103 59 288 286 
175 286 288 97 289 
176 287 286 289 95 
177 99 144 290 291 
178 144 102 292 290 
179 290 292 59 293 
180 291 290 293 103 
181 294 296 102 297 
182 295 294 297 144 
183 170 300 298 299 
184 300 282 301 298 
185 298 301 285 302 
186 299 298 302 140 
187 123 304 303 166 
188 304 160 305 303 
189 303 305 137 279 
190 166 303 279 74 
191 74 307 306 284 
192 307 279 308 306 
193 282 311 310 301 
194 311 284 312 310 
195 310 312 143 313 
196 59 139 314 288 
197 139 91 315 314 
198 314 315 133 316 
199 288 314 316 97 
200 102 281 317 292 
201 281 136 318 317 
202 317 318 139 319 
203 292 317 319 59 
204 320 321 281 322 
205 296 320 322 102 
206 285 313 323 324 
207 313 143 325 323 
208 323 325 296 326 
209 324 323 326 294 
210 301 329 327 328 
211 329 310 330 327 
212 327 330 313 331 
213 328 327 331 285 
214 284 333 332 312 
215 333 306 334 332 
216 332 334 309 335 
217 312 332 335 143 
218 279 349 348 308 
219 349 137 350 348 
220 306 353 352 334 
221 353 308 354 352 
222 334 352 355 309 
223 356 357 136 358 
224 321 356 358 281 
225 308 360 359 354 
226 360 348 361 359 
227 359 361 351 362 
228 354 359 362 278 
229 309 355 363 364 
230 355 278 365 363 
231 363 365 321 366 
232 364 363 366 320 
233 352 369 367 368 
234 369 354 370 367 
235 367 370 278 371 
236 368 367 371 355 
237 136 347 372 318 
238 372 373 91 374 
239 318 372 374 139 
240 375 377 347 378 
241 357 375 378 136 
242 89 380 379 162 
243 380 58 381 379 
244 160 383 382 305 
245 383 162 384 382 
246 382 384 88 345 
247 305 382 345 137 
248 137 386 385 350 
249 386 345 387 385 
250 390 376 391 388 
251 388 391 375 392 
252 389 388 392 357 
253 351 395 393 394 
254 395 280 389 393 
255 393 389 357 396 
256 394 393 396 356 
257 350 399 397 398 
258 399 385 400 397 
259 397 400 376 390 
260 398 397 390 280 
261 280 403 401 402 
262 403 390 404 401 
263 401 404 388 405 
264 402 401 405 389 
265 376 415 414 391 
266 415 344 416 414 
267 414 416 377 417 
268 391 414 417 375 
269 345 419 418 387 
270 419 88 420 418 
271 344 422 421 416 
272 421 423 410 424 
273 416 421 424 377 
274 387 427 425 426 
275 427 418 428 425 
276 425 428 411 422 
277 426 425 422 344 
278 429 430 130 431 
279 134 429 431 69 
280 91 343 432 315 
281 343 43 433 432 
282 432 433 134 434 
283 315 432 434 133 
284 435 436 343 437 
285 373 435 437 91 
286 411 443 442 423 
287 443 346 444 442 
288 442 444 412 445 
289 423 442 445 410 
290 422 448 446 447 
291 448 411 449 446 
292 446 449 423 450 
293 447 446 450 421 
294 162 452 451 384 
295 452 379 453 451 
296 451 453 341 407 
297 384 451 407 88 
298 88 455 454 420 
299 455 407 456 454 
300 346 458 457 444 
301 458 439 459 457 
302 457 459 438 460 
303 444 457 460 412 
304 439 474 473 459 
305 473 475 440 476 
306 459 473 476 438 
307 407 478 477 456 
308 478 341 479 477 
309 454 482 480 481 
310 482 456 483 480 
311 480 483 406 474 
312 481 480 474 439 
313 406 485 484 475 
314 485 470 486 484 
315 484 486 469 487 
316 475 484 487 440 
317 474 490 488 489 
318 490 406 491 488 
319 488 491 475 492 
320 489 488 492 473 
321 493 494 43 495 
322 436 493 495 343 
323 470 501 500 486 
324 501 408 502 500 
325 500 502 471 503 
326 486 500 503 469 
327 41 505 504 115 
328 505 23 506 504 
329 504 506 42 85 
330 115 504 85 39 
331 39 508 507 159 
332 508 85 509 507 
333 507 509 84 337 
334 159 507 337 58 
335 58 511 510 381 
336 511 337 512 510 
337 379 514 513 453 
338 514 381 515 513 
339 513 515 90 466 
340 453 513 466 341 
341 341 517 516 479 
342 517 466 518 516 
343 408 520 519 502 
344 520 497 521 519 
345 519 521 496 522 
346 340 499 523 524 
347 499 468 525 523 
348 523 525 493 526 
349 524 523 526 436 
350 471 522 527 528 
351 522 496 529 527 
352 527 529 499 530 
353 528 527 530 340 
354 502 533 531 532 
355 533 519 534 531 
356 531 534 522 535 
357 532 531 535 471 
358 497 545 544 521 
359 545 465 546 544 
360 544 546 498 547 
361 521 544 547 496 
362 466 549 548 518 
363 549 90 550 548 
364 548 550 467 541 
365 465 552 551 546 
366 552 541 553 551 
367 546 551 554 498 
368 43 464 555 433 
369 464 339 556 555 
370 555 556 429 557 
371 433 555 557 134 
372 558 559 464 560 
373 494 558 560 43 
374 541 566 565 553 
375 566 467 567 565 
376 565 567 542 568 
377 553 565 568 540 
378 468 543 569 525 
379 543 342 570 569 
380 569 570 494 571 
381 525 569 571 493 
382 498 554 572 573 
383 554 540 574 572 
384 572 574 543 575 
385 573 572 575 468 
386 551 578 576 577 
387 578 553 579 576 
388 576 579 540 580 
389 577 576 580 554 
390 381 582 581 515 
391 582 510 583 581 
392 581 583 462 537 
393 515 581 537 90 
394 90 585 584 550 
395 585 537 586 584 
396 584 586 536 562 
397 550 584 562 467 
398 467 588 587 567 
399 588 562 589 587 
400 587 589 561 590 
401 567 587 590 542 
402 42 592 591 86 
403 592 80 593 591 
404 591 593 83 594 
405 86 591 594 27 
406 84 596 595 338 
407 596 86 597 595 
408 595 597 27 598 
409 338 595 598 87 
410 600 338 601 599 
411 599 601 87 602 
412 342 564 611 570 
413 564 539 612 611 
414 611 612 558 613 
415 570 611 613 494 
416 616 563 617 614 
417 614 617 539 618 
418 615 614 618 564 
419 542 590 619 620 
420 590 561 615 619 
421 619 615 564 621 
422 620 619 621 342 
423 562 623 622 589 
424 623 536 624 622 
425 622 624 563 616 
426 589 622 616 561 
427 561 627 625 626 
428 627 616 628 625 
429 625 628 614 629 
430 626 625 629 615 
431 630 631 339 632 
432 559 630 632 464 
433 539 610 633 612 
434 610 461 634 633 
435 633 634 559 635 
436 612 633 635 558 
437 563 637 636 617 
438 637 607 638 636 
439 636 638 610 639 
440 617 636 639 539 
441 607 645 644 638 
442 645 609 646 644 
443 644 646 461 647 
444 638 644 647 610 
445 461 643 648 634 
446 643 606 649 648 
447 648 649 630 650 
448 634 648 650 559 
449 652 640 653 651 
450 651 653 643 654 
451 646 651 654 461 
452 337 656 655 512 
453 656 84 657 655 
454 655 657 338 600 
455 510 659 658 583 
456 659 512 660 658 
457 658 660 336 604 
458 583 658 604 462 
459 462 663 661 662 
460 663 604 664 661 
461 661 664 603 641 
462 662 661 641 538 
463 538 667 665 666 
464 667 641 668 665 
465 665 668 640 652 
466 666 665 652 609 
467 609 671 669 670 
468 671 652 672 669 
469 669 672 651 673 
470 670 669 673 646 
471 675 600 676 674 
472 674 676 599 677 
473 640 683 682 653 
474 683 642 684 682 
475 682 684 606 685 
476 653 682 685 643 
477 27 594 686 131 
478 594 83 687 686 
479 686 687 127 688 
480 131 686 688 53 
481 87 598 689 430 
482 598 27 690 689 
483 689 690 131 691 
484 430 689 691 130 
485 339 602 692 556 
486 602 87 693 692 
487 692 693 430 694 
488 556 692 694 429 
489 677 599 696 695 
490 695 696 602 697 
491 631 695 697 339 
492 606 681 698 649 
493 681 463 699 698 
494 698 699 631 700 
495 649 698 700 630 
496 642 702 701 684 
497 701 703 681 704 
498 684 701 704 606 
499 604 706 705 664 
500 706 336 707 705 
501 705 707 605 679 
502 664 705 679 603 
503 603 710 708 709 
504 710 679 711 708 
505 708 711 678 702 
506 709 708 702 642 
507 605 713 712 680 
508 713 674 714 712 
509 712 714 677 715 
510 680 712 715 463 
511 678 717 716 703 
512 717 680 718 716 
513 716 718 463 719 
514 703 716 719 681 
515 702 722 720 721 
516 722 678 723 720 
517 720 723 703 724 
518 721 720 724 701 
519 12 726 725 107 
520 726 2 727 725 
521 725 727 13 77 
522 107 725 77 10 
523 1 730 728 729 
524 730 17 216 728 
525 728 216 15 181 
526 729 728 181 16 
527 25 732 731 111 
528 732 10 733 731 
529 731 733 26 81 
530 111 731 81 23 
531 15 736 734 735 
532 736 33 219 734 
533 734 219 31 185 
534 735 734 185 32 
535 31 739 737 738 
536 739 49 222 737 
537 737 222 47 189 
538 738 737 189 48 
539 56 742 740 741 
540 742 73 121 740 
541 740 121 71 151 
542 741 740 151 72 
543 23 744 743 506 
544 744 81 745 743 
545 743 745 80 592 
546 506 743 592 42 
547 85 747 746 509 
548 747 42 748 746 
549 746 748 86 596 
550 509 746 596 84 
551 5 152 749 750 
552 152 75 287 749 
553 749 287 95 751 
554 750 749 751 96 
555 100 156 752 753 
556 156 99 291 752 
557 752 291 103 754 
558 753 752 754 75 
559 121 757 755 756 
560 757 120 164 755 
561 755 164 101 155 
562 756 755 155 71 
563 141 171 758 759 
564 171 140 295 758 
565 758 295 144 760 
566 759 758 760 99 
567 147 762 761 230 
568 762 56 741 761 
569 761 741 72 177 
570 230 761 177 145 
571 148 178 763 764 
572 178 5 750 763 
573 763 750 96 765 
574 764 763 765 172 
575 189 768 766 767 
576 768 47 245 766 
577 766 245 64 238 
578 767 766 238 187 
579 190 239 769 770 
580 239 50 209 769 
581 769 209 93 771 
582 770 769 771 205 
583 247 773 772 261 
584 773 228 774 772 
585 772 774 146 263 
586 261 772 263 213 
587 255 777 775 776 
588 777 248 259 775 
589 775 259 191 272 
590 776 775 272 242 
591 140 302 778 779 
592 302 285 324 778 
593 778 324 294 780 
594 779 778 780 295 
595 143 335 781 325 
596 335 309 364 781 
597 781 364 320 782 
598 325 781 782 296 
599 348 784 783 361 
600 784 350 398 783 
601 783 398 280 395 
602 361 783 395 351 
603 278 362 785 365 
604 362 351 394 785 
605 785 394 356 786 
606 365 785 786 321 
607 385 788 787 400 
608 788 387 426 787 
609 787 426 344 415 
610 400 787 415 376 
611 418 790 789 428 
612 790 420 791 789 
613 789 791 346 443 
614 428 789 443 411 
615 409 472 792 793 
616 472 340 524 792 
617 792 524 436 794 
618 793 792 794 435 
619 420 796 795 791 
620 796 454 481 795 
621 795 481 439 458 
622 791 795 458 346 
623 469 503 797 798 
624 503 471 528 797 
625 797 528 340 799 
626 798 797 799 472 
627 440 487 800 801 
628 487 469 798 800 
629 800 798 472 802 
630 801 800 802 409 
631 456 804 803 483 
632 804 477 805 803 
633 803 805 470 485 
634 483 803 485 406 
635 496 547 806 529 
636 547 498 573 806 
637 806 573 468 807 
638 529 806 807 499 
639 537 809 808 586 
640 809 462 662 808 
641 808 662 538 608 
642 586 808 608 536 
643 540 568 810 574 
644 568 542 620 810 
645 810 620 342 811 
646 574 810 811 543 
647 536 813 812 624 
648 813 608 814 812 
649 812 814 607 637 
650 624 812 637 563 
651 608 816 815 814 
652 816 538 666 815 
653 815 666 609 645 
654 814 815 645 607 
655 641 818 817 668 
656 818 603 709 817 
657 817 709 642 683 
658 668 817 683 640 
659 512 820 819 660 
660 820 655 821 819 
661 819 821 600 675 
662 660 819 675 336 
663 336 823 822 707 
664 823 675 824 822 
665 822 824 674 713 
666 707 822 713 605 
667 679 826 825 711 
668 826 605 827 825 
669 825 827 680 717 
670 711 825 717 678 
671 463 715 828 699 
672 715 677 829 828 
673 828 829 695 830 
674 699 828 830 631 
675 66 198 831 832 
676 198 148 764 831 
677 831 764 172 833 
678 832 831 833 173 
679 194 214 834 835 
680 214 66 832 834 
681 834 832 173 836 
682 835 834 836 208 
683 228 838 837 774 
684 838 227 839 837 
685 837 839 197 233 
686 774 837 233 146 
687 138 441 840 841 
688 441 409 793 840 
689 840 793 435 842 
690 841 840 842 373 
691 438 476 843 844 
692 476 440 801 843 
693 843 801 409 845 
694 844 843 845 441 
695 412 460 846 847 
696 460 438 844 846 
697 846 844 441 848 
698 847 846 848 138 
699 477 850 849 805 
700 850 479 851 849 
701 849 851 408 501 
702 805 849 501 470 
703 479 853 852 851 
704 853 516 854 852 
705 852 854 497 520 
706 851 852 520 408 
707 50 243 855 856 
708 243 194 835 855 
709 855 835 208 857 
710 856 855 857 209 
711 347 413 858 859 
712 413 138 841 858 
713 858 841 373 860 
714 859 858 860 372 
715 410 445 861 862 
716 445 412 847 861 
717 861 847 138 863 
718 862 861 863 413 
719 377 424 864 865 
720 424 410 862 864 
721 864 862 413 866 
722 865 864 866 347 
723 516 868 867 854 
724 868 518 869 867 
725 867 869 465 545 
726 854 867 545 497 
727 518 871 870 869 
728 871 548 872 870 
729 870 872 541 552 
730 869 870 552 465 
