...Wave Drag Slice...
Inlet Area: 0.000000
Exit Area: 0.000000

Theta:   0.00, Start:   1.28, End:  13.30
         0.00000000,          0.00000325
         0.05263158,          0.18606163
         0.10526316,          0.34151912
         0.15789474,          0.50138049
         0.21052632,          0.65937655
         0.26315789,          0.81905102
         0.31578947,          0.96076662
         0.36842105,          1.06738179
         0.42105263,          1.30648900
         0.47368421,          2.10003868
         0.52631579,          2.62245770
         0.57894737,          2.33549721
         0.63157895,          1.64638536
         0.68421053,          1.21653397
         0.73684211,          1.03531489
         0.78947368,          1.04479279
         0.84210526,          1.06806821
         0.89473684,          0.61625053
         0.94736842,          0.17704571
         1.00000000,          0.00001004

Theta:  20.00, Start:  -2.89, End:  18.22
         0.00000000,          0.00000145
         0.05263158,          0.05247590
         0.10526316,          0.07541145
         0.15789474,          0.10249068
         0.21052632,          0.23451360
         0.26315789,          0.60361862
         0.31578947,          0.91259235
         0.36842105,          1.27923258
         0.42105263,          1.39575199
         0.47368421,          1.29164293
         0.52631579,          1.26630762
         0.57894737,          1.27746599
         0.63157895,          1.04921170
         0.68421053,          0.72150621
         0.73684211,          0.36166101
         0.78947368,          0.26955851
         0.84210526,          0.19920229
         0.89473684,          0.07597661
         0.94736842,          0.05019704
         1.00000000,          0.00000012

Theta:  40.00, Start: -11.99, End:  26.71
         0.00000000,          0.00000040
         0.05263158,          0.03051664
         0.10526316,          0.04319229
         0.15789474,          0.05810083
         0.21052632,          0.07515956
         0.26315789,          0.09444106
         0.31578947,          0.18713222
         0.36842105,          0.65593874
         0.42105263,          1.06636081
         0.47368421,          1.22361460
         0.52631579,          1.16448571
         0.57894737,          0.77910018
         0.63157895,          0.20198278
         0.68421053,          0.13967730
         0.73684211,          0.19169986
         0.78947368,          0.08777306
         0.84210526,          0.05181502
         0.89473684,          0.03885339
         0.94736842,          0.02779462
         1.00000000,          0.00000005

Theta:  60.00, Start: -18.99, End:  32.75
         0.00000000,          0.00000063
         0.05263158,          0.02381983
         0.10526316,          0.03370244
         0.15789474,          0.04529187
         0.21052632,          0.05858495
         0.26315789,          0.07361491
         0.31578947,          0.16949193
         0.36842105,          0.10881512
         0.42105263,          0.92792883
         0.47368421,          1.20192357
         0.52631579,          1.03585462
         0.57894737,          0.32491599
         0.63157895,          0.12139005
         0.68421053,          0.09513434
         0.73684211,          0.13150866
         0.78947368,          0.04786407
         0.84210526,          0.03748220
         0.89473684,          0.02835394
         0.94736842,          0.02051368
         1.00000000,          0.00000003

Theta:  80.00, Start: -23.05, End:  35.62
         0.00000000,          0.00000048
         0.05263158,          0.02186895
         0.10526316,          0.03108692
         0.15789474,          0.04192255
         0.21052632,          0.05438517
         0.26315789,          0.12332011
         0.31578947,          0.08417395
         0.36842105,          0.10150034
         0.42105263,          0.86993559
         0.47368421,          1.16791026
         0.52631579,          1.03864215
         0.57894737,          0.12536509
         0.63157895,          0.10015933
         0.68421053,          0.14185577
         0.73684211,          0.05002259
         0.78947368,          0.04037479
         0.84210526,          0.03176154
         0.89473684,          0.02417661
         0.94736842,          0.01763209
         1.00000000,          0.00000002

Theta: 100.00, Start: -23.70, End:  34.98
         0.00000000,          0.00000034
         0.05263158,          0.02292442
         0.10526316,          0.03291533
         0.15789474,          0.04472117
         0.21052632,          0.05832023
         0.26315789,          0.16387564
         0.31578947,          0.09095125
         0.36842105,          0.10998463
         0.42105263,          0.93492561
         0.47368421,          1.16208141
         0.52631579,          0.79389351
         0.57894737,          0.11800912
         0.63157895,          0.09393681
         0.68421053,          0.16005396
         0.73684211,          0.04711900
         0.78947368,          0.03816371
         0.84210526,          0.03015263
         0.89473684,          0.02308817
         0.94736842,          0.01696601
         1.00000000,          0.00000002

Theta: 120.00, Start: -20.86, End:  30.89
         0.00000000,          0.00000040
         0.05263158,          0.02787576
         0.10526316,          0.04079248
         0.15789474,          0.05616840
         0.21052632,          0.12552084
         0.26315789,          0.10226715
         0.31578947,          0.11705395
         0.36842105,          0.51925348
         0.42105263,          1.10427186
         0.47368421,          1.18269227
         0.52631579,          0.72635504
         0.57894737,          0.17803068
         0.63157895,          0.17775925
         0.68421053,          0.07688081
         0.73684211,          0.04904842
         0.78947368,          0.03989394
         0.84210526,          0.03169203
         0.89473684,          0.02442622
         0.94736842,          0.01811216
         1.00000000,          0.00000003

Theta: 140.00, Start: -14.84, End:  23.86
         0.00000000,          0.00000150
         0.05263158,          0.04289541
         0.10526316,          0.06556629
         0.15789474,          0.13972865
         0.21052632,          0.19048225
         0.26315789,          0.16214555
         0.31578947,          0.60709247
         0.36842105,          0.94439906
         0.42105263,          1.23227162
         0.47368421,          1.21055006
         0.52631579,          0.74213677
         0.57894737,          0.28687063
         0.63157895,          0.20433787
         0.68421053,          0.11710431
         0.73684211,          0.06412274
         0.78947368,          0.04634961
         0.84210526,          0.03710815
         0.89473684,          0.02889190
         0.94736842,          0.02171743
         1.00000000,          0.00000004

Theta: 160.00, Start:  -6.45, End:  15.36
         0.00000000,          0.00000466
         0.05263158,          0.22113415
         0.10526316,          0.40797196
         0.15789474,          0.87646752
         0.21052632,          1.13440722
         0.26315789,          1.05084056
         0.31578947,          1.23484201
         0.36842105,          1.34522505
         0.42105263,          1.37414010
         0.47368421,          1.19692742
         0.52631579,          0.81070886
         0.57894737,          0.47304289
         0.63157895,          0.20287689
         0.68421053,          0.15859689
         0.73684211,          0.09918931
         0.78947368,          0.08241264
         0.84210526,          0.06719982
         0.89473684,          0.05358739
         0.94736842,          0.02711837
         1.00000000,          0.00000003

Theta: 180.00, Start:  -4.57, End:  15.76
         0.00000000,          0.00001198
         0.05263158,          0.36400154
         0.10526316,          0.69050939
         0.15789474,          1.29466304
         0.21052632,          2.00432620
         0.26315789,          1.92864567
         0.31578947,          1.64371480
         0.36842105,          1.32938688
         0.42105263,          0.91713526
         0.47368421,          0.94538960
         0.52631579,          0.22665865
         0.57894737,          0.03966334
         0.63157895,          0.03521075
         0.68421053,          0.03102317
         0.73684211,          0.02710062
         0.78947368,          0.02344309
         0.84210526,          0.02005057
         0.89473684,          0.01692308
         0.94736842,          0.01406061
         1.00000000,          0.00000002

CDWave:          0.00315424 
Mach:          5.00000000 
Set Name: All 
