2 0.000000 100.000000 5791.461216
950 808 
1 -50.000000 0.000000 -50.666667 93.955870 0.000000 34.206754 0.000219 
2 60.000000 0.000000 -50.666667 93.969983 0.000000 34.128363 0.000490 
3 60.000000 0.000000 52.000000 94.104856 0.000000 33.859500 -0.000219 
4 -50.000000 0.000000 52.000000 93.994356 0.000000 34.202445 -0.000475 
5 5.000000 0.000000 0.666667 101.544514 0.000000 -0.515198 -0.031155 
6 -50.000000 0.000000 0.666667 93.978370 0.000000 34.225216 -0.000330 
7 5.000000 0.000000 -50.666667 93.927287 0.000000 34.154798 0.001111 
8 60.000000 0.000000 0.666667 94.305699 0.000000 33.224321 0.000258 
9 5.000000 0.000000 52.000000 94.057639 0.000000 34.114069 -0.001061 
10 -22.500000 0.000000 -25.000000 93.914458 0.000000 34.219955 0.000907 
11 -50.000000 0.000000 -25.000000 93.959003 0.000000 34.217571 0.000086 
12 -22.500000 0.000000 -50.666667 93.938789 0.000000 34.195367 0.000618 
13 5.000000 0.000000 -25.000000 93.802465 0.000000 33.998042 0.004523 
14 -22.500000 0.000000 0.666667 94.003844 0.000000 34.355715 -0.001704 
15 32.500000 0.000000 -25.000000 93.972056 0.000000 33.904197 0.001976 
16 32.500000 0.000000 -50.666667 93.949564 0.000000 34.123288 0.000908 
17 60.000000 0.000000 -25.000000 94.007592 0.000000 34.008471 0.000600 
18 32.500000 0.000000 0.666667 95.217127 0.000000 30.499579 0.000347 
19 -22.500000 0.000000 26.333333 94.067388 0.000000 34.204565 -0.001863 
20 -50.000000 0.000000 26.333333 93.995412 0.000000 34.214269 -0.000575 
21 5.000000 0.000000 26.333333 94.367764 0.000000 33.863965 -0.005204 
22 -22.500000 0.000000 52.000000 94.022722 0.000000 34.182826 -0.000874 
23 -8.750000 0.000000 -12.166667 93.700556 0.000000 34.273406 0.004554 
24 -22.500000 0.000000 -12.166667 93.903383 0.000000 34.308826 0.000506 
25 -8.750000 0.000000 -25.000000 93.795254 0.000000 34.195255 0.003313 
26 5.000000 0.000000 -12.166667 93.325433 0.000000 33.304904 0.018115 
27 -8.750000 0.000000 0.666667 94.059773 0.000000 34.659187 -0.004850 
28 32.500000 0.000000 26.333333 94.445727 0.000000 33.009721 -0.000964 
29 60.000000 0.000000 26.333333 95.743694 0.000000 29.335995 -0.002746 
30 32.500000 0.000000 52.000000 94.071046 0.000000 34.007928 -0.000590 
31 18.750000 0.000000 -12.166667 94.012397 0.000000 33.024945 0.007102 
32 18.750000 0.000000 -25.000000 93.844698 0.000000 33.855257 0.004699 
33 32.500000 0.000000 -12.166667 94.104043 0.000000 33.374077 0.003060 
34 18.750000 0.000000 0.666667 97.650995 0.000000 23.182094 -0.007313 
35 -8.750000 0.000000 13.500000 94.384018 0.000000 34.225539 -0.007973 
36 -22.500000 0.000000 13.500000 94.094161 0.000000 34.294497 -0.002982 
37 5.000000 0.000000 13.500000 95.260024 0.000000 33.007335 -0.016396 
38 -8.750000 0.000000 26.333333 94.222758 0.000000 34.149720 -0.004413 
39 -1.875000 0.000000 -5.750000 92.717413 0.000000 34.180037 0.023521 
40 -8.750000 0.000000 -5.750000 93.732574 0.000000 34.443024 0.002788 
41 -1.875000 0.000000 -12.166667 93.435262 0.000000 34.010857 0.011311 
42 5.000000 0.000000 -5.750000 91.810099 0.000000 30.623585 0.063310 
43 -1.875000 0.000000 0.666667 93.711617 0.000000 36.614846 -0.012251 
44 18.750000 0.000000 13.500000 95.363165 0.000000 30.770703 -0.004097 
45 32.500000 0.000000 13.500000 97.068019 0.000000 25.729350 -0.008420 
46 18.750000 0.000000 26.333333 94.389318 0.000000 33.469129 -0.002953 
47 11.875000 0.000000 -5.750000 94.136301 0.000000 29.934260 0.024230 
48 11.875000 0.000000 -12.166667 93.663809 0.000000 32.881115 0.014592 
49 18.750000 0.000000 -5.750000 94.536969 0.000000 31.213570 0.008847 
50 11.875000 0.000000 0.666667 100.396007 0.000000 9.644186 -0.017237 
51 -1.875000 0.000000 7.083333 95.418705 0.000000 34.132542 -0.026976 
52 -8.750000 0.000000 7.083333 94.389002 0.000000 34.425133 -0.009437 
53 5.000000 0.000000 7.083333 97.429591 0.000000 30.626395 -0.043050 
54 -1.875000 0.000000 13.500000 94.729924 0.000000 33.894617 -0.012260 
55 1.562500 0.000000 -2.541667 88.101950 0.000000 31.376018 0.125359 
56 -1.875000 0.000000 -2.541667 92.201673 0.000000 34.882426 0.028207 
57 1.562500 0.000000 -5.750000 91.550587 0.000000 32.869206 0.053811 
58 5.000000 0.000000 -2.541667 90.591790 0.000000 22.913286 0.126811 
59 1.562500 0.000000 0.666667 116.296251 0.000000 16.449475 -0.379540 
60 -36.250000 0.000000 -12.166667 93.958750 0.000000 34.236827 -0.000041 
61 -50.000000 0.000000 -12.166667 93.966762 0.000000 34.223320 -0.000099 
62 -36.250000 0.000000 -25.000000 93.946276 0.000000 34.222030 0.000295 
63 -36.250000 0.000000 0.666667 93.984904 0.000000 34.243295 -0.000577 
64 -15.625000 0.000000 -5.750000 93.913138 0.000000 34.341110 0.000101 
65 -22.500000 0.000000 -5.750000 93.942863 0.000000 34.343481 -0.000474 
66 -15.625000 0.000000 -12.166667 93.864625 0.000000 34.279037 0.001438 
67 -15.625000 0.000000 0.666667 94.023761 0.000000 34.371037 -0.002184 
68 -5.312500 0.000000 -2.541667 93.575276 0.000000 34.725076 0.003784 
69 -8.750000 0.000000 -2.541667 93.836447 0.000000 34.603995 -0.000272 
70 -5.312500 0.000000 -5.750000 93.467454 0.000000 34.397481 0.008065 
71 -5.312500 0.000000 0.666667 94.069068 0.000000 34.957556 -0.007102 
72 11.875000 0.000000 7.083333 96.914617 0.000000 26.958528 -0.011921 
73 18.750000 0.000000 7.083333 98.125938 0.000000 22.846373 -0.015066 
74 11.875000 0.000000 13.500000 95.170774 0.000000 31.937955 -0.007751 
75 1.562500 0.000000 3.875000 99.522215 0.000000 33.105971 -0.100068 
76 -1.875000 0.000000 3.875000 95.744116 0.000000 35.048304 -0.039532 
77 5.000000 0.000000 3.875000 100.683816 0.000000 25.747762 -0.080018 
78 1.562500 0.000000 7.083333 96.700411 0.000000 33.004480 -0.044027 
79 -0.156250 0.000000 -0.937500 86.529173 0.000000 33.051670 0.142029 
80 -1.875000 0.000000 -0.937500 92.243451 0.000000 35.845831 0.020622 
81 -0.156250 0.000000 -2.541667 90.479159 0.000000 33.933320 0.066205 
82 1.562500 0.000000 -0.937500 84.601838 0.000000 19.296154 0.247019 
83 -0.156250 0.000000 0.666667 94.216747 0.000000 43.359656 -0.075686 
84 8.437500 0.000000 -2.541667 93.675978 0.000000 23.145036 0.068912 
85 8.437500 0.000000 -5.750000 92.957664 0.000000 29.400817 0.049446 
86 11.875000 0.000000 -2.541667 95.372987 0.000000 24.386875 0.030927 
87 8.437500 0.000000 0.666667 102.801376 0.000000 4.215368 -0.058589 
88 3.281250 0.000000 -0.937500 82.231272 0.000000 0.180898 0.323799 
89 3.281250 0.000000 -2.541667 87.111438 0.000000 26.175218 0.172646 
90 5.000000 0.000000 -0.937500 105.162051 0.000000 3.408254 -0.107067 
91 3.281250 0.000000 0.666667 117.341238 0.000000 4.207875 -0.378667 
92 -36.250000 0.000000 13.500000 94.009171 0.000000 34.232690 -0.000960 
93 -50.000000 0.000000 13.500000 93.989325 0.000000 34.221423 -0.000510 
94 -36.250000 0.000000 26.333333 94.017285 0.000000 34.215417 -0.000994 
95 -15.625000 0.000000 7.083333 94.128124 0.000000 34.326781 -0.003843 
96 -22.500000 0.000000 7.083333 94.061857 0.000000 34.334883 -0.002652 
97 -15.625000 0.000000 13.500000 94.161511 0.000000 34.257227 -0.003995 
98 -5.312500 0.000000 3.875000 94.526848 0.000000 34.632977 -0.013477 
99 -8.750000 0.000000 3.875000 94.268646 0.000000 34.543919 -0.007986 
100 -5.312500 0.000000 7.083333 94.730802 0.000000 34.425869 -0.015907 
101 -0.156250 0.000000 2.270833 97.631636 0.000000 36.717602 -0.088012 
102 -1.875000 0.000000 2.270833 95.276920 0.000000 35.956449 -0.037056 
103 1.562500 0.000000 2.270833 102.377793 0.000000 33.867251 -0.162820 
104 -0.156250 0.000000 3.875000 97.301160 0.000000 34.786841 -0.067764 
105 0.703125 0.000000 -0.135417 -1.058736 0.000000 0.423287 0.999870 
106 -0.156250 0.000000 -0.135417 73.542584 0.000000 39.119139 0.306118 
107 0.703125 0.000000 -0.937500 84.571989 0.000000 23.974680 0.227279 
108 1.562500 0.000000 -0.135417 -0.137626 0.000000 0.616700 0.999960 
109 0.703125 0.000000 0.666667 107.281680 0.000000 40.542370 -0.315304 
110 -3.593750 0.000000 -0.937500 93.421547 0.000000 35.386236 0.002023 
111 -5.312500 0.000000 -0.937500 93.785233 0.000000 34.818171 -0.000797 
112 -3.593750 0.000000 -2.541667 93.083207 0.000000 35.044808 0.010738 
113 -3.593750 0.000000 0.666667 94.047824 0.000000 35.577604 -0.011076 
114 -1.015625 0.000000 -0.135417 90.542075 0.000000 37.575532 0.039021 
115 -1.875000 0.000000 -0.135417 92.764671 0.000000 36.352179 0.007323 
116 -1.015625 0.000000 -0.937500 90.108060 0.000000 35.960963 0.058735 
117 -1.015625 0.000000 0.666667 93.084915 0.000000 38.393237 -0.013884 
118 8.437500 0.000000 3.875000 99.159972 0.000000 21.910707 -0.031278 
119 11.875000 0.000000 3.875000 98.832771 0.000000 19.952083 -0.016600 
120 8.437500 0.000000 7.083333 96.989801 0.000000 28.542218 -0.022168 
121 3.281250 0.000000 2.270833 105.561190 0.000000 25.946071 -0.181636 
122 5.000000 0.000000 2.270833 102.485239 0.000000 19.500943 -0.088351 
123 3.281250 0.000000 3.875000 100.809609 0.000000 29.471751 -0.103116 
124 0.703125 0.000000 1.468750 101.226241 0.000000 38.186809 -0.170498 
125 -0.156250 0.000000 1.468750 96.709909 0.000000 38.557391 -0.083948 
126 1.562500 0.000000 1.468750 105.820794 0.000000 34.292131 -0.237399 
127 0.703125 0.000000 2.270833 99.665108 0.000000 35.948325 -0.122542 
128 0.273438 0.000000 0.265625 104.246366 0.000000 62.160116 -0.473118 
129 -0.156250 0.000000 0.265625 86.848376 0.000000 47.658899 0.018599 
130 0.273438 0.000000 -0.135417 42.548270 0.000000 -12.383920 0.803628 
131 0.703125 0.000000 0.265625 115.599731 0.000000 38.510934 -0.484639 
132 0.273438 0.000000 0.666667 99.457444 0.000000 45.821634 -0.199141 
133 -3.593750 0.000000 2.270833 94.696251 0.000000 35.415888 -0.022167 
134 -5.312500 0.000000 2.270833 94.375821 0.000000 34.864678 -0.012234 
135 -3.593750 0.000000 3.875000 95.027972 0.000000 34.977935 -0.025377 
136 -1.015625 0.000000 1.468750 95.265246 0.000000 37.629733 -0.049146 
137 -1.875000 0.000000 1.468750 94.674595 0.000000 36.445576 -0.029156 
138 -1.015625 0.000000 2.270833 96.135830 0.000000 36.473083 -0.057238 
139 -0.585938 0.000000 0.265625 90.318801 0.000000 40.400961 0.021028 
140 -1.015625 0.000000 0.265625 91.672829 0.000000 38.277598 0.013092 
141 -0.585938 0.000000 -0.135417 87.755196 0.000000 38.597338 0.080927 
142 -0.585938 0.000000 0.666667 93.235808 0.000000 40.158430 -0.030562 
143 -8.750000 0.000000 -37.833333 93.903128 0.000000 34.171524 0.001451 
144 -22.500000 0.000000 -37.833333 93.926809 0.000000 34.201109 0.000804 
145 -8.750000 0.000000 -50.666667 93.929492 0.000000 34.178568 0.000908 
146 5.000000 0.000000 -37.833333 93.894656 0.000000 34.117420 0.001980 
147 -1.875000 0.000000 -18.583333 93.722593 0.000000 34.041843 0.005723 
148 -8.750000 0.000000 -18.583333 93.788758 0.000000 34.183903 0.003513 
149 -1.875000 0.000000 -25.000000 93.806117 0.000000 34.096288 0.003786 
150 5.000000 0.000000 -18.583333 93.710325 0.000000 33.827626 0.007407 
151 1.562500 0.000000 -8.958333 93.050317 0.000000 33.352209 0.022927 
152 -1.875000 0.000000 -8.958333 93.263736 0.000000 33.952913 0.014908 
153 1.562500 0.000000 -12.166667 93.315866 0.000000 33.682686 0.015763 
154 5.000000 0.000000 -8.958333 93.127806 0.000000 32.585052 0.026543 
155 -0.156250 0.000000 -4.145833 91.452713 0.000000 33.840437 0.049123 
156 -1.875000 0.000000 -4.145833 92.440962 0.000000 34.482286 0.026564 
157 -0.156250 0.000000 -5.750000 92.142004 0.000000 33.763136 0.036990 
158 1.562500 0.000000 -4.145833 90.557680 0.000000 32.326652 0.075429 
159 0.703125 0.000000 -1.739583 88.115924 0.000000 31.886870 0.121881 
160 -0.156250 0.000000 -1.739583 89.047918 0.000000 33.929479 0.091926 
161 0.703125 0.000000 -2.541667 89.237882 0.000000 32.996180 0.094785 
162 1.562500 0.000000 -1.739583 86.481042 0.000000 29.740453 0.163653 
163 0.273438 0.000000 -0.536458 75.223449 0.000000 18.692106 0.399204 
164 -0.156250 0.000000 -0.536458 81.926847 0.000000 32.746194 0.221568 
165 0.273438 0.000000 -0.937500 84.635696 0.000000 28.779261 0.200855 
166 0.703125 0.000000 -0.536458 73.608831 0.000000 -16.145881 0.432105 
167 0.058594 0.000000 0.065104 58.277293 0.000000 65.881564 0.226338 
168 -0.156250 0.000000 0.065104 78.335854 0.000000 47.269789 0.162906 
169 0.058594 0.000000 -0.135417 20.439289 0.000000 2.063876 0.957798 
170 0.273438 0.000000 0.065104 -0.112361 0.000000 1.049448 0.999889 
171 0.058594 0.000000 0.265625 88.248876 0.000000 57.059401 -0.104364 
172 2.421875 0.000000 -0.135417 4.959961 0.000000 1.159073 0.997406 
173 2.421875 0.000000 -0.937500 79.897006 0.000000 15.778387 0.336751 
174 3.281250 0.000000 -0.135417 13.848624 0.000000 0.926049 0.980736 
175 2.421875 0.000000 0.666667 118.993850 0.000000 9.710029 -0.425382 
176 1.132812 0.000000 0.265625 -0.495166 0.000000 0.174197 0.999972 
177 1.132812 0.000000 -0.135417 -0.663338 0.000000 0.424793 0.999938 
178 1.562500 0.000000 0.265625 0.287918 0.000000 0.475027 0.999969 
179 1.132812 0.000000 0.666667 116.390751 0.000000 21.015051 -0.398844 
180 0.488281 0.000000 0.065104 -1.144088 0.000000 0.561570 0.999838 
181 0.488281 0.000000 -0.135417 -1.122785 0.000000 0.437464 0.999855 
182 0.703125 0.000000 0.065104 -1.055476 0.000000 0.368088 0.999875 
183 0.488281 0.000000 0.265625 111.628139 0.000000 50.687614 -0.503008 
184 0.273438 0.000000 1.067708 99.176384 0.000000 41.148662 -0.152917 
185 -0.156250 0.000000 1.067708 96.404698 0.000000 40.507679 -0.093474 
186 0.703125 0.000000 1.067708 102.786330 0.000000 39.706318 -0.214162 
187 0.273438 0.000000 1.468750 99.012637 0.000000 38.897113 -0.131649 
188 0.058594 0.000000 0.466146 94.013891 0.000000 49.286498 -0.126777 
189 -0.156250 0.000000 0.466146 91.692736 0.000000 45.465512 -0.047467 
190 0.273438 0.000000 0.466146 99.908189 0.000000 50.901895 -0.257265 
191 0.058594 0.000000 0.666667 96.139932 0.000000 45.174286 -0.128360 
192 0.166016 0.000000 0.165365 93.140519 0.000000 72.245269 -0.389454 
193 0.058594 0.000000 0.165365 84.686657 0.000000 76.958556 -0.309445 
194 0.166016 0.000000 0.065104 85.524407 0.000000 77.549712 -0.332838 
195 0.273438 0.000000 0.165365 100.944212 0.000000 66.289397 -0.458402 
196 0.166016 0.000000 0.265625 100.483620 0.000000 66.893481 -0.457170 
197 1.132812 0.000000 -0.536458 81.797933 0.000000 -8.496598 0.323691 
198 1.132812 0.000000 -0.937500 85.182895 0.000000 20.854510 0.230896 
199 1.562500 0.000000 -0.536458 83.305039 0.000000 -2.821929 0.305231 
200 0.488281 0.000000 -0.335938 62.356246 0.000000 -19.814592 0.571908 
201 0.273438 0.000000 -0.335938 49.669585 0.000000 -19.537306 0.715123 
202 0.488281 0.000000 -0.536458 75.400846 0.000000 8.942649 0.423474 
203 0.703125 0.000000 -0.335938 72.931635 0.000000 -15.291396 0.444715 
204 -1.015625 0.000000 -1.739583 91.031814 0.000000 34.848588 0.049878 
205 -1.875000 0.000000 -1.739583 92.122528 0.000000 35.342791 0.026433 
206 -1.015625 0.000000 -2.541667 91.412545 0.000000 34.612432 0.044573 
207 -0.585938 0.000000 -0.536458 87.791070 0.000000 36.334806 0.097251 
208 -1.015625 0.000000 -0.536458 90.110011 0.000000 36.637895 0.053785 
209 -0.585938 0.000000 -0.937500 88.363441 0.000000 35.267441 0.094811 
210 0.058594 0.000000 -0.335938 67.609305 0.000000 23.710665 0.486679 
211 -0.156250 0.000000 -0.335938 77.777953 0.000000 33.974039 0.279635 
212 0.058594 0.000000 -0.536458 77.901231 0.000000 27.390400 0.318116 
213 0.380859 0.000000 -0.235677 55.990506 0.000000 -19.973146 0.646614 
214 0.273438 0.000000 -0.235677 45.758528 0.000000 -19.418811 0.752907 
215 0.380859 0.000000 -0.335938 56.715475 0.000000 -20.091883 0.637967 
216 0.488281 0.000000 -0.235677 60.438596 0.000000 -18.610828 0.600081 
217 0.380859 0.000000 -0.135417 -0.782780 0.000000 0.440372 0.999919 
218 0.488281 0.000000 0.466146 113.418726 0.000000 46.844389 -0.505820 
219 0.703125 0.000000 0.466146 115.708244 0.000000 36.630311 -0.473018 
220 0.488281 0.000000 0.666667 103.542466 0.000000 44.295517 -0.268314 
221 2.421875 0.000000 1.468750 109.440905 0.000000 28.159129 -0.277025 
222 3.281250 0.000000 1.468750 109.901460 0.000000 20.925590 -0.251621 
223 2.421875 0.000000 2.270833 104.798763 0.000000 30.435348 -0.190909 
224 1.132812 0.000000 1.067708 105.945820 0.000000 36.413890 -0.255049 
225 1.562500 0.000000 1.067708 108.524800 0.000000 32.552880 -0.283732 
226 1.132812 0.000000 1.468750 103.555742 0.000000 36.531156 -0.205832 
227 0.917969 0.000000 0.466146 116.222432 0.000000 29.874649 -0.440015 
228 0.917969 0.000000 0.265625 -0.901929 0.000000 0.236898 0.999913 
229 1.132812 0.000000 0.466146 116.227020 0.000000 24.720420 -0.411982 
230 0.917969 0.000000 0.666667 116.525367 0.000000 25.705709 -0.423894 
231 0.917969 0.000000 -0.335938 78.133856 0.000000 -13.089250 0.372377 
232 0.917969 0.000000 -0.536458 78.907693 0.000000 -11.451974 0.364243 
233 1.132812 0.000000 -0.335938 81.319921 0.000000 -10.010876 0.328685 
234 0.917969 0.000000 -0.135417 -0.881891 0.000000 0.372348 0.999908 
235 3.281250 0.000000 -4.145833 90.271514 0.000000 30.026048 0.094949 
236 3.281250 0.000000 -5.750000 91.389399 0.000000 31.732726 0.064101 
237 5.000000 0.000000 -4.145833 91.082625 0.000000 28.072790 0.091587 
238 2.421875 0.000000 -1.739583 83.937683 0.000000 26.145546 0.227088 
239 2.421875 0.000000 -2.541667 87.085987 0.000000 29.163961 0.156549 
240 3.281250 0.000000 -1.739583 84.494829 0.000000 21.604691 0.239386 
241 1.132812 0.000000 -1.338542 86.428847 0.000000 28.219523 0.173371 
242 0.703125 0.000000 -1.338542 86.905434 0.000000 29.815492 0.155848 
243 1.132812 0.000000 -1.739583 87.432291 0.000000 30.798000 0.140708 
244 1.562500 0.000000 -1.338542 85.544979 0.000000 27.079208 0.194877 
245 0.917969 0.000000 -0.736979 83.152325 0.000000 13.711179 0.289769 
246 0.703125 0.000000 -0.736979 82.091920 0.000000 16.781050 0.297931 
247 0.917969 0.000000 -0.937500 84.928934 0.000000 22.129412 0.229737 
248 1.132812 0.000000 -0.736979 84.000884 0.000000 11.776183 0.280517 
249 0.810547 0.000000 -0.436198 75.915306 0.000000 -14.222110 0.403460 
250 0.703125 0.000000 -0.436198 73.528515 0.000000 -14.617738 0.437988 
251 0.810547 0.000000 -0.536458 76.731065 0.000000 -12.096483 0.396602 
252 0.917969 0.000000 -0.436198 78.525758 0.000000 -11.172218 0.370889 
253 0.810547 0.000000 -0.335938 74.758863 0.000000 -14.103688 0.421220 
254 1.992188 0.000000 0.265625 1.893078 0.000000 1.044600 0.999533 
255 1.992188 0.000000 -0.135417 0.759661 0.000000 0.606779 0.999905 
256 2.421875 0.000000 0.265625 5.777692 0.000000 1.844968 0.996321 
257 1.992188 0.000000 0.666667 117.384693 0.000000 12.042026 -0.392418 
258 1.992188 0.000000 1.067708 110.874514 0.000000 28.502777 -0.310557 
259 2.421875 0.000000 1.067708 112.779684 0.000000 24.091491 -0.329966 
260 1.992188 0.000000 1.468750 107.803409 0.000000 31.621370 -0.262149 
261 1.777344 0.000000 0.466146 116.563150 0.000000 14.512425 -0.379758 
262 1.562500 0.000000 0.466146 116.198802 0.000000 17.589369 -0.381155 
263 1.777344 0.000000 0.265625 0.893253 0.000000 0.704407 0.999871 
264 1.992188 0.000000 0.466146 117.432408 0.000000 12.324663 -0.394227 
265 1.777344 0.000000 0.666667 116.585545 0.000000 14.276968 -0.379602 
266 1.992188 0.000000 -0.536458 80.402136 0.000000 -0.090270 0.353549 
267 1.992188 0.000000 -0.937500 82.573381 0.000000 17.870543 0.286228 
268 2.421875 0.000000 -0.536458 78.038808 0.000000 1.575393 0.390746 
269 1.992188 0.000000 -1.338542 83.913716 0.000000 25.500034 0.230824 
270 1.992188 0.000000 -1.739583 85.391807 0.000000 28.338704 0.190516 
271 2.421875 0.000000 -1.338542 82.324518 0.000000 23.337909 0.267802 
272 1.777344 0.000000 -0.736979 81.826612 0.000000 -2.711088 0.329706 
273 1.562500 0.000000 -0.736979 83.030175 0.000000 -4.658152 0.308429 
274 1.777344 0.000000 -0.937500 83.734581 0.000000 18.708454 0.263851 
275 1.992188 0.000000 -0.736979 80.281118 0.000000 0.114492 0.355493 
276 1.777344 0.000000 -0.536458 82.119863 0.000000 -0.825303 0.325565 
277 6.718750 0.000000 -0.937500 95.650455 0.000000 19.175043 0.048331 
278 6.718750 0.000000 -2.541667 92.386742 0.000000 23.035157 0.093407 
279 8.437500 0.000000 -0.937500 93.490661 0.000000 16.069626 0.100126 
280 6.718750 0.000000 0.666667 95.829084 0.000000 -6.770380 0.077095 
281 4.140625 0.000000 -0.135417 11.906914 0.000000 1.689347 0.985537 
282 4.140625 0.000000 -0.937500 95.984865 0.000000 0.289113 0.078682 
283 5.000000 0.000000 -0.135417 -4.461343 0.000000 0.122788 0.998008 
284 4.140625 0.000000 0.666667 110.192021 0.000000 1.723593 -0.214525 
285 2.851562 0.000000 0.265625 11.323986 0.000000 1.935798 0.986802 
286 2.851562 0.000000 -0.135417 11.081384 0.000000 1.248965 0.987564 
287 3.281250 0.000000 0.265625 14.423890 0.000000 1.336366 0.979017 
288 2.851562 0.000000 0.666667 119.335905 0.000000 5.830418 -0.427505 
289 2.207031 0.000000 0.466146 118.360663 0.000000 11.771360 -0.414781 
290 2.207031 0.000000 0.265625 3.538489 0.000000 1.436877 0.998541 
291 2.421875 0.000000 0.466146 119.066246 0.000000 9.227235 -0.426191 
292 2.207031 0.000000 0.666667 118.034659 0.000000 10.654084 -0.404569 
293 2.851562 0.000000 -0.536458 78.684443 0.000000 1.498579 0.380651 
294 2.851562 0.000000 -0.937500 78.968803 0.000000 0.162316 0.376390 
295 3.281250 0.000000 -0.536458 83.976348 0.000000 0.847359 0.294725 
296 2.207031 0.000000 -0.736979 78.593102 0.000000 1.719319 0.382017 
297 2.207031 0.000000 -0.937500 81.136457 0.000000 16.880624 0.313192 
298 2.421875 0.000000 -0.736979 77.958477 0.000000 0.812085 0.392182 
299 2.207031 0.000000 -0.536458 79.200342 0.000000 0.458563 0.372710 
300 6.718750 0.000000 2.270833 99.644729 0.000000 17.494187 -0.023512 
301 8.437500 0.000000 2.270833 100.847937 0.000000 15.737456 -0.041797 
302 6.718750 0.000000 3.875000 99.944980 0.000000 23.336453 -0.053359 
303 4.140625 0.000000 1.468750 106.502418 0.000000 15.805913 -0.159259 
304 5.000000 0.000000 1.468750 102.973888 0.000000 13.600521 -0.078860 
305 4.140625 0.000000 2.270833 104.293968 0.000000 21.867945 -0.135544 
306 3.710938 0.000000 0.265625 16.425456 0.000000 0.839298 0.972950 
307 3.710938 0.000000 -0.135417 14.938657 0.000000 0.887588 0.977605 
308 4.140625 0.000000 0.265625 16.649963 0.000000 0.956316 0.972186 
309 3.710938 0.000000 0.666667 113.959924 0.000000 2.731164 -0.299432 
310 4.140625 0.000000 -1.739583 88.486519 0.000000 18.119380 0.184182 
311 4.140625 0.000000 -2.541667 88.661763 0.000000 23.952534 0.156537 
312 5.000000 0.000000 -1.739583 94.011556 0.000000 18.109780 0.083386 
313 3.710938 0.000000 -0.536458 89.717984 0.000000 0.639689 0.195027 
314 3.710938 0.000000 -0.937500 89.912766 0.000000 0.160075 0.191567 
315 4.140625 0.000000 -0.536458 95.878131 0.000000 0.898626 0.080658 
316 5.859375 0.000000 -0.135417 3.484468 0.000000 -3.245510 0.997733 
317 5.859375 0.000000 -0.937500 103.972178 0.000000 18.415518 -0.114935 
318 6.718750 0.000000 -0.135417 10.574934 0.000000 -0.815757 0.988751 
319 5.859375 0.000000 0.666667 96.034730 0.000000 -5.527427 0.074678 
320 4.570312 0.000000 0.265625 16.490650 0.000000 2.057525 0.972383 
321 4.570312 0.000000 -0.135417 5.568925 0.000000 2.806407 0.996111 
322 5.000000 0.000000 0.265625 13.610216 0.000000 4.141045 0.979761 
323 4.570312 0.000000 0.666667 106.929107 0.000000 1.179337 -0.143522 
324 5.859375 0.000000 1.468750 100.336300 0.000000 12.598110 -0.022609 
325 6.718750 0.000000 1.468750 99.264632 0.000000 13.123455 -0.002569 
326 5.859375 0.000000 2.270833 100.981693 0.000000 18.185710 -0.052802 
327 4.570312 0.000000 1.067708 104.100529 0.000000 9.566843 -0.092844 
328 4.140625 0.000000 1.067708 107.557281 0.000000 10.398631 -0.167670 
329 5.000000 0.000000 1.067708 102.274829 0.000000 10.234903 -0.056489 
330 4.570312 0.000000 1.468750 104.806283 0.000000 14.451805 -0.119321 
331 4.355469 0.000000 0.466146 108.515065 0.000000 1.831766 -0.177887 
332 4.140625 0.000000 0.466146 110.207022 0.000000 1.805567 -0.214885 
333 4.355469 0.000000 0.265625 108.309859 0.000000 1.085300 -0.173220 
334 4.570312 0.000000 0.466146 106.938913 0.000000 1.252467 -0.143750 
335 4.355469 0.000000 0.666667 108.298807 0.000000 1.107989 -0.172986 
336 4.570312 0.000000 -0.536458 102.161085 0.000000 1.944965 -0.044067 
337 4.570312 0.000000 -0.937500 103.002373 0.000000 2.338554 -0.061496 
338 5.000000 0.000000 -0.536458 106.405521 0.000000 3.736611 -0.133610 
339 18.750000 0.000000 -37.833333 93.917562 0.000000 34.071302 0.001864 
340 18.750000 0.000000 -50.666667 93.935739 0.000000 34.133591 0.001097 
341 32.500000 0.000000 -37.833333 93.949472 0.000000 34.059784 0.001343 
342 11.875000 0.000000 -18.583333 93.780330 0.000000 33.654493 0.007262 
343 11.875000 0.000000 -25.000000 93.839237 0.000000 33.915252 0.004395 
344 18.750000 0.000000 -18.583333 93.902004 0.000000 33.619343 0.005215 
345 8.437500 0.000000 -8.958333 93.371873 0.000000 32.061501 0.025375 
346 8.437500 0.000000 -12.166667 93.442485 0.000000 33.003963 0.017924 
347 11.875000 0.000000 -8.958333 93.808205 0.000000 31.975123 0.017761 
348 6.718750 0.000000 -4.145833 92.594154 0.000000 27.479262 0.067121 
349 6.718750 0.000000 -5.750000 92.300115 0.000000 29.742836 0.059605 
350 8.437500 0.000000 -4.145833 93.139913 0.000000 26.930140 0.059972 
351 5.859375 0.000000 -1.739583 95.130034 0.000000 20.457071 0.053178 
352 5.859375 0.000000 -2.541667 91.796719 0.000000 22.954313 0.104646 
353 6.718750 0.000000 -1.739583 93.750168 0.000000 21.081010 0.076650 
354 4.570312 0.000000 -1.338542 94.328675 0.000000 12.553880 0.094450 
355 4.140625 0.000000 -1.338542 89.442330 0.000000 13.157973 0.182694 
356 4.570312 0.000000 -1.739583 91.599201 0.000000 17.562807 0.130113 
357 5.000000 0.000000 -1.338542 99.162532 0.000000 13.645985 -0.001942 
358 4.355469 0.000000 -0.736979 99.726219 0.000000 1.007322 0.005367 
359 4.140625 0.000000 -0.736979 95.882270 0.000000 0.848773 0.080587 
360 4.355469 0.000000 -0.937500 98.901319 0.000000 1.456033 0.021641 
361 4.570312 0.000000 -0.736979 102.186731 0.000000 1.854189 -0.044557 
362 4.355469 0.000000 -0.536458 98.689286 0.000000 3.129977 0.025063 
363 5.429688 0.000000 0.265625 11.227021 0.000000 -1.394018 0.987201 
364 5.429688 0.000000 -0.135417 -2.448048 0.000000 -3.265016 0.998335 
365 5.859375 0.000000 0.265625 11.468979 0.000000 -2.827702 0.986047 
366 5.429688 0.000000 0.666667 97.560024 0.000000 -4.380127 0.046286 
367 5.429688 0.000000 1.067708 100.827255 0.000000 7.734071 -0.022595 
368 5.859375 0.000000 1.067708 99.029726 0.000000 7.621729 0.013502 
369 5.429688 0.000000 1.468750 101.603776 0.000000 12.966869 -0.049147 
370 5.214844 0.000000 0.466146 98.375435 0.000000 -3.520311 0.030988 
371 5.000000 0.000000 0.466146 104.186409 0.000000 0.626418 -0.085520 
372 5.214844 0.000000 0.265625 11.195758 0.000000 1.334836 0.987287 
373 5.429688 0.000000 0.466146 97.649016 0.000000 -4.641312 0.044313 
374 5.214844 0.000000 0.666667 98.984955 0.000000 -2.703532 0.019467 
375 5.429688 0.000000 -0.536458 116.980853 0.000000 12.389113 -0.383801 
376 5.429688 0.000000 -0.937500 112.346331 0.000000 15.566253 -0.286401 
377 5.859375 0.000000 -0.536458 109.910953 0.000000 13.644868 -0.226660 
378 5.429688 0.000000 -1.338542 100.470481 0.000000 17.419153 -0.039774 
379 5.429688 0.000000 -1.739583 95.248529 0.000000 19.292658 0.055551 
380 5.859375 0.000000 -1.338542 98.455599 0.000000 19.613383 -0.007819 
381 5.214844 0.000000 -0.736979 113.167259 0.000000 7.300013 -0.286012 
382 5.000000 0.000000 -0.736979 106.522610 0.000000 3.779161 -0.136135 
383 5.214844 0.000000 -0.937500 116.082881 0.000000 10.454815 -0.358454 
384 5.429688 0.000000 -0.736979 117.344131 0.000000 10.306032 -0.387586 
385 5.214844 0.000000 -0.536458 115.046922 0.000000 8.129584 -0.330188 
386 46.250000 0.000000 -12.166667 94.104670 0.000000 33.678272 0.001009 
387 46.250000 0.000000 -25.000000 94.001425 0.000000 33.960059 0.001045 
388 60.000000 0.000000 -12.166667 94.076152 0.000000 33.828864 0.000529 
389 46.250000 0.000000 0.666667 94.558234 0.000000 32.487219 0.000332 
390 25.625000 0.000000 -5.750000 94.495437 0.000000 32.142428 0.003748 
391 25.625000 0.000000 -12.166667 94.103967 0.000000 33.225678 0.004050 
392 32.500000 0.000000 -5.750000 94.382595 0.000000 32.660889 0.002519 
393 25.625000 0.000000 0.666667 95.992746 0.000000 28.231173 -0.001161 
394 15.312500 0.000000 -2.541667 95.668384 0.000000 27.277547 0.010350 
395 15.312500 0.000000 -5.750000 94.438274 0.000000 30.605330 0.014473 
396 18.750000 0.000000 -2.541667 95.415112 0.000000 28.886904 0.006150 
397 15.312500 0.000000 0.666667 99.416845 0.000000 19.121628 -0.024935 
398 10.156250 0.000000 -0.937500 95.238338 0.000000 16.540189 0.065608 
399 10.156250 0.000000 -2.541667 94.688482 0.000000 23.029419 0.050374 
400 11.875000 0.000000 -0.937500 97.333664 0.000000 17.829741 0.020826 
401 10.156250 0.000000 0.666667 95.973538 0.000000 14.552108 0.057732 
402 7.578125 0.000000 -0.135417 95.704971 0.000000 14.201188 0.063888 
403 7.578125 0.000000 -0.937500 92.370166 0.000000 17.565631 0.115920 
404 8.437500 0.000000 -0.135417 101.016171 0.000000 14.318972 -0.040930 
405 7.578125 0.000000 0.666667 94.254439 0.000000 11.530432 0.098315 
406 6.289062 0.000000 0.265625 11.595373 0.000000 -2.050639 0.986134 
407 6.289062 0.000000 -0.135417 7.443036 0.000000 -1.752971 0.994153 
408 6.718750 0.000000 0.265625 95.804825 0.000000 -8.898256 0.074226 
409 6.289062 0.000000 0.666667 95.342160 0.000000 -6.367315 0.086933 
410 5.644531 0.000000 0.466146 96.439751 0.000000 -4.952274 0.067485 
411 5.644531 0.000000 0.265625 11.485866 0.000000 -2.688691 0.986085 
412 5.859375 0.000000 0.466146 96.005301 0.000000 -5.818463 0.074913 
413 5.644531 0.000000 0.666667 96.659445 0.000000 -5.170941 0.063021 
414 6.289062 0.000000 -0.536458 104.216823 0.000000 13.136276 -0.103371 
415 6.289062 0.000000 -0.937500 98.734589 0.000000 19.146339 -0.011510 
416 6.718750 0.000000 -0.536458 100.395618 0.000000 13.855938 -0.027127 
417 5.644531 0.000000 -0.736979 114.746684 0.000000 11.617337 -0.330176 
418 5.644531 0.000000 -0.937500 107.796110 0.000000 17.706661 -0.193353 
419 5.859375 0.000000 -0.736979 110.408716 0.000000 12.190764 -0.233870 
420 5.644531 0.000000 -0.536458 113.972524 0.000000 12.728766 -0.315176 
421 46.250000 0.000000 13.500000 97.243377 0.000000 25.190667 -0.009084 
422 60.000000 0.000000 13.500000 96.230889 0.000000 27.969547 -0.004268 
423 46.250000 0.000000 26.333333 94.777825 0.000000 32.016546 -0.000790 
424 25.625000 0.000000 7.083333 99.841218 0.000000 17.980416 -0.029156 
425 32.500000 0.000000 7.083333 99.140394 0.000000 19.894872 -0.022462 
426 25.625000 0.000000 13.500000 95.919623 0.000000 28.960933 -0.003931 
427 15.312500 0.000000 3.875000 99.621658 0.000000 17.998942 -0.024844 
428 18.750000 0.000000 3.875000 99.148677 0.000000 19.584101 -0.021400 
429 15.312500 0.000000 7.083333 97.383512 0.000000 25.145030 -0.011582 
430 10.156250 0.000000 2.270833 99.045976 0.000000 15.017689 -0.003564 
431 11.875000 0.000000 2.270833 99.513437 0.000000 15.581983 -0.014572 
432 10.156250 0.000000 3.875000 98.775208 0.000000 20.737521 -0.018659 
433 7.578125 0.000000 1.468750 71.576464 0.000000 38.046002 0.342931 
434 8.437500 0.000000 1.468750 105.159967 0.000000 9.877313 -0.115618 
435 7.578125 0.000000 2.270833 99.465406 0.000000 17.341800 -0.019411 
436 7.148438 0.000000 0.265625 96.092776 0.000000 -5.524481 0.073566 
437 7.148438 0.000000 -0.135417 15.739371 0.000000 -0.469563 0.975205 
438 7.578125 0.000000 0.265625 102.984305 0.000000 -5.548872 -0.063656 
439 7.148438 0.000000 0.666667 84.079532 0.000000 7.275064 0.287771 
440 7.148438 0.000000 1.067708 97.211772 0.000000 10.316042 0.044345 
441 6.718750 0.000000 1.067708 98.041484 0.000000 9.069575 0.030561 
442 7.578125 0.000000 1.067708 88.967601 0.000000 23.841827 0.151633 
443 7.148438 0.000000 1.468750 98.907153 0.000000 13.585648 0.003281 
444 6.933594 0.000000 0.466146 95.710316 0.000000 -6.898672 0.079194 
445 6.718750 0.000000 0.466146 95.791118 0.000000 -7.379452 0.076961 
446 6.933594 0.000000 0.265625 96.033519 0.000000 -6.922443 0.072964 
447 7.148438 0.000000 0.466146 91.699820 0.000000 -6.741909 0.154569 
448 6.933594 0.000000 0.666667 95.996842 0.000000 -7.239311 0.073220 
449 7.578125 0.000000 -1.739583 92.715695 0.000000 20.315157 0.099109 
450 7.578125 0.000000 -2.541667 92.988837 0.000000 23.186657 0.081546 
451 8.437500 0.000000 -1.739583 93.321861 0.000000 19.955765 0.089280 
452 7.148438 0.000000 -0.536458 97.822819 0.000000 13.961903 0.023576 
453 7.148438 0.000000 -0.937500 93.491439 0.000000 18.621215 0.091260 
454 7.578125 0.000000 -0.536458 95.556679 0.000000 14.790276 0.065017 
455 6.933594 0.000000 -0.335938 98.239589 0.000000 16.131167 0.008877 
456 6.718750 0.000000 -0.335938 100.183996 0.000000 14.553829 -0.024865 
457 6.933594 0.000000 -0.536458 98.637433 0.000000 13.603914 0.008559 
458 7.148438 0.000000 -0.335938 97.070844 0.000000 15.629459 0.033297 
459 6.933594 0.000000 -0.135417 12.609526 0.000000 -0.882102 0.984022 
460 9.296875 0.000000 -0.135417 111.288135 0.000000 33.324708 -0.349559 
461 9.296875 0.000000 -0.937500 95.079040 0.000000 17.580881 0.065089 
462 10.156250 0.000000 -0.135417 86.326854 0.000000 32.560699 0.148748 
463 9.296875 0.000000 0.666667 79.392326 0.000000 6.184994 0.365860 
464 8.007812 0.000000 -0.536458 96.627186 0.000000 14.229164 0.046072 
465 8.007812 0.000000 -0.937500 92.613469 0.000000 16.270197 0.115803 
466 8.437500 0.000000 -0.536458 99.861025 0.000000 15.160895 -0.020208 
467 8.007812 0.000000 -0.135417 96.601175 0.000000 14.570937 0.045590 
468 8.007812 0.000000 0.265625 102.447414 0.000000 -7.020056 -0.054475 
469 8.437500 0.000000 0.265625 107.410992 0.000000 -9.307963 -0.162376 
470 8.007812 0.000000 0.666667 106.146883 0.000000 3.303093 -0.127807 
471 7.792969 0.000000 -0.335938 95.935611 0.000000 14.449934 0.058756 
472 7.578125 0.000000 -0.335938 95.578827 0.000000 14.857073 0.064396 
473 7.792969 0.000000 -0.536458 96.202723 0.000000 13.903265 0.055174 
474 8.007812 0.000000 -0.335938 96.534889 0.000000 14.440276 0.047249 
475 7.792969 0.000000 -0.135417 95.700956 0.000000 15.062719 0.061444 
476 10.156250 0.000000 -4.145833 93.690530 0.000000 27.033349 0.049128 
477 10.156250 0.000000 -5.750000 93.690022 0.000000 29.676633 0.034148 
478 11.875000 0.000000 -4.145833 94.498868 0.000000 28.003747 0.028575 
479 9.296875 0.000000 -1.739583 94.332269 0.000000 20.024157 0.070046 
480 9.296875 0.000000 -2.541667 94.217865 0.000000 22.968988 0.059542 
481 10.156250 0.000000 -1.739583 95.084036 0.000000 20.137639 0.055350 
482 8.867188 0.000000 -0.536458 97.604103 0.000000 15.955219 0.021887 
483 8.867188 0.000000 -0.937500 94.764845 0.000000 16.390587 0.075097 
484 9.296875 0.000000 -0.536458 96.657199 0.000000 21.301382 0.020364 
485 8.867188 0.000000 -0.135417 105.026754 0.000000 24.784147 -0.164487 
486 13.593750 0.000000 -0.937500 97.534343 0.000000 21.278261 0.003429 
487 13.593750 0.000000 -2.541667 95.757980 0.000000 26.042712 0.015219 
488 15.312500 0.000000 -0.937500 97.142996 0.000000 23.758259 -0.000122 
489 13.593750 0.000000 0.666667 98.904283 0.000000 19.168828 -0.014950 
490 11.015625 0.000000 -0.135417 97.037781 0.000000 15.099812 0.035566 
491 11.015625 0.000000 -0.937500 96.646411 0.000000 16.612217 0.038351 
492 11.875000 0.000000 -0.135417 98.842390 0.000000 14.739566 0.001293 
493 11.015625 0.000000 0.666667 93.693118 0.000000 24.226602 0.063467 
494 9.726562 0.000000 -0.536458 93.475438 0.000000 20.006486 0.086208 
495 9.726562 0.000000 -0.937500 94.873734 0.000000 17.239929 0.070176 
496 10.156250 0.000000 -0.536458 94.135718 0.000000 15.959306 0.088377 
497 9.726562 0.000000 -0.135417 108.221998 0.000000 34.072116 -0.287291 
498 9.296875 0.000000 1.468750 82.268551 0.000000 11.450691 0.310077 
499 10.156250 0.000000 1.468750 98.304597 0.000000 12.890871 0.017003 
500 9.296875 0.000000 2.270833 98.970646 0.000000 14.376930 -0.000188 
501 8.867188 0.000000 0.265625 89.469710 0.000000 -3.505928 0.198288 
502 9.296875 0.000000 0.265625 80.500070 0.000000 -0.094837 0.351973 
503 8.867188 0.000000 0.666667 94.414433 0.000000 4.918140 0.106173 
504 9.082031 0.000000 -0.335938 108.453077 0.000000 21.300337 -0.221577 
505 8.867188 0.000000 -0.335938 104.729823 0.000000 18.894653 -0.132534 
506 9.082031 0.000000 -0.536458 98.031708 0.000000 19.019718 0.002803 
507 9.296875 0.000000 -0.335938 113.402348 0.000000 26.487247 -0.356167 
508 9.082031 0.000000 -0.135417 109.595482 0.000000 29.350890 -0.287264 
509 9.726562 0.000000 0.265625 90.524250 0.000000 23.114594 0.127108 
510 10.156250 0.000000 0.265625 88.002464 0.000000 37.637620 0.083898 
511 9.726562 0.000000 0.666667 95.087412 0.000000 12.835948 0.079362 
512 9.511719 0.000000 0.065104 90.658304 0.000000 17.227591 0.148428 
513 9.296875 0.000000 0.065104 90.410894 0.000000 20.074332 0.142289 
514 9.511719 0.000000 -0.135417 111.165750 0.000000 31.611668 -0.335712 
515 9.726562 0.000000 0.065104 92.618466 0.000000 12.863616 0.125635 
516 9.511719 0.000000 0.265625 80.445890 0.000000 -3.800307 0.351402 
517 13.593750 0.000000 2.270833 99.367799 0.000000 17.034270 -0.016413 
518 15.312500 0.000000 2.270833 97.341098 0.000000 23.822742 -0.004281 
519 13.593750 0.000000 3.875000 99.202441 0.000000 18.967559 -0.020089 
520 11.015625 0.000000 1.468750 98.598099 0.000000 14.175598 0.007747 
521 11.875000 0.000000 1.468750 98.594594 0.000000 15.851476 0.002784 
522 11.015625 0.000000 2.270833 99.287947 0.000000 15.256110 -0.009085 
523 10.585938 0.000000 0.265625 97.643954 0.000000 8.266950 0.039732 
524 10.585938 0.000000 -0.135417 93.926272 0.000000 18.849831 0.082254 
525 11.015625 0.000000 0.265625 98.988911 0.000000 7.864282 0.013935 
526 10.585938 0.000000 0.666667 95.648543 0.000000 17.230462 0.055447 
527 9.941406 0.000000 0.065104 95.053533 0.000000 6.741139 0.091938 
528 9.941406 0.000000 -0.135417 110.887098 0.000000 28.228205 -0.309278 
529 10.156250 0.000000 0.065104 94.369847 0.000000 8.804474 0.101681 
530 9.941406 0.000000 0.265625 90.878964 0.000000 29.479306 0.087198 
531 11.015625 0.000000 -1.739583 95.787344 0.000000 20.687474 0.039681 
532 11.015625 0.000000 -2.541667 94.902551 0.000000 23.360921 0.044777 
533 11.875000 0.000000 -1.739583 96.201656 0.000000 21.679166 0.027526 
534 10.585938 0.000000 -0.536458 95.923025 0.000000 14.272429 0.059507 
535 10.585938 0.000000 -0.937500 95.904382 0.000000 16.084317 0.054364 
536 11.015625 0.000000 -0.536458 97.149270 0.000000 14.371405 0.035548 
537 9.941406 0.000000 -0.335938 90.473613 0.000000 22.521621 0.130730 
538 9.726562 0.000000 -0.335938 90.618594 0.000000 27.140557 0.105166 
539 9.941406 0.000000 -0.536458 93.444770 0.000000 17.767168 0.095240 
540 10.156250 0.000000 -0.335938 92.208021 0.000000 18.446775 0.115740 
541 9.833984 0.000000 -0.035156 105.458882 0.000000 22.974193 -0.164939 
542 9.726562 0.000000 -0.035156 100.018861 0.000000 22.582828 -0.051376 
543 9.833984 0.000000 -0.135417 109.402676 0.000000 28.931752 -0.280599 
544 9.941406 0.000000 -0.035156 98.845493 0.000000 17.206460 -0.006649 
545 9.833984 0.000000 0.065104 94.106742 0.000000 0.167320 0.114389 
546 10.371094 0.000000 0.065104 96.475891 0.000000 8.227297 0.062471 
547 10.371094 0.000000 -0.135417 90.930235 0.000000 23.682782 0.117082 
548 10.585938 0.000000 0.065104 97.559599 0.000000 7.856582 0.042040 
549 10.371094 0.000000 0.265625 96.633999 0.000000 8.683223 0.058647 
550 10.048828 0.000000 -0.035156 103.130409 0.000000 32.295647 -0.167889 
551 10.048828 0.000000 -0.135417 83.691825 0.000000 38.531528 0.151100 
552 10.156250 0.000000 -0.035156 94.602692 0.000000 9.433264 0.096134 
553 10.048828 0.000000 0.065104 91.649471 0.000000 8.745844 0.152388 
554 9.726562 0.000000 1.067708 96.764397 0.000000 11.868935 0.049578 
555 9.296875 0.000000 1.067708 78.094604 0.000000 9.891515 0.380339 
556 10.156250 0.000000 1.067708 97.445624 0.000000 12.782626 0.034095 
557 9.726562 0.000000 1.468750 97.805722 0.000000 12.351232 0.028149 
558 9.941406 0.000000 0.466146 94.525488 0.000000 16.631701 0.078832 
559 9.726562 0.000000 0.466146 93.816419 0.000000 15.177704 0.096812 
560 10.156250 0.000000 0.466146 94.362887 0.000000 18.822262 0.074137 
561 9.941406 0.000000 0.666667 95.708531 0.000000 13.584698 0.065533 
562 9.833984 0.000000 0.165365 89.854539 0.000000 -10.425760 0.181747 
563 9.726562 0.000000 0.165365 84.540907 0.000000 6.264469 0.281359 
564 9.941406 0.000000 0.165365 90.795479 0.000000 7.057494 0.170637 
565 9.833984 0.000000 0.265625 91.073885 0.000000 26.427960 0.100711 
566 9.887695 0.000000 0.014974 97.791586 0.000000 11.580934 0.030269 
567 9.833984 0.000000 0.014974 97.187859 0.000000 9.994137 0.045464 
568 9.887695 0.000000 -0.035156 99.477245 0.000000 15.307258 -0.013003 
569 9.941406 0.000000 0.014974 94.547817 0.000000 3.623499 0.104758 
570 9.887695 0.000000 0.065104 96.358816 0.000000 7.024785 0.066563 
571 18.750000 0.000000 39.166667 94.140087 0.000000 33.930407 -0.001363 
572 5.000000 0.000000 39.166667 94.123678 0.000000 34.049243 -0.001862 
573 32.500000 0.000000 39.166667 94.155865 0.000000 33.798272 -0.000765 
574 18.750000 0.000000 52.000000 94.065756 0.000000 34.062914 -0.000865 
575 11.875000 0.000000 19.916667 94.581456 0.000000 33.224632 -0.004953 
576 5.000000 0.000000 19.916667 94.538400 0.000000 33.623507 -0.006805 
577 18.750000 0.000000 19.916667 94.617514 0.000000 32.809989 -0.002897 
578 11.875000 0.000000 26.333333 94.387822 0.000000 33.666010 -0.004246 
579 8.437500 0.000000 10.291667 95.776850 0.000000 31.294242 -0.015253 
580 5.000000 0.000000 10.291667 95.743191 0.000000 32.293656 -0.020964 
581 11.875000 0.000000 10.291667 95.855970 0.000000 30.314767 -0.010735 
582 8.437500 0.000000 13.500000 95.235264 0.000000 32.449870 -0.012275 
583 10.156250 0.000000 5.479167 97.713596 0.000000 24.967892 -0.017134 
584 8.437500 0.000000 5.479167 97.978376 0.000000 25.855344 -0.026826 
585 11.875000 0.000000 5.479167 97.872512 0.000000 23.960188 -0.015312 
586 10.156250 0.000000 7.083333 96.974504 0.000000 27.658240 -0.016903 
587 9.296875 0.000000 3.072917 99.279074 0.000000 18.323926 -0.019210 
588 8.437500 0.000000 3.072917 99.764810 0.000000 19.117768 -0.031851 
589 10.156250 0.000000 3.072917 99.261142 0.000000 17.847623 -0.017131 
590 9.296875 0.000000 3.875000 98.990971 0.000000 21.194926 -0.024844 
591 8.867188 0.000000 1.869792 102.487487 0.000000 9.280828 -0.058982 
592 8.437500 0.000000 1.869792 104.923116 0.000000 10.560447 -0.112038 
593 8.867188 0.000000 1.468750 100.900107 0.000000 10.313342 -0.028720 
594 9.296875 0.000000 1.869792 97.196335 0.000000 12.439976 0.039812 
595 8.867188 0.000000 2.270833 99.905225 0.000000 14.010401 -0.017735 
596 9.726562 0.000000 1.869792 98.654718 0.000000 13.291770 0.009058 
597 10.156250 0.000000 1.869792 98.792688 0.000000 13.891263 0.004704 
598 9.726562 0.000000 2.270833 99.008654 0.000000 14.720715 -0.001941 
599 6.718750 0.000000 5.479167 98.407185 0.000000 27.110574 -0.041896 
600 5.000000 0.000000 5.479167 98.561421 0.000000 28.964627 -0.055330 
601 6.718750 0.000000 7.083333 97.129400 0.000000 29.491140 -0.030385 
602 7.578125 0.000000 3.072917 99.661421 0.000000 20.137409 -0.033791 
603 6.718750 0.000000 3.072917 99.876650 0.000000 20.929592 -0.041339 
604 7.578125 0.000000 3.875000 99.657403 0.000000 22.492236 -0.043750 
605 8.867188 0.000000 2.671875 99.712882 0.000000 16.788110 -0.022450 
606 8.437500 0.000000 2.671875 99.938401 0.000000 17.418651 -0.029109 
607 9.296875 0.000000 2.671875 99.268465 0.000000 16.603866 -0.012992 
608 8.867188 0.000000 3.072917 99.437031 0.000000 18.737380 -0.023881 
609 9.082031 0.000000 2.070312 98.854049 0.000000 11.058692 0.010558 
610 8.867188 0.000000 2.070312 111.130378 0.000000 0.980733 -0.235092 
611 9.082031 0.000000 1.869792 94.343224 0.000000 10.942243 0.097962 
612 9.296875 0.000000 2.070312 98.268345 0.000000 13.136477 0.017077 
613 9.082031 0.000000 2.270833 99.259511 0.000000 14.181090 -0.005355 
614 8.867188 0.000000 1.067708 96.777560 0.000000 7.854946 0.057240 
615 8.437500 0.000000 1.067708 104.195940 0.000000 7.304694 -0.091015 
616 9.082031 0.000000 1.669271 91.670726 0.000000 11.622320 0.146140 
617 8.867188 0.000000 1.669271 101.474621 0.000000 10.390380 -0.040506 
618 9.082031 0.000000 1.468750 89.071119 0.000000 11.039712 0.194446 
619 9.296875 0.000000 1.669271 96.604572 0.000000 12.040420 0.052258 
620 11.015625 0.000000 3.072917 99.243366 0.000000 17.545663 -0.015710 
621 11.875000 0.000000 3.072917 99.382424 0.000000 17.467468 -0.018198 
622 11.015625 0.000000 3.875000 98.773575 0.000000 20.348029 -0.017026 
623 9.726562 0.000000 2.671875 99.203995 0.000000 16.495354 -0.011353 
624 10.156250 0.000000 2.671875 99.258127 0.000000 16.292558 -0.011762 
625 9.726562 0.000000 3.072917 99.143701 0.000000 18.188495 -0.016029 
626 9.511719 0.000000 2.070312 98.699650 0.000000 13.710402 0.007040 
627 9.511719 0.000000 1.869792 98.237744 0.000000 13.144023 0.017658 
628 9.726562 0.000000 2.070312 98.819926 0.000000 14.030572 0.003777 
629 9.511719 0.000000 2.270833 98.939366 0.000000 14.675761 -0.000438 
630 9.189453 0.000000 1.970052 82.570521 0.000000 10.813528 0.306518 
631 9.082031 0.000000 1.970052 103.743243 0.000000 5.457627 -0.079245 
632 9.189453 0.000000 1.869792 82.957012 0.000000 12.349386 0.296563 
633 9.296875 0.000000 1.970052 97.705877 0.000000 12.771859 0.029044 
634 9.189453 0.000000 2.070312 98.184491 0.000000 11.977599 0.021634 
635 8.007812 0.000000 1.869792 80.409768 0.000000 34.169348 0.236672 
636 7.578125 0.000000 1.869792 98.360805 0.000000 16.246963 0.006119 
637 8.007812 0.000000 1.468750 97.233166 0.000000 20.622897 0.012041 
638 8.007812 0.000000 2.270833 99.942158 0.000000 17.714730 -0.030225 
639 8.652344 0.000000 2.070312 110.212204 0.000000 1.123140 -0.214799 
640 8.437500 0.000000 2.070312 108.082606 0.000000 0.763062 -0.168243 
641 8.652344 0.000000 1.869792 103.976935 0.000000 9.654826 -0.090442 
642 8.652344 0.000000 2.270833 100.574264 0.000000 14.457560 -0.032420 
643 8.974609 0.000000 1.970052 107.693980 0.000000 3.540826 -0.161053 
644 8.867188 0.000000 1.970052 108.379980 0.000000 3.579607 -0.175903 
645 8.974609 0.000000 1.869792 101.163288 0.000000 9.625070 -0.032665 
646 8.974609 0.000000 2.070312 99.529443 0.000000 10.648291 -0.001950 
647 9.082031 0.000000 2.471354 99.542578 0.000000 15.446304 -0.014731 
648 8.867188 0.000000 2.471354 99.720031 0.000000 15.793007 -0.019350 
649 9.296875 0.000000 2.471354 99.250548 0.000000 15.611851 -0.009440 
650 9.082031 0.000000 2.671875 99.509239 0.000000 16.634671 -0.017880 
651 9.189453 0.000000 2.170573 98.872429 0.000000 13.258511 0.004845 
652 9.082031 0.000000 2.170573 99.167880 0.000000 13.010384 -0.000354 
653 9.296875 0.000000 2.170573 98.760995 0.000000 13.710231 0.005830 
654 9.189453 0.000000 2.270833 99.108351 0.000000 14.234541 -0.002509 
655 9.135742 0.000000 2.020182 102.923909 0.000000 4.118218 -0.061029 
656 9.082031 0.000000 2.020182 109.874670 0.000000 2.317349 -0.207781 
657 9.135742 0.000000 1.970052 87.081021 0.000000 10.135086 0.231418 
658 9.189453 0.000000 2.020182 96.995776 0.000000 11.093820 0.046875 
659 9.135742 0.000000 2.070312 98.425814 0.000000 11.435673 0.018158 
660 8.974609 0.000000 2.170573 99.569476 0.000000 12.781748 -0.007745 
661 8.867188 0.000000 2.170573 100.037284 0.000000 12.741346 -0.016980 
662 8.974609 0.000000 2.270833 99.584004 0.000000 14.022965 -0.011362 
663 9.028320 0.000000 2.020182 110.664767 0.000000 1.626253 -0.224934 
664 8.974609 0.000000 2.020182 111.282703 0.000000 0.911298 -0.238467 
665 9.028320 0.000000 1.970052 106.427889 0.000000 4.449325 -0.134669 
666 9.028320 0.000000 2.070312 99.216943 0.000000 10.884330 0.003753 
667 8.652344 0.000000 1.669271 103.515694 0.000000 10.005756 -0.081561 
668 8.437500 0.000000 1.669271 105.161551 0.000000 10.229715 -0.116360 
669 8.652344 0.000000 1.468750 103.542628 0.000000 9.991342 -0.082090 
670 8.974609 0.000000 1.769531 100.124721 0.000000 10.637933 -0.013813 
671 8.867188 0.000000 1.769531 101.841324 0.000000 10.064444 -0.047295 
672 8.974609 0.000000 1.669271 97.603487 0.000000 10.959488 0.035345 
673 9.082031 0.000000 1.769531 92.477458 0.000000 11.409245 0.131775 
674 9.028320 0.000000 1.919922 100.704448 0.000000 8.672886 -0.021660 
675 8.974609 0.000000 1.919922 101.811790 0.000000 8.761045 -0.044240 
676 9.028320 0.000000 1.869792 99.014027 0.000000 10.187997 0.009243 
677 9.082031 0.000000 1.919922 96.620098 0.000000 9.736905 0.056975 
678 9.055176 0.000000 1.995117 109.525543 0.000000 2.398447 -0.200160 
679 9.028320 0.000000 1.995117 109.833123 0.000000 2.115973 -0.206779 
680 9.055176 0.000000 1.970052 104.140748 0.000000 5.638893 -0.087709 
681 9.082031 0.000000 1.995117 109.465946 0.000000 2.380796 -0.198846 
682 9.055176 0.000000 2.020182 110.175429 0.000000 2.005117 -0.214265 
683 9.511719 0.000000 1.669271 97.809802 0.000000 12.595857 0.027459 
684 9.511719 0.000000 1.468750 97.278144 0.000000 12.105115 0.039043 
685 9.726562 0.000000 1.669271 98.212679 0.000000 12.853861 0.018905 
686 9.189453 0.000000 1.769531 84.938540 0.000000 11.942594 0.264282 
687 9.189453 0.000000 1.669271 87.696374 0.000000 12.025429 0.216474 
688 9.296875 0.000000 1.769531 96.774919 0.000000 12.380530 0.048134 
689 9.135742 0.000000 1.919922 87.305216 0.000000 11.159997 0.225325 
690 9.135742 0.000000 1.869792 86.284335 0.000000 11.955662 0.241208 
691 9.189453 0.000000 1.919922 83.024684 0.000000 12.592844 0.294832 
692 9.108887 0.000000 1.995117 106.341906 0.000000 3.226524 -0.131901 
693 9.108887 0.000000 1.970052 97.428913 0.000000 7.576982 0.045020 
694 9.135742 0.000000 1.995117 95.842386 0.000000 3.013828 0.080515 
695 9.108887 0.000000 2.020182 108.151503 0.000000 2.562043 -0.170331 
696 9.028320 0.000000 2.120443 99.278406 0.000000 12.104967 -0.000273 
697 8.974609 0.000000 2.120443 99.550216 0.000000 11.961362 -0.005332 
698 9.082031 0.000000 2.120443 99.030433 0.000000 12.223309 0.004356 
699 9.028320 0.000000 2.170573 99.341816 0.000000 12.872592 -0.003450 
700 9.055176 0.000000 2.045247 111.654075 0.000000 1.176985 -0.246802 
701 9.028320 0.000000 2.045247 111.481506 0.000000 1.114892 -0.242937 
702 9.082031 0.000000 2.045247 98.783171 0.000000 10.137738 0.013911 
703 9.055176 0.000000 2.070312 99.026829 0.000000 10.954197 0.007369 
704 9.068604 0.000000 2.007650 109.856911 0.000000 2.296681 -0.207382 
705 9.055176 0.000000 2.007650 110.444904 0.000000 1.933301 -0.220181 
706 9.068604 0.000000 1.995117 109.427517 0.000000 2.530439 -0.198078 
707 9.082031 0.000000 2.007650 110.457650 0.000000 2.022354 -0.220498 
708 9.068604 0.000000 2.020182 110.785885 0.000000 1.836692 -0.227689 
709 -36.250000 0.000000 -37.833333 93.945270 0.000000 34.210296 0.000394 
710 -50.000000 0.000000 -37.833333 93.955923 0.000000 34.211432 0.000186 
711 -36.250000 0.000000 -50.666667 93.948567 0.000000 34.203698 0.000377 
712 46.250000 0.000000 -37.833333 93.970579 0.000000 34.070424 0.000874 
713 46.250000 0.000000 -50.666667 93.961790 0.000000 34.123148 0.000679 
714 60.000000 0.000000 -37.833333 93.980879 0.000000 34.087073 0.000567 
715 -8.750000 0.000000 39.166667 94.085571 0.000000 34.140392 -0.001766 
716 -22.500000 0.000000 39.166667 94.043065 0.000000 34.186493 -0.001281 
717 -8.750000 0.000000 52.000000 94.041933 0.000000 34.155979 -0.001052 
718 -36.250000 0.000000 39.166667 94.013546 0.000000 34.202907 -0.000839 
719 -50.000000 0.000000 39.166667 93.996386 0.000000 34.207368 -0.000546 
720 -36.250000 0.000000 52.000000 94.006169 0.000000 34.196514 -0.000656 
721 -15.625000 0.000000 -18.583333 93.828171 0.000000 34.273939 0.002157 
722 -22.500000 0.000000 -18.583333 93.879854 0.000000 34.283807 0.001119 
723 -15.625000 0.000000 -25.000000 93.849930 0.000000 34.232374 0.002034 
724 46.250000 0.000000 39.166667 94.200888 0.000000 33.618477 -0.000401 
725 60.000000 0.000000 39.166667 94.302397 0.000000 33.311228 -0.000258 
726 46.250000 0.000000 52.000000 94.081889 0.000000 33.944600 -0.000364 
727 25.625000 0.000000 -18.583333 93.940079 0.000000 33.622576 0.004478 
728 25.625000 0.000000 -25.000000 93.908196 0.000000 33.856894 0.003496 
729 32.500000 0.000000 -18.583333 94.015334 0.000000 33.737438 0.002290 
730 -1.875000 0.000000 19.916667 94.413936 0.000000 33.953478 -0.006683 
731 -8.750000 0.000000 19.916667 94.260203 0.000000 34.136638 -0.005030 
732 -1.875000 0.000000 26.333333 94.306647 0.000000 34.038304 -0.005235 
733 -15.625000 0.000000 19.916667 94.182102 0.000000 34.244442 -0.004295 
734 -22.500000 0.000000 19.916667 94.075048 0.000000 34.224227 -0.002141 
735 -15.625000 0.000000 26.333333 94.112841 0.000000 34.181839 -0.002563 
736 -5.312500 0.000000 -8.958333 93.454120 0.000000 34.306585 0.008939 
737 -8.750000 0.000000 -8.958333 93.725431 0.000000 34.307280 0.003855 
738 -5.312500 0.000000 -12.166667 93.624237 0.000000 34.161617 0.006749 
739 25.625000 0.000000 19.916667 94.771130 0.000000 32.253212 -0.002184 
740 32.500000 0.000000 19.916667 94.985562 0.000000 31.503878 -0.001475 
741 25.625000 0.000000 26.333333 94.377226 0.000000 33.283266 -0.001484 
742 15.312500 0.000000 -8.958333 93.988204 0.000000 32.080214 0.013708 
743 15.312500 0.000000 -12.166667 93.886732 0.000000 32.917862 0.010170 
744 18.750000 0.000000 -8.958333 94.165032 0.000000 32.358653 0.008586 
745 1.562500 0.000000 10.291667 95.441096 0.000000 33.257124 -0.021504 
746 -1.875000 0.000000 10.291667 95.038825 0.000000 33.909249 -0.018222 
747 1.562500 0.000000 13.500000 95.084553 0.000000 33.548716 -0.016659 
748 -5.312500 0.000000 10.291667 94.666106 0.000000 34.221789 -0.013280 
749 -8.750000 0.000000 10.291667 94.404853 0.000000 34.294690 -0.008840 
750 -5.312500 0.000000 13.500000 94.534509 0.000000 34.109430 -0.010023 
751 -3.593750 0.000000 -4.145833 93.047370 0.000000 34.641887 0.014213 
752 -5.312500 0.000000 -4.145833 93.517407 0.000000 34.471220 0.006623 
753 -3.593750 0.000000 -5.750000 93.288046 0.000000 34.230377 0.012562 
754 15.312500 0.000000 10.291667 95.990417 0.000000 29.345900 -0.007534 
755 18.750000 0.000000 10.291667 96.258954 0.000000 28.164444 -0.005902 
756 15.312500 0.000000 13.500000 95.243301 0.000000 31.377708 -0.005585 
757 3.281250 0.000000 5.479167 98.494751 0.000000 30.993081 -0.066179 
758 1.562500 0.000000 5.479167 97.797094 0.000000 32.937171 -0.064913 
759 3.281250 0.000000 7.083333 97.074519 0.000000 31.937949 -0.044349 
760 -0.156250 0.000000 5.479167 96.648221 0.000000 34.010987 -0.049763 
761 -1.875000 0.000000 5.479167 95.830876 0.000000 34.542062 -0.037671 
762 -0.156250 0.000000 7.083333 95.993078 0.000000 33.744716 -0.035338 
763 -3.593750 0.000000 5.479167 95.045186 0.000000 34.559483 -0.022795 
764 -5.312500 0.000000 5.479167 94.635733 0.000000 34.474328 -0.014440 
765 -3.593750 0.000000 7.083333 94.957502 0.000000 34.274284 -0.019165 
766 -0.585938 0.000000 1.067708 94.650124 0.000000 39.113106 -0.048848 
767 -1.015625 0.000000 1.067708 94.237686 0.000000 38.024615 -0.032661 
768 -0.585938 0.000000 1.468750 95.728420 0.000000 38.178415 -0.062152 
769 0.273438 0.000000 -1.338542 87.551208 0.000000 31.804213 0.132328 
770 -0.156250 0.000000 -1.338542 88.556781 0.000000 33.601836 0.102861 
771 0.273438 0.000000 -1.739583 88.166765 0.000000 32.917185 0.114308 
772 0.488281 0.000000 -0.736979 81.332860 0.000000 20.819582 0.295151 
773 0.273438 0.000000 -0.736979 81.479089 0.000000 25.431961 0.271437 
774 0.488281 0.000000 -0.937500 84.386288 0.000000 26.254078 0.218968 
775 0.917969 0.000000 0.065104 -0.808781 0.000000 0.284529 0.999926 
776 1.132812 0.000000 0.065104 -0.532755 0.000000 0.336529 0.999960 
777 1.347656 0.000000 0.466146 116.150474 0.000000 20.759233 -0.392188 
778 1.347656 0.000000 0.265625 -0.132635 0.000000 0.316453 0.999988 
779 1.347656 0.000000 0.666667 116.353921 0.000000 18.964999 -0.389791 
780 1.347656 0.000000 -0.736979 83.431012 0.000000 -5.847224 0.300508 
781 1.347656 0.000000 -0.937500 85.064350 0.000000 19.941882 0.236638 
782 1.347656 0.000000 -0.536458 83.234713 0.000000 -5.240773 0.304452 
783 1.347656 0.000000 -0.335938 -0.882276 0.000000 0.627591 0.999883 
784 1.562500 0.000000 -0.335938 -0.598175 0.000000 0.426772 0.999946 
785 1.347656 0.000000 -0.135417 -0.392702 0.000000 0.544421 0.999955 
786 -0.585938 0.000000 -1.338542 89.180380 0.000000 34.985076 0.082290 
787 -1.015625 0.000000 -1.338542 90.542687 0.000000 35.246805 0.055968 
788 -0.585938 0.000000 -1.739583 89.897266 0.000000 34.652138 0.071771 
789 2.851562 0.000000 1.067708 113.222163 0.000000 19.622726 -0.320431 
790 3.281250 0.000000 1.067708 112.594960 0.000000 15.616137 -0.292149 
791 2.851562 0.000000 1.468750 109.974469 0.000000 24.480726 -0.269369 
792 2.851562 0.000000 -1.338542 81.237083 0.000000 20.133573 0.299518 
793 2.851562 0.000000 -1.739583 83.657652 0.000000 23.871545 0.243155 
794 3.281250 0.000000 -1.338542 82.626904 0.000000 17.199116 0.287699 
795 1.777344 0.000000 -0.335938 -0.049900 0.000000 0.187027 0.999996 
796 1.992188 0.000000 -0.335938 80.872266 0.000000 -1.741974 0.345664 
797 1.777344 0.000000 -0.135417 0.164676 0.000000 0.571558 0.999965 
798 5.859375 0.000000 3.072917 100.726936 0.000000 21.680758 -0.061597 
799 5.000000 0.000000 3.072917 101.541561 0.000000 23.134637 -0.084590 
800 5.859375 0.000000 3.875000 100.226515 0.000000 24.377973 -0.063964 
801 3.710938 0.000000 1.067708 110.410124 0.000000 12.453492 -0.234548 
802 3.710938 0.000000 1.468750 108.618365 0.000000 18.036925 -0.212328 
803 3.710938 0.000000 -1.338542 85.187584 0.000000 14.876066 0.252178 
804 3.710938 0.000000 -1.739583 86.131481 0.000000 19.544389 0.219938 
805 4.785156 0.000000 0.466146 105.418330 0.000000 1.690223 -0.111588 
806 4.785156 0.000000 0.265625 105.499806 0.000000 1.267202 -0.113181 
807 4.785156 0.000000 0.666667 105.529167 0.000000 0.810538 -0.113706 
808 6.289062 0.000000 1.067708 98.201850 0.000000 8.181062 0.028947 
809 6.289062 0.000000 1.468750 99.756280 0.000000 12.862594 -0.011676 
810 4.785156 0.000000 -0.736979 105.431621 0.000000 2.360745 -0.112140 
811 4.785156 0.000000 -0.937500 105.193201 0.000000 3.287209 -0.107642 
812 4.785156 0.000000 -0.536458 104.549248 0.000000 6.476181 -0.097249 
813 6.289062 0.000000 -1.338542 96.196670 0.000000 20.318315 0.033337 
814 6.289062 0.000000 -1.739583 94.451552 0.000000 21.060146 0.063537 
815 6.718750 0.000000 -1.338542 94.629293 0.000000 20.293074 0.063349 
816 13.593750 0.000000 -4.145833 94.831044 0.000000 28.675678 0.018478 
817 13.593750 0.000000 -5.750000 94.335320 0.000000 30.269356 0.018461 
818 15.312500 0.000000 -4.145833 94.889928 0.000000 29.250030 0.014034 
819 13.593750 0.000000 5.479167 98.009419 0.000000 23.069299 -0.013804 
820 15.312500 0.000000 5.479167 98.419894 0.000000 21.851252 -0.016395 
821 13.593750 0.000000 7.083333 97.108129 0.000000 26.112191 -0.011184 
822 8.007812 0.000000 1.067708 106.795486 0.000000 8.432889 -0.147639 
823 7.148438 0.000000 1.869792 99.374442 0.000000 15.866636 -0.012703 
824 6.718750 0.000000 1.869792 99.638915 0.000000 15.629754 -0.017220 
825 7.148438 0.000000 2.270833 99.400490 0.000000 17.412349 -0.018365 
826 6.933594 0.000000 0.065104 13.015575 0.000000 -1.546667 0.982820 
827 6.718750 0.000000 0.065104 11.471071 0.000000 -1.438678 0.986634 
828 7.148438 0.000000 0.065104 16.149238 0.000000 -1.829970 0.973585 
829 7.148438 0.000000 -1.338542 93.535579 0.000000 19.793516 0.085931 
830 7.148438 0.000000 -1.739583 93.212311 0.000000 20.547156 0.088928 
831 7.578125 0.000000 -1.338542 92.891601 0.000000 18.950685 0.101202 
832 7.363281 0.000000 -0.335938 96.074323 0.000000 15.314644 0.053519 
833 7.363281 0.000000 -0.536458 96.570587 0.000000 13.933944 0.047997 
834 7.363281 0.000000 -0.135417 18.781794 0.000000 0.072894 0.964724 
835 9.511719 0.000000 -0.335938 93.620496 0.000000 32.832199 0.015725 
836 9.511719 0.000000 -0.536458 94.653579 0.000000 21.477126 0.057943 
837 9.082031 0.000000 0.065104 86.097625 0.000000 13.388791 0.240794 
838 8.867188 0.000000 0.065104 90.042689 0.000000 6.663578 0.184791 
839 9.082031 0.000000 0.265625 81.152167 0.000000 -3.550860 0.340172 
840 9.511719 0.000000 0.466146 92.323233 0.000000 13.327594 0.129880 
841 9.296875 0.000000 0.466146 89.794598 0.000000 10.859751 0.181900 
842 9.511719 0.000000 0.666667 94.077320 0.000000 11.592075 0.101508 
843 10.585938 0.000000 1.067708 97.708234 0.000000 13.578102 0.026874 
844 11.015625 0.000000 1.067708 97.590349 0.000000 15.055535 0.024945 
845 10.585938 0.000000 1.468750 98.516337 0.000000 13.455049 0.011349 
846 10.585938 0.000000 1.869792 98.958590 0.000000 14.026106 0.001047 
847 11.015625 0.000000 1.869792 99.120267 0.000000 14.316256 -0.002978 
848 10.585938 0.000000 2.270833 99.263858 0.000000 14.952220 -0.007688 
849 10.371094 0.000000 0.466146 93.302121 0.000000 22.626955 0.078274 
850 10.585938 0.000000 0.466146 91.236930 0.000000 29.416886 0.081047 
851 10.371094 0.000000 0.666667 95.957957 0.000000 15.626675 0.054788 
852 10.048828 0.000000 0.165365 92.990442 0.000000 8.260519 0.128454 
853 10.156250 0.000000 0.165365 94.693694 0.000000 8.596648 0.095920 
854 10.048828 0.000000 0.265625 89.976185 0.000000 32.918876 0.082063 
855 10.371094 0.000000 -0.335938 94.060903 0.000000 15.940887 0.089843 
856 10.371094 0.000000 -0.536458 95.076377 0.000000 14.932698 0.073750 
857 10.585938 0.000000 -0.335938 95.532203 0.000000 14.556558 0.066170 
858 8.007812 0.000000 2.671875 99.704736 0.000000 18.404070 -0.027974 
859 7.578125 0.000000 2.671875 99.658137 0.000000 18.619180 -0.027842 
860 8.007812 0.000000 3.072917 99.716500 0.000000 19.623849 -0.032848 
861 8.652344 0.000000 2.471354 100.122429 0.000000 16.029678 -0.028145 
862 8.437500 0.000000 2.471354 100.304532 0.000000 16.476612 -0.033248 
863 8.652344 0.000000 2.671875 99.813395 0.000000 17.083655 -0.025457 
864 10.585938 0.000000 2.671875 99.270614 0.000000 16.282957 -0.011979 
865 11.015625 0.000000 2.671875 99.459488 0.000000 16.131530 -0.015242 
866 10.585938 0.000000 3.072917 99.274178 0.000000 17.696299 -0.016852 
867 9.511719 0.000000 2.471354 99.266055 0.000000 15.402133 -0.009098 
868 9.726562 0.000000 2.471354 99.149600 0.000000 15.565725 -0.007293 
869 9.511719 0.000000 2.671875 99.150531 0.000000 16.490330 -0.010276 
870 9.135742 0.000000 2.120443 98.793848 0.000000 12.370662 0.008674 
871 9.189453 0.000000 2.120443 98.652219 0.000000 12.674224 0.010710 
872 9.135742 0.000000 2.170573 99.028190 0.000000 13.028024 0.002369 
873 9.108887 0.000000 2.045247 98.501883 0.000000 10.266031 0.019199 
874 9.135742 0.000000 2.045247 98.157662 0.000000 10.455086 0.025576 
875 9.108887 0.000000 2.070312 98.653359 0.000000 11.192440 0.014224 
876 4.140625 0.000000 3.072917 102.457447 0.000000 25.475715 -0.114654 
877 3.281250 0.000000 3.072917 102.932335 0.000000 28.162554 -0.138820 
878 4.140625 0.000000 3.875000 100.963634 0.000000 27.491784 -0.094945 
879 2.421875 0.000000 3.072917 102.053597 0.000000 31.010729 -0.137660 
880 1.562500 0.000000 3.072917 100.629475 0.000000 33.257434 -0.123235 
881 2.421875 0.000000 3.875000 100.455267 0.000000 31.503882 -0.108376 
882 0.058594 0.000000 -0.736979 82.753369 0.000000 29.688093 0.227050 
883 -0.156250 0.000000 -0.736979 84.711984 0.000000 32.765110 0.175033 
884 0.058594 0.000000 -0.937500 85.402592 0.000000 31.166569 0.173504 
885 1.347656 0.000000 0.065104 -0.229845 0.000000 0.476765 0.999972 
886 1.562500 0.000000 0.065104 0.085163 0.000000 0.608847 0.999962 
887 1.777344 0.000000 0.065104 0.480413 0.000000 0.693884 0.999929 
888 1.992188 0.000000 0.065104 1.235551 0.000000 1.041364 0.999739 
889 2.207031 0.000000 0.065104 2.773741 0.000000 1.515593 0.999001 
890 2.207031 0.000000 -0.135417 2.253058 0.000000 0.840344 0.999422 
891 2.421875 0.000000 0.065104 5.395168 0.000000 2.066571 0.996662 
892 2.207031 0.000000 -0.335938 78.634566 0.000000 -0.549277 0.381630 
893 2.421875 0.000000 -0.335938 4.536105 0.000000 0.274597 0.997935 
894 6.289062 0.000000 1.869792 100.339265 0.000000 15.668057 -0.031346 
895 5.859375 0.000000 1.869792 100.990562 0.000000 15.747022 -0.044706 
896 6.289062 0.000000 2.270833 100.370371 0.000000 17.797408 -0.039096 
897 5.429688 0.000000 1.869792 101.977896 0.000000 16.212656 -0.066234 
898 5.000000 0.000000 1.869792 103.160515 0.000000 16.972955 -0.093017 
899 5.429688 0.000000 2.270833 101.572904 0.000000 18.656680 -0.066513 
900 7.363281 0.000000 0.065104 19.938953 0.000000 -1.408123 0.960046 
901 7.578125 0.000000 0.065104 22.735539 0.000000 -0.208112 0.948305 
902 7.363281 0.000000 0.265625 101.512444 0.000000 -5.007559 -0.032985 
903 7.363281 0.000000 0.466146 97.164983 0.000000 5.853983 0.052470 
904 7.578125 0.000000 0.466146 98.802779 0.000000 1.536734 0.023565 
905 7.363281 0.000000 0.666667 74.652884 0.000000 22.963723 0.389961 
906 8.007812 0.000000 -1.338542 92.716293 0.000000 18.607591 0.105745 
907 8.007812 0.000000 -1.739583 93.006775 0.000000 20.116994 0.094505 
908 8.437500 0.000000 -1.338542 93.399797 0.000000 18.127533 0.094787 
909 7.792969 0.000000 0.065104 24.473341 0.000000 0.255049 0.940099 
910 8.007812 0.000000 0.065104 24.842182 0.000000 0.682176 0.938240 
911 7.792969 0.000000 0.265625 102.051454 0.000000 -5.784500 -0.044796 
912 7.792969 0.000000 0.466146 106.174609 0.000000 -2.630620 -0.127997 
913 8.007812 0.000000 0.466146 105.851730 0.000000 -4.342620 -0.122345 
914 7.792969 0.000000 0.666667 105.375208 0.000000 4.605364 -0.112514 
915 8.867188 0.000000 -1.338542 94.124014 0.000000 17.966518 0.081787 
916 8.867188 0.000000 -1.739583 93.926643 0.000000 20.090137 0.077417 
917 9.296875 0.000000 -1.338542 94.624790 0.000000 18.435095 0.070630 
918 9.082031 0.000000 0.466146 82.744287 0.000000 2.530474 0.314698 
919 8.867188 0.000000 0.466146 90.470561 0.000000 1.521813 0.181276 
920 9.082031 0.000000 0.666667 84.366804 0.000000 5.959382 0.284673 
921 7.148438 0.000000 2.671875 99.692575 0.000000 19.009079 -0.029995 
922 6.718750 0.000000 2.671875 99.840738 0.000000 19.181226 -0.033609 
923 7.148438 0.000000 3.072917 99.585703 0.000000 20.416923 -0.033416 
924 6.289062 0.000000 2.671875 100.249786 0.000000 19.590419 -0.043380 
925 5.859375 0.000000 2.671875 100.716728 0.000000 20.170196 -0.055070 
926 6.289062 0.000000 3.072917 100.232360 0.000000 21.229355 -0.049721 
927 0.703125 0.000000 3.072917 99.037656 0.000000 34.885544 -0.102546 
928 -0.156250 0.000000 3.072917 97.536485 0.000000 35.583084 -0.077952 
929 0.703125 0.000000 3.875000 98.410035 0.000000 34.181528 -0.085291 
930 -1.015625 0.000000 3.072917 96.385063 0.000000 35.589378 -0.055668 
931 -1.875000 0.000000 3.072917 95.632399 0.000000 35.454065 -0.040255 
932 -1.015625 0.000000 3.875000 96.514189 0.000000 35.107088 -0.054750 
933 4.570312 0.000000 1.869792 104.034955 0.000000 17.892566 -0.114342 
934 4.140625 0.000000 1.869792 105.613174 0.000000 19.332849 -0.152790 
935 4.570312 0.000000 2.270833 103.273226 0.000000 20.540637 -0.108728 
936 3.710938 0.000000 1.869792 106.844533 0.000000 21.455823 -0.187611 
937 3.281250 0.000000 1.869792 107.457640 0.000000 23.943022 -0.212041 
938 3.710938 0.000000 2.270833 105.240182 0.000000 23.856073 -0.164461 
939 9.726562 0.000000 -1.338542 94.859100 0.000000 18.240147 0.066905 
940 9.726562 0.000000 -1.739583 94.682311 0.000000 19.969796 0.063647 
941 10.156250 0.000000 -1.338542 95.256531 0.000000 18.307339 0.059103 
942 10.585938 0.000000 -1.338542 95.706631 0.000000 18.346368 0.050365 
943 10.585938 0.000000 -1.739583 95.413028 0.000000 20.293997 0.048451 
944 11.015625 0.000000 -1.338542 96.156489 0.000000 18.772870 0.040151 
945 5.429688 0.000000 2.671875 101.311994 0.000000 20.780040 -0.069593 
946 5.000000 0.000000 2.671875 102.052662 0.000000 21.562879 -0.087970 
947 5.429688 0.000000 3.072917 101.277346 0.000000 22.395971 -0.075868 
948 4.570312 0.000000 2.671875 102.792718 0.000000 22.662715 -0.107994 
949 4.140625 0.000000 2.671875 103.490904 0.000000 24.002631 -0.128649 
950 4.570312 0.000000 3.072917 102.219317 0.000000 24.285291 -0.103856 
1 11 62 60 61 
2 62 10 24 60 
3 60 24 14 63 
4 61 60 63 6 
5 24 66 64 65 
6 66 23 40 64 
7 64 40 27 67 
8 65 64 67 14 
9 40 70 68 69 
10 69 68 71 27 
11 6 63 92 93 
12 63 14 36 92 
13 92 36 19 94 
14 93 92 94 20 
15 14 67 95 96 
16 67 27 52 95 
17 95 52 35 97 
18 96 95 97 36 
19 27 71 98 99 
20 99 98 100 52 
21 68 112 110 111 
22 112 56 80 110 
23 110 80 43 113 
24 111 110 113 71 
25 80 116 114 115 
26 115 114 117 43 
27 124 126 103 127 
28 125 124 127 101 
29 71 113 133 134 
30 113 43 102 133 
31 133 102 76 135 
32 134 133 135 98 
33 43 117 136 137 
34 136 125 101 138 
35 137 136 138 102 
36 114 141 139 140 
37 141 106 129 139 
38 139 129 83 142 
39 140 139 142 117 
40 12 145 143 144 
41 145 7 146 143 
42 143 146 13 25 
43 144 143 25 10 
44 25 149 147 148 
45 149 13 150 147 
46 147 150 26 41 
47 148 147 41 23 
48 41 153 151 152 
49 153 26 154 151 
50 151 154 42 57 
51 152 151 57 39 
52 39 157 155 156 
53 157 57 158 155 
54 155 158 55 81 
55 156 155 81 56 
56 81 161 159 160 
57 161 55 162 159 
58 106 169 167 168 
59 169 130 170 167 
60 168 167 171 129 
61 130 181 180 170 
62 181 105 182 180 
63 180 182 131 183 
64 170 180 183 128 
65 83 132 184 185 
66 132 109 186 184 
67 184 186 124 187 
68 185 184 187 125 
69 129 171 188 189 
70 171 128 190 188 
71 188 190 132 191 
72 189 188 191 83 
73 167 194 192 193 
74 194 170 195 192 
75 192 195 128 196 
76 193 192 196 171 
77 163 202 200 201 
78 202 166 203 200 
79 200 203 105 181 
80 56 206 204 205 
81 206 81 160 204 
82 205 204 116 80 
83 116 209 207 208 
84 209 79 164 207 
85 207 164 106 141 
86 208 207 141 114 
87 164 212 210 211 
88 212 163 201 210 
89 210 201 130 169 
90 211 210 169 106 
91 201 215 213 214 
92 215 200 216 213 
93 213 216 181 217 
94 214 213 217 130 
95 128 183 218 190 
96 183 131 219 218 
97 218 219 109 220 
98 190 218 220 132 
99 221 222 121 223 
100 126 221 223 103 
101 109 179 224 186 
102 179 59 225 224 
103 224 225 126 226 
104 186 224 226 124 
105 131 228 227 219 
106 228 176 229 227 
107 227 229 179 230 
108 219 227 230 109 
109 232 197 233 231 
110 231 233 177 234 
111 203 231 234 105 
112 57 236 235 158 
113 236 42 237 235 
114 235 237 58 89 
115 158 235 89 55 
116 55 239 238 162 
117 239 89 240 238 
118 159 243 241 242 
119 243 162 244 241 
120 241 244 82 198 
121 242 241 198 107 
122 107 247 245 246 
123 247 198 248 245 
124 245 248 197 232 
125 246 245 232 166 
126 166 251 249 250 
127 251 232 252 249 
128 249 252 231 253 
129 250 249 253 203 
130 59 257 258 225 
131 257 175 259 258 
132 258 259 221 260 
133 225 258 260 126 
134 178 263 261 262 
135 263 254 264 261 
136 261 264 257 265 
137 262 261 265 59 
138 162 270 269 244 
139 270 238 271 269 
140 269 271 173 267 
141 244 269 267 82 
142 82 274 272 273 
143 274 267 275 272 
144 272 275 266 276 
145 273 272 276 199 
146 172 286 285 256 
147 286 174 287 285 
148 285 287 91 288 
149 256 285 288 175 
150 254 290 289 264 
151 290 256 291 289 
152 289 291 175 292 
153 264 289 292 257 
154 173 294 293 268 
155 294 88 295 293 
156 293 295 174 286 
157 268 293 286 172 
158 267 297 296 275 
159 297 173 298 296 
160 296 298 268 299 
161 275 296 299 266 
162 174 307 306 287 
163 307 281 308 306 
164 306 308 284 309 
165 287 306 309 91 
166 89 311 310 240 
167 311 58 312 310 
168 88 314 313 295 
169 314 282 315 313 
170 313 315 281 307 
171 295 313 307 174 
172 281 321 320 308 
173 321 283 322 320 
174 284 323 327 328 
175 323 5 329 327 
176 327 329 304 330 
177 328 327 330 303 
178 308 333 331 332 
179 333 320 334 331 
180 331 334 323 335 
181 332 331 335 284 
182 336 338 283 321 
183 315 336 321 281 
184 7 340 339 146 
185 340 16 341 339 
186 339 341 15 32 
187 146 339 32 13 
188 13 343 342 150 
189 343 32 344 342 
190 342 344 31 48 
191 150 342 48 26 
192 26 346 345 154 
193 346 48 347 345 
194 345 347 47 85 
195 154 345 85 42 
196 42 349 348 237 
197 349 85 350 348 
198 348 350 84 278 
199 237 348 278 58 
200 58 352 351 312 
201 352 278 353 351 
202 310 356 354 355 
203 356 312 357 354 
204 354 357 90 337 
205 355 354 337 282 
206 282 360 358 359 
207 360 337 361 358 
208 358 361 336 362 
209 359 358 362 315 
210 283 364 363 322 
211 364 316 365 363 
212 5 366 367 329 
213 366 319 368 367 
214 367 368 324 369 
215 329 367 369 304 
216 322 372 370 371 
217 372 363 373 370 
218 370 373 366 374 
219 371 370 374 5 
220 375 377 316 364 
221 338 375 364 283 
222 312 379 378 357 
223 379 351 380 378 
224 378 380 317 376 
225 357 378 376 90 
226 90 383 381 382 
227 383 376 384 381 
228 381 384 375 385 
229 382 381 385 338 
230 15 387 386 33 
231 387 17 388 386 
232 386 388 8 389 
233 33 386 389 18 
234 31 391 390 49 
235 391 33 392 390 
236 390 392 18 393 
237 49 390 393 34 
238 395 49 396 394 
239 394 396 34 397 
240 316 407 406 365 
241 407 318 408 406 
242 406 408 280 409 
243 365 406 409 319 
244 363 411 410 373 
245 411 365 412 410 
246 410 412 319 413 
247 373 410 413 366 
248 317 415 414 377 
249 415 277 416 414 
250 414 416 318 407 
251 377 414 407 316 
252 376 418 417 384 
253 418 317 419 417 
254 417 419 377 420 
255 384 417 420 375 
256 18 389 421 45 
257 389 8 422 421 
258 421 422 29 423 
259 45 421 423 28 
260 34 393 424 73 
261 393 18 425 424 
262 424 425 45 426 
263 73 424 426 44 
264 397 34 428 427 
265 427 428 73 429 
266 280 439 440 441 
267 439 405 442 440 
268 440 442 433 443 
269 441 440 443 325 
270 408 446 444 445 
271 446 436 447 444 
272 444 447 439 448 
273 445 444 448 280 
274 278 450 449 353 
275 450 84 451 449 
276 277 453 452 416 
277 453 403 454 452 
278 416 457 455 456 
279 457 452 458 455 
280 455 458 437 459 
281 456 455 459 318 
282 403 465 464 454 
283 465 279 466 464 
284 464 466 404 467 
285 467 404 469 468 
286 468 469 87 470 
287 454 473 471 472 
288 473 464 474 471 
289 471 474 467 475 
290 472 471 475 402 
291 85 477 476 350 
292 477 47 478 476 
293 476 478 86 399 
294 350 476 399 84 
295 84 480 479 451 
296 480 399 481 479 
297 279 483 482 466 
298 483 461 484 482 
299 466 482 485 404 
300 86 487 486 400 
301 487 394 488 486 
302 486 488 397 489 
303 400 486 489 50 
304 491 400 492 490 
305 490 492 50 493 
306 461 495 494 484 
307 495 398 496 494 
308 404 485 501 469 
309 469 501 503 87 
310 482 506 504 505 
311 506 484 507 504 
312 504 507 460 508 
313 505 504 508 485 
314 460 514 512 513 
315 514 497 515 512 
316 512 515 509 516 
317 513 512 516 502 
318 50 489 517 431 
319 489 397 518 517 
320 517 518 427 519 
321 431 517 519 119 
322 493 50 521 520 
323 520 521 431 522 
324 524 490 525 523 
325 523 525 493 526 
326 399 532 531 481 
327 532 86 533 531 
328 531 533 400 491 
329 398 535 534 496 
330 535 491 536 534 
331 534 536 490 524 
332 494 539 537 538 
333 539 496 540 537 
334 537 540 462 528 
335 538 537 528 497 
336 497 543 541 542 
337 543 528 544 541 
338 542 541 545 515 
339 462 547 546 529 
340 547 524 548 546 
341 546 548 523 549 
342 529 546 549 510 
343 528 551 550 544 
344 551 462 552 550 
345 550 552 529 553 
346 544 550 553 527 
347 463 511 554 555 
348 511 401 556 554 
349 554 556 499 557 
350 555 554 557 498 
351 509 530 558 559 
352 530 510 560 558 
353 558 560 401 561 
354 559 558 561 511 
355 515 545 562 563 
356 545 527 564 562 
357 562 564 530 565 
358 563 562 565 509 
359 541 568 566 567 
360 568 544 569 566 
361 566 569 527 570 
362 567 566 570 545 
363 21 46 571 572 
364 46 28 573 571 
365 571 573 30 574 
366 572 571 574 9 
367 37 74 575 576 
368 74 44 577 575 
369 575 577 46 578 
370 576 575 578 21 
371 53 120 579 580 
372 120 72 581 579 
373 579 581 74 582 
374 580 579 582 37 
375 118 432 583 584 
376 432 119 585 583 
377 583 585 72 586 
378 584 583 586 120 
379 587 589 432 590 
380 588 587 590 118 
381 557 499 597 596 
382 596 597 430 598 
383 77 302 599 600 
384 302 118 584 599 
385 599 584 120 601 
386 600 599 601 53 
387 602 588 118 604 
388 603 602 604 302 
389 605 607 587 608 
390 606 605 608 588 
391 87 503 614 615 
392 503 463 555 614 
393 614 555 498 593 
394 615 614 593 434 
395 593 618 616 617 
396 618 498 619 616 
397 522 431 621 620 
398 620 621 119 622 
399 589 620 622 432 
400 598 430 624 623 
401 623 624 589 625 
402 607 623 625 587 
403 594 627 626 612 
404 627 596 628 626 
405 626 628 598 629 
406 612 626 629 500 
407 632 594 633 630 
408 630 633 612 634 
409 433 637 635 636 
410 637 434 592 635 
411 635 592 301 638 
412 636 635 638 435 
413 592 641 639 640 
414 641 591 610 639 
415 639 610 595 642 
416 640 639 642 301 
417 591 645 643 644 
418 644 643 646 610 
419 595 613 647 648 
420 613 500 649 647 
421 647 649 607 650 
422 648 647 650 605 
423 634 612 653 651 
424 651 653 500 654 
425 652 651 654 613 
426 657 630 658 655 
427 655 658 634 659 
428 610 646 660 661 
429 660 652 613 662 
430 661 660 662 595 
431 643 665 663 664 
432 664 663 666 646 
433 434 669 667 668 
434 669 593 617 667 
435 667 617 591 641 
436 668 667 641 592 
437 617 672 670 671 
438 672 616 673 670 
439 670 673 611 645 
440 671 670 645 591 
441 645 676 674 675 
442 676 611 677 674 
443 674 677 631 665 
444 675 674 665 643 
445 665 680 678 679 
446 680 631 681 678 
447 679 678 682 663 
448 498 684 683 619 
449 684 557 685 683 
450 683 685 596 627 
451 619 683 627 594 
452 616 687 686 673 
453 687 619 688 686 
454 686 688 594 632 
455 673 686 632 611 
456 611 690 689 677 
457 690 632 691 689 
458 689 691 630 657 
459 677 689 657 631 
460 631 693 692 681 
461 693 657 694 692 
462 692 694 655 695 
463 681 692 695 656 
464 646 666 696 697 
465 666 609 698 696 
466 696 698 652 699 
467 697 696 699 660 
468 663 682 700 701 
469 682 656 702 700 
470 700 702 609 703 
471 701 700 703 666 
472 678 706 704 705 
473 706 681 707 704 
474 704 707 656 708 
475 705 704 708 682 
476 1 711 709 710 
477 711 12 144 709 
478 709 144 10 62 
479 710 709 62 11 
480 16 713 712 341 
481 713 2 714 712 
482 712 714 17 387 
483 341 712 387 15 
484 19 38 715 716 
485 38 21 572 715 
486 715 572 9 717 
487 716 715 717 22 
488 20 94 718 719 
489 94 19 716 718 
490 718 716 22 720 
491 719 718 720 4 
492 10 723 721 722 
493 723 25 148 721 
494 721 148 23 66 
495 722 721 66 24 
496 28 423 724 573 
497 423 29 725 724 
498 724 725 3 726 
499 573 724 726 30 
500 32 728 727 344 
501 728 15 729 727 
502 727 729 33 391 
503 344 727 391 31 
504 35 54 730 731 
505 54 37 576 730 
506 730 576 21 732 
507 731 730 732 38 
508 36 97 733 734 
509 97 35 731 733 
510 733 731 38 735 
511 734 733 735 19 
512 23 738 736 737 
513 738 41 152 736 
514 736 152 39 70 
515 737 736 70 40 
516 44 426 739 577 
517 426 45 740 739 
518 739 740 28 741 
519 577 739 741 46 
520 48 743 742 347 
521 743 31 744 742 
522 742 744 49 395 
523 347 742 395 47 
524 51 78 745 746 
525 78 53 580 745 
526 745 580 37 747 
527 746 745 747 54 
528 52 100 748 749 
529 100 51 746 748 
530 748 746 54 750 
531 749 748 750 35 
532 70 753 751 752 
533 753 39 156 751 
534 751 156 56 112 
535 752 751 112 68 
536 72 429 754 581 
537 429 73 755 754 
538 754 755 44 756 
539 581 754 756 74 
540 75 123 757 758 
541 123 77 600 757 
542 757 600 53 759 
543 758 757 759 78 
544 76 104 760 761 
545 104 75 758 760 
546 760 758 78 762 
547 761 760 762 51 
548 98 135 763 764 
549 135 76 761 763 
550 763 761 51 765 
551 764 763 765 100 
552 117 142 766 767 
553 142 83 185 766 
554 766 185 125 768 
555 767 766 768 136 
556 160 771 769 770 
557 771 159 242 769 
558 769 242 107 165 
559 770 769 165 79 
560 165 774 772 773 
561 774 107 246 772 
562 772 246 166 202 
563 773 772 202 163 
564 105 234 775 182 
565 234 177 776 775 
566 775 776 176 228 
567 182 775 228 131 
568 176 778 777 229 
569 778 178 262 777 
570 777 262 59 779 
571 229 777 779 179 
572 198 781 780 248 
573 781 82 273 780 
574 780 273 199 782 
575 248 780 782 197 
576 197 782 783 233 
577 782 199 784 783 
578 783 784 108 785 
579 233 783 785 177 
580 204 788 786 787 
581 788 160 770 786 
582 786 770 79 209 
583 787 786 209 116 
584 175 288 789 259 
585 288 91 790 789 
586 789 790 222 791 
587 259 789 791 221 
588 238 793 792 271 
589 793 240 794 792 
590 792 794 88 294 
591 271 792 294 173 
592 199 276 795 784 
593 276 266 796 795 
594 795 796 255 797 
595 784 795 797 108 
596 798 603 302 800 
597 799 798 800 77 
598 91 309 801 790 
599 309 284 328 801 
600 801 328 303 802 
601 790 801 802 222 
602 240 804 803 794 
603 804 310 355 803 
604 803 355 282 314 
605 794 803 314 88 
606 320 806 805 334 
607 806 322 371 805 
608 805 371 5 807 
609 334 805 807 323 
610 319 409 808 368 
611 409 280 441 808 
612 808 441 325 809 
613 368 808 809 324 
614 337 811 810 361 
615 811 90 382 810 
616 810 382 338 812 
617 361 810 812 336 
618 351 814 813 380 
619 814 353 815 813 
620 813 815 277 415 
621 380 813 415 317 
622 47 817 816 478 
623 817 395 818 816 
624 816 818 394 487 
625 478 816 487 86 
626 119 519 819 585 
627 519 427 820 819 
628 819 820 429 821 
629 585 819 821 72 
630 405 470 822 442 
631 470 87 615 822 
632 822 615 434 637 
633 442 822 637 433 
634 325 443 823 824 
635 443 433 636 823 
636 823 636 435 825 
637 824 823 825 300 
638 318 459 826 827 
639 459 437 828 826 
640 826 828 436 446 
641 827 826 446 408 
642 353 830 829 815 
643 830 449 831 829 
644 829 831 403 453 
645 815 829 453 277 
646 452 833 832 458 
647 833 454 472 832 
648 832 472 402 834 
649 458 832 834 437 
650 484 836 835 507 
651 836 494 538 835 
652 835 538 497 514 
653 507 835 514 460 
654 485 508 837 838 
655 508 460 513 837 
656 837 513 502 839 
657 838 837 839 501 
658 502 516 840 841 
659 516 509 559 840 
660 840 559 511 842 
661 841 840 842 463 
662 401 526 843 556 
663 526 493 844 843 
664 843 844 520 845 
665 556 843 845 499 
666 499 845 846 597 
667 845 520 847 846 
668 846 847 522 848 
669 597 846 848 430 
670 510 549 849 560 
671 549 523 850 849 
672 849 850 526 851 
673 560 849 851 401 
674 527 553 852 564 
675 553 529 853 852 
676 852 853 510 854 
677 564 852 854 530 
678 496 856 855 540 
679 856 534 857 855 
680 855 857 524 547 
681 540 855 547 462 
682 435 638 858 859 
683 638 301 606 858 
684 858 606 588 860 
685 859 858 860 602 
686 301 642 861 862 
687 642 595 648 861 
688 861 648 605 863 
689 862 861 863 606 
690 430 848 864 624 
691 848 522 865 864 
692 864 865 620 866 
693 624 864 866 589 
694 500 629 867 649 
695 629 598 868 867 
696 867 868 623 869 
697 649 867 869 607 
698 609 659 870 698 
699 659 634 871 870 
700 870 871 651 872 
701 698 870 872 652 
702 656 695 873 702 
703 695 655 874 873 
704 873 874 659 875 
705 702 873 875 609 
706 121 305 876 877 
707 876 799 77 878 
708 877 876 878 123 
709 103 223 879 880 
710 223 121 877 879 
711 879 877 123 881 
712 880 879 881 75 
713 79 884 882 883 
714 884 165 773 882 
715 882 773 163 212 
716 883 882 212 164 
717 177 785 885 776 
718 785 108 886 885 
719 885 886 178 778 
720 776 885 778 176 
721 108 797 887 886 
722 797 255 888 887 
723 887 888 254 263 
724 886 887 263 178 
725 255 890 889 888 
726 890 172 891 889 
727 889 891 256 290 
728 888 889 290 254 
729 266 299 892 796 
730 299 268 893 892 
731 892 893 172 890 
732 796 892 890 255 
733 324 809 894 895 
734 809 325 824 894 
735 894 824 300 896 
736 895 894 896 326 
737 304 369 897 898 
738 369 324 895 897 
739 897 895 326 899 
740 898 897 899 122 
741 437 834 900 828 
742 834 402 901 900 
743 900 901 438 902 
744 828 900 902 436 
745 436 902 903 447 
746 902 438 904 903 
747 903 904 405 905 
748 447 903 905 439 
749 449 907 906 831 
750 907 451 908 906 
751 906 908 279 465 
752 831 906 465 403 
753 402 475 909 901 
754 475 467 910 909 
755 909 910 468 911 
756 901 909 911 438 
757 438 911 912 904 
758 911 468 913 912 
759 912 913 470 914 
760 904 912 914 405 
761 451 916 915 908 
762 916 479 917 915 
763 915 917 461 483 
764 908 915 483 279 
765 501 839 918 919 
766 839 502 841 918 
767 918 841 463 920 
768 919 918 920 503 
769 300 825 921 922 
770 825 435 859 921 
771 921 859 602 923 
772 922 921 923 603 
773 326 896 924 925 
774 896 300 922 924 
775 924 922 603 926 
776 925 924 926 798 
777 101 127 927 928 
778 127 103 880 927 
779 927 880 75 929 
780 928 927 929 104 
781 102 138 930 931 
782 138 101 928 930 
783 930 928 104 932 
784 931 930 932 76 
785 303 330 933 934 
786 330 304 898 933 
787 933 898 122 935 
788 934 933 935 305 
789 222 802 936 937 
790 802 303 934 936 
791 936 934 305 938 
792 937 936 938 121 
793 479 940 939 917 
794 940 481 941 939 
795 939 941 398 495 
796 917 939 495 461 
797 481 943 942 941 
798 943 531 944 942 
799 942 944 491 535 
800 941 942 535 398 
801 122 899 945 946 
802 899 326 925 945 
803 945 925 798 947 
804 946 945 947 799 
805 305 935 948 949 
806 935 122 946 948 
807 948 946 799 950 
808 949 948 950 876 
