2 0.000000 100.000000 5791.461216
1039 886 
1 -50.000000 0.000000 -50.666667 96.325268 0.000000 26.820582 0.000210 
2 60.000000 0.000000 -50.666667 96.335982 0.000000 26.750070 0.000381 
3 60.000000 0.000000 52.000000 96.406230 0.000000 26.605788 -0.000203 
4 -50.000000 0.000000 52.000000 96.356171 0.000000 26.817959 -0.000371 
5 5.000000 0.000000 0.666667 102.787865 0.000000 -0.864511 -0.056609 
6 -50.000000 0.000000 0.666667 96.342628 0.000000 26.835962 -0.000207 
7 5.000000 0.000000 -50.666667 96.300688 0.000000 26.775703 0.000924 
8 60.000000 0.000000 0.666667 96.679412 0.000000 25.543461 0.000062 
9 5.000000 0.000000 52.000000 96.401795 0.000000 26.750666 -0.000890 
10 -22.500000 0.000000 -25.000000 96.288772 0.000000 26.829591 0.000865 
11 -50.000000 0.000000 -25.000000 96.327290 0.000000 26.829391 0.000124 
12 -22.500000 0.000000 -50.666667 96.310736 0.000000 26.810516 0.000544 
13 5.000000 0.000000 -25.000000 96.195372 0.000000 26.639687 0.003678 
14 -22.500000 0.000000 0.666667 96.357348 0.000000 26.941484 -0.001058 
15 32.500000 0.000000 -25.000000 96.332353 0.000000 26.546760 0.001535 
16 32.500000 0.000000 -50.666667 96.318741 0.000000 26.747614 0.000727 
17 60.000000 0.000000 -25.000000 96.366026 0.000000 26.629032 0.000448 
18 32.500000 0.000000 0.666667 97.497239 0.000000 22.422401 -0.000848 
19 -22.500000 0.000000 26.333333 96.411955 0.000000 26.820790 -0.001462 
20 -50.000000 0.000000 26.333333 96.356650 0.000000 26.827447 -0.000432 
21 5.000000 0.000000 26.333333 96.636020 0.000000 26.559555 -0.004393 
22 -22.500000 0.000000 52.000000 96.377701 0.000000 26.802848 -0.000705 
23 -8.750000 0.000000 -12.166667 96.108035 0.000000 26.861176 0.004172 
24 -22.500000 0.000000 -12.166667 96.277712 0.000000 26.901723 0.000690 
25 -8.750000 0.000000 -25.000000 96.189948 0.000000 26.806579 0.002890 
26 5.000000 0.000000 -12.166667 95.791231 0.000000 26.054924 0.014518 
27 -8.750000 0.000000 0.666667 96.369687 0.000000 27.194627 -0.002666 
28 32.500000 0.000000 26.333333 96.589063 0.000000 26.055889 -0.000836 
29 60.000000 0.000000 26.333333 96.860846 0.000000 24.954688 -0.000476 
30 32.500000 0.000000 52.000000 96.402423 0.000000 26.679195 -0.000521 
31 18.750000 0.000000 -12.166667 96.348375 0.000000 25.773564 0.005271 
32 18.750000 0.000000 -25.000000 96.226263 0.000000 26.514469 0.003749 
33 32.500000 0.000000 -12.166667 96.435459 0.000000 26.026897 0.002280 
34 18.750000 0.000000 0.666667 99.186781 0.000000 15.730625 -0.008547 
35 -8.750000 0.000000 13.500000 96.651666 0.000000 26.840595 -0.006196 
36 -22.500000 0.000000 13.500000 96.431740 0.000000 26.893587 -0.002235 
37 5.000000 0.000000 13.500000 97.325157 0.000000 25.893697 -0.014267 
38 -8.750000 0.000000 26.333333 96.532734 0.000000 26.779451 -0.003571 
39 -1.875000 0.000000 -5.750000 95.280312 0.000000 26.724849 0.020744 
40 -8.750000 0.000000 -5.750000 96.116633 0.000000 27.001661 0.003250 
41 -1.875000 0.000000 -12.166667 95.883350 0.000000 26.641252 0.009663 
42 5.000000 0.000000 -5.750000 94.491829 0.000000 23.849362 0.050250 
43 -1.875000 0.000000 0.666667 95.773866 0.000000 28.835565 -0.000412 
44 18.750000 0.000000 13.500000 97.127068 0.000000 24.472418 -0.003257 
45 32.500000 0.000000 13.500000 97.616589 0.000000 22.314093 -0.002692 
46 18.750000 0.000000 26.333333 96.618223 0.000000 26.286315 -0.002605 
47 11.875000 0.000000 -5.750000 96.348736 0.000000 23.125196 0.018215 
48 11.875000 0.000000 -12.166667 96.044570 0.000000 25.677274 0.011612 
49 18.750000 0.000000 -5.750000 96.733579 0.000000 24.050120 0.006421 
50 11.875000 0.000000 0.666667 94.133631 0.000000 30.179660 0.022805 
51 -1.875000 0.000000 7.083333 97.451135 0.000000 26.806552 -0.021531 
52 -8.750000 0.000000 7.083333 96.648481 0.000000 27.006545 -0.007028 
53 5.000000 0.000000 7.083333 99.004966 0.000000 23.981063 -0.037707 
54 -1.875000 0.000000 13.500000 96.906922 0.000000 26.580991 -0.009750 
55 1.562500 0.000000 -2.541667 91.546075 0.000000 24.249836 0.103126 
56 -1.875000 0.000000 -2.541667 94.748393 0.000000 27.236345 0.028092 
57 1.562500 0.000000 -5.750000 94.328245 0.000000 25.662600 0.044361 
58 5.000000 0.000000 -2.541667 93.462786 0.000000 17.752764 0.094955 
59 1.562500 0.000000 0.666667 115.104060 0.000000 15.317189 -0.348356 
60 -36.250000 0.000000 -12.166667 96.325581 0.000000 26.844779 0.000074 
61 -50.000000 0.000000 -12.166667 96.333336 0.000000 26.834200 -0.000019 
62 -36.250000 0.000000 -25.000000 96.316126 0.000000 26.832532 0.000322 
63 -36.250000 0.000000 0.666667 96.346455 0.000000 26.850574 -0.000359 
64 -15.625000 0.000000 -5.750000 96.279374 0.000000 26.924375 0.000536 
65 -22.500000 0.000000 -5.750000 96.308520 0.000000 26.930449 -0.000058 
66 -15.625000 0.000000 -12.166667 96.244058 0.000000 26.873480 0.001490 
67 -15.625000 0.000000 0.666667 96.366302 0.000000 26.951439 -0.001284 
68 -5.312500 0.000000 -2.541667 95.951382 0.000000 27.211883 0.005285 
69 -8.750000 0.000000 -2.541667 96.190681 0.000000 27.140913 0.001072 
70 -5.312500 0.000000 -5.750000 95.892925 0.000000 26.940615 0.007875 
71 -5.312500 0.000000 0.666667 96.330970 0.000000 27.427118 -0.003190 
72 11.875000 0.000000 7.083333 98.179274 0.000000 21.413503 -0.009771 
73 18.750000 0.000000 7.083333 98.518439 0.000000 19.192198 -0.007422 
74 11.875000 0.000000 13.500000 97.121594 0.000000 25.141054 -0.006468 
75 1.562500 0.000000 3.875000 100.790453 0.000000 26.101240 -0.083999 
76 -1.875000 0.000000 3.875000 97.650169 0.000000 27.572459 -0.029580 
77 5.000000 0.000000 3.875000 101.666607 0.000000 20.003359 -0.073623 
78 1.562500 0.000000 7.083333 98.484836 0.000000 25.905490 -0.037036 
79 -0.156250 0.000000 -0.937500 89.573626 0.000000 25.000763 0.135153 
80 -1.875000 0.000000 -0.937500 94.623229 0.000000 28.047783 0.025977 
81 -0.156250 0.000000 -2.541667 93.364426 0.000000 26.323878 0.059014 
82 1.562500 0.000000 -0.937500 89.223778 0.000000 13.777824 0.184929 
83 -0.156250 0.000000 0.666667 95.183668 0.000000 35.374573 -0.031129 
84 8.437500 0.000000 -2.541667 95.768474 0.000000 17.949575 0.050621 
85 8.437500 0.000000 -5.750000 95.364823 0.000000 22.791316 0.038611 
86 11.875000 0.000000 -2.541667 97.103237 0.000000 18.383965 0.023299 
87 8.437500 0.000000 0.666667 103.385692 0.000000 1.520587 -0.069091 
88 3.281250 0.000000 -0.937500 87.766374 0.000000 -0.279915 0.229699 
89 3.281250 0.000000 -2.541667 90.779806 0.000000 20.229407 0.134980 
90 5.000000 0.000000 -0.937500 106.115959 0.000000 2.677830 -0.126777 
91 3.281250 0.000000 0.666667 116.116543 0.000000 3.607839 -0.349607 
92 -36.250000 0.000000 13.500000 96.366345 0.000000 26.842479 -0.000699 
93 -50.000000 0.000000 13.500000 96.351558 0.000000 26.833104 -0.000364 
94 -36.250000 0.000000 26.333333 96.373385 0.000000 26.828702 -0.000761 
95 -15.625000 0.000000 7.083333 96.451542 0.000000 26.919263 -0.002755 
96 -22.500000 0.000000 7.083333 96.404685 0.000000 26.925693 -0.001886 
97 -15.625000 0.000000 13.500000 96.481219 0.000000 26.863303 -0.003026 
98 -5.312500 0.000000 3.875000 96.722000 0.000000 27.185661 -0.009421 
99 -8.750000 0.000000 3.875000 96.544257 0.000000 27.102997 -0.005537 
100 -5.312500 0.000000 7.083333 96.907460 0.000000 27.016148 -0.012093 
101 -0.156250 0.000000 2.270833 99.060394 0.000000 29.193814 -0.066524 
102 -1.875000 0.000000 2.270833 97.179979 0.000000 28.336934 -0.024693 
103 1.562500 0.000000 2.270833 103.055035 0.000000 26.971734 -0.134781 
104 -0.156250 0.000000 3.875000 98.929708 0.000000 27.428781 -0.053943 
105 0.703125 0.000000 -0.135417 -1.071820 0.000000 0.353060 0.999873 
106 -0.156250 0.000000 -0.135417 76.181366 0.000000 29.710329 0.331370 
107 0.703125 0.000000 -0.937500 88.618613 0.000000 16.908990 0.186083 
108 1.562500 0.000000 -0.135417 -0.125302 0.000000 0.539468 0.999969 
109 0.703125 0.000000 0.666667 106.636478 0.000000 35.221041 -0.261186 
110 -3.593750 0.000000 -0.937500 95.748797 0.000000 27.740001 0.006266 
111 -5.312500 0.000000 -0.937500 96.108343 0.000000 27.282449 0.001885 
112 -3.593750 0.000000 -2.541667 95.509852 0.000000 27.450243 0.012435 
113 -3.593750 0.000000 0.666667 96.247555 0.000000 27.938127 -0.004413 
114 -1.015625 0.000000 -0.135417 92.726743 0.000000 29.475112 0.053297 
115 -1.875000 0.000000 -0.135417 94.984766 0.000000 28.531122 0.016387 
116 -1.015625 0.000000 -0.937500 92.627643 0.000000 27.993600 0.063648 
117 -1.015625 0.000000 0.666667 94.917430 0.000000 30.431514 0.006460 
118 8.437500 0.000000 3.875000 99.974777 0.000000 17.058500 -0.028595 
119 11.875000 0.000000 3.875000 99.226879 0.000000 16.137353 -0.010639 
120 8.437500 0.000000 7.083333 98.448496 0.000000 22.418183 -0.019468 
121 3.281250 0.000000 2.270833 105.762230 0.000000 20.357671 -0.160008 
122 5.000000 0.000000 2.270833 103.069895 0.000000 14.861046 -0.084425 
123 3.281250 0.000000 3.875000 101.809863 0.000000 23.088942 -0.089835 
124 0.703125 0.000000 1.468750 101.967252 0.000000 30.957202 -0.135567 
125 -0.156250 0.000000 1.468750 97.976308 0.000000 30.904303 -0.055443 
126 1.562500 0.000000 1.468750 106.016625 0.000000 27.748632 -0.200951 
127 0.703125 0.000000 2.270833 100.729892 0.000000 28.662267 -0.096804 
128 0.273438 0.000000 0.265625 99.868856 0.000000 58.570100 -0.340424 
129 -0.156250 0.000000 0.265625 87.579260 0.000000 38.973246 0.081096 
130 0.273438 0.000000 -0.135417 50.133118 0.000000 -19.248315 0.711617 
131 0.703125 0.000000 0.265625 113.002586 0.000000 36.960580 -0.413567 
132 0.273438 0.000000 0.666667 99.436154 0.000000 38.700132 -0.138525 
133 -3.593750 0.000000 2.270833 96.799876 0.000000 27.834350 -0.014497 
134 -5.312500 0.000000 2.270833 96.588546 0.000000 27.364192 -0.007815 
135 -3.593750 0.000000 3.875000 97.109319 0.000000 27.495363 -0.018621 
136 -1.015625 0.000000 1.468750 96.990409 0.000000 29.878567 -0.029987 
137 -1.875000 0.000000 1.468750 96.630394 0.000000 28.740886 -0.016347 
138 -1.015625 0.000000 2.270833 97.860992 0.000000 28.883078 -0.041101 
139 -0.585938 0.000000 0.265625 92.082725 0.000000 32.092586 0.049084 
140 -1.015625 0.000000 0.265625 93.651579 0.000000 30.214910 0.031644 
141 -0.585938 0.000000 -0.135417 89.953912 0.000000 30.187004 0.099704 
142 -0.585938 0.000000 0.666667 94.805051 0.000000 32.100564 -0.001844 
143 -8.750000 0.000000 -37.833333 96.280120 0.000000 26.789215 0.001248 
144 -22.500000 0.000000 -37.833333 96.300214 0.000000 26.814755 0.000724 
145 -8.750000 0.000000 -50.666667 96.302797 0.000000 26.796086 0.000774 
146 5.000000 0.000000 -37.833333 96.272483 0.000000 26.742920 0.001643 
147 -1.875000 0.000000 -18.583333 96.136862 0.000000 26.671776 0.004632 
148 -8.750000 0.000000 -18.583333 96.183484 0.000000 26.794205 0.003081 
149 -1.875000 0.000000 -25.000000 96.199431 0.000000 26.723034 0.003155 
150 5.000000 0.000000 -18.583333 96.125809 0.000000 26.495330 0.005783 
151 1.562500 0.000000 -8.958333 95.592579 0.000000 26.077823 0.018201 
152 -1.875000 0.000000 -8.958333 95.740993 0.000000 26.581328 0.012710 
153 1.562500 0.000000 -12.166667 95.788311 0.000000 26.367334 0.012936 
154 5.000000 0.000000 -8.958333 95.644487 0.000000 25.468453 0.020349 
155 -0.156250 0.000000 -4.145833 94.222175 0.000000 26.402256 0.042510 
156 -1.875000 0.000000 -4.145833 95.019119 0.000000 26.952133 0.024495 
157 -0.156250 0.000000 -5.750000 94.819961 0.000000 26.384756 0.031302 
158 1.562500 0.000000 -4.145833 93.550440 0.000000 25.162695 0.061515 
159 0.703125 0.000000 -1.739583 91.489845 0.000000 24.357517 0.103632 
160 -0.156250 0.000000 -1.739583 91.985865 0.000000 26.163707 0.085406 
161 0.703125 0.000000 -2.541667 92.385772 0.000000 25.540987 0.081253 
162 1.562500 0.000000 -1.739583 90.359413 0.000000 22.710172 0.131942 
163 0.273438 0.000000 -0.536458 79.758496 0.000000 11.171399 0.351378 
164 -0.156250 0.000000 -0.536458 85.049723 0.000000 24.332753 0.217446 
165 0.273438 0.000000 -0.937500 88.206007 0.000000 21.027661 0.177754 
166 0.703125 0.000000 -0.536458 80.151124 0.000000 -18.707286 0.322583 
167 0.058594 0.000000 0.065104 56.268589 0.000000 56.278672 0.366656 
168 -0.156250 0.000000 0.065104 79.578015 0.000000 37.763648 0.224125 
169 0.058594 0.000000 -0.135417 27.630910 0.000000 -7.345691 0.918257 
170 0.273438 0.000000 0.065104 -0.071775 0.000000 0.906186 0.999917 
171 0.058594 0.000000 0.265625 87.065050 0.000000 49.066842 0.001212 
172 2.421875 0.000000 -0.135417 5.022772 0.000000 1.128339 0.997350 
173 2.421875 0.000000 -0.937500 85.449332 0.000000 11.679304 0.256201 
174 3.281250 0.000000 -0.135417 13.906591 0.000000 0.975483 0.980566 
175 2.421875 0.000000 0.666667 117.310718 0.000000 8.666272 -0.383691 
176 1.132812 0.000000 0.265625 -0.534936 0.000000 0.104186 0.999970 
177 1.132812 0.000000 -0.135417 -0.662894 0.000000 0.363760 0.999943 
178 1.562500 0.000000 0.265625 0.264046 0.000000 0.399879 0.999977 
179 1.132812 0.000000 0.666667 115.030756 0.000000 20.035768 -0.363351 
180 0.488281 0.000000 0.065104 -1.139430 0.000000 0.452996 0.999850 
181 0.488281 0.000000 -0.135417 -1.151925 0.000000 0.350725 0.999855 
182 0.703125 0.000000 0.065104 -1.065631 0.000000 0.284769 0.999878 
183 0.488281 0.000000 0.265625 108.118548 0.000000 48.176597 -0.401060 
184 0.273438 0.000000 1.067708 99.923986 0.000000 33.706813 -0.112095 
185 -0.156250 0.000000 1.067708 97.593704 0.000000 32.734707 -0.059609 
186 0.703125 0.000000 1.067708 103.156426 0.000000 32.823395 -0.171862 
187 0.273438 0.000000 1.468750 100.039893 0.000000 31.403148 -0.099414 
188 0.058594 0.000000 0.466146 93.964929 0.000000 41.512827 -0.055272 
189 -0.156250 0.000000 0.466146 92.508847 0.000000 37.246455 0.005481 
190 0.273438 0.000000 0.466146 98.857125 0.000000 44.362889 -0.174080 
191 0.058594 0.000000 0.666667 96.626873 0.000000 37.475573 -0.074117 
192 0.166016 0.000000 0.165365 88.081597 0.000000 67.054547 -0.225468 
193 0.058594 0.000000 0.165365 79.442790 0.000000 70.515494 -0.128359 
194 0.166016 0.000000 0.065104 80.962135 0.000000 70.228846 -0.148696 
195 0.273438 0.000000 0.165365 96.556461 0.000000 61.786330 -0.314070 
196 0.166016 0.000000 0.265625 95.793896 0.000000 62.677762 -0.310497 
197 1.132812 0.000000 -0.536458 87.494556 0.000000 -10.441968 0.223567 
198 1.132812 0.000000 -0.937500 89.519507 0.000000 14.616238 0.177262 
199 1.562500 0.000000 -0.536458 88.780592 0.000000 -4.581064 0.209702 
200 0.488281 0.000000 -0.335938 69.640299 0.000000 -23.517348 0.459716 
201 0.273438 0.000000 -0.335938 57.373710 0.000000 -24.723908 0.609699 
202 0.488281 0.000000 -0.536458 80.612200 0.000000 2.686896 0.349445 
203 0.703125 0.000000 -0.335938 79.499590 0.000000 -18.192141 0.334886 
204 -1.015625 0.000000 -1.739583 93.669790 0.000000 27.068591 0.049326 
205 -1.875000 0.000000 -1.739583 94.612131 0.000000 27.610451 0.028621 
206 -1.015625 0.000000 -2.541667 94.081443 0.000000 26.967440 0.042144 
207 -0.585938 0.000000 -0.536458 90.342722 0.000000 28.086412 0.104935 
208 -1.015625 0.000000 -0.536458 92.489783 0.000000 28.582290 0.062869 
209 -0.585938 0.000000 -0.937500 91.047938 0.000000 27.223019 0.096918 
210 0.058594 0.000000 -0.335938 71.887485 0.000000 15.133603 0.460316 
211 -0.156250 0.000000 -0.335938 80.851942 0.000000 25.183088 0.282878 
212 0.058594 0.000000 -0.536458 81.648024 0.000000 19.165696 0.296628 
213 0.380859 0.000000 -0.235677 63.508745 0.000000 -24.469820 0.536787 
214 0.273438 0.000000 -0.235677 53.572458 0.000000 -24.930662 0.650845 
215 0.380859 0.000000 -0.335938 64.212806 0.000000 -24.473548 0.527776 
216 0.488281 0.000000 -0.235677 67.753972 0.000000 -22.795086 0.488978 
217 0.380859 0.000000 -0.135417 -0.807231 0.000000 0.347934 0.999923 
218 0.488281 0.000000 0.466146 110.075471 0.000000 44.800459 -0.412369 
219 0.703125 0.000000 0.466146 113.358571 0.000000 34.979291 -0.407372 
220 0.488281 0.000000 0.666667 103.123202 0.000000 38.015951 -0.207961 
221 2.421875 0.000000 1.468750 109.073628 0.000000 22.541500 -0.240518 
222 3.281250 0.000000 1.468750 109.401749 0.000000 16.433323 -0.223880 
223 2.421875 0.000000 2.270833 105.114110 0.000000 24.125598 -0.163102 
224 1.132812 0.000000 1.067708 106.034803 0.000000 30.154956 -0.215270 
225 1.562500 0.000000 1.067708 108.327335 0.000000 26.847761 -0.245561 
226 1.132812 0.000000 1.468750 104.027402 0.000000 29.632861 -0.169981 
227 0.917969 0.000000 0.466146 114.456237 0.000000 28.378881 -0.390559 
228 0.917969 0.000000 0.265625 -0.928257 0.000000 0.179748 0.999911 
229 1.132812 0.000000 0.466146 114.809440 0.000000 23.338810 -0.372591 
230 0.917969 0.000000 0.666667 114.934446 0.000000 24.631465 -0.381664 
231 0.917969 0.000000 -0.335938 84.269924 0.000000 -15.208201 0.266729 
232 0.917969 0.000000 -0.536458 84.949778 0.000000 -13.732527 0.259495 
233 1.132812 0.000000 -0.335938 87.093733 0.000000 -11.791914 0.227563 
234 0.917969 0.000000 -0.135417 -0.888590 0.000000 0.315241 0.999911 
235 3.281250 0.000000 -4.145833 93.326483 0.000000 23.344736 0.074519 
236 3.281250 0.000000 -5.750000 94.179785 0.000000 24.762883 0.051697 
237 5.000000 0.000000 -4.145833 93.925400 0.000000 21.826163 0.070164 
238 2.421875 0.000000 -1.739583 88.282386 0.000000 20.027266 0.180513 
239 2.421875 0.000000 -2.541667 90.777963 0.000000 22.552926 0.125073 
240 3.281250 0.000000 -1.739583 88.770436 0.000000 16.594480 0.184443 
241 1.132812 0.000000 -1.338542 90.304397 0.000000 21.119013 0.139910 
242 0.703125 0.000000 -1.338542 90.488609 0.000000 22.353749 0.131212 
243 1.132812 0.000000 -1.739583 91.052172 0.000000 23.489771 0.115773 
244 1.562500 0.000000 -1.338542 89.724176 0.000000 20.362564 0.153494 
245 0.917969 0.000000 -0.736979 87.861143 0.000000 8.063261 0.221540 
246 0.703125 0.000000 -0.736979 86.648450 0.000000 10.371373 0.238448 
247 0.917969 0.000000 -0.937500 89.135924 0.000000 15.489119 0.181487 
248 1.132812 0.000000 -0.736979 88.790781 0.000000 6.823541 0.206964 
249 0.810547 0.000000 -0.436198 82.250316 0.000000 -16.662849 0.295723 
250 0.703125 0.000000 -0.436198 80.040359 0.000000 -17.528304 0.328630 
251 0.810547 0.000000 -0.536458 82.962996 0.000000 -14.817215 0.289759 
252 0.917969 0.000000 -0.436198 84.593149 0.000000 -13.618429 0.265854 
253 0.810547 0.000000 -0.335938 81.174608 0.000000 -16.843900 0.312697 
254 1.992188 0.000000 0.265625 1.893017 0.000000 1.015144 0.999539 
255 1.992188 0.000000 -0.135417 0.818663 0.000000 0.568187 0.999901 
256 2.421875 0.000000 0.265625 5.779318 0.000000 1.795129 0.996338 
257 1.992188 0.000000 0.666667 115.992441 0.000000 10.994545 -0.357513 
258 1.992188 0.000000 1.067708 110.341205 0.000000 23.332730 -0.271960 
259 2.421875 0.000000 1.067708 111.906822 0.000000 19.551046 -0.290538 
260 1.992188 0.000000 1.468750 107.691938 0.000000 25.495789 -0.224759 
261 1.777344 0.000000 0.466146 115.328210 0.000000 13.362768 -0.347916 
262 1.562500 0.000000 0.466146 115.029003 0.000000 16.268493 -0.349634 
263 1.777344 0.000000 0.265625 0.878539 0.000000 0.655603 0.999880 
264 1.992188 0.000000 0.466146 116.029423 0.000000 11.194109 -0.358814 
265 1.777344 0.000000 0.666667 115.345967 0.000000 13.173604 -0.347824 
266 1.992188 0.000000 -0.536458 86.302935 0.000000 -1.521954 0.254949 
267 1.992188 0.000000 -0.937500 87.620251 0.000000 13.014592 0.215331 
268 2.421875 0.000000 -0.536458 84.341887 0.000000 0.241614 0.288639 
269 1.992188 0.000000 -1.338542 88.455415 0.000000 19.285759 0.180370 
270 1.992188 0.000000 -1.739583 89.534698 0.000000 21.677826 0.151361 
271 2.421875 0.000000 -1.338542 87.197863 0.000000 17.734069 0.208204 
272 1.777344 0.000000 -0.736979 87.514615 0.000000 -3.972996 0.232541 
273 1.562500 0.000000 -0.736979 88.554613 0.000000 -6.039629 0.212160 
274 1.777344 0.000000 -0.937500 88.551721 0.000000 13.492748 0.197654 
275 1.992188 0.000000 -0.736979 86.198522 0.000000 -1.335564 0.256803 
276 1.777344 0.000000 -0.536458 87.754511 0.000000 -2.484494 0.229297 
277 6.718750 0.000000 -0.937500 97.398177 0.000000 15.992668 0.025783 
278 6.718750 0.000000 -2.541667 94.768333 0.000000 17.894370 0.069875 
279 8.437500 0.000000 -0.937500 94.984439 0.000000 13.201065 0.080369 
280 6.718750 0.000000 0.666667 97.574259 0.000000 -7.830718 0.041794 
281 4.140625 0.000000 -0.135417 12.710951 0.000000 1.257765 0.983685 
282 4.140625 0.000000 -0.937500 98.683040 0.000000 0.086306 0.026165 
283 5.000000 0.000000 -0.135417 -2.999957 0.000000 -0.383299 0.999085 
284 4.140625 0.000000 0.666667 110.215277 0.000000 1.321256 -0.214915 
285 2.851562 0.000000 0.265625 11.176919 0.000000 1.911715 0.987142 
286 2.851562 0.000000 -0.135417 10.963603 0.000000 1.279484 0.987816 
287 3.281250 0.000000 0.265625 14.251351 0.000000 1.374309 0.979501 
288 2.851562 0.000000 0.666667 117.666875 0.000000 5.190534 -0.387244 
289 2.207031 0.000000 0.466146 116.749813 0.000000 10.469800 -0.374014 
290 2.207031 0.000000 0.265625 3.555276 0.000000 1.406405 0.998538 
291 2.421875 0.000000 0.466146 117.374374 0.000000 8.269434 -0.384513 
292 2.207031 0.000000 0.666667 116.492621 0.000000 9.682725 -0.366429 
293 2.851562 0.000000 -0.536458 84.906214 0.000000 0.557783 0.279062 
294 2.851562 0.000000 -0.937500 85.117971 0.000000 -0.490216 0.275469 
295 3.281250 0.000000 -0.536458 89.151382 0.000000 0.296911 0.205194 
296 2.207031 0.000000 -0.736979 84.756970 0.000000 0.199007 0.281622 
297 2.207031 0.000000 -0.937500 86.443284 0.000000 12.375973 0.237439 
298 2.421875 0.000000 -0.736979 84.283396 0.000000 -0.337802 0.289620 
299 2.207031 0.000000 -0.536458 85.277991 0.000000 -0.906052 0.272684 
300 6.718750 0.000000 2.270833 100.301576 0.000000 13.175306 -0.023399 
301 8.437500 0.000000 2.270833 101.235459 0.000000 12.022975 -0.039317 
302 6.718750 0.000000 3.875000 100.904485 0.000000 18.038703 -0.050711 
303 4.140625 0.000000 1.468750 106.534390 0.000000 12.111141 -0.149626 
304 5.000000 0.000000 1.468750 103.728683 0.000000 10.146640 -0.086259 
305 4.140625 0.000000 2.270833 104.647199 0.000000 16.929292 -0.123764 
306 3.710938 0.000000 0.265625 16.317270 0.000000 0.768209 0.973316 
307 3.710938 0.000000 -0.135417 15.349153 0.000000 0.771477 0.976381 
308 4.140625 0.000000 0.265625 16.392926 0.000000 0.671252 0.973082 
309 3.710938 0.000000 0.666667 113.336354 0.000000 2.248706 -0.285019 
310 4.140625 0.000000 -1.739583 91.905316 0.000000 13.916203 0.135975 
311 4.140625 0.000000 -2.541667 91.988607 0.000000 18.537055 0.119447 
312 5.000000 0.000000 -1.739583 96.415257 0.000000 13.998120 0.050815 
313 3.710938 0.000000 -0.536458 93.710748 0.000000 0.259899 0.121823 
314 3.710938 0.000000 -0.937500 93.866420 0.000000 -0.107439 0.118908 
315 4.140625 0.000000 -0.536458 98.599499 0.000000 0.558026 0.027783 
316 5.859375 0.000000 -0.135417 2.316364 0.000000 -2.620459 0.998777 
317 5.859375 0.000000 -0.937500 104.569274 0.000000 15.467270 -0.117397 
318 6.718750 0.000000 -0.135417 8.316970 0.000000 -0.697701 0.993034 
319 5.859375 0.000000 0.666667 98.461912 0.000000 -6.344591 0.026500 
320 4.570312 0.000000 0.265625 15.770160 0.000000 1.601822 0.974874 
321 4.570312 0.000000 -0.135417 6.917678 0.000000 2.037621 0.994799 
322 5.000000 0.000000 0.265625 11.705956 0.000000 3.930022 0.984753 
323 4.570312 0.000000 0.666667 107.556267 0.000000 0.806677 -0.156900 
324 5.859375 0.000000 1.468750 101.343842 0.000000 8.928638 -0.035029 
325 6.718750 0.000000 1.468750 99.998934 0.000000 9.328343 -0.008680 
326 5.859375 0.000000 2.270833 101.719287 0.000000 13.698262 -0.053446 
327 4.570312 0.000000 1.067708 104.648749 0.000000 7.211336 -0.100336 
328 4.140625 0.000000 1.067708 107.537163 0.000000 7.874798 -0.162625 
329 5.000000 0.000000 1.067708 103.423921 0.000000 7.901743 -0.075895 
330 4.570312 0.000000 1.468750 105.209003 0.000000 10.940074 -0.118862 
331 4.355469 0.000000 0.466146 108.804249 0.000000 1.170820 -0.183974 
332 4.140625 0.000000 0.466146 110.228357 0.000000 1.370957 -0.215217 
333 4.355469 0.000000 0.265625 108.626833 0.000000 0.818575 -0.180046 
334 4.570312 0.000000 0.466146 107.564482 0.000000 0.849387 -0.157084 
335 4.355469 0.000000 0.666667 108.618837 0.000000 0.828470 -0.179874 
336 4.570312 0.000000 -0.536458 103.650544 0.000000 1.471674 -0.074560 
337 4.570312 0.000000 -0.937500 104.341478 0.000000 1.801121 -0.089039 
338 5.000000 0.000000 -0.536458 106.733709 0.000000 3.166806 -0.140211 
339 18.750000 0.000000 -37.833333 96.290804 0.000000 26.702540 0.001506 
340 18.750000 0.000000 -50.666667 96.307412 0.000000 26.757215 0.000893 
341 32.500000 0.000000 -37.833333 96.317145 0.000000 26.690502 0.001062 
342 11.875000 0.000000 -18.583333 96.169591 0.000000 26.344879 0.005736 
343 11.875000 0.000000 -25.000000 96.223929 0.000000 26.568385 0.003508 
344 18.750000 0.000000 -18.583333 96.267960 0.000000 26.305312 0.004051 
345 8.437500 0.000000 -8.958333 95.800690 0.000000 25.018872 0.019628 
346 8.437500 0.000000 -12.166667 95.876111 0.000000 25.800129 0.014212 
347 11.875000 0.000000 -8.958333 96.131194 0.000000 24.923054 0.013764 
348 6.718750 0.000000 -4.145833 95.122491 0.000000 21.339551 0.049634 
349 6.718750 0.000000 -5.750000 94.855076 0.000000 23.110387 0.046842 
350 8.437500 0.000000 -4.145833 95.468771 0.000000 20.803679 0.045292 
351 5.859375 0.000000 -1.739583 97.210525 0.000000 16.077966 0.029161 
352 5.859375 0.000000 -2.541667 94.357247 0.000000 17.829058 0.077883 
353 6.718750 0.000000 -1.739583 95.942830 0.000000 16.594804 0.051959 
354 4.570312 0.000000 -1.338542 96.764809 0.000000 9.496257 0.054639 
355 4.140625 0.000000 -1.338542 92.798327 0.000000 9.969834 0.128907 
356 4.570312 0.000000 -1.739583 94.481261 0.000000 13.478901 0.089161 
357 5.000000 0.000000 -1.338542 100.755411 0.000000 10.430367 -0.026045 
358 4.355469 0.000000 -0.736979 101.651335 0.000000 0.695546 -0.033348 
359 4.140625 0.000000 -0.736979 98.602721 0.000000 0.519396 0.027723 
360 4.355469 0.000000 -0.937500 100.978017 0.000000 1.037138 -0.019764 
361 4.570312 0.000000 -0.736979 103.671096 0.000000 1.399855 -0.074966 
362 4.355469 0.000000 -0.536458 100.801369 0.000000 2.384079 -0.016660 
363 5.429688 0.000000 0.265625 8.472603 0.000000 -1.169697 0.992685 
364 5.429688 0.000000 -0.135417 -2.620338 0.000000 -2.736614 0.998564 
365 5.859375 0.000000 0.265625 8.818936 0.000000 -2.371453 0.991660 
366 5.429688 0.000000 0.666667 99.868201 0.000000 -4.958642 0.000175 
367 5.429688 0.000000 1.067708 102.299113 0.000000 5.087178 -0.049099 
368 5.859375 0.000000 1.067708 100.464561 0.000000 4.655694 -0.011480 
369 5.429688 0.000000 1.468750 102.571282 0.000000 9.410539 -0.060943 
370 5.214844 0.000000 0.466146 100.451890 0.000000 -3.955849 -0.010623 
371 5.000000 0.000000 0.466146 105.211339 0.000000 0.239686 -0.106948 
372 5.214844 0.000000 0.265625 8.675618 0.000000 1.312008 0.992301 
373 5.429688 0.000000 0.466146 99.948925 0.000000 -5.143654 -0.001624 
374 5.214844 0.000000 0.666667 100.807079 0.000000 -3.103097 -0.017170 
375 5.429688 0.000000 -0.536458 115.507102 0.000000 11.226623 -0.346793 
376 5.429688 0.000000 -0.937500 111.853946 0.000000 12.904437 -0.267783 
377 5.859375 0.000000 -0.536458 109.595768 0.000000 12.637013 -0.217093 
378 5.429688 0.000000 -1.338542 101.811372 0.000000 13.820243 -0.055655 
379 5.429688 0.000000 -1.739583 97.397051 0.000000 15.040843 0.028759 
380 5.859375 0.000000 -1.338542 100.003394 0.000000 15.722114 -0.024786 
381 5.214844 0.000000 -0.736979 112.119420 0.000000 6.607343 -0.261442 
382 5.000000 0.000000 -0.736979 106.791027 0.000000 3.222634 -0.141471 
383 5.214844 0.000000 -0.937500 115.193365 0.000000 8.243263 -0.333746 
384 5.429688 0.000000 -0.736979 115.783968 0.000000 9.491271 -0.349601 
385 5.214844 0.000000 -0.536458 113.748012 0.000000 7.388696 -0.299320 
386 46.250000 0.000000 -12.166667 96.446001 0.000000 26.284626 0.000729 
387 46.250000 0.000000 -25.000000 96.358963 0.000000 26.589532 0.000795 
388 60.000000 0.000000 -12.166667 96.426880 0.000000 26.421961 0.000374 
389 46.250000 0.000000 0.666667 96.920412 0.000000 24.641678 -0.000078 
390 25.625000 0.000000 -5.750000 96.744111 0.000000 24.786996 0.002618 
391 25.625000 0.000000 -12.166667 96.427158 0.000000 25.912537 0.003034 
392 32.500000 0.000000 -5.750000 96.673807 0.000000 25.235703 0.001733 
393 25.625000 0.000000 0.666667 98.106627 0.000000 20.116624 -0.002959 
394 15.312500 0.000000 -2.541667 97.477168 0.000000 20.427508 0.008092 
395 15.312500 0.000000 -5.750000 96.618787 0.000000 23.578281 0.010887 
396 18.750000 0.000000 -2.541667 97.415093 0.000000 21.673669 0.004055 
397 15.312500 0.000000 0.666667 99.767477 0.000000 15.287022 -0.018724 
398 10.156250 0.000000 -0.937500 96.736197 0.000000 11.996030 0.049820 
399 10.156250 0.000000 -2.541667 96.507708 0.000000 17.526051 0.037910 
400 11.875000 0.000000 -0.937500 98.413578 0.000000 12.954038 0.014696 
401 10.156250 0.000000 0.666667 96.034617 0.000000 9.938013 0.067859 
402 7.578125 0.000000 -0.135417 98.082188 0.000000 13.850262 0.018805 
403 7.578125 0.000000 -0.937500 94.646737 0.000000 14.620350 0.082824 
404 8.437500 0.000000 -0.135417 102.066787 0.000000 13.636173 -0.060357 
405 7.578125 0.000000 0.666667 94.373485 0.000000 8.572478 0.102016 
406 6.289062 0.000000 0.265625 9.090626 0.000000 -1.642601 0.991466 
407 6.289062 0.000000 -0.135417 5.677079 0.000000 -1.424400 0.996574 
408 6.718750 0.000000 0.265625 97.324575 0.000000 -9.556844 0.043659 
409 6.289062 0.000000 0.666667 97.596849 0.000000 -7.293748 0.042166 
410 5.644531 0.000000 0.466146 98.903792 0.000000 -5.734332 0.018516 
411 5.644531 0.000000 0.265625 8.744463 0.000000 -2.266485 0.991840 
412 5.859375 0.000000 0.466146 98.415507 0.000000 -6.595199 0.027089 
413 5.644531 0.000000 0.666667 99.101062 0.000000 -5.850869 0.014475 
414 6.289062 0.000000 -0.536458 104.752527 0.000000 12.517293 -0.112977 
415 6.289062 0.000000 -0.937500 100.042454 0.000000 16.072106 -0.026681 
416 6.718750 0.000000 -0.536458 101.525960 0.000000 13.237984 -0.048276 
417 5.644531 0.000000 -0.736979 113.653983 0.000000 10.840423 -0.303474 
418 5.644531 0.000000 -0.937500 107.884435 0.000000 14.840611 -0.185929 
419 5.859375 0.000000 -0.736979 110.004476 0.000000 11.514050 -0.223356 
420 5.644531 0.000000 -0.536458 113.013977 0.000000 11.730306 -0.290976 
421 46.250000 0.000000 13.500000 98.989721 0.000000 17.290970 -0.009794 
422 60.000000 0.000000 13.500000 95.962836 0.000000 28.151467 -0.000137 
423 46.250000 0.000000 26.333333 96.668837 0.000000 25.677432 -0.000419 
424 25.625000 0.000000 7.083333 99.376428 0.000000 15.880162 -0.012785 
425 32.500000 0.000000 7.083333 99.855993 0.000000 14.129122 -0.017085 
426 25.625000 0.000000 13.500000 97.271217 0.000000 23.637088 -0.002040 
427 15.312500 0.000000 3.875000 99.581208 0.000000 14.795971 -0.013534 
428 18.750000 0.000000 3.875000 100.004499 0.000000 13.404365 -0.018058 
429 15.312500 0.000000 7.083333 98.275115 0.000000 20.399723 -0.007415 
430 10.156250 0.000000 2.270833 99.266199 0.000000 11.574425 0.001225 
431 11.875000 0.000000 2.270833 99.599833 0.000000 12.103374 -0.006662 
432 10.156250 0.000000 3.875000 99.430597 0.000000 16.327454 -0.015303 
433 7.578125 0.000000 1.468750 70.993738 0.000000 34.684085 0.375690 
434 8.437500 0.000000 1.468750 105.513694 0.000000 6.372298 -0.117375 
435 7.578125 0.000000 2.270833 99.970638 0.000000 13.247097 -0.016961 
436 7.148438 0.000000 0.265625 96.681657 0.000000 -7.244157 0.060018 
437 7.148438 0.000000 -0.135417 13.288856 0.000000 -0.696633 0.982292 
438 7.578125 0.000000 0.265625 103.048101 0.000000 -7.164704 -0.067024 
439 7.148438 0.000000 0.666667 84.535414 0.000000 5.420213 0.282439 
440 7.148438 0.000000 1.067708 97.700078 0.000000 6.951541 0.040637 
441 6.718750 0.000000 1.067708 98.956045 0.000000 5.715085 0.017504 
442 7.578125 0.000000 1.067708 88.825661 0.000000 20.400754 0.169381 
443 7.148438 0.000000 1.468750 99.393174 0.000000 9.843965 0.002409 
444 6.933594 0.000000 0.466146 97.038733 0.000000 -8.066620 0.051841 
445 6.718750 0.000000 0.466146 97.527474 0.000000 -8.307979 0.041937 
446 6.933594 0.000000 0.265625 97.522420 0.000000 -8.026203 0.042496 
447 7.148438 0.000000 0.466146 92.343409 0.000000 -7.667484 0.141390 
448 6.933594 0.000000 0.666667 97.490691 0.000000 -8.271678 0.042714 
449 7.578125 0.000000 -1.739583 94.846268 0.000000 15.956570 0.074957 
450 7.578125 0.000000 -2.541667 95.243877 0.000000 18.010777 0.060422 
451 8.437500 0.000000 -1.739583 95.312337 0.000000 15.537669 0.067414 
452 7.148438 0.000000 -0.536458 99.470277 0.000000 13.471035 -0.007580 
453 7.148438 0.000000 -0.937500 95.584200 0.000000 15.511184 0.062306 
454 7.578125 0.000000 -0.536458 98.009116 0.000000 14.283828 0.019019 
455 6.933594 0.000000 -0.335938 99.774200 0.000000 14.974580 -0.017913 
456 6.718750 0.000000 -0.335938 101.357703 0.000000 13.750549 -0.046246 
457 6.933594 0.000000 -0.536458 100.084639 0.000000 13.150644 -0.018987 
458 7.148438 0.000000 -0.335938 98.899508 0.000000 14.653373 0.000417 
459 6.933594 0.000000 -0.135417 10.174500 0.000000 -0.862130 0.989574 
460 9.296875 0.000000 -0.135417 102.481012 0.000000 28.673336 -0.132452 
461 9.296875 0.000000 -0.937500 95.952665 0.000000 13.151874 0.062011 
462 10.156250 0.000000 -0.135417 94.492337 0.000000 14.864414 0.085025 
463 9.296875 0.000000 0.666667 81.247731 0.000000 2.163072 0.339413 
464 8.007812 0.000000 -0.536458 98.843515 0.000000 14.157310 0.002953 
465 8.007812 0.000000 -0.937500 94.648040 0.000000 13.487774 0.085983 
466 8.437500 0.000000 -0.536458 100.749734 0.000000 15.061210 -0.037735 
467 8.007812 0.000000 -0.135417 98.810508 0.000000 14.391828 0.002936 
468 8.007812 0.000000 0.265625 102.600038 0.000000 -8.223532 -0.059439 
469 8.437500 0.000000 0.265625 108.417577 0.000000 -10.168124 -0.185776 
470 8.007812 0.000000 0.666667 106.273877 0.000000 0.573869 -0.129447 
471 7.792969 0.000000 -0.335938 98.388536 0.000000 14.178381 0.011867 
472 7.578125 0.000000 -0.335938 98.044863 0.000000 14.349558 0.018130 
473 7.792969 0.000000 -0.536458 98.567024 0.000000 13.809196 0.009385 
474 8.007812 0.000000 -0.335938 98.774539 0.000000 14.298689 0.003914 
475 7.792969 0.000000 -0.135417 98.269509 0.000000 14.626747 0.012916 
476 10.156250 0.000000 -4.145833 95.841516 0.000000 20.749108 0.038388 
477 10.156250 0.000000 -5.750000 95.987843 0.000000 22.995094 0.025756 
478 11.875000 0.000000 -4.145833 96.548222 0.000000 21.474007 0.021731 
479 9.296875 0.000000 -1.739583 96.009785 0.000000 15.361408 0.054615 
480 9.296875 0.000000 -2.541667 96.163856 0.000000 17.638004 0.044141 
481 10.156250 0.000000 -1.739583 96.737041 0.000000 15.210135 0.041060 
482 8.867188 0.000000 -0.536458 96.711148 0.000000 13.224491 0.047207 
483 8.867188 0.000000 -0.937500 95.678865 0.000000 12.933755 0.067827 
484 9.296875 0.000000 -0.536458 95.637461 0.000000 14.085682 0.065507 
485 8.867188 0.000000 -0.135417 101.767855 0.000000 21.898655 -0.083625 
486 13.593750 0.000000 -0.937500 98.741618 0.000000 15.330736 0.001506 
487 13.593750 0.000000 -2.541667 97.467130 0.000000 19.550440 0.011794 
488 15.312500 0.000000 -0.937500 98.602382 0.000000 17.131996 -0.001593 
489 13.593750 0.000000 0.666667 95.555012 0.000000 28.124804 0.007824 
490 11.015625 0.000000 -0.135417 98.476609 0.000000 11.364771 0.017320 
491 11.015625 0.000000 -0.937500 97.874680 0.000000 12.175819 0.027230 
492 11.875000 0.000000 -0.135417 99.370263 0.000000 11.322868 -0.000266 
493 11.015625 0.000000 0.666667 96.405029 0.000000 15.626187 0.046189 
494 9.726562 0.000000 -0.536458 95.458533 0.000000 12.228177 0.073814 
495 9.726562 0.000000 -0.937500 96.218916 0.000000 12.459695 0.058668 
496 10.156250 0.000000 -0.536458 96.404993 0.000000 10.674898 0.059212 
497 9.726562 0.000000 -0.135417 104.502710 0.000000 32.341903 -0.196682 
498 9.296875 0.000000 1.468750 82.514532 0.000000 7.540327 0.313450 
499 10.156250 0.000000 1.468750 98.545265 0.000000 9.126210 0.020554 
500 9.296875 0.000000 2.270833 99.279058 0.000000 10.901962 0.002482 
501 8.867188 0.000000 0.265625 92.448377 0.000000 -5.466047 0.142342 
502 9.296875 0.000000 0.265625 83.751593 0.000000 -0.850726 0.298495 
503 8.867188 0.000000 0.666667 96.018721 0.000000 1.209646 0.077894 
504 9.082031 0.000000 -0.335938 101.645033 0.000000 19.196323 -0.070021 
505 8.867188 0.000000 -0.335938 101.140764 0.000000 17.649571 -0.054096 
506 9.082031 0.000000 -0.536458 96.403657 0.000000 14.234959 0.050370 
507 9.296875 0.000000 -0.335938 103.662222 0.000000 23.532733 -0.129965 
508 9.082031 0.000000 -0.135417 102.720636 0.000000 25.447486 -0.119910 
509 9.726562 0.000000 0.265625 88.835833 0.000000 20.913762 0.167081 
510 10.156250 0.000000 0.265625 95.410078 0.000000 5.795447 0.086333 
511 9.726562 0.000000 0.666667 95.465181 0.000000 7.568433 0.082912 
512 9.511719 0.000000 0.065104 92.005736 0.000000 9.153464 0.145116 
513 9.296875 0.000000 0.065104 90.504804 0.000000 15.399150 0.157175 
514 9.511719 0.000000 -0.135417 103.526653 0.000000 27.032197 -0.144851 
515 9.726562 0.000000 0.065104 95.011514 0.000000 4.867949 0.094912 
516 9.511719 0.000000 0.265625 86.428773 0.000000 -8.705714 0.245428 
517 13.593750 0.000000 2.270833 99.846849 0.000000 12.435850 -0.012404 
518 15.312500 0.000000 2.270833 99.659952 0.000000 13.768839 -0.012169 
519 13.593750 0.000000 3.875000 99.368084 0.000000 15.513490 -0.011468 
520 11.015625 0.000000 1.468750 98.922113 0.000000 10.312546 0.010807 
521 11.875000 0.000000 1.468750 99.271001 0.000000 11.195884 0.001992 
522 11.015625 0.000000 2.270833 99.402650 0.000000 11.909223 -0.002272 
523 10.585938 0.000000 0.265625 97.648237 0.000000 5.991818 0.042892 
524 10.585938 0.000000 -0.135417 97.326469 0.000000 12.252002 0.037745 
525 11.015625 0.000000 0.265625 98.781899 0.000000 5.776987 0.020876 
526 10.585938 0.000000 0.666667 96.459033 0.000000 12.348110 0.054318 
527 9.941406 0.000000 0.065104 96.042054 0.000000 1.830507 0.077257 
528 9.941406 0.000000 -0.135417 107.283512 0.000000 31.679052 -0.251331 
529 10.156250 0.000000 0.065104 94.556743 0.000000 5.661199 0.102697 
530 9.941406 0.000000 0.265625 93.562709 0.000000 4.412259 0.122655 
531 11.015625 0.000000 -1.739583 97.357382 0.000000 15.502359 0.028122 
532 11.015625 0.000000 -2.541667 96.662492 0.000000 17.615155 0.034607 
533 11.875000 0.000000 -1.739583 97.634696 0.000000 16.148548 0.020669 
534 10.585938 0.000000 -0.536458 97.487306 0.000000 10.056417 0.039509 
535 10.585938 0.000000 -0.937500 97.274427 0.000000 11.709235 0.040058 
536 11.015625 0.000000 -0.536458 98.238127 0.000000 10.360159 0.024194 
537 9.941406 0.000000 -0.335938 94.871282 0.000000 12.256742 0.084921 
538 9.726562 0.000000 -0.335938 94.391310 0.000000 14.228847 0.088782 
539 9.941406 0.000000 -0.536458 95.843249 0.000000 11.248989 0.068753 
540 10.156250 0.000000 -0.335938 95.860776 0.000000 10.862177 0.069272 
541 9.833984 0.000000 -0.035156 103.135388 0.000000 23.967220 -0.121134 
542 9.726562 0.000000 -0.035156 99.393590 0.000000 18.426169 -0.021861 
543 9.833984 0.000000 -0.135417 105.232603 0.000000 32.898965 -0.215624 
544 9.941406 0.000000 -0.035156 98.285618 0.000000 13.793606 0.014967 
545 9.833984 0.000000 0.065104 96.405341 0.000000 -3.497400 0.069378 
546 10.371094 0.000000 0.065104 96.568248 0.000000 5.485315 0.064448 
547 10.371094 0.000000 -0.135417 96.305010 0.000000 13.136612 0.055277 
548 10.585938 0.000000 0.065104 95.733134 0.000000 24.539448 0.023298 
549 10.371094 0.000000 0.265625 96.776467 0.000000 6.030612 0.059795 
550 10.048828 0.000000 -0.035156 100.762563 0.000000 29.624218 -0.103069 
551 10.048828 0.000000 -0.135417 92.981091 0.000000 16.565533 0.108010 
552 10.156250 0.000000 -0.035156 92.934827 0.000000 23.524741 0.080970 
553 10.048828 0.000000 0.065104 92.015062 0.000000 4.696855 0.151117 
554 9.726562 0.000000 1.067708 97.197274 0.000000 7.618472 0.049465 
555 9.296875 0.000000 1.067708 78.690518 0.000000 6.022643 0.377153 
556 10.156250 0.000000 1.067708 97.726424 0.000000 8.594927 0.037567 
557 9.726562 0.000000 1.468750 98.116517 0.000000 8.587346 0.029941 
558 9.941406 0.000000 0.466146 94.012652 0.000000 11.243132 0.103521 
559 9.726562 0.000000 0.466146 93.862446 0.000000 8.834850 0.111179 
560 10.156250 0.000000 0.466146 94.176721 0.000000 14.216807 0.092863 
561 9.941406 0.000000 0.666667 95.779337 0.000000 8.595365 0.075244 
562 9.833984 0.000000 0.165365 93.915932 0.000000 -15.236696 0.094764 
563 9.726562 0.000000 0.165365 90.051822 0.000000 -4.555310 0.186992 
564 9.941406 0.000000 0.165365 91.864762 0.000000 2.334996 0.155541 
565 9.833984 0.000000 0.265625 89.316266 0.000000 22.961968 0.149535 
566 9.887695 0.000000 0.014974 97.901936 0.000000 8.323746 0.034593 
567 9.833984 0.000000 0.014974 98.083179 0.000000 6.552384 0.033676 
568 9.887695 0.000000 -0.035156 98.911307 0.000000 12.936730 0.004919 
569 9.941406 0.000000 0.014974 95.522838 0.000000 -0.280272 0.087531 
570 9.887695 0.000000 0.065104 97.151030 0.000000 3.325978 0.055062 
571 18.750000 0.000000 39.166667 96.453653 0.000000 26.617594 -0.001180 
572 5.000000 0.000000 39.166667 96.450451 0.000000 26.701237 -0.001565 
573 32.500000 0.000000 39.166667 96.449660 0.000000 26.538920 -0.000685 
574 18.750000 0.000000 52.000000 96.404241 0.000000 26.714253 -0.000743 
575 11.875000 0.000000 19.916667 96.757468 0.000000 26.088001 -0.004259 
576 5.000000 0.000000 19.916667 96.755010 0.000000 26.373834 -0.005711 
577 18.750000 0.000000 19.916667 96.736459 0.000000 25.832394 -0.002526 
578 11.875000 0.000000 26.333333 96.637934 0.000000 26.415106 -0.003665 
579 8.437500 0.000000 10.291667 97.620020 0.000000 24.572060 -0.013345 
580 5.000000 0.000000 10.291667 97.667619 0.000000 25.321704 -0.018015 
581 11.875000 0.000000 10.291667 97.582885 0.000000 23.922387 -0.009470 
582 8.437500 0.000000 13.500000 97.255361 0.000000 25.477243 -0.010770 
583 10.156250 0.000000 5.479167 98.770259 0.000000 19.729439 -0.014481 
584 8.437500 0.000000 5.479167 99.157698 0.000000 20.257927 -0.024263 
585 11.875000 0.000000 5.479167 98.768802 0.000000 19.084864 -0.011951 
586 10.156250 0.000000 7.083333 98.362128 0.000000 21.787269 -0.014979 
587 9.296875 0.000000 3.072917 99.805814 0.000000 14.225987 -0.016358 
588 8.437500 0.000000 3.072917 100.421951 0.000000 14.728559 -0.030150 
589 10.156250 0.000000 3.072917 99.645270 0.000000 13.987563 -0.012483 
590 9.296875 0.000000 3.875000 99.759684 0.000000 16.566444 -0.022644 
591 8.867188 0.000000 1.869792 102.817507 0.000000 5.813033 -0.060523 
592 8.437500 0.000000 1.869792 105.354186 0.000000 6.967432 -0.114805 
593 8.867188 0.000000 1.468750 101.329972 0.000000 6.419509 -0.030897 
594 9.296875 0.000000 1.869792 97.463545 0.000000 8.963997 0.042050 
595 8.867188 0.000000 2.270833 100.314356 0.000000 10.452914 -0.017223 
596 9.726562 0.000000 1.869792 98.828428 0.000000 9.774608 0.013740 
597 10.156250 0.000000 1.869792 98.971332 0.000000 10.371477 0.009711 
598 9.726562 0.000000 2.270833 99.224031 0.000000 11.341289 0.002597 
599 6.718750 0.000000 5.479167 99.688453 0.000000 21.141260 -0.038474 
600 5.000000 0.000000 5.479167 99.917926 0.000000 22.644465 -0.049636 
601 6.718750 0.000000 7.083333 98.666949 0.000000 23.118086 -0.026961 
602 7.578125 0.000000 3.072917 100.369652 0.000000 15.489316 -0.031399 
603 6.718750 0.000000 3.072917 100.642747 0.000000 16.074006 -0.038734 
604 7.578125 0.000000 3.875000 100.540779 0.000000 17.416331 -0.041178 
605 8.867188 0.000000 2.671875 100.200280 0.000000 12.831856 -0.020475 
606 8.437500 0.000000 2.671875 100.491844 0.000000 13.342120 -0.027662 
607 9.296875 0.000000 2.671875 99.646787 0.000000 12.797555 -0.009326 
608 8.867188 0.000000 3.072917 100.048513 0.000000 14.509439 -0.022023 
609 9.082031 0.000000 2.070312 99.204982 0.000000 7.711635 0.009890 
610 8.867188 0.000000 2.070312 111.721510 0.000000 0.449482 -0.248190 
611 9.082031 0.000000 1.869792 94.626954 0.000000 7.172718 0.099429 
612 9.296875 0.000000 2.070312 98.493186 0.000000 9.764127 0.020375 
613 9.082031 0.000000 2.270833 99.625086 0.000000 10.632517 -0.003821 
614 8.867188 0.000000 1.067708 97.472179 0.000000 3.981825 0.048332 
615 8.437500 0.000000 1.067708 104.611464 0.000000 4.078623 -0.096019 
616 9.082031 0.000000 1.669271 91.934822 0.000000 7.591899 0.149035 
617 8.867188 0.000000 1.669271 101.899732 0.000000 6.548185 -0.042643 
618 9.082031 0.000000 1.468750 89.372585 0.000000 6.972832 0.196392 
619 9.296875 0.000000 1.669271 96.929529 0.000000 8.409225 0.053395 
620 11.015625 0.000000 3.072917 99.510231 0.000000 13.950835 -0.009691 
621 11.875000 0.000000 3.072917 99.540993 0.000000 13.976329 -0.010375 
622 11.015625 0.000000 3.875000 99.319439 0.000000 16.197236 -0.012670 
623 9.726562 0.000000 2.671875 99.504827 0.000000 12.827487 -0.006576 
624 10.156250 0.000000 2.671875 99.468189 0.000000 12.804123 -0.005787 
625 9.726562 0.000000 3.072917 99.609884 0.000000 14.198001 -0.012371 
626 9.511719 0.000000 2.070312 98.892426 0.000000 10.347460 0.011322 
627 9.511719 0.000000 1.869792 98.492496 0.000000 9.644784 0.020621 
628 9.726562 0.000000 2.070312 99.006936 0.000000 10.627098 0.008469 
629 9.511719 0.000000 2.270833 99.219819 0.000000 11.203289 0.002991 
630 9.189453 0.000000 1.970052 82.782341 0.000000 7.147253 0.309600 
631 9.082031 0.000000 1.970052 104.263235 0.000000 3.163112 -0.088083 
632 9.189453 0.000000 1.869792 83.125532 0.000000 8.708404 0.301431 
633 9.296875 0.000000 1.970052 97.848153 0.000000 9.307676 0.033911 
634 9.189453 0.000000 2.070312 98.448420 0.000000 8.597132 0.023400 
635 8.007812 0.000000 1.869792 80.070722 0.000000 30.816591 0.263902 
636 7.578125 0.000000 1.869792 98.758030 0.000000 12.461945 0.009155 
637 8.007812 0.000000 1.468750 97.303790 0.000000 16.962120 0.024426 
638 8.007812 0.000000 2.270833 100.395042 0.000000 13.792166 -0.026939 
639 8.652344 0.000000 2.070312 110.726084 0.000000 0.597402 -0.226062 
640 8.437500 0.000000 2.070312 108.448118 0.000000 0.461600 -0.176121 
641 8.652344 0.000000 1.869792 104.309551 0.000000 6.164861 -0.091849 
642 8.652344 0.000000 2.270833 100.914968 0.000000 10.868390 -0.030195 
643 8.974609 0.000000 1.970052 108.218236 0.000000 1.825261 -0.171452 
644 8.867188 0.000000 1.970052 108.848534 0.000000 1.897304 -0.185160 
645 8.974609 0.000000 1.869792 101.524333 0.000000 6.014158 -0.034336 
646 8.974609 0.000000 2.070312 99.958728 0.000000 7.434044 -0.004701 
647 9.082031 0.000000 2.471354 99.868317 0.000000 11.733551 -0.011136 
648 8.867188 0.000000 2.471354 100.112002 0.000000 11.992335 -0.016623 
649 9.296875 0.000000 2.471354 99.528924 0.000000 11.976802 -0.004945 
650 9.082031 0.000000 2.671875 99.935018 0.000000 12.731313 -0.014909 
651 9.189453 0.000000 2.170573 99.144804 0.000000 9.813472 0.007400 
652 9.082031 0.000000 2.170573 99.477178 0.000000 9.563073 0.001284 
653 9.296875 0.000000 2.170573 99.001394 0.000000 10.307085 0.009249 
654 9.189453 0.000000 2.270833 99.441881 0.000000 10.718336 -0.000357 
655 9.135742 0.000000 2.020182 103.418717 0.000000 2.511362 -0.070174 
656 9.082031 0.000000 2.020182 110.532429 0.000000 1.249217 -0.221898 
657 9.135742 0.000000 1.970052 87.341012 0.000000 6.389986 0.233072 
658 9.189453 0.000000 2.020182 97.257897 0.000000 7.731518 0.048113 
659 9.135742 0.000000 2.070312 98.731098 0.000000 8.054632 0.018729 
660 8.974609 0.000000 2.170573 99.928594 0.000000 9.328748 -0.007275 
661 8.867188 0.000000 2.170573 100.424736 0.000000 9.317138 -0.017194 
662 8.974609 0.000000 2.270833 99.970745 0.000000 10.466346 -0.010369 
663 9.028320 0.000000 2.020182 111.327356 0.000000 0.798205 -0.239442 
664 8.974609 0.000000 2.020182 111.945647 0.000000 0.416085 -0.253200 
665 9.028320 0.000000 1.970052 106.957208 0.000000 2.404550 -0.144563 
666 9.028320 0.000000 2.070312 99.602077 0.000000 7.611783 0.002149 
667 8.652344 0.000000 1.669271 103.899030 0.000000 6.443817 -0.083653 
668 8.437500 0.000000 1.669271 105.556059 0.000000 6.648256 -0.118628 
669 8.652344 0.000000 1.468750 103.940636 0.000000 6.405783 -0.084469 
670 8.974609 0.000000 1.769531 100.513713 0.000000 6.759272 -0.014869 
671 8.867188 0.000000 1.769531 102.249480 0.000000 6.365139 -0.049547 
672 8.974609 0.000000 1.669271 97.973672 0.000000 6.966807 0.035262 
673 9.082031 0.000000 1.769531 92.712860 0.000000 7.572260 0.134699 
674 9.028320 0.000000 1.919922 101.058578 0.000000 5.090944 -0.023875 
675 8.974609 0.000000 1.919922 102.144575 0.000000 5.268074 -0.046127 
676 9.028320 0.000000 1.869792 99.356934 0.000000 6.468378 0.008636 
677 9.082031 0.000000 1.919922 96.962919 0.000000 6.008357 0.056209 
678 9.055176 0.000000 1.995117 110.175784 0.000000 1.258789 -0.214029 
679 9.028320 0.000000 1.995117 110.478297 0.000000 1.060152 -0.220658 
680 9.055176 0.000000 1.970052 104.639507 0.000000 3.096617 -0.095902 
681 9.082031 0.000000 1.995117 110.121061 0.000000 1.316733 -0.212838 
682 9.055176 0.000000 2.020182 110.845039 0.000000 1.037205 -0.228770 
683 9.511719 0.000000 1.669271 98.097271 0.000000 8.994540 0.029602 
684 9.511719 0.000000 1.468750 97.615348 0.000000 8.422384 0.040031 
685 9.726562 0.000000 1.669271 98.465032 0.000000 9.277005 0.021857 
686 9.189453 0.000000 1.769531 85.086397 0.000000 8.253791 0.269218 
687 9.189453 0.000000 1.669271 87.934028 0.000000 7.999843 0.220361 
688 9.296875 0.000000 1.769531 97.087119 0.000000 8.775550 0.049708 
689 9.135742 0.000000 1.919922 87.553264 0.000000 7.415010 0.227944 
690 9.135742 0.000000 1.869792 86.490525 0.000000 8.273217 0.245094 
691 9.189453 0.000000 1.919922 83.228454 0.000000 8.892547 0.299395 
692 9.108887 0.000000 1.995117 106.907230 0.000000 1.890146 -0.143273 
693 9.108887 0.000000 1.970052 97.846634 0.000000 4.528597 0.040553 
694 9.135742 0.000000 1.995117 96.251759 0.000000 1.881712 0.073206 
695 9.108887 0.000000 2.020182 108.750469 0.000000 1.487197 -0.182888 
696 9.028320 0.000000 2.120443 99.637159 0.000000 8.694073 -0.000315 
697 8.974609 0.000000 2.120443 99.926151 0.000000 8.588533 -0.005900 
698 9.082031 0.000000 2.120443 99.354476 0.000000 8.817275 0.005094 
699 9.028320 0.000000 2.170573 99.684997 0.000000 9.398703 -0.002543 
700 9.055176 0.000000 2.045247 112.360325 0.000000 0.598209 -0.262520 
701 9.028320 0.000000 2.045247 112.169804 0.000000 0.546333 -0.258236 
702 9.082031 0.000000 2.045247 99.173868 0.000000 6.863264 0.011744 
703 9.055176 0.000000 2.070312 99.396329 0.000000 7.638362 0.006203 
704 9.068604 0.000000 2.007650 110.515494 0.000000 1.231689 -0.221519 
705 9.055176 0.000000 2.007650 111.114876 0.000000 0.997211 -0.234751 
706 9.068604 0.000000 1.995117 110.075488 0.000000 1.356769 -0.211845 
707 9.082031 0.000000 2.007650 111.130066 0.000000 1.091502 -0.235108 
708 9.068604 0.000000 2.020182 111.463466 0.000000 0.967028 -0.242504 
709 9.082031 0.000000 0.065104 88.307892 0.000000 9.698020 0.210766 
710 8.867188 0.000000 0.065104 92.856039 0.000000 3.362044 0.136645 
711 9.082031 0.000000 0.265625 84.562647 0.000000 -5.433453 0.281964 
712 9.082031 0.000000 0.466146 85.492462 0.000000 -0.945610 0.269014 
713 8.867188 0.000000 0.466146 92.895733 0.000000 -1.412757 0.136839 
714 9.296875 0.000000 0.466146 92.350351 0.000000 5.076136 0.144565 
715 9.082031 0.000000 0.666667 86.052032 0.000000 1.967701 0.259118 
716 9.189453 0.000000 0.165365 84.170345 0.000000 -2.029166 0.291124 
717 9.082031 0.000000 0.165365 84.471170 0.000000 -3.262616 0.285398 
718 9.189453 0.000000 0.065104 89.182535 0.000000 17.965800 0.172371 
719 9.296875 0.000000 0.165365 84.506456 0.000000 0.494543 0.285841 
720 9.189453 0.000000 0.265625 83.958073 0.000000 -3.503543 0.293877 
721 8.652344 0.000000 0.065104 99.795317 0.000000 0.265726 0.004082 
722 8.437500 0.000000 0.065104 109.168348 0.000000 -3.065718 -0.192713 
723 8.652344 0.000000 -0.135417 101.070900 0.000000 17.312020 -0.051503 
724 8.652344 0.000000 0.265625 101.663418 0.000000 -7.244564 -0.038793 
725 8.974609 0.000000 0.165365 87.308049 0.000000 -2.848290 0.236919 
726 8.867188 0.000000 0.165365 92.872480 0.000000 -2.895179 0.136632 
727 8.974609 0.000000 0.065104 90.884531 0.000000 14.075299 0.154189 
728 8.974609 0.000000 0.265625 84.450675 0.000000 -10.236937 0.276329 
729 9.511719 0.000000 0.466146 93.547590 0.000000 6.733463 0.120351 
730 9.511719 0.000000 0.666667 95.038192 0.000000 6.313334 0.092788 
731 9.189453 0.000000 0.365885 82.629455 0.000000 -5.753862 0.313927 
732 9.082031 0.000000 0.365885 83.144733 0.000000 -2.231661 0.308197 
733 9.296875 0.000000 0.365885 82.979442 0.000000 -9.404778 0.302596 
734 9.189453 0.000000 0.466146 81.864198 0.000000 0.171701 0.329822 
735 9.135742 0.000000 0.215495 84.156456 0.000000 -5.662312 0.288563 
736 9.082031 0.000000 0.215495 84.402228 0.000000 -6.705615 0.283130 
737 9.135742 0.000000 0.165365 83.958608 0.000000 -2.370022 0.294534 
738 9.189453 0.000000 0.215495 83.740981 0.000000 -4.613797 0.296616 
739 9.135742 0.000000 0.265625 84.092419 0.000000 -4.745673 0.290594 
740 9.404297 0.000000 0.165365 85.630207 0.000000 -1.222769 0.266597 
741 9.404297 0.000000 0.065104 91.147020 0.000000 16.046697 0.143472 
742 9.511719 0.000000 0.165365 87.636601 0.000000 0.755303 0.231926 
743 9.404297 0.000000 0.265625 84.950230 0.000000 -6.719944 0.273830 
744 9.404297 0.000000 0.365885 92.897703 0.000000 6.640954 0.132591 
745 9.511719 0.000000 0.365885 92.906794 0.000000 7.656050 0.130971 
746 9.404297 0.000000 0.466146 93.153755 0.000000 5.877102 0.128784 
747 9.350586 0.000000 0.215495 84.727515 0.000000 -3.486728 0.280909 
748 9.296875 0.000000 0.215495 84.199075 0.000000 0.171764 0.291049 
749 9.350586 0.000000 0.165365 85.015897 0.000000 -2.094974 0.276791 
750 9.404297 0.000000 0.215495 85.449024 0.000000 -1.737512 0.269545 
751 9.350586 0.000000 0.265625 84.491602 0.000000 -3.702544 0.284746 
752 9.243164 0.000000 0.215495 83.889883 0.000000 0.180256 0.296245 
753 9.243164 0.000000 0.165365 84.419538 0.000000 -0.136592 0.287332 
754 9.243164 0.000000 0.265625 82.829621 0.000000 -1.892805 0.313567 
755 9.243164 0.000000 0.315755 82.118399 0.000000 -4.585431 0.323554 
756 9.189453 0.000000 0.315755 83.605842 0.000000 -4.294701 0.299162 
757 9.296875 0.000000 0.315755 83.352214 0.000000 -5.006629 0.302734 
758 9.243164 0.000000 0.365885 80.386870 0.000000 -5.658860 0.350593 
759 9.216309 0.000000 0.240560 83.417598 0.000000 -2.133271 0.303695 
760 9.189453 0.000000 0.240560 83.471819 0.000000 -3.499184 0.302021 
761 9.216309 0.000000 0.215495 83.839035 0.000000 0.795399 0.297038 
762 9.243164 0.000000 0.240560 83.041108 0.000000 -2.360895 0.309860 
763 9.216309 0.000000 0.265625 83.328700 0.000000 -1.838361 0.305295 
764 -36.250000 0.000000 -37.833333 96.315920 0.000000 26.823030 0.000377 
765 -50.000000 0.000000 -37.833333 96.325068 0.000000 26.824362 0.000193 
766 -36.250000 0.000000 -50.666667 96.319042 0.000000 26.817793 0.000345 
767 46.250000 0.000000 -37.833333 96.335116 0.000000 26.697374 0.000680 
768 46.250000 0.000000 -50.666667 96.328960 0.000000 26.746507 0.000536 
769 60.000000 0.000000 -37.833333 96.344333 0.000000 26.710041 0.000434 
770 -8.750000 0.000000 39.166667 96.425122 0.000000 26.770333 -0.001445 
771 -22.500000 0.000000 39.166667 96.393374 0.000000 26.805994 -0.001024 
772 -8.750000 0.000000 52.000000 96.391706 0.000000 26.782201 -0.000865 
773 -36.250000 0.000000 39.166667 96.370801 0.000000 26.818613 -0.000657 
774 -50.000000 0.000000 39.166667 96.357631 0.000000 26.821924 -0.000421 
775 -36.250000 0.000000 52.000000 96.365196 0.000000 26.813417 -0.000521 
776 -15.625000 0.000000 -18.583333 96.216157 0.000000 26.871628 0.002037 
777 -22.500000 0.000000 -18.583333 96.261701 0.000000 26.878359 0.001124 
778 -15.625000 0.000000 -25.000000 96.235544 0.000000 26.838537 0.001841 
779 46.250000 0.000000 39.166667 96.456554 0.000000 26.453117 -0.000363 
780 60.000000 0.000000 39.166667 96.480306 0.000000 26.335741 -0.000202 
781 46.250000 0.000000 52.000000 96.402075 0.000000 26.644776 -0.000330 
782 25.625000 0.000000 -18.583333 96.299485 0.000000 26.297496 0.003485 
783 25.625000 0.000000 -25.000000 96.273322 0.000000 26.506367 0.002886 
784 32.500000 0.000000 -18.583333 96.365092 0.000000 26.386542 0.001752 
785 -1.875000 0.000000 19.916667 96.674352 0.000000 26.628532 -0.005501 
786 -8.750000 0.000000 19.916667 96.557907 0.000000 26.769534 -0.004004 
787 -1.875000 0.000000 26.333333 96.595510 0.000000 26.692861 -0.004320 
788 -15.625000 0.000000 19.916667 96.501331 0.000000 26.854607 -0.003368 
789 -22.500000 0.000000 19.916667 96.417424 0.000000 26.836744 -0.001653 
790 -15.625000 0.000000 26.333333 96.446930 0.000000 26.803327 -0.002043 
791 -5.312500 0.000000 -8.958333 95.888257 0.000000 26.885864 0.008259 
792 -8.750000 0.000000 -8.958333 96.127579 0.000000 26.880434 0.003693 
793 -5.312500 0.000000 -12.166667 96.051087 0.000000 26.761438 0.005801 
794 25.625000 0.000000 19.916667 96.781821 0.000000 25.535913 -0.001880 
795 32.500000 0.000000 19.916667 96.814223 0.000000 25.230634 -0.000958 
796 25.625000 0.000000 26.333333 96.578313 0.000000 26.187819 -0.001317 
797 15.312500 0.000000 -8.958333 96.287274 0.000000 24.939745 0.010677 
798 15.312500 0.000000 -12.166667 96.244778 0.000000 25.698748 0.007652 
799 18.750000 0.000000 -8.958333 96.456211 0.000000 25.155861 0.006338 
800 1.562500 0.000000 10.291667 97.460909 0.000000 26.089057 -0.017927 
801 -1.875000 0.000000 10.291667 97.152601 0.000000 26.601013 -0.014624 
802 1.562500 0.000000 13.500000 97.200853 0.000000 26.316900 -0.014059 
803 -5.312500 0.000000 10.291667 96.872243 0.000000 26.850215 -0.010517 
804 -8.750000 0.000000 10.291667 96.664746 0.000000 26.897065 -0.006753 
805 -5.312500 0.000000 13.500000 96.765886 0.000000 26.750762 -0.007924 
806 -3.593750 0.000000 -4.145833 95.513928 0.000000 27.128857 0.014111 
807 -5.312500 0.000000 -4.145833 95.917778 0.000000 27.003744 0.007058 
808 -3.593750 0.000000 -5.750000 95.748165 0.000000 26.784106 0.011490 
809 15.312500 0.000000 10.291667 97.539815 0.000000 23.358639 -0.005964 
810 18.750000 0.000000 10.291667 97.551274 0.000000 22.788505 -0.003557 
811 15.312500 0.000000 13.500000 97.116386 0.000000 24.796329 -0.004645 
812 3.281250 0.000000 5.479167 99.920177 0.000000 24.279141 -0.057352 
813 1.562500 0.000000 5.479167 99.379398 0.000000 25.884675 -0.054628 
814 3.281250 0.000000 7.083333 98.743065 0.000000 25.037637 -0.037708 
815 -0.156250 0.000000 5.479167 98.421504 0.000000 26.729329 -0.040125 
816 -1.875000 0.000000 5.479167 97.771384 0.000000 27.144819 -0.029608 
817 -0.156250 0.000000 7.083333 97.899968 0.000000 26.483176 -0.028576 
818 -3.593750 0.000000 5.479167 97.143724 0.000000 27.148905 -0.017397 
819 -5.312500 0.000000 5.479167 96.817157 0.000000 27.049627 -0.010524 
820 -3.593750 0.000000 7.083333 97.083128 0.000000 26.903743 -0.014895 
821 -0.585938 0.000000 1.067708 96.165207 0.000000 31.240253 -0.022370 
822 -1.015625 0.000000 1.067708 95.985155 0.000000 30.165526 -0.012311 
823 -0.585938 0.000000 1.468750 97.247774 0.000000 30.419833 -0.038250 
824 0.273438 0.000000 -1.338542 90.824520 0.000000 24.061593 0.117195 
825 -0.156250 0.000000 -1.338542 91.535349 0.000000 25.715558 0.095999 
826 0.273438 0.000000 -1.739583 91.311534 0.000000 25.246363 0.102482 
827 0.488281 0.000000 -0.736979 85.612879 0.000000 13.700090 0.248274 
828 0.273438 0.000000 -0.736979 85.371493 0.000000 17.731504 0.239730 
829 0.488281 0.000000 -0.937500 88.216177 0.000000 18.814772 0.186391 
830 0.917969 0.000000 0.065104 -0.825941 0.000000 0.219942 0.999927 
831 1.132812 0.000000 0.065104 -0.550514 0.000000 0.265291 0.999963 
832 1.347656 0.000000 0.466146 114.919144 0.000000 19.417475 -0.358345 
833 1.347656 0.000000 0.265625 -0.164726 0.000000 0.238003 0.999992 
834 1.347656 0.000000 0.666667 115.080329 0.000000 18.018458 -0.356815 
835 1.347656 0.000000 -0.736979 88.921977 0.000000 -7.299796 0.203960 
836 1.347656 0.000000 -0.937500 89.532465 0.000000 14.073937 0.178586 
837 1.347656 0.000000 -0.536458 88.730822 0.000000 -7.129072 0.207602 
838 1.347656 0.000000 -0.335938 -0.888667 0.000000 0.578187 0.999888 
839 1.562500 0.000000 -0.335938 -0.576420 0.000000 0.363605 0.999954 
840 1.347656 0.000000 -0.135417 -0.391271 0.000000 0.476057 0.999962 
841 -0.585938 0.000000 -1.338542 91.928665 0.000000 27.079734 0.081581 
842 -1.015625 0.000000 -1.338542 93.133480 0.000000 27.431673 0.057366 
843 -0.585938 0.000000 -1.739583 92.676023 0.000000 26.847872 0.069035 
844 2.851562 0.000000 1.067708 112.156176 0.000000 15.745857 -0.282694 
845 3.281250 0.000000 1.067708 111.668434 0.000000 12.328084 -0.262182 
846 2.851562 0.000000 1.468750 109.433473 0.000000 19.445690 -0.235382 
847 2.851562 0.000000 -1.338542 86.207173 0.000000 15.341447 0.233296 
848 2.851562 0.000000 -1.739583 88.076873 0.000000 18.305467 0.190737 
849 3.281250 0.000000 -1.338542 87.336009 0.000000 13.127159 0.220010 
850 1.777344 0.000000 -0.335938 -0.008488 0.000000 0.145024 0.999998 
851 1.992188 0.000000 -0.335938 86.712290 0.000000 -2.942321 0.247232 
852 1.777344 0.000000 -0.135417 0.189293 0.000000 0.534968 0.999968 
853 5.859375 0.000000 3.072917 101.499719 0.000000 16.643044 -0.057918 
854 5.000000 0.000000 3.072917 102.292014 0.000000 17.845298 -0.078211 
855 5.859375 0.000000 3.875000 101.209451 0.000000 18.861570 -0.059911 
856 3.710938 0.000000 1.067708 109.852863 0.000000 9.629565 -0.216038 
857 3.710938 0.000000 1.468750 108.320121 0.000000 13.982861 -0.192877 
858 3.710938 0.000000 -1.338542 89.331031 0.000000 11.349351 0.189116 
859 3.710938 0.000000 -1.739583 90.053029 0.000000 15.016699 0.166495 
860 4.785156 0.000000 0.466146 106.374252 0.000000 1.001798 -0.131649 
861 4.785156 0.000000 0.265625 106.442203 0.000000 0.798732 -0.133058 
862 4.785156 0.000000 0.666667 106.466314 0.000000 0.525187 -0.133535 
863 6.289062 0.000000 1.067708 99.442559 0.000000 4.989205 0.008629 
864 6.289062 0.000000 1.468750 100.665792 0.000000 9.084789 -0.021614 
865 4.785156 0.000000 -0.736979 106.331689 0.000000 1.842742 -0.130982 
866 4.785156 0.000000 -0.937500 106.140888 0.000000 2.581331 -0.127255 
867 4.785156 0.000000 -0.536458 105.628046 0.000000 5.147453 -0.118378 
868 6.289062 0.000000 -1.338542 97.986625 0.000000 16.323590 0.013216 
869 6.289062 0.000000 -1.739583 96.581043 0.000000 16.590573 0.039686 
870 6.718750 0.000000 -1.338542 96.626168 0.000000 16.277424 0.039843 
871 13.593750 0.000000 -4.145833 96.859087 0.000000 21.923274 0.013769 
872 13.593750 0.000000 -5.750000 96.515980 0.000000 23.353700 0.013927 
873 15.312500 0.000000 -4.145833 96.939171 0.000000 22.317953 0.010471 
874 13.593750 0.000000 5.479167 98.715040 0.000000 18.651326 -0.009253 
875 15.312500 0.000000 5.479167 98.858669 0.000000 17.969236 -0.009593 
876 13.593750 0.000000 7.083333 98.213244 0.000000 20.924009 -0.008366 
877 8.007812 0.000000 1.067708 107.045600 0.000000 5.109774 -0.148487 
878 7.148438 0.000000 1.869792 99.886816 0.000000 11.903380 -0.011907 
879 6.718750 0.000000 1.869792 100.302301 0.000000 11.545142 -0.019384 
880 7.148438 0.000000 2.270833 99.979624 0.000000 13.190319 -0.016991 
881 6.933594 0.000000 0.065104 10.391626 0.000000 -1.356381 0.989017 
882 6.718750 0.000000 0.065104 9.000318 0.000000 -1.198980 0.991756 
883 7.148438 0.000000 0.065104 13.529790 0.000000 -1.842460 0.981355 
884 7.148438 0.000000 -1.338542 95.690139 0.000000 15.842587 0.059241 
885 7.148438 0.000000 -1.739583 95.405209 0.000000 16.117930 0.063806 
886 7.578125 0.000000 -1.338542 95.062921 0.000000 15.157551 0.073329 
887 7.363281 0.000000 -0.335938 98.267177 0.000000 14.537589 0.013222 
888 7.363281 0.000000 -0.536458 98.622374 0.000000 13.582242 0.008915 
889 7.363281 0.000000 -0.135417 16.495790 0.000000 -0.245126 0.972783 
890 8.652344 0.000000 -0.335938 100.690249 0.000000 15.843409 -0.038954 
891 8.437500 0.000000 -0.335938 100.463855 0.000000 15.117584 -0.032153 
892 8.652344 0.000000 -0.536458 96.129779 0.000000 12.611980 0.060000 
893 9.511719 0.000000 -0.335938 93.979057 0.000000 16.235751 0.090434 
894 9.511719 0.000000 -0.536458 95.328197 0.000000 13.124634 0.074028 
895 8.652344 0.000000 0.466146 100.027653 0.000000 -1.254127 -0.000710 
896 8.437500 0.000000 0.466146 102.861587 0.000000 -3.056250 -0.058985 
897 8.652344 0.000000 0.666667 101.318846 0.000000 1.769733 -0.026864 
898 9.619141 0.000000 0.165365 88.807463 0.000000 -3.871058 0.209825 
899 9.619141 0.000000 0.065104 93.392458 0.000000 11.712524 0.114067 
900 9.619141 0.000000 0.265625 86.115996 0.000000 -12.521345 0.242725 
901 10.585938 0.000000 1.067708 98.077625 0.000000 9.479162 0.029093 
902 11.015625 0.000000 1.067708 98.226183 0.000000 10.707774 0.023696 
903 10.585938 0.000000 1.468750 98.743739 0.000000 9.719062 0.015521 
904 10.585938 0.000000 1.869792 99.126083 0.000000 10.543290 0.006286 
905 11.015625 0.000000 1.869792 99.259308 0.000000 10.852830 0.002981 
906 10.585938 0.000000 2.270833 99.365866 0.000000 11.664855 -0.000964 
907 10.371094 0.000000 0.466146 94.202664 0.000000 17.573203 0.081704 
908 10.585938 0.000000 0.466146 93.975787 0.000000 21.679546 0.069855 
909 10.371094 0.000000 0.666667 96.294104 0.000000 11.099690 0.060424 
910 10.048828 0.000000 0.165365 93.557799 0.000000 4.423764 0.122737 
911 10.156250 0.000000 0.165365 94.987033 0.000000 5.190037 0.095053 
912 10.048828 0.000000 0.265625 94.494485 0.000000 5.334438 0.104234 
913 10.371094 0.000000 -0.335938 96.799457 0.000000 10.164806 0.052654 
914 10.371094 0.000000 -0.536458 96.987920 0.000000 10.298561 0.048728 
915 10.585938 0.000000 -0.335938 97.530321 0.000000 9.862784 0.039056 
916 8.007812 0.000000 2.671875 100.241099 0.000000 14.147632 -0.024843 
917 7.578125 0.000000 2.671875 100.267017 0.000000 14.246546 -0.025644 
918 8.007812 0.000000 3.072917 100.382378 0.000000 15.104926 -0.030478 
919 8.652344 0.000000 2.471354 100.543001 0.000000 12.156471 -0.025667 
920 8.437500 0.000000 2.471354 100.774896 0.000000 12.590421 -0.031410 
921 8.652344 0.000000 2.671875 100.319501 0.000000 13.068065 -0.023478 
922 10.585938 0.000000 2.671875 99.433698 0.000000 12.928074 -0.005420 
923 11.015625 0.000000 2.671875 99.578214 0.000000 12.834910 -0.008056 
924 10.585938 0.000000 3.072917 99.589651 0.000000 13.992736 -0.011390 
925 9.511719 0.000000 2.471354 99.498928 0.000000 11.882238 -0.004122 
926 9.726562 0.000000 2.471354 99.348185 0.000000 12.104952 -0.001659 
927 9.511719 0.000000 2.671875 99.477534 0.000000 12.782775 -0.005918 
928 9.135742 0.000000 2.120443 99.093586 0.000000 8.953212 0.010030 
929 9.189453 0.000000 2.120443 98.918632 0.000000 9.258027 0.012939 
930 9.135742 0.000000 2.170573 99.321517 0.000000 9.573085 0.004359 
931 9.108887 0.000000 2.045247 98.863670 0.000000 6.933253 0.017790 
932 9.135742 0.000000 2.045247 98.481273 0.000000 7.089898 0.025117 
933 9.108887 0.000000 2.070312 98.986032 0.000000 7.812844 0.014072 
934 8.974609 0.000000 0.365885 85.834847 0.000000 -3.179987 0.262227 
935 8.867188 0.000000 0.365885 92.204782 0.000000 -3.365612 0.148695 
936 8.974609 0.000000 0.466146 90.084934 0.000000 -1.976422 0.188080 
937 9.619141 0.000000 0.365885 92.741406 0.000000 9.361552 0.131139 
938 9.726562 0.000000 0.365885 92.600278 0.000000 11.311949 0.129723 
939 9.619141 0.000000 0.466146 93.736515 0.000000 7.758663 0.115327 
940 9.135742 0.000000 0.315755 83.314172 0.000000 -6.268949 0.301945 
941 9.082031 0.000000 0.315755 83.433357 0.000000 -5.230218 0.301152 
942 9.135742 0.000000 0.365885 82.397845 0.000000 -3.899201 0.319539 
943 9.350586 0.000000 0.315755 83.366385 0.000000 -4.846314 0.302656 
944 9.404297 0.000000 0.315755 83.915940 0.000000 -11.005416 0.283700 
945 9.350586 0.000000 0.365885 82.980900 0.000000 -9.391507 0.302597 
946 4.140625 0.000000 3.072917 103.142782 0.000000 19.839446 -0.103204 
947 3.281250 0.000000 3.072917 103.595086 0.000000 22.072427 -0.121913 
948 4.140625 0.000000 3.875000 101.927683 0.000000 21.446479 -0.084920 
949 2.421875 0.000000 3.072917 102.850006 0.000000 24.437290 -0.117530 
950 1.562500 0.000000 3.072917 101.660579 0.000000 26.287760 -0.102592 
951 2.421875 0.000000 3.875000 101.564625 0.000000 24.782677 -0.092955 
952 0.058594 0.000000 -0.736979 86.216603 0.000000 21.632647 0.209873 
953 -0.156250 0.000000 -0.736979 87.801306 0.000000 24.568418 0.168732 
954 0.058594 0.000000 -0.937500 88.698204 0.000000 23.210104 0.159392 
955 1.347656 0.000000 0.065104 -0.246753 0.000000 0.399534 0.999978 
956 1.562500 0.000000 0.065104 0.078505 0.000000 0.525909 0.999972 
957 1.777344 0.000000 0.065104 0.484357 0.000000 0.658883 0.999933 
958 1.992188 0.000000 0.065104 1.266559 0.000000 1.005834 0.999738 
959 2.207031 0.000000 0.065104 2.836211 0.000000 1.487549 0.998974 
960 2.207031 0.000000 -0.135417 2.349314 0.000000 0.814466 0.999382 
961 2.421875 0.000000 0.065104 5.430926 0.000000 2.012353 0.996646 
962 2.207031 0.000000 -0.335938 84.792951 0.000000 -1.604810 0.280758 
963 2.421875 0.000000 -0.335938 4.593730 0.000000 0.295028 0.997881 
964 6.289062 0.000000 1.869792 101.098010 0.000000 11.544923 -0.035409 
965 5.859375 0.000000 1.869792 101.801570 0.000000 11.627720 -0.049876 
966 6.289062 0.000000 2.270833 101.115254 0.000000 13.386242 -0.040349 
967 5.429688 0.000000 1.869792 102.733833 0.000000 12.092444 -0.070047 
968 5.000000 0.000000 1.869792 103.763861 0.000000 12.826523 -0.093146 
969 5.429688 0.000000 2.270833 102.246838 0.000000 14.116898 -0.065370 
970 7.363281 0.000000 0.065104 17.607054 0.000000 -1.398174 0.968804 
971 7.578125 0.000000 0.065104 20.961203 0.000000 -0.015070 0.956063 
972 7.363281 0.000000 0.265625 101.771153 0.000000 -6.796312 -0.040356 
973 7.363281 0.000000 0.466146 97.802981 0.000000 3.519533 0.042219 
974 7.578125 0.000000 0.466146 98.923352 0.000000 -0.482847 0.021394 
975 7.363281 0.000000 0.666667 74.649734 0.000000 20.136518 0.402194 
976 8.007812 0.000000 -1.338542 94.735654 0.000000 14.834525 0.080509 
977 8.007812 0.000000 -1.739583 95.107518 0.000000 15.766470 0.070598 
978 8.437500 0.000000 -1.338542 95.153273 0.000000 14.348329 0.073998 
979 8.222656 0.000000 -0.335938 99.400229 0.000000 14.565382 -0.009256 
980 8.222656 0.000000 -0.536458 99.070300 0.000000 14.308537 -0.001966 
981 8.222656 0.000000 -0.135417 99.300679 0.000000 14.941638 -0.008388 
982 7.792969 0.000000 0.065104 23.295711 0.000000 0.463235 0.945710 
983 8.007812 0.000000 0.065104 24.173431 0.000000 1.040206 0.941456 
984 7.792969 0.000000 0.265625 101.890946 0.000000 -7.195028 -0.043353 
985 8.222656 0.000000 0.065104 101.987476 0.000000 -8.312583 -0.047054 
986 8.222656 0.000000 0.265625 101.857392 0.000000 -7.437793 -0.043025 
987 8.222656 0.000000 0.466146 103.504441 0.000000 -3.737011 -0.072713 
988 8.007812 0.000000 0.466146 105.951077 0.000000 -5.934251 -0.126085 
989 8.222656 0.000000 0.666667 104.792776 0.000000 0.794336 -0.098216 
990 7.792969 0.000000 0.466146 106.240499 0.000000 -4.337111 -0.130585 
991 7.792969 0.000000 0.666667 105.527660 0.000000 1.638211 -0.113877 
992 8.867188 0.000000 -1.338542 95.629637 0.000000 13.985103 0.065939 
993 8.867188 0.000000 -1.739583 95.708392 0.000000 15.578776 0.059721 
994 9.296875 0.000000 -1.338542 96.031247 0.000000 14.090559 0.057946 
995 9.619141 0.000000 -0.035156 97.439929 0.000000 21.287973 0.005228 
996 9.511719 0.000000 -0.035156 98.230214 0.000000 23.324087 -0.019319 
997 9.619141 0.000000 -0.135417 103.356263 0.000000 31.715309 -0.168838 
998 9.833984 0.000000 0.365885 92.419443 0.000000 13.484176 0.127682 
999 9.941406 0.000000 0.365885 92.155505 0.000000 16.232061 0.124388 
1000 9.833984 0.000000 0.466146 93.924997 0.000000 10.016009 0.107777 
1001 10.048828 0.000000 0.365885 92.108015 0.000000 18.990004 0.115549 
1002 10.156250 0.000000 0.365885 92.003393 0.000000 22.189734 0.104299 
1003 10.048828 0.000000 0.466146 94.111902 0.000000 12.659203 0.098269 
1004 7.148438 0.000000 2.671875 100.364245 0.000000 14.522978 -0.028390 
1005 6.718750 0.000000 2.671875 100.552118 0.000000 14.627426 -0.032469 
1006 7.148438 0.000000 3.072917 100.319568 0.000000 15.662716 -0.030934 
1007 6.289062 0.000000 2.671875 100.977317 0.000000 14.928408 -0.041928 
1008 5.859375 0.000000 2.671875 101.449565 0.000000 15.379586 -0.052855 
1009 6.289062 0.000000 3.072917 101.007284 0.000000 16.283153 -0.046761 
1010 0.703125 0.000000 3.072917 100.331816 0.000000 27.633839 -0.083010 
1011 -0.156250 0.000000 3.072917 99.074413 0.000000 28.162698 -0.060888 
1012 0.703125 0.000000 3.875000 99.857569 0.000000 26.960003 -0.069838 
1013 -1.015625 0.000000 3.072917 98.133066 0.000000 28.095865 -0.041948 
1014 -1.875000 0.000000 3.072917 97.524838 0.000000 27.916097 -0.029040 
1015 -1.015625 0.000000 3.875000 98.283705 0.000000 27.659838 -0.042475 
1016 4.570312 0.000000 1.869792 104.422269 0.000000 13.658432 -0.109056 
1017 4.140625 0.000000 1.869792 105.781353 0.000000 14.890288 -0.141142 
1018 4.570312 0.000000 2.270833 103.755437 0.000000 15.801702 -0.101488 
1019 3.710938 0.000000 1.869792 106.827001 0.000000 16.677368 -0.169014 
1020 3.281250 0.000000 1.869792 107.342778 0.000000 18.781574 -0.187522 
1021 3.710938 0.000000 2.270833 105.479586 0.000000 18.595381 -0.147173 
1022 9.726562 0.000000 -1.338542 96.317605 0.000000 13.669963 0.053605 
1023 9.726562 0.000000 -1.739583 96.320684 0.000000 15.149793 0.049281 
1024 10.156250 0.000000 -1.338542 96.742156 0.000000 13.637898 0.045496 
1025 9.404297 0.000000 -0.035156 96.884308 0.000000 26.636680 -0.009608 
1026 9.296875 0.000000 -0.035156 95.092043 0.000000 26.451039 0.025785 
1027 9.404297 0.000000 -0.135417 102.729128 0.000000 27.600535 -0.131506 
1028 10.585938 0.000000 -1.338542 97.140684 0.000000 13.593983 0.037889 
1029 10.585938 0.000000 -1.739583 97.003043 0.000000 15.228895 0.035849 
1030 11.015625 0.000000 -1.338542 97.542079 0.000000 13.912827 0.029198 
1031 9.189453 0.000000 -0.035156 96.391725 0.000000 25.593544 0.005361 
1032 9.082031 0.000000 -0.035156 98.291993 0.000000 21.671901 -0.013099 
1033 9.189453 0.000000 -0.135417 102.035620 0.000000 29.242562 -0.126640 
1034 5.429688 0.000000 2.671875 102.024280 0.000000 15.893091 -0.066154 
1035 5.000000 0.000000 2.671875 102.718015 0.000000 16.564971 -0.082539 
1036 5.429688 0.000000 3.072917 102.047453 0.000000 17.246809 -0.071114 
1037 4.570312 0.000000 2.671875 103.385593 0.000000 17.541356 -0.099628 
1038 4.140625 0.000000 2.671875 104.004954 0.000000 18.655448 -0.116506 
1039 4.570312 0.000000 3.072917 102.930229 0.000000 18.846568 -0.094983 
1 11 62 60 61 
2 62 10 24 60 
3 60 24 14 63 
4 61 60 63 6 
5 24 66 64 65 
6 66 23 40 64 
7 64 40 27 67 
8 65 64 67 14 
9 40 70 68 69 
10 69 68 71 27 
11 6 63 92 93 
12 63 14 36 92 
13 92 36 19 94 
14 93 92 94 20 
15 14 67 95 96 
16 67 27 52 95 
17 95 52 35 97 
18 96 95 97 36 
19 27 71 98 99 
20 99 98 100 52 
21 68 112 110 111 
22 112 56 80 110 
23 110 80 43 113 
24 111 110 113 71 
25 80 116 114 115 
26 115 114 117 43 
27 124 126 103 127 
28 125 124 127 101 
29 71 113 133 134 
30 113 43 102 133 
31 133 102 76 135 
32 134 133 135 98 
33 43 117 136 137 
34 136 125 101 138 
35 137 136 138 102 
36 114 141 139 140 
37 141 106 129 139 
38 139 129 83 142 
39 140 139 142 117 
40 12 145 143 144 
41 145 7 146 143 
42 143 146 13 25 
43 144 143 25 10 
44 25 149 147 148 
45 149 13 150 147 
46 147 150 26 41 
47 148 147 41 23 
48 41 153 151 152 
49 153 26 154 151 
50 151 154 42 57 
51 152 151 57 39 
52 39 157 155 156 
53 157 57 158 155 
54 155 158 55 81 
55 156 155 81 56 
56 81 161 159 160 
57 161 55 162 159 
58 106 169 167 168 
59 169 130 170 167 
60 168 167 171 129 
61 130 181 180 170 
62 181 105 182 180 
63 180 182 131 183 
64 170 180 183 128 
65 83 132 184 185 
66 132 109 186 184 
67 184 186 124 187 
68 185 184 187 125 
69 129 171 188 189 
70 171 128 190 188 
71 188 190 132 191 
72 189 188 191 83 
73 167 194 192 193 
74 194 170 195 192 
75 192 195 128 196 
76 193 192 196 171 
77 163 202 200 201 
78 202 166 203 200 
79 200 203 105 181 
80 56 206 204 205 
81 206 81 160 204 
82 205 204 116 80 
83 116 209 207 208 
84 209 79 164 207 
85 207 164 106 141 
86 208 207 141 114 
87 164 212 210 211 
88 212 163 201 210 
89 210 201 130 169 
90 211 210 169 106 
91 201 215 213 214 
92 215 200 216 213 
93 213 216 181 217 
94 214 213 217 130 
95 128 183 218 190 
96 183 131 219 218 
97 218 219 109 220 
98 190 218 220 132 
99 221 222 121 223 
100 126 221 223 103 
101 109 179 224 186 
102 179 59 225 224 
103 224 225 126 226 
104 186 224 226 124 
105 131 228 227 219 
106 228 176 229 227 
107 227 229 179 230 
108 219 227 230 109 
109 232 197 233 231 
110 231 233 177 234 
111 203 231 234 105 
112 57 236 235 158 
113 236 42 237 235 
114 235 237 58 89 
115 158 235 89 55 
116 55 239 238 162 
117 239 89 240 238 
118 159 243 241 242 
119 243 162 244 241 
120 241 244 82 198 
121 242 241 198 107 
122 107 247 245 246 
123 247 198 248 245 
124 245 248 197 232 
125 246 245 232 166 
126 166 251 249 250 
127 251 232 252 249 
128 249 252 231 253 
129 250 249 253 203 
130 59 257 258 225 
131 257 175 259 258 
132 258 259 221 260 
133 225 258 260 126 
134 178 263 261 262 
135 263 254 264 261 
136 261 264 257 265 
137 262 261 265 59 
138 162 270 269 244 
139 270 238 271 269 
140 269 271 173 267 
141 244 269 267 82 
142 82 274 272 273 
143 274 267 275 272 
144 272 275 266 276 
145 273 272 276 199 
146 172 286 285 256 
147 286 174 287 285 
148 285 287 91 288 
149 256 285 288 175 
150 254 290 289 264 
151 290 256 291 289 
152 289 291 175 292 
153 264 289 292 257 
154 173 294 293 268 
155 294 88 295 293 
156 293 295 174 286 
157 268 293 286 172 
158 267 297 296 275 
159 297 173 298 296 
160 296 298 268 299 
161 275 296 299 266 
162 174 307 306 287 
163 307 281 308 306 
164 306 308 284 309 
165 287 306 309 91 
166 89 311 310 240 
167 311 58 312 310 
168 88 314 313 295 
169 314 282 315 313 
170 313 315 281 307 
171 295 313 307 174 
172 281 321 320 308 
173 321 283 322 320 
174 284 323 327 328 
175 323 5 329 327 
176 327 329 304 330 
177 328 327 330 303 
178 308 333 331 332 
179 333 320 334 331 
180 331 334 323 335 
181 332 331 335 284 
182 336 338 283 321 
183 315 336 321 281 
184 7 340 339 146 
185 340 16 341 339 
186 339 341 15 32 
187 146 339 32 13 
188 13 343 342 150 
189 343 32 344 342 
190 342 344 31 48 
191 150 342 48 26 
192 26 346 345 154 
193 346 48 347 345 
194 345 347 47 85 
195 154 345 85 42 
196 42 349 348 237 
197 349 85 350 348 
198 348 350 84 278 
199 237 348 278 58 
200 58 352 351 312 
201 352 278 353 351 
202 310 356 354 355 
203 356 312 357 354 
204 354 357 90 337 
205 355 354 337 282 
206 282 360 358 359 
207 360 337 361 358 
208 358 361 336 362 
209 359 358 362 315 
210 283 364 363 322 
211 364 316 365 363 
212 5 366 367 329 
213 366 319 368 367 
214 367 368 324 369 
215 329 367 369 304 
216 322 372 370 371 
217 372 363 373 370 
218 370 373 366 374 
219 371 370 374 5 
220 375 377 316 364 
221 338 375 364 283 
222 312 379 378 357 
223 379 351 380 378 
224 378 380 317 376 
225 357 378 376 90 
226 90 383 381 382 
227 383 376 384 381 
228 381 384 375 385 
229 382 381 385 338 
230 15 387 386 33 
231 387 17 388 386 
232 386 388 8 389 
233 33 386 389 18 
234 31 391 390 49 
235 391 33 392 390 
236 390 392 18 393 
237 49 390 393 34 
238 395 49 396 394 
239 394 396 34 397 
240 316 407 406 365 
241 407 318 408 406 
242 406 408 280 409 
243 365 406 409 319 
244 363 411 410 373 
245 411 365 412 410 
246 410 412 319 413 
247 373 410 413 366 
248 317 415 414 377 
249 415 277 416 414 
250 414 416 318 407 
251 377 414 407 316 
252 376 418 417 384 
253 418 317 419 417 
254 417 419 377 420 
255 384 417 420 375 
256 18 389 421 45 
257 389 8 422 421 
258 421 422 29 423 
259 45 421 423 28 
260 34 393 424 73 
261 393 18 425 424 
262 424 425 45 426 
263 73 424 426 44 
264 397 34 428 427 
265 427 428 73 429 
266 280 439 440 441 
267 439 405 442 440 
268 440 442 433 443 
269 441 440 443 325 
270 408 446 444 445 
271 446 436 447 444 
272 444 447 439 448 
273 445 444 448 280 
274 278 450 449 353 
275 450 84 451 449 
276 277 453 452 416 
277 453 403 454 452 
278 416 457 455 456 
279 457 452 458 455 
280 455 458 437 459 
281 456 455 459 318 
282 403 465 464 454 
283 465 279 466 464 
284 454 473 471 472 
285 473 464 474 471 
286 471 474 467 475 
287 472 471 475 402 
288 85 477 476 350 
289 477 47 478 476 
290 476 478 86 399 
291 350 476 399 84 
292 84 480 479 451 
293 480 399 481 479 
294 279 483 482 466 
295 483 461 484 482 
296 86 487 486 400 
297 487 394 488 486 
298 486 488 397 489 
299 400 486 489 50 
300 491 400 492 490 
301 490 492 50 493 
302 461 495 494 484 
303 495 398 496 494 
304 482 506 504 505 
305 506 484 507 504 
306 504 507 460 508 
307 505 504 508 485 
308 50 489 517 431 
309 489 397 518 517 
310 517 518 427 519 
311 431 517 519 119 
312 493 50 521 520 
313 520 521 431 522 
314 524 490 525 523 
315 523 525 493 526 
316 399 532 531 481 
317 532 86 533 531 
318 531 533 400 491 
319 398 535 534 496 
320 535 491 536 534 
321 534 536 490 524 
322 494 539 537 538 
323 539 496 540 537 
324 537 540 462 528 
325 538 537 528 497 
326 497 543 541 542 
327 543 528 544 541 
328 542 541 545 515 
329 462 547 546 529 
330 547 524 548 546 
331 546 548 523 549 
332 529 546 549 510 
333 528 551 550 544 
334 551 462 552 550 
335 550 552 529 553 
336 544 550 553 527 
337 463 511 554 555 
338 511 401 556 554 
339 554 556 499 557 
340 555 554 557 498 
341 558 560 401 561 
342 559 558 561 511 
343 515 545 562 563 
344 545 527 564 562 
345 562 564 530 565 
346 563 562 565 509 
347 541 568 566 567 
348 568 544 569 566 
349 566 569 527 570 
350 567 566 570 545 
351 21 46 571 572 
352 46 28 573 571 
353 571 573 30 574 
354 572 571 574 9 
355 37 74 575 576 
356 74 44 577 575 
357 575 577 46 578 
358 576 575 578 21 
359 53 120 579 580 
360 120 72 581 579 
361 579 581 74 582 
362 580 579 582 37 
363 118 432 583 584 
364 432 119 585 583 
365 583 585 72 586 
366 584 583 586 120 
367 587 589 432 590 
368 588 587 590 118 
369 557 499 597 596 
370 596 597 430 598 
371 77 302 599 600 
372 302 118 584 599 
373 599 584 120 601 
374 600 599 601 53 
375 602 588 118 604 
376 603 602 604 302 
377 605 607 587 608 
378 606 605 608 588 
379 87 503 614 615 
380 503 463 555 614 
381 614 555 498 593 
382 615 614 593 434 
383 593 618 616 617 
384 618 498 619 616 
385 522 431 621 620 
386 620 621 119 622 
387 589 620 622 432 
388 598 430 624 623 
389 623 624 589 625 
390 607 623 625 587 
391 594 627 626 612 
392 627 596 628 626 
393 626 628 598 629 
394 612 626 629 500 
395 632 594 633 630 
396 630 633 612 634 
397 433 637 635 636 
398 637 434 592 635 
399 635 592 301 638 
400 636 635 638 435 
401 592 641 639 640 
402 641 591 610 639 
403 639 610 595 642 
404 640 639 642 301 
405 591 645 643 644 
406 644 643 646 610 
407 595 613 647 648 
408 613 500 649 647 
409 647 649 607 650 
410 648 647 650 605 
411 634 612 653 651 
412 651 653 500 654 
413 652 651 654 613 
414 657 630 658 655 
415 655 658 634 659 
416 610 646 660 661 
417 660 652 613 662 
418 661 660 662 595 
419 643 665 663 664 
420 664 663 666 646 
421 434 669 667 668 
422 669 593 617 667 
423 667 617 591 641 
424 668 667 641 592 
425 617 672 670 671 
426 672 616 673 670 
427 670 673 611 645 
428 671 670 645 591 
429 645 676 674 675 
430 676 611 677 674 
431 674 677 631 665 
432 675 674 665 643 
433 665 680 678 679 
434 680 631 681 678 
435 679 678 682 663 
436 498 684 683 619 
437 684 557 685 683 
438 683 685 596 627 
439 619 683 627 594 
440 616 687 686 673 
441 687 619 688 686 
442 686 688 594 632 
443 673 686 632 611 
444 611 690 689 677 
445 690 632 691 689 
446 689 691 630 657 
447 677 689 657 631 
448 631 693 692 681 
449 693 657 694 692 
450 692 694 655 695 
451 681 692 695 656 
452 646 666 696 697 
453 666 609 698 696 
454 696 698 652 699 
455 697 696 699 660 
456 663 682 700 701 
457 682 656 702 700 
458 700 702 609 703 
459 701 700 703 666 
460 678 706 704 705 
461 706 681 707 704 
462 704 707 656 708 
463 705 704 708 682 
464 485 508 709 710 
465 712 714 463 715 
466 713 712 715 503 
467 709 718 716 717 
468 718 513 719 716 
469 404 723 721 722 
470 723 485 710 721 
471 721 710 501 724 
472 722 721 724 469 
473 710 727 725 726 
474 727 709 717 725 
475 725 717 711 728 
476 726 725 728 501 
477 729 559 511 730 
478 714 729 730 463 
479 731 733 714 734 
480 732 731 734 712 
481 717 737 735 736 
482 737 716 738 735 
483 735 738 720 739 
484 736 735 739 711 
485 513 741 740 719 
486 741 512 742 740 
487 740 742 516 743 
488 743 516 745 744 
489 744 745 729 746 
490 733 744 746 714 
491 719 749 747 748 
492 749 740 750 747 
493 747 750 743 751 
494 748 747 751 502 
495 716 753 752 738 
496 753 719 748 752 
497 752 748 502 754 
498 720 754 755 756 
499 754 502 757 755 
500 755 757 733 758 
501 756 755 758 731 
502 738 761 759 760 
503 761 752 762 759 
504 759 762 754 763 
505 760 759 763 720 
506 1 766 764 765 
507 766 12 144 764 
508 764 144 10 62 
509 765 764 62 11 
510 16 768 767 341 
511 768 2 769 767 
512 767 769 17 387 
513 341 767 387 15 
514 19 38 770 771 
515 38 21 572 770 
516 770 572 9 772 
517 771 770 772 22 
518 20 94 773 774 
519 94 19 771 773 
520 773 771 22 775 
521 774 773 775 4 
522 10 778 776 777 
523 778 25 148 776 
524 776 148 23 66 
525 777 776 66 24 
526 28 423 779 573 
527 423 29 780 779 
528 779 780 3 781 
529 573 779 781 30 
530 32 783 782 344 
531 783 15 784 782 
532 782 784 33 391 
533 344 782 391 31 
534 35 54 785 786 
535 54 37 576 785 
536 785 576 21 787 
537 786 785 787 38 
538 36 97 788 789 
539 97 35 786 788 
540 788 786 38 790 
541 789 788 790 19 
542 23 793 791 792 
543 793 41 152 791 
544 791 152 39 70 
545 792 791 70 40 
546 44 426 794 577 
547 426 45 795 794 
548 794 795 28 796 
549 577 794 796 46 
550 48 798 797 347 
551 798 31 799 797 
552 797 799 49 395 
553 347 797 395 47 
554 51 78 800 801 
555 78 53 580 800 
556 800 580 37 802 
557 801 800 802 54 
558 52 100 803 804 
559 100 51 801 803 
560 803 801 54 805 
561 804 803 805 35 
562 70 808 806 807 
563 808 39 156 806 
564 806 156 56 112 
565 807 806 112 68 
566 72 429 809 581 
567 429 73 810 809 
568 809 810 44 811 
569 581 809 811 74 
570 75 123 812 813 
571 123 77 600 812 
572 812 600 53 814 
573 813 812 814 78 
574 76 104 815 816 
575 104 75 813 815 
576 815 813 78 817 
577 816 815 817 51 
578 98 135 818 819 
579 135 76 816 818 
580 818 816 51 820 
581 819 818 820 100 
582 117 142 821 822 
583 142 83 185 821 
584 821 185 125 823 
585 822 821 823 136 
586 160 826 824 825 
587 826 159 242 824 
588 824 242 107 165 
589 825 824 165 79 
590 165 829 827 828 
591 829 107 246 827 
592 827 246 166 202 
593 828 827 202 163 
594 105 234 830 182 
595 234 177 831 830 
596 830 831 176 228 
597 182 830 228 131 
598 176 833 832 229 
599 833 178 262 832 
600 832 262 59 834 
601 229 832 834 179 
602 198 836 835 248 
603 836 82 273 835 
604 835 273 199 837 
605 248 835 837 197 
606 197 837 838 233 
607 837 199 839 838 
608 838 839 108 840 
609 233 838 840 177 
610 204 843 841 842 
611 843 160 825 841 
612 841 825 79 209 
613 842 841 209 116 
614 175 288 844 259 
615 288 91 845 844 
616 844 845 222 846 
617 259 844 846 221 
618 238 848 847 271 
619 848 240 849 847 
620 847 849 88 294 
621 271 847 294 173 
622 199 276 850 839 
623 276 266 851 850 
624 850 851 255 852 
625 839 850 852 108 
626 853 603 302 855 
627 854 853 855 77 
628 91 309 856 845 
629 309 284 328 856 
630 856 328 303 857 
631 845 856 857 222 
632 240 859 858 849 
633 859 310 355 858 
634 858 355 282 314 
635 849 858 314 88 
636 320 861 860 334 
637 861 322 371 860 
638 860 371 5 862 
639 334 860 862 323 
640 319 409 863 368 
641 409 280 441 863 
642 863 441 325 864 
643 368 863 864 324 
644 337 866 865 361 
645 866 90 382 865 
646 865 382 338 867 
647 361 865 867 336 
648 351 869 868 380 
649 869 353 870 868 
650 868 870 277 415 
651 380 868 415 317 
652 47 872 871 478 
653 872 395 873 871 
654 871 873 394 487 
655 478 871 487 86 
656 119 519 874 585 
657 519 427 875 874 
658 874 875 429 876 
659 585 874 876 72 
660 405 470 877 442 
661 470 87 615 877 
662 877 615 434 637 
663 442 877 637 433 
664 325 443 878 879 
665 443 433 636 878 
666 878 636 435 880 
667 879 878 880 300 
668 318 459 881 882 
669 459 437 883 881 
670 881 883 436 446 
671 882 881 446 408 
672 353 885 884 870 
673 885 449 886 884 
674 884 886 403 453 
675 870 884 453 277 
676 452 888 887 458 
677 888 454 472 887 
678 887 472 402 889 
679 458 887 889 437 
680 466 892 890 891 
681 892 482 505 890 
682 890 505 485 723 
683 891 890 723 404 
684 484 894 893 507 
685 894 494 538 893 
686 893 538 497 514 
687 507 893 514 460 
688 469 724 895 896 
689 724 501 713 895 
690 895 713 503 897 
691 896 895 897 87 
692 512 899 898 742 
693 899 515 563 898 
694 898 563 509 900 
695 742 898 900 516 
696 401 526 901 556 
697 526 493 902 901 
698 901 902 520 903 
699 556 901 903 499 
700 499 903 904 597 
701 903 520 905 904 
702 904 905 522 906 
703 597 904 906 430 
704 510 549 907 560 
705 549 523 908 907 
706 907 908 526 909 
707 560 907 909 401 
708 527 553 910 564 
709 553 529 911 910 
710 910 911 510 912 
711 564 910 912 530 
712 496 914 913 540 
713 914 534 915 913 
714 913 915 524 547 
715 540 913 547 462 
716 435 638 916 917 
717 638 301 606 916 
718 916 606 588 918 
719 917 916 918 602 
720 301 642 919 920 
721 642 595 648 919 
722 919 648 605 921 
723 920 919 921 606 
724 430 906 922 624 
725 906 522 923 922 
726 922 923 620 924 
727 624 922 924 589 
728 500 629 925 649 
729 629 598 926 925 
730 925 926 623 927 
731 649 925 927 607 
732 609 659 928 698 
733 659 634 929 928 
734 928 929 651 930 
735 698 928 930 652 
736 656 695 931 702 
737 695 655 932 931 
738 931 932 659 933 
739 702 931 933 609 
740 501 728 934 935 
741 728 711 732 934 
742 934 732 712 936 
743 935 934 936 713 
744 516 900 937 745 
745 900 509 938 937 
746 937 938 559 939 
747 745 937 939 729 
748 711 739 940 941 
749 739 720 756 940 
750 940 756 731 942 
751 941 940 942 732 
752 502 751 943 757 
753 751 743 944 943 
754 943 944 744 945 
755 757 943 945 733 
756 121 305 946 947 
757 946 854 77 948 
758 947 946 948 123 
759 103 223 949 950 
760 223 121 947 949 
761 949 947 123 951 
762 950 949 951 75 
763 79 954 952 953 
764 954 165 828 952 
765 952 828 163 212 
766 953 952 212 164 
767 177 840 955 831 
768 840 108 956 955 
769 955 956 178 833 
770 831 955 833 176 
771 108 852 957 956 
772 852 255 958 957 
773 957 958 254 263 
774 956 957 263 178 
775 255 960 959 958 
776 960 172 961 959 
777 959 961 256 290 
778 958 959 290 254 
779 266 299 962 851 
780 299 268 963 962 
781 962 963 172 960 
782 851 962 960 255 
783 324 864 964 965 
784 864 325 879 964 
785 964 879 300 966 
786 965 964 966 326 
787 304 369 967 968 
788 369 324 965 967 
789 967 965 326 969 
790 968 967 969 122 
791 437 889 970 883 
792 889 402 971 970 
793 970 971 438 972 
794 883 970 972 436 
795 436 972 973 447 
796 972 438 974 973 
797 973 974 405 975 
798 447 973 975 439 
799 449 977 976 886 
800 977 451 978 976 
801 976 978 279 465 
802 886 976 465 403 
803 464 980 979 474 
804 980 466 891 979 
805 979 891 404 981 
806 474 979 981 467 
807 402 475 982 971 
808 475 467 983 982 
809 982 983 468 984 
810 971 982 984 438 
811 467 981 985 983 
812 981 404 722 985 
813 985 722 469 986 
814 983 985 986 468 
815 468 986 987 988 
816 986 469 896 987 
817 987 896 87 989 
818 988 987 989 470 
819 438 984 990 974 
820 984 468 988 990 
821 990 988 470 991 
822 974 990 991 405 
823 451 993 992 978 
824 993 479 994 992 
825 992 994 461 483 
826 978 992 483 279 
827 514 997 995 996 
828 997 497 542 995 
829 995 542 515 899 
830 996 995 899 512 
831 509 565 998 938 
832 565 530 999 998 
833 998 999 558 1000 
834 938 998 1000 559 
835 530 912 1001 999 
836 912 510 1002 1001 
837 1001 1002 560 1003 
838 999 1001 1003 558 
839 300 880 1004 1005 
840 880 435 917 1004 
841 1004 917 602 1006 
842 1005 1004 1006 603 
843 326 966 1007 1008 
844 966 300 1005 1007 
845 1007 1005 603 1009 
846 1008 1007 1009 853 
847 101 127 1010 1011 
848 127 103 950 1010 
849 1010 950 75 1012 
850 1011 1010 1012 104 
851 102 138 1013 1014 
852 138 101 1011 1013 
853 1013 1011 104 1015 
854 1014 1013 1015 76 
855 303 330 1016 1017 
856 330 304 968 1016 
857 1016 968 122 1018 
858 1017 1016 1018 305 
859 222 857 1019 1020 
860 857 303 1017 1019 
861 1019 1017 305 1021 
862 1020 1019 1021 121 
863 479 1023 1022 994 
864 1023 481 1024 1022 
865 1022 1024 398 495 
866 994 1022 495 461 
867 460 1027 1025 1026 
868 1027 514 996 1025 
869 1025 996 512 741 
870 1026 1025 741 513 
871 481 1029 1028 1024 
872 1029 531 1030 1028 
873 1028 1030 491 535 
874 1024 1028 535 398 
875 508 1033 1031 1032 
876 1033 460 1026 1031 
877 1031 1026 513 718 
878 1032 1031 718 709 
879 122 969 1034 1035 
880 969 326 1008 1034 
881 1034 1008 853 1036 
882 1035 1034 1036 854 
883 305 1018 1037 1038 
884 1018 122 1035 1037 
885 1037 1035 854 1039 
886 1038 1037 1039 946 
