2 0.000000 100.000000 5791.461216
1054 898 
1 -50.000000 0.000000 -50.666667 99.327845 0.000000 -11.610029 -0.000081 
2 60.000000 0.000000 -50.666667 99.331276 0.000000 -11.573523 -0.000065 
3 60.000000 0.000000 52.000000 99.321795 0.000000 -11.588543 0.000089 
4 -50.000000 0.000000 52.000000 99.320397 0.000000 -11.609671 0.000067 
5 5.000000 0.000000 0.666667 102.101171 0.000000 -2.518221 -0.043099 
6 -50.000000 0.000000 0.666667 99.323315 0.000000 -11.613816 -0.000000 
7 5.000000 0.000000 -50.666667 99.338279 0.000000 -11.594835 -0.000253 
8 60.000000 0.000000 0.666667 99.442955 0.000000 -10.569531 -0.000062 
9 5.000000 0.000000 52.000000 99.314019 0.000000 -11.598134 0.000221 
10 -22.500000 0.000000 -25.000000 99.338856 0.000000 -11.613786 -0.000309 
11 -50.000000 0.000000 -25.000000 99.327262 0.000000 -11.612438 -0.000075 
12 -22.500000 0.000000 -50.666667 99.332916 0.000000 -11.607024 -0.000175 
13 5.000000 0.000000 -25.000000 99.398324 0.000000 -11.548383 -0.001339 
14 -22.500000 0.000000 0.666667 99.315620 0.000000 -11.640099 0.000092 
15 32.500000 0.000000 -25.000000 99.352942 0.000000 -11.468868 -0.000254 
16 32.500000 0.000000 -50.666667 99.335171 0.000000 -11.580669 -0.000159 
17 60.000000 0.000000 -25.000000 99.347614 0.000000 -11.424370 -0.000046 
18 32.500000 0.000000 0.666667 99.571259 0.000000 -9.355287 -0.000196 
19 -22.500000 0.000000 26.333333 99.310087 0.000000 -11.609577 0.000272 
20 -50.000000 0.000000 26.333333 99.320290 0.000000 -11.611673 0.000065 
21 5.000000 0.000000 26.333333 99.275580 0.000000 -11.562370 0.001067 
22 -22.500000 0.000000 52.000000 99.316776 0.000000 -11.606813 0.000146 
23 -8.750000 0.000000 -12.166667 99.413817 0.000000 -11.670048 -0.001930 
24 -22.500000 0.000000 -12.166667 99.339790 0.000000 -11.633474 -0.000373 
25 -8.750000 0.000000 -25.000000 99.371871 0.000000 -11.605888 -0.000947 
26 5.000000 0.000000 -12.166667 99.618803 0.000000 -11.362149 -0.005300 
27 -8.750000 0.000000 0.666667 99.224322 0.000000 -11.664768 0.001847 
28 32.500000 0.000000 26.333333 99.314616 0.000000 -11.530218 0.000366 
29 60.000000 0.000000 26.333333 99.326521 0.000000 -11.541390 0.000104 
30 32.500000 0.000000 52.000000 99.317513 0.000000 -11.589888 0.000171 
31 18.750000 0.000000 -12.166667 99.473498 0.000000 -11.030529 -0.001665 
32 18.750000 0.000000 -25.000000 99.376719 0.000000 -11.487451 -0.000769 
33 32.500000 0.000000 -12.166667 99.406490 0.000000 -10.964106 -0.000186 
34 18.750000 0.000000 0.666667 99.639969 0.000000 -7.947336 0.000872 
35 -8.750000 0.000000 13.500000 99.232484 0.000000 -11.622438 0.001783 
36 -22.500000 0.000000 13.500000 99.301296 0.000000 -11.625061 0.000411 
37 5.000000 0.000000 13.500000 99.263229 0.000000 -11.433750 0.001608 
38 -8.750000 0.000000 26.333333 99.286335 0.000000 -11.599755 0.000767 
39 -1.875000 0.000000 -5.750000 99.656808 0.000000 -11.946347 -0.007419 
40 -8.750000 0.000000 -5.750000 99.341836 0.000000 -11.699019 -0.000567 
41 -1.875000 0.000000 -12.166667 99.492225 0.000000 -11.597835 -0.003321 
42 5.000000 0.000000 -5.750000 99.999816 0.000000 -10.693948 -0.011432 
43 -1.875000 0.000000 0.666667 97.740263 0.000000 -11.712830 0.030965 
44 18.750000 0.000000 13.500000 99.266456 0.000000 -11.310279 0.001825 
45 32.500000 0.000000 13.500000 99.326703 0.000000 -11.352247 0.000533 
46 18.750000 0.000000 26.333333 99.292038 0.000000 -11.530410 0.000814 
47 11.875000 0.000000 -5.750000 99.607198 0.000000 -9.956716 -0.002073 
48 11.875000 0.000000 -12.166667 99.472425 0.000000 -11.164997 -0.001942 
49 18.750000 0.000000 -5.750000 99.553610 0.000000 -9.807968 -0.000712 
50 11.875000 0.000000 0.666667 99.113397 0.000000 -6.605327 0.013290 
51 -1.875000 0.000000 7.083333 99.044348 0.000000 -11.427911 0.005962 
52 -8.750000 0.000000 7.083333 99.216686 0.000000 -11.630601 0.002078 
53 5.000000 0.000000 7.083333 99.033427 0.000000 -11.068368 0.006987 
54 -1.875000 0.000000 13.500000 99.137605 0.000000 -11.568350 0.003791 
55 1.562500 0.000000 -2.541667 100.994768 0.000000 -12.546341 -0.035735 
56 -1.875000 0.000000 -2.541667 99.163173 0.000000 -12.462306 0.001136 
57 1.562500 0.000000 -5.750000 100.056093 0.000000 -11.554321 -0.014472 
58 5.000000 0.000000 -2.541667 100.728141 0.000000 -8.369351 -0.021620 
59 1.562500 0.000000 0.666667 99.900595 0.000000 8.502811 -0.005243 
60 -36.250000 0.000000 -12.166667 99.327530 0.000000 -11.616557 -0.000090 
61 -50.000000 0.000000 -12.166667 99.325616 0.000000 -11.613576 -0.000045 
62 -36.250000 0.000000 -25.000000 99.330525 0.000000 -11.613555 -0.000143 
63 -36.250000 0.000000 0.666667 99.322179 0.000000 -11.617217 0.000015 
64 -15.625000 0.000000 -5.750000 99.334582 0.000000 -11.660697 -0.000333 
65 -22.500000 0.000000 -5.750000 99.329257 0.000000 -11.639984 -0.000179 
66 -15.625000 0.000000 -12.166667 99.355428 0.000000 -11.643614 -0.000707 
67 -15.625000 0.000000 0.666667 99.302213 0.000000 -11.660148 0.000311 
68 -5.312500 0.000000 -2.541667 99.250500 0.000000 -11.870800 0.000842 
69 -8.750000 0.000000 -2.541667 99.274803 0.000000 -11.692162 0.000781 
70 -5.312500 0.000000 -5.750000 99.413899 0.000000 -11.818159 -0.002279 
71 -5.312500 0.000000 0.666667 99.043815 0.000000 -11.789510 0.005133 
72 11.875000 0.000000 7.083333 99.124126 0.000000 -10.783431 0.005813 
73 18.750000 0.000000 7.083333 99.277285 0.000000 -10.790135 0.002759 
74 11.875000 0.000000 13.500000 99.128055 0.000000 -11.298866 0.004596 
75 1.562500 0.000000 3.875000 98.754425 0.000000 -10.538741 0.013650 
76 -1.875000 0.000000 3.875000 98.664736 0.000000 -11.434408 0.013452 
77 5.000000 0.000000 3.875000 99.191631 0.000000 -10.416927 0.005251 
78 1.562500 0.000000 7.083333 99.025326 0.000000 -11.226609 0.006795 
79 -0.156250 0.000000 -0.937500 97.028773 0.000000 -16.524379 0.031236 
80 -1.875000 0.000000 -0.937500 98.241179 0.000000 -12.491820 0.019263 
81 -0.156250 0.000000 -2.541667 99.685726 0.000000 -13.071294 -0.010810 
82 1.562500 0.000000 -0.937500 104.729212 0.000000 -14.399047 -0.117554 
83 -0.156250 0.000000 0.666667 91.987961 0.000000 -6.753364 0.149261 
84 8.437500 0.000000 -2.541667 99.829793 0.000000 -7.056300 -0.001578 
85 8.437500 0.000000 -5.750000 99.683285 0.000000 -10.160946 -0.004000 
86 11.875000 0.000000 -2.541667 99.379325 0.000000 -7.867843 0.006185 
87 8.437500 0.000000 0.666667 100.942455 0.000000 -10.778594 -0.030556 
88 3.281250 0.000000 -0.937500 108.232690 0.000000 -2.511036 -0.172062 
89 3.281250 0.000000 -2.541667 101.748876 0.000000 -10.280060 -0.045851 
90 5.000000 0.000000 -0.937500 103.325385 0.000000 -1.076157 -0.067729 
91 3.281250 0.000000 0.666667 101.150270 0.000000 0.366723 -0.023151 
92 -36.250000 0.000000 13.500000 99.318107 0.000000 -11.614765 0.000101 
93 -50.000000 0.000000 13.500000 99.321323 0.000000 -11.612987 0.000041 
94 -36.250000 0.000000 26.333333 99.317055 0.000000 -11.611758 0.000129 
95 -15.625000 0.000000 7.083333 99.283512 0.000000 -11.642013 0.000725 
96 -22.500000 0.000000 7.083333 99.305292 0.000000 -11.633618 0.000312 
97 -15.625000 0.000000 13.500000 99.282906 0.000000 -11.624785 0.000777 
98 -5.312500 0.000000 3.875000 99.060894 0.000000 -11.622873 0.005185 
99 -8.750000 0.000000 3.875000 99.210927 0.000000 -11.644220 0.002160 
100 -5.312500 0.000000 7.083333 99.115746 0.000000 -11.604208 0.004141 
101 -0.156250 0.000000 2.270833 97.779377 0.000000 -10.213536 0.033488 
102 -1.875000 0.000000 2.270833 98.233863 0.000000 -11.415188 0.021980 
103 1.562500 0.000000 2.270833 98.017044 0.000000 -9.213490 0.030777 
104 -0.156250 0.000000 3.875000 98.589063 0.000000 -10.979037 0.015966 
105 0.703125 0.000000 -0.135417 -0.867489 0.000000 -0.033150 0.999925 
106 -0.156250 0.000000 -0.135417 82.768014 0.000000 -18.882860 0.279289 
107 0.703125 0.000000 -0.937500 101.168784 0.000000 -19.041107 -0.059769 
108 1.562500 0.000000 -0.135417 0.291170 0.000000 0.143398 0.999989 
109 0.703125 0.000000 0.666667 94.691826 0.000000 6.167580 0.099542 
110 -3.593750 0.000000 -0.937500 98.911465 0.000000 -12.043437 0.007148 
111 -5.312500 0.000000 -0.937500 99.140116 0.000000 -11.932862 0.002884 
112 -3.593750 0.000000 -2.541667 99.169378 0.000000 -12.035351 0.002058 
113 -3.593750 0.000000 0.666667 98.744485 0.000000 -11.850815 0.010908 
114 -1.015625 0.000000 -0.135417 95.613400 0.000000 -12.682078 0.069724 
115 -1.875000 0.000000 -0.135417 97.792434 0.000000 -12.179804 0.028829 
116 -1.015625 0.000000 -0.937500 97.159712 0.000000 -13.364149 0.038139 
117 -1.015625 0.000000 0.666667 95.893069 0.000000 -11.147559 0.068025 
118 8.437500 0.000000 3.875000 99.070855 0.000000 -10.324547 0.007837 
119 11.875000 0.000000 3.875000 99.035873 0.000000 -9.918051 0.009353 
120 8.437500 0.000000 7.083333 98.955799 0.000000 -10.845325 0.009013 
121 3.281250 0.000000 2.270833 98.616608 0.000000 -8.984980 0.019403 
122 5.000000 0.000000 2.270833 98.882622 0.000000 -9.592307 0.013021 
123 3.281250 0.000000 3.875000 98.780752 0.000000 -10.413570 0.013392 
124 0.703125 0.000000 1.468750 97.199886 0.000000 -7.113491 0.050158 
125 -0.156250 0.000000 1.468750 96.000888 0.000000 -9.241100 0.069843 
126 1.562500 0.000000 1.468750 98.388809 0.000000 -6.732045 0.027432 
127 0.703125 0.000000 2.270833 97.636242 0.000000 -9.532662 0.037629 
128 0.273438 0.000000 0.265625 70.162727 0.000000 36.126254 0.377209 
129 -0.156250 0.000000 0.265625 83.865501 0.000000 -6.866724 0.291943 
130 0.273438 0.000000 -0.135417 83.193543 0.000000 -51.311527 0.044596 
131 0.703125 0.000000 0.265625 90.930984 0.000000 26.296947 0.104003 
132 0.273438 0.000000 0.666667 91.098085 0.000000 0.527580 0.170086 
133 -3.593750 0.000000 2.270833 98.770934 0.000000 -11.683962 0.010779 
134 -5.312500 0.000000 2.270833 99.033635 0.000000 -11.711080 0.005519 
135 -3.593750 0.000000 3.875000 98.932078 0.000000 -11.521492 0.007970 
136 -1.015625 0.000000 1.468750 97.259443 0.000000 -10.641035 0.042737 
137 -1.875000 0.000000 1.468750 97.997724 0.000000 -11.449355 0.026536 
138 -1.015625 0.000000 2.270833 98.057456 0.000000 -10.783444 0.026845 
139 -0.585938 0.000000 0.265625 93.005738 0.000000 -11.314711 0.122191 
140 -1.015625 0.000000 0.265625 95.451484 0.000000 -11.830413 0.074906 
141 -0.585938 0.000000 -0.135417 93.187441 0.000000 -13.556010 0.113234 
142 -0.585938 0.000000 0.666667 94.545319 0.000000 -10.097520 0.095922 
143 -8.750000 0.000000 -37.833333 99.344140 0.000000 -11.600793 -0.000384 
144 -22.500000 0.000000 -37.833333 99.336150 0.000000 -11.608648 -0.000243 
145 -8.750000 0.000000 -50.666667 99.336278 0.000000 -11.602291 -0.000231 
146 5.000000 0.000000 -37.833333 99.349849 0.000000 -11.583954 -0.000458 
147 -1.875000 0.000000 -18.583333 99.477708 0.000000 -11.596170 -0.003029 
148 -8.750000 0.000000 -18.583333 99.388151 0.000000 -11.618858 -0.001300 
149 -1.875000 0.000000 -25.000000 99.389063 0.000000 -11.583876 -0.001237 
150 5.000000 0.000000 -18.583333 99.510639 0.000000 -11.497379 -0.003456 
151 1.562500 0.000000 -8.958333 99.870688 0.000000 -11.527234 -0.010703 
152 -1.875000 0.000000 -8.958333 99.574691 0.000000 -11.660823 -0.005109 
153 1.562500 0.000000 -12.166667 99.589360 0.000000 -11.511133 -0.005055 
154 5.000000 0.000000 -8.958333 99.932668 0.000000 -11.142009 -0.011068 
155 -0.156250 0.000000 -4.145833 99.860522 0.000000 -12.123878 -0.011911 
156 -1.875000 0.000000 -4.145833 99.534324 0.000000 -12.125597 -0.005411 
157 -0.156250 0.000000 -5.750000 99.895489 0.000000 -11.825366 -0.011895 
158 1.562500 0.000000 -4.145833 100.494787 0.000000 -11.814049 -0.023877 
159 0.703125 0.000000 -1.739583 100.500507 0.000000 -14.492324 -0.031038 
160 -0.156250 0.000000 -1.739583 98.705139 0.000000 -14.024863 0.006060 
161 0.703125 0.000000 -2.541667 100.181022 0.000000 -13.004892 -0.020536 
162 1.562500 0.000000 -1.739583 102.084823 0.000000 -13.522719 -0.060417 
163 0.273438 0.000000 -0.536458 95.397565 0.000000 -26.607037 0.019137 
164 -0.156250 0.000000 -0.536458 93.270232 0.000000 -18.925038 0.094251 
165 0.273438 0.000000 -0.937500 98.409135 0.000000 -18.681973 -0.003337 
166 0.703125 0.000000 -0.536458 105.630730 0.000000 -29.720880 -0.204118 
167 0.058594 0.000000 0.065104 41.792848 0.000000 4.562593 0.823254 
168 -0.156250 0.000000 0.065104 79.038538 0.000000 -11.986930 0.360922 
169 0.058594 0.000000 -0.135417 60.611181 0.000000 -52.858387 0.353228 
170 0.273438 0.000000 0.065104 0.203701 0.000000 0.121324 0.999994 
171 0.058594 0.000000 0.265625 74.040571 0.000000 5.772158 0.448468 
172 2.421875 0.000000 -0.135417 5.469021 0.000000 0.910107 0.996926 
173 2.421875 0.000000 -0.937500 106.053052 0.000000 -9.366676 -0.133498 
174 3.281250 0.000000 -0.135417 14.076960 0.000000 1.212227 0.980037 
175 2.421875 0.000000 0.666667 99.754904 0.000000 2.831746 0.004094 
176 1.132812 0.000000 0.265625 -0.389626 0.000000 -0.223539 0.999980 
177 1.132812 0.000000 -0.135417 -0.320024 0.000000 0.025914 0.999990 
178 1.562500 0.000000 0.265625 0.495776 0.000000 0.020552 0.999975 
179 1.132812 0.000000 0.666667 99.011440 0.000000 13.593336 0.001196 
180 0.488281 0.000000 0.065104 -0.904029 0.000000 -0.088130 0.999917 
181 0.488281 0.000000 -0.135417 -1.076312 0.000000 -0.131975 0.999882 
182 0.703125 0.000000 0.065104 -0.843539 0.000000 -0.149628 0.999927 
183 0.488281 0.000000 0.265625 81.983543 0.000000 31.878811 0.226244 
184 0.273438 0.000000 1.067708 95.307299 0.000000 -5.630037 0.088482 
185 -0.156250 0.000000 1.067708 95.278791 0.000000 -8.145206 0.085561 
186 0.703125 0.000000 1.067708 96.476834 0.000000 -3.691807 0.067859 
187 0.273438 0.000000 1.468750 96.776690 0.000000 -7.999046 0.057029 
188 0.058594 0.000000 0.466146 85.926420 0.000000 -0.096321 0.261664 
189 -0.156250 0.000000 0.466146 88.800312 0.000000 -6.178015 0.207634 
190 0.273438 0.000000 0.466146 85.522233 0.000000 8.579869 0.261233 
191 0.058594 0.000000 0.666667 90.989462 0.000000 -3.435205 0.170912 
192 0.166016 0.000000 0.165365 56.014817 0.000000 36.067477 0.556148 
193 0.058594 0.000000 0.165365 47.188146 0.000000 33.107322 0.667718 
194 0.166016 0.000000 0.065104 51.925330 0.000000 28.536107 0.648945 
195 0.273438 0.000000 0.165365 67.076586 0.000000 34.599534 0.430360 
196 0.166016 0.000000 0.265625 64.895355 0.000000 36.827215 0.443235 
197 1.132812 0.000000 -0.536458 108.324883 0.000000 -19.130452 -0.210025 
198 1.132812 0.000000 -0.937500 103.499030 0.000000 -17.127962 -0.100542 
199 1.562500 0.000000 -0.536458 108.507577 0.000000 -12.843899 -0.193886 
200 0.488281 0.000000 -0.335938 99.613272 0.000000 -39.727128 -0.150105 
201 0.273438 0.000000 -0.335938 90.422324 0.000000 -48.111230 -0.049089 
202 0.488281 0.000000 -0.536458 99.524077 0.000000 -28.187402 -0.069957 
203 0.703125 0.000000 -0.335938 105.159635 0.000000 -30.912185 -0.201411 
204 -1.015625 0.000000 -1.739583 98.701342 0.000000 -13.278665 0.008172 
205 -1.875000 0.000000 -1.739583 98.770109 0.000000 -12.561034 0.008669 
206 -1.015625 0.000000 -2.541667 99.212494 0.000000 -12.680175 -0.000391 
207 -0.585938 0.000000 -0.536458 95.271998 0.000000 -14.673666 0.070793 
208 -1.015625 0.000000 -0.536458 96.351087 0.000000 -13.269034 0.054040 
209 -0.585938 0.000000 -0.937500 96.566416 0.000000 -14.449997 0.046612 
210 0.058594 0.000000 -0.335938 86.892779 0.000000 -28.160432 0.165664 
211 -0.156250 0.000000 -0.335938 89.181943 0.000000 -19.996205 0.164673 
212 0.058594 0.000000 -0.536458 93.236768 0.000000 -22.726578 0.079041 
213 0.380859 0.000000 -0.235677 95.140214 0.000000 -44.495519 -0.103151 
214 0.273438 0.000000 -0.235677 87.472269 0.000000 -49.895862 -0.014099 
215 0.380859 0.000000 -0.335938 95.683090 0.000000 -43.934894 -0.108553 
216 0.488281 0.000000 -0.235677 98.038152 0.000000 -41.425277 -0.132753 
217 0.380859 0.000000 -0.135417 -0.769339 0.000000 -0.160795 0.999938 
218 0.488281 0.000000 0.466146 84.593501 0.000000 31.073044 0.187841 
219 0.703125 0.000000 0.466146 92.471370 0.000000 23.984111 0.087381 
220 0.488281 0.000000 0.666667 92.543481 0.000000 4.049473 0.141931 
221 2.421875 0.000000 1.468750 98.640267 0.000000 -7.009048 0.022097 
222 3.281250 0.000000 1.468750 98.581318 0.000000 -7.145997 0.023066 
223 2.421875 0.000000 2.270833 98.325720 0.000000 -8.984986 0.025132 
224 1.132812 0.000000 1.067708 97.804696 0.000000 -3.083508 0.042473 
225 1.562500 0.000000 1.067708 98.581384 0.000000 -3.413845 0.027006 
226 1.132812 0.000000 1.468750 97.837963 0.000000 -6.712422 0.038268 
227 0.917969 0.000000 0.466146 96.338520 0.000000 18.688651 0.036962 
228 0.917969 0.000000 0.265625 -0.735438 0.000000 -0.119485 0.999944 
229 1.132812 0.000000 0.466146 98.451756 0.000000 14.636671 0.009302 
230 0.917969 0.000000 0.666667 97.635384 0.000000 17.318877 0.016739 
231 0.917969 0.000000 -0.335938 107.416832 0.000000 -24.339112 -0.213077 
232 0.917969 0.000000 -0.536458 107.579768 0.000000 -23.776575 -0.213873 
233 1.132812 0.000000 -0.335938 108.310983 0.000000 -19.559475 -0.211384 
234 0.917969 0.000000 -0.135417 -0.609826 0.000000 -0.003195 0.999963 
235 3.281250 0.000000 -4.145833 100.820251 0.000000 -10.940730 -0.028442 
236 3.281250 0.000000 -5.750000 100.106259 0.000000 -11.053169 -0.014344 
237 5.000000 0.000000 -4.145833 100.601659 0.000000 -9.914022 -0.021898 
238 2.421875 0.000000 -1.739583 102.661188 0.000000 -11.467928 -0.067083 
239 2.421875 0.000000 -2.541667 101.667561 0.000000 -11.502516 -0.046860 
240 3.281250 0.000000 -1.739583 103.008350 0.000000 -9.119617 -0.069389 
241 1.132812 0.000000 -1.338542 101.954177 0.000000 -15.369856 -0.063089 
242 0.703125 0.000000 -1.338542 100.621515 0.000000 -16.026581 -0.038154 
243 1.132812 0.000000 -1.739583 101.368213 0.000000 -14.176828 -0.047650 
244 1.562500 0.000000 -1.338542 102.998694 0.000000 -14.170748 -0.080954 
245 0.917969 0.000000 -0.736979 103.760880 0.000000 -20.254137 -0.117655 
246 0.703125 0.000000 -0.736979 101.864305 0.000000 -21.839451 -0.085330 
247 0.917969 0.000000 -0.937500 102.472517 0.000000 -18.291623 -0.083520 
248 1.132812 0.000000 -0.736979 105.046028 0.000000 -17.997629 -0.135858 
249 0.810547 0.000000 -0.436198 106.539720 0.000000 -27.252481 -0.209341 
250 0.703125 0.000000 -0.436198 105.380618 0.000000 -30.351028 -0.202626 
251 0.810547 0.000000 -0.536458 106.688664 0.000000 -26.931512 -0.210778 
252 0.917969 0.000000 -0.436198 107.377018 0.000000 -24.484404 -0.212931 
253 0.810547 0.000000 -0.335938 105.949521 0.000000 -28.887373 -0.205978 
254 1.992188 0.000000 0.265625 2.204575 0.000000 0.817329 0.999447 
255 1.992188 0.000000 -0.135417 1.482832 0.000000 0.339044 0.999769 
256 2.421875 0.000000 0.265625 5.908822 0.000000 1.454756 0.996297 
257 1.992188 0.000000 0.666667 99.797230 0.000000 4.948801 0.001602 
258 1.992188 0.000000 1.067708 98.879230 0.000000 -4.015722 0.020677 
259 2.421875 0.000000 1.067708 98.763151 0.000000 -4.417443 0.022633 
260 1.992188 0.000000 1.468750 98.515474 0.000000 -6.772343 0.024884 
261 1.777344 0.000000 0.466146 99.897474 0.000000 6.620730 -0.002334 
262 1.562500 0.000000 0.466146 99.942059 0.000000 8.449909 -0.005982 
263 1.777344 0.000000 0.265625 1.160871 0.000000 0.348666 0.999853 
264 1.992188 0.000000 0.466146 99.789584 0.000000 4.724072 0.001972 
265 1.777344 0.000000 0.666667 99.890967 0.000000 6.674528 -0.002275 
266 1.992188 0.000000 -0.536458 108.413668 0.000000 -8.428551 -0.182456 
267 1.992188 0.000000 -0.937500 105.442585 0.000000 -11.851488 -0.125860 
268 2.421875 0.000000 -0.536458 108.767776 0.000000 -6.326847 -0.187046 
269 1.992188 0.000000 -1.338542 103.718891 0.000000 -12.720711 -0.091942 
270 1.992188 0.000000 -1.739583 102.719785 0.000000 -12.645239 -0.071126 
271 2.421875 0.000000 -1.338542 104.294321 0.000000 -11.113600 -0.100082 
272 1.777344 0.000000 -0.736979 108.415865 0.000000 -9.846684 -0.185096 
273 1.562500 0.000000 -0.736979 108.541280 0.000000 -12.330601 -0.193325 
274 1.777344 0.000000 -0.937500 105.099263 0.000000 -13.108244 -0.121768 
275 1.992188 0.000000 -0.736979 108.413756 0.000000 -8.347874 -0.182323 
276 1.777344 0.000000 -0.536458 108.374117 0.000000 -10.429321 -0.185372 
277 6.718750 0.000000 -0.937500 99.832593 0.000000 -0.682491 0.003299 
278 6.718750 0.000000 -2.541667 99.989577 0.000000 -7.667302 -0.005670 
279 8.437500 0.000000 -0.937500 99.234310 0.000000 -0.309362 0.015246 
280 6.718750 0.000000 0.666667 100.699560 0.000000 -12.303274 -0.029177 
281 4.140625 0.000000 -0.135417 17.471890 0.000000 -0.711652 0.969423 
282 4.140625 0.000000 -0.937500 104.834504 0.000000 -0.891138 -0.099107 
283 5.000000 0.000000 -0.135417 7.838723 0.000000 -2.502860 0.993229 
284 4.140625 0.000000 0.666667 102.337830 0.000000 -0.755281 -0.047360 
285 2.851562 0.000000 0.265625 10.321375 0.000000 1.712552 0.989054 
286 2.851562 0.000000 -0.135417 10.223455 0.000000 1.356706 0.989364 
287 3.281250 0.000000 0.265625 13.302575 0.000000 1.563244 0.982060 
288 2.851562 0.000000 0.666667 100.267328 0.000000 1.623082 -0.005617 
289 2.207031 0.000000 0.466146 99.592655 0.000000 3.223447 0.007091 
290 2.207031 0.000000 0.265625 3.881169 0.000000 1.137527 0.998364 
291 2.421875 0.000000 0.466146 99.770391 0.000000 2.889659 0.003752 
292 2.207031 0.000000 0.666667 99.647108 0.000000 4.123087 0.005345 
293 2.851562 0.000000 -0.536458 108.958679 0.000000 -4.098856 -0.188879 
294 2.851562 0.000000 -0.937500 108.796724 0.000000 -3.651028 -0.185006 
295 3.281250 0.000000 -0.536458 107.853315 0.000000 -2.413204 -0.163816 
296 2.207031 0.000000 -0.736979 108.467987 0.000000 -7.285432 -0.181838 
297 2.207031 0.000000 -0.937500 105.688856 0.000000 -10.689453 -0.128440 
298 2.421875 0.000000 -0.736979 108.821041 0.000000 -5.956694 -0.187750 
299 2.207031 0.000000 -0.536458 108.458531 0.000000 -7.535638 -0.182004 
300 6.718750 0.000000 2.270833 98.059985 0.000000 -10.078242 0.028267 
301 8.437500 0.000000 2.270833 99.660794 0.000000 -9.081212 -0.001474 
302 6.718750 0.000000 3.875000 99.389072 0.000000 -10.645362 0.000849 
303 4.140625 0.000000 1.468750 98.970051 0.000000 -7.319904 0.015135 
304 5.000000 0.000000 1.468750 100.414578 0.000000 -7.971375 -0.014663 
305 4.140625 0.000000 2.270833 98.727760 0.000000 -9.128114 0.016951 
306 3.710938 0.000000 0.265625 15.886340 0.000000 0.461060 0.974741 
307 3.710938 0.000000 -0.135417 17.476308 0.000000 0.274652 0.969450 
308 4.140625 0.000000 0.265625 15.704841 0.000000 -0.600565 0.975300 
309 3.710938 0.000000 0.666667 101.811819 0.000000 -0.299604 -0.036574 
310 4.140625 0.000000 -1.739583 101.949186 0.000000 -7.505870 -0.044997 
311 4.140625 0.000000 -2.541667 101.393061 0.000000 -9.095774 -0.036329 
312 5.000000 0.000000 -1.739583 101.376724 0.000000 -6.829053 -0.032388 
313 3.710938 0.000000 -0.536458 106.436826 0.000000 -1.601881 -0.133136 
314 3.710938 0.000000 -0.937500 106.386021 0.000000 -1.398330 -0.131994 
315 4.140625 0.000000 -0.536458 104.872639 0.000000 -1.121295 -0.099953 
316 5.859375 0.000000 -0.135417 1.334023 0.000000 0.684092 0.999775 
317 5.859375 0.000000 -0.937500 100.384904 0.000000 0.039541 -0.007713 
318 6.718750 0.000000 -0.135417 3.947359 0.000000 -0.188854 0.998438 
319 5.859375 0.000000 0.666667 104.132819 0.000000 -9.901036 -0.094167 
320 4.570312 0.000000 0.265625 13.517552 0.000000 -0.659336 0.981684 
321 4.570312 0.000000 -0.135417 15.490836 0.000000 -1.643220 0.975733 
322 5.000000 0.000000 0.265625 4.737098 0.000000 2.596245 0.997082 
323 4.570312 0.000000 0.666667 103.126249 0.000000 -1.081093 -0.063619 
324 5.859375 0.000000 1.468750 100.092266 0.000000 -10.304425 -0.012464 
325 6.718750 0.000000 1.468750 98.321725 0.000000 -10.700895 0.021833 
326 5.859375 0.000000 2.270833 98.978986 0.000000 -10.080121 0.010155 
327 4.570312 0.000000 1.067708 100.038000 0.000000 -5.241177 -0.003507 
328 4.140625 0.000000 1.067708 99.658097 0.000000 -5.391452 0.003920 
329 5.000000 0.000000 1.067708 102.097376 0.000000 -4.529013 -0.044439 
330 4.570312 0.000000 1.468750 99.786196 0.000000 -7.550986 -0.001430 
331 4.355469 0.000000 0.466146 102.551369 0.000000 -2.161386 -0.052145 
332 4.140625 0.000000 0.466146 102.341801 0.000000 -0.868480 -0.047460 
333 4.355469 0.000000 0.265625 102.526554 0.000000 -0.548346 -0.051200 
334 4.570312 0.000000 0.466146 103.125720 0.000000 -1.191471 -0.063633 
335 4.355469 0.000000 0.666667 102.534921 0.000000 -0.602114 -0.051377 
336 4.570312 0.000000 -0.536458 103.664175 0.000000 -0.924852 -0.074712 
337 4.570312 0.000000 -0.937500 103.567834 0.000000 -0.939736 -0.072718 
338 5.000000 0.000000 -0.536458 100.956008 0.000000 0.161186 -0.019214 
339 18.750000 0.000000 -37.833333 99.347227 0.000000 -11.565315 -0.000363 
340 18.750000 0.000000 -50.666667 99.337566 0.000000 -11.586822 -0.000221 
341 32.500000 0.000000 -37.833333 99.341135 0.000000 -11.553311 -0.000214 
342 11.875000 0.000000 -18.583333 99.437436 0.000000 -11.420138 -0.001822 
343 11.875000 0.000000 -25.000000 99.392582 0.000000 -11.512290 -0.001142 
344 18.750000 0.000000 -18.583333 99.403053 0.000000 -11.376319 -0.001039 
345 8.437500 0.000000 -8.958333 99.704248 0.000000 -10.882769 -0.005937 
346 8.437500 0.000000 -12.166667 99.576102 0.000000 -11.215607 -0.004119 
347 11.875000 0.000000 -8.958333 99.566054 0.000000 -10.778636 -0.002958 
348 6.718750 0.000000 -4.145833 100.380120 0.000000 -9.371530 -0.016399 
349 6.718750 0.000000 -5.750000 99.850986 0.000000 -10.358395 -0.007752 
350 8.437500 0.000000 -4.145833 99.886680 0.000000 -9.213786 -0.006224 
351 5.859375 0.000000 -1.739583 100.775923 0.000000 -6.031806 -0.019217 
352 5.859375 0.000000 -2.541667 100.280569 0.000000 -7.936390 -0.011918 
353 6.718750 0.000000 -1.739583 100.463755 0.000000 -5.844676 -0.012713 
354 4.570312 0.000000 -1.338542 101.779902 0.000000 -5.971774 -0.039481 
355 4.140625 0.000000 -1.338542 102.518316 0.000000 -6.203615 -0.054849 
356 4.570312 0.000000 -1.739583 101.813657 0.000000 -7.197184 -0.041782 
357 5.000000 0.000000 -1.338542 101.455726 0.000000 -5.787858 -0.032676 
358 4.355469 0.000000 -0.736979 103.946500 0.000000 -0.848001 -0.080559 
359 4.140625 0.000000 -0.736979 104.870757 0.000000 -1.102759 -0.099909 
360 4.355469 0.000000 -0.937500 104.068113 0.000000 -1.050500 -0.083128 
361 4.570312 0.000000 -0.736979 103.657900 0.000000 -0.898689 -0.074577 
362 4.355469 0.000000 -0.536458 104.090298 0.000000 -1.407570 -0.083677 
363 5.429688 0.000000 0.265625 -1.617767 0.000000 -0.168530 0.999735 
364 5.429688 0.000000 -0.135417 0.985097 0.000000 0.187831 0.999899 
365 5.859375 0.000000 0.265625 -0.039638 0.000000 -0.357869 0.999987 
366 5.429688 0.000000 0.666667 104.746048 0.000000 -7.459683 -0.102738 
367 5.429688 0.000000 1.067708 102.917469 0.000000 -8.707905 -0.066783 
368 5.859375 0.000000 1.067708 101.383195 0.000000 -10.708408 -0.039322 
369 5.429688 0.000000 1.468750 100.684003 0.000000 -9.245653 -0.022275 
370 5.214844 0.000000 0.466146 104.081474 0.000000 -5.818015 -0.086680 
371 5.000000 0.000000 0.466146 103.079601 0.000000 -1.677228 -0.062822 
372 5.214844 0.000000 0.265625 -0.641850 0.000000 1.000322 0.999859 
373 5.429688 0.000000 0.466146 104.788333 0.000000 -7.259730 -0.103330 
374 5.214844 0.000000 0.666667 103.187005 0.000000 -4.848033 -0.067106 
375 5.429688 0.000000 -0.536458 100.092009 0.000000 4.664615 -0.004017 
376 5.429688 0.000000 -0.937500 101.545790 0.000000 -0.909579 -0.031237 
377 5.859375 0.000000 -0.536458 100.346718 0.000000 6.702672 -0.011439 
378 5.429688 0.000000 -1.338542 101.292962 0.000000 -4.697100 -0.028233 
379 5.429688 0.000000 -1.739583 101.125672 0.000000 -6.414076 -0.026754 
380 5.859375 0.000000 -1.338542 100.806550 0.000000 -4.151144 -0.017919 
381 5.214844 0.000000 -0.736979 99.139742 0.000000 2.725549 0.016388 
382 5.000000 0.000000 -0.736979 100.728267 0.000000 0.277685 -0.014626 
383 5.214844 0.000000 -0.937500 102.570361 0.000000 -2.916110 -0.052918 
384 5.429688 0.000000 -0.736979 99.917331 0.000000 4.781663 -0.000634 
385 5.214844 0.000000 -0.536458 99.352479 0.000000 3.207619 0.011880 
386 46.250000 0.000000 -12.166667 99.422447 0.000000 -10.775852 -0.000094 
387 46.250000 0.000000 -25.000000 99.347561 0.000000 -11.448662 -0.000101 
388 60.000000 0.000000 -12.166667 99.457383 0.000000 -10.468281 -0.000136 
389 46.250000 0.000000 0.666667 99.492068 0.000000 -10.127242 -0.000123 
390 25.625000 0.000000 -5.750000 99.560693 0.000000 -9.561553 -0.000375 
391 25.625000 0.000000 -12.166667 99.412295 0.000000 -11.024709 -0.000435 
392 32.500000 0.000000 -5.750000 99.612875 0.000000 -9.106657 -0.000566 
393 25.625000 0.000000 0.666667 99.624358 0.000000 -8.732062 -0.000126 
394 15.312500 0.000000 -2.541667 99.616966 0.000000 -7.850828 0.001482 
395 15.312500 0.000000 -5.750000 99.531165 0.000000 -9.961136 -0.000568 
396 18.750000 0.000000 -2.541667 99.739855 0.000000 -7.559565 -0.000519 
397 15.312500 0.000000 0.666667 99.670157 0.000000 -7.388182 0.001127 
398 10.156250 0.000000 -0.937500 97.856781 0.000000 -4.269209 0.040582 
399 10.156250 0.000000 -2.541667 99.299411 0.000000 -7.629948 0.008141 
400 11.875000 0.000000 -0.937500 98.789219 0.000000 -6.933691 0.019261 
401 10.156250 0.000000 0.666667 96.920713 0.000000 -6.759286 0.056069 
402 7.578125 0.000000 -0.135417 104.348488 0.000000 11.045224 -0.101060 
403 7.578125 0.000000 -0.937500 100.746038 0.000000 -0.891029 -0.015056 
404 8.437500 0.000000 -0.135417 104.764973 0.000000 8.367816 -0.104572 
405 7.578125 0.000000 0.666667 90.514507 0.000000 -5.998116 0.177115 
406 6.289062 0.000000 0.265625 1.949551 0.000000 -0.187957 0.999616 
407 6.289062 0.000000 -0.135417 2.572878 0.000000 0.312295 0.999328 
408 6.718750 0.000000 0.265625 99.532324 0.000000 -12.056283 -0.005204 
409 6.289062 0.000000 0.666667 102.713727 0.000000 -11.281218 -0.067738 
410 5.644531 0.000000 0.466146 104.582220 0.000000 -9.164252 -0.102142 
411 5.644531 0.000000 0.265625 -0.958796 0.000000 -0.315895 0.999898 
412 5.859375 0.000000 0.466146 104.047082 0.000000 -9.936894 -0.092454 
413 5.644531 0.000000 0.666667 104.671208 0.000000 -8.777831 -0.103311 
414 6.289062 0.000000 -0.536458 100.255205 0.000000 8.524098 -0.012377 
415 6.289062 0.000000 -0.937500 99.895640 0.000000 -0.039645 0.002086 
416 6.718750 0.000000 -0.536458 100.620011 0.000000 9.233033 -0.020964 
417 5.644531 0.000000 -0.736979 100.201085 0.000000 6.202015 -0.007872 
418 5.644531 0.000000 -0.937500 100.839838 0.000000 -0.130051 -0.016869 
419 5.859375 0.000000 -0.736979 100.287961 0.000000 7.316459 -0.011121 
420 5.644531 0.000000 -0.536458 100.250374 0.000000 5.919339 -0.008518 
421 46.250000 0.000000 13.500000 99.339084 0.000000 -11.400218 0.000178 
422 60.000000 0.000000 13.500000 99.340087 0.000000 -11.432215 0.000085 
423 46.250000 0.000000 26.333333 99.323015 0.000000 -11.534749 0.000189 
424 25.625000 0.000000 7.083333 99.352414 0.000000 -10.910587 0.001006 
425 32.500000 0.000000 7.083333 99.369258 0.000000 -11.010042 0.000453 
426 25.625000 0.000000 13.500000 99.306571 0.000000 -11.325332 0.000994 
427 15.312500 0.000000 3.875000 99.270992 0.000000 -9.957408 0.004612 
428 18.750000 0.000000 3.875000 99.370655 0.000000 -10.088183 0.002370 
429 15.312500 0.000000 7.083333 99.204119 0.000000 -10.755919 0.004285 
430 10.156250 0.000000 2.270833 98.472191 0.000000 -9.275406 0.021719 
431 11.875000 0.000000 2.270833 98.934206 0.000000 -8.802618 0.013454 
432 10.156250 0.000000 3.875000 99.015227 0.000000 -10.189870 0.009215 
433 7.578125 0.000000 1.468750 64.959607 0.000000 16.682771 0.550193 
434 8.437500 0.000000 1.468750 103.162623 0.000000 -11.505748 -0.077491 
435 7.578125 0.000000 2.270833 97.872984 0.000000 -9.376382 0.033296 
436 7.148438 0.000000 0.265625 94.936658 0.000000 -14.498460 0.077683 
437 7.148438 0.000000 -0.135417 8.389851 0.000000 -0.886412 0.992882 
438 7.578125 0.000000 0.265625 98.362331 0.000000 -13.764852 0.013538 
439 7.148438 0.000000 0.666667 82.639516 0.000000 -3.413761 0.315906 
440 7.148438 0.000000 1.067708 95.413680 0.000000 -10.619757 0.078345 
441 6.718750 0.000000 1.067708 98.208817 0.000000 -11.599307 0.022048 
442 7.578125 0.000000 1.067708 84.077753 0.000000 2.801743 0.292308 
443 7.148438 0.000000 1.468750 97.081609 0.000000 -10.051745 0.047412 
444 6.933594 0.000000 0.466146 98.424866 0.000000 -12.927433 0.014543 
445 6.718750 0.000000 0.466146 100.631536 0.000000 -12.147676 -0.027427 
446 6.933594 0.000000 0.265625 99.554501 0.000000 -12.612449 -0.007017 
447 7.148438 0.000000 0.466146 91.191183 0.000000 -11.460434 0.155283 
448 6.933594 0.000000 0.666667 99.550944 0.000000 -12.523254 -0.006722 
449 7.578125 0.000000 -1.739583 99.676100 0.000000 -5.614854 0.003315 
450 7.578125 0.000000 -2.541667 99.995012 0.000000 -7.357315 -0.005313 
451 8.437500 0.000000 -1.739583 99.634057 0.000000 -5.217573 0.004583 
452 7.148438 0.000000 -0.536458 101.800723 0.000000 10.103271 -0.046546 
453 7.148438 0.000000 -0.937500 100.256780 0.000000 -0.976289 -0.005238 
454 7.578125 0.000000 -0.536458 104.721976 0.000000 10.565308 -0.107832 
455 6.933594 0.000000 -0.335938 101.181987 0.000000 8.111786 -0.030360 
456 6.718750 0.000000 -0.335938 100.669006 0.000000 8.771174 -0.021118 
457 6.933594 0.000000 -0.536458 101.074188 0.000000 10.003063 -0.031605 
458 7.148438 0.000000 -0.335938 102.251759 0.000000 8.631582 -0.052993 
459 6.933594 0.000000 -0.135417 5.381761 0.000000 -0.771768 0.997044 
460 9.296875 0.000000 -0.135417 91.596445 0.000000 5.199007 0.158306 
461 9.296875 0.000000 -0.937500 97.750551 0.000000 -1.974961 0.044093 
462 10.156250 0.000000 -0.135417 95.345896 0.000000 -2.350974 0.090363 
463 9.296875 0.000000 0.666667 82.094322 0.000000 -12.176647 0.311225 
464 8.007812 0.000000 -0.536458 104.973131 0.000000 12.823052 -0.118379 
465 8.007812 0.000000 -0.937500 100.442827 0.000000 -0.662396 -0.008920 
466 8.437500 0.000000 -0.536458 102.683172 0.000000 14.035810 -0.074084 
467 8.007812 0.000000 -0.135417 105.033401 0.000000 12.294954 -0.118318 
468 8.007812 0.000000 0.265625 98.399032 0.000000 -12.574686 0.015951 
469 8.437500 0.000000 0.265625 108.299705 0.000000 -14.997901 -0.195376 
470 8.007812 0.000000 0.666667 102.108163 0.000000 -12.629121 -0.058557 
471 7.792969 0.000000 -0.335938 105.318514 0.000000 11.645579 -0.122761 
472 7.578125 0.000000 -0.335938 104.862050 0.000000 10.602284 -0.110846 
473 7.792969 0.000000 -0.536458 105.055500 0.000000 12.343619 -0.118902 
474 8.007812 0.000000 -0.335938 105.056023 0.000000 12.486801 -0.119269 
475 7.792969 0.000000 -0.135417 105.842809 0.000000 11.028935 -0.132434 
476 10.156250 0.000000 -4.145833 99.412101 0.000000 -9.337678 0.003004 
477 10.156250 0.000000 -5.750000 99.733235 0.000000 -9.842990 -0.004360 
478 11.875000 0.000000 -4.145833 99.532735 0.000000 -9.151072 0.000949 
479 9.296875 0.000000 -1.739583 99.228523 0.000000 -5.243153 0.012621 
480 9.296875 0.000000 -2.541667 99.488696 0.000000 -7.255922 0.004935 
481 10.156250 0.000000 -1.739583 98.970316 0.000000 -6.014186 0.016871 
482 8.867188 0.000000 -0.536458 96.157697 0.000000 3.199892 0.074346 
483 8.867188 0.000000 -0.937500 98.258881 0.000000 -1.115169 0.034395 
484 9.296875 0.000000 -0.536458 95.620160 0.000000 -0.021200 0.085678 
485 8.867188 0.000000 -0.135417 96.430104 0.000000 6.701504 0.065632 
486 13.593750 0.000000 -0.937500 99.211222 0.000000 -8.860711 0.007862 
487 13.593750 0.000000 -2.541667 99.536630 0.000000 -7.897152 0.003009 
488 15.312500 0.000000 -0.937500 99.181400 0.000000 -11.865110 0.002227 
489 13.593750 0.000000 0.666667 99.536664 0.000000 -7.044289 0.004283 
490 11.015625 0.000000 -0.135417 98.475745 0.000000 -3.316538 0.029153 
491 11.015625 0.000000 -0.937500 98.382552 0.000000 -6.011577 0.028473 
492 11.875000 0.000000 -0.135417 99.174688 0.000000 -4.453113 0.014455 
493 11.015625 0.000000 0.666667 98.533131 0.000000 -6.561644 0.024817 
494 9.726562 0.000000 -0.536458 96.109322 0.000000 -2.380834 0.075733 
495 9.726562 0.000000 -0.937500 97.694057 0.000000 -3.269790 0.044518 
496 10.156250 0.000000 -0.536458 96.493147 0.000000 -4.749960 0.066651 
497 9.726562 0.000000 -0.135417 95.799442 0.000000 10.601891 0.071007 
498 9.296875 0.000000 1.468750 80.883773 0.000000 -10.778725 0.334163 
499 10.156250 0.000000 1.468750 97.755461 0.000000 -8.169788 0.037712 
500 9.296875 0.000000 2.270833 98.250296 0.000000 -10.322293 0.024033 
501 8.867188 0.000000 0.265625 98.050803 0.000000 -14.990050 0.016134 
502 9.296875 0.000000 0.265625 101.987483 0.000000 -21.182356 -0.085014 
503 8.867188 0.000000 0.666667 96.655656 0.000000 -12.748920 0.049515 
504 9.082031 0.000000 -0.335938 94.700526 0.000000 12.432209 0.087725 
505 8.867188 0.000000 -0.335938 96.915281 0.000000 12.871732 0.044175 
506 9.082031 0.000000 -0.536458 95.462962 0.000000 1.650732 0.088410 
507 9.296875 0.000000 -0.335938 91.030435 0.000000 11.242526 0.158707 
508 9.082031 0.000000 -0.135417 92.726718 0.000000 7.014097 0.135256 
509 9.726562 0.000000 0.265625 93.115379 0.000000 -13.884282 0.113675 
510 10.156250 0.000000 0.265625 95.725719 0.000000 -8.858502 0.075811 
511 9.726562 0.000000 0.666667 95.775113 0.000000 -7.968350 0.076363 
512 9.511719 0.000000 0.065104 100.864266 0.000000 -18.320421 -0.050924 
513 9.296875 0.000000 0.065104 99.128044 0.000000 -17.470829 -0.013160 
514 9.511719 0.000000 -0.135417 92.234864 0.000000 7.290019 0.143959 
515 9.726562 0.000000 0.065104 101.858167 0.000000 -15.685565 -0.062112 
516 9.511719 0.000000 0.265625 104.994571 0.000000 -22.435199 -0.152720 
517 13.593750 0.000000 2.270833 99.226128 0.000000 -8.921850 0.007458 
518 15.312500 0.000000 2.270833 99.327476 0.000000 -9.014788 0.005279 
519 13.593750 0.000000 3.875000 99.188366 0.000000 -9.935253 0.006296 
520 11.015625 0.000000 1.468750 98.626816 0.000000 -7.915249 0.021010 
521 11.875000 0.000000 1.468750 99.055699 0.000000 -7.928619 0.012511 
522 11.015625 0.000000 2.270833 98.753773 0.000000 -8.985134 0.016696 
523 10.585938 0.000000 0.265625 97.695102 0.000000 -7.720102 0.039607 
524 10.585938 0.000000 -0.135417 97.624402 0.000000 -3.058168 0.046012 
525 11.015625 0.000000 0.265625 98.553791 0.000000 -7.669887 0.022832 
526 10.585938 0.000000 0.666667 97.887672 0.000000 -6.393578 0.037713 
527 9.941406 0.000000 0.065104 99.300476 0.000000 -9.932374 0.004076 
528 9.941406 0.000000 -0.135417 98.306278 0.000000 22.678539 -0.017844 
529 10.156250 0.000000 0.065104 94.991907 0.000000 -3.610855 0.096350 
530 9.941406 0.000000 0.265625 94.186032 0.000000 -10.831869 0.101166 
531 11.015625 0.000000 -1.739583 99.002140 0.000000 -6.636972 0.015453 
532 11.015625 0.000000 -2.541667 99.213462 0.000000 -7.975465 0.009308 
533 11.875000 0.000000 -1.739583 99.203408 0.000000 -6.868774 0.011150 
534 10.585938 0.000000 -0.536458 97.046396 0.000000 -6.904455 0.053433 
535 10.585938 0.000000 -0.937500 98.122618 0.000000 -5.170276 0.034522 
536 11.015625 0.000000 -0.536458 97.412742 0.000000 -9.057660 0.042872 
537 9.941406 0.000000 -0.335938 94.466015 0.000000 -5.477415 0.104617 
538 9.726562 0.000000 -0.335938 94.545671 0.000000 -2.852840 0.105298 
539 9.941406 0.000000 -0.536458 96.242337 0.000000 -3.528179 0.072496 
540 10.156250 0.000000 -0.335938 94.816880 0.000000 -8.444367 0.093845 
541 9.833984 0.000000 -0.035156 99.764573 0.000000 7.370863 -0.000730 
542 9.726562 0.000000 -0.035156 99.746018 0.000000 -3.810707 0.003621 
543 9.833984 0.000000 -0.135417 97.790011 0.000000 15.609724 0.019345 
544 9.941406 0.000000 -0.035156 97.893965 0.000000 2.259878 0.041166 
545 9.833984 0.000000 0.065104 103.605365 0.000000 -15.904078 -0.098701 
546 10.371094 0.000000 0.065104 96.101957 0.000000 -10.601238 0.065203 
547 10.371094 0.000000 -0.135417 96.861327 0.000000 -2.964098 0.060910 
548 10.585938 0.000000 0.065104 97.020643 0.000000 -16.289487 0.032165 
549 10.371094 0.000000 0.265625 96.933084 0.000000 -8.103819 0.053831 
550 10.048828 0.000000 -0.035156 95.161686 0.000000 22.527123 0.043678 
551 10.048828 0.000000 -0.135417 93.878403 0.000000 -1.450062 0.118474 
552 10.156250 0.000000 -0.035156 94.945502 0.000000 -2.727764 0.097791 
553 10.048828 0.000000 0.065104 92.850030 0.000000 -4.562322 0.135806 
554 9.726562 0.000000 1.067708 96.634200 0.000000 -7.909923 0.059926 
555 9.296875 0.000000 1.067708 77.510715 0.000000 -10.124336 0.388959 
556 10.156250 0.000000 1.067708 97.471360 0.000000 -7.417935 0.044431 
557 9.726562 0.000000 1.468750 97.082480 0.000000 -8.538236 0.050209 
558 9.941406 0.000000 0.466146 95.685877 0.000000 -7.774416 0.078377 
559 9.726562 0.000000 0.466146 94.929939 0.000000 -9.021619 0.090692 
560 10.156250 0.000000 0.466146 96.516757 0.000000 -6.986264 0.063571 
561 9.941406 0.000000 0.666667 96.359765 0.000000 -7.275747 0.066186 
562 9.833984 0.000000 0.165365 104.908970 0.000000 -23.680962 -0.156668 
563 9.726562 0.000000 0.165365 103.738378 0.000000 -23.161073 -0.129809 
564 9.941406 0.000000 0.165365 92.250009 0.000000 -16.648730 0.121276 
565 9.833984 0.000000 0.265625 93.624931 0.000000 -12.254901 0.108419 
566 9.887695 0.000000 0.014974 99.729645 0.000000 -5.115585 0.002783 
567 9.833984 0.000000 0.014974 102.573436 0.000000 -9.858335 -0.061850 
568 9.887695 0.000000 -0.035156 99.266742 0.000000 -0.945296 0.014522 
569 9.941406 0.000000 0.014974 98.696988 0.000000 -11.118639 0.013528 
570 9.887695 0.000000 0.065104 100.683926 0.000000 -10.497419 -0.024745 
571 18.750000 0.000000 39.166667 99.309837 0.000000 -11.579072 0.000348 
572 5.000000 0.000000 39.166667 99.306891 0.000000 -11.589911 0.000382 
573 32.500000 0.000000 39.166667 99.315468 0.000000 -11.573632 0.000249 
574 18.750000 0.000000 52.000000 99.315137 0.000000 -11.593161 0.000210 
575 11.875000 0.000000 19.916667 99.254246 0.000000 -11.487788 0.001663 
576 5.000000 0.000000 19.916667 99.241439 0.000000 -11.528912 0.001822 
577 18.750000 0.000000 19.916667 99.278496 0.000000 -11.466817 0.001229 
578 11.875000 0.000000 26.333333 99.281364 0.000000 -11.542855 0.000997 
579 8.437500 0.000000 10.291667 99.147940 0.000000 -11.223490 0.004372 
580 5.000000 0.000000 10.291667 99.109526 0.000000 -11.302968 0.004954 
581 11.875000 0.000000 10.291667 99.159943 0.000000 -11.153758 0.004290 
582 8.437500 0.000000 13.500000 99.239460 0.000000 -11.390959 0.002178 
583 10.156250 0.000000 5.479167 98.999651 0.000000 -10.491962 0.008899 
584 8.437500 0.000000 5.479167 99.052768 0.000000 -10.684920 0.007438 
585 11.875000 0.000000 5.479167 99.187534 0.000000 -10.569822 0.005011 
586 10.156250 0.000000 7.083333 99.157750 0.000000 -10.901097 0.004891 
587 9.296875 0.000000 3.072917 98.921792 0.000000 -10.087331 0.011272 
588 8.437500 0.000000 3.072917 99.178941 0.000000 -10.264310 0.005818 
589 10.156250 0.000000 3.072917 98.901400 0.000000 -9.943872 0.011963 
590 9.296875 0.000000 3.875000 99.121570 0.000000 -10.321723 0.006838 
591 8.867188 0.000000 1.869792 101.028773 0.000000 -13.609094 -0.039202 
592 8.437500 0.000000 1.869792 103.637134 0.000000 -12.310562 -0.089221 
593 8.867188 0.000000 1.468750 99.664000 0.000000 -12.261143 -0.008325 
594 9.296875 0.000000 1.869792 96.007890 0.000000 -10.453203 0.067322 
595 8.867188 0.000000 2.270833 99.179731 0.000000 -10.740135 0.004803 
596 9.726562 0.000000 1.869792 97.768102 0.000000 -9.328657 0.035437 
597 10.156250 0.000000 1.869792 98.145068 0.000000 -8.808054 0.028996 
598 9.726562 0.000000 2.270833 98.262622 0.000000 -9.661593 0.025111 
599 6.718750 0.000000 5.479167 99.136517 0.000000 -10.816095 0.005496 
600 5.000000 0.000000 5.479167 99.072503 0.000000 -10.852797 0.006686 
601 6.718750 0.000000 7.083333 98.934054 0.000000 -10.951633 0.009211 
602 7.578125 0.000000 3.072917 98.758050 0.000000 -10.233710 0.014212 
603 6.718750 0.000000 3.072917 98.551413 0.000000 -10.223595 0.018310 
604 7.578125 0.000000 3.875000 99.280382 0.000000 -10.542454 0.003226 
605 8.867188 0.000000 2.671875 99.070647 0.000000 -10.273952 0.007945 
606 8.437500 0.000000 2.671875 98.992360 0.000000 -9.978980 0.010093 
607 9.296875 0.000000 2.671875 98.760852 0.000000 -10.046007 0.014537 
608 8.867188 0.000000 3.072917 99.021959 0.000000 -10.114546 0.009235 
609 9.082031 0.000000 2.070312 98.503595 0.000000 -12.509798 0.014055 
610 8.867188 0.000000 2.070312 111.884419 0.000000 -2.691734 -0.252537 
611 9.082031 0.000000 1.869792 93.284015 0.000000 -13.971208 0.110290 
612 9.296875 0.000000 2.070312 97.426201 0.000000 -10.667703 0.039434 
613 9.082031 0.000000 2.270833 98.565183 0.000000 -10.713276 0.017013 
614 8.867188 0.000000 1.067708 96.365806 0.000000 -12.341452 0.056132 
615 8.437500 0.000000 1.067708 102.001719 0.000000 -11.109800 -0.052778 
616 9.082031 0.000000 1.669271 90.465055 0.000000 -12.589353 0.165758 
617 8.867188 0.000000 1.669271 100.197959 0.000000 -12.375015 -0.019277 
618 9.082031 0.000000 1.468750 87.850973 0.000000 -12.051153 0.213698 
619 9.296875 0.000000 1.669271 95.379043 0.000000 -9.861882 0.080558 
620 11.015625 0.000000 3.072917 98.971480 0.000000 -9.822335 0.010817 
621 11.875000 0.000000 3.072917 99.042353 0.000000 -9.574422 0.009894 
622 11.015625 0.000000 3.875000 99.033567 0.000000 -10.044985 0.009145 
623 9.726562 0.000000 2.671875 98.748632 0.000000 -9.842910 0.015182 
624 10.156250 0.000000 2.671875 98.782257 0.000000 -9.703395 0.014791 
625 9.726562 0.000000 3.072917 98.875757 0.000000 -9.990690 0.012377 
626 9.511719 0.000000 2.070312 97.825548 0.000000 -9.906086 0.033203 
627 9.511719 0.000000 1.869792 97.193459 0.000000 -9.529655 0.046262 
628 9.726562 0.000000 2.070312 98.065680 0.000000 -9.543689 0.029204 
629 9.511719 0.000000 2.270833 98.254296 0.000000 -9.978527 0.024652 
630 9.189453 0.000000 1.970052 81.510137 0.000000 -14.239094 0.315335 
631 9.082031 0.000000 1.970052 104.078892 0.000000 -10.058825 -0.093360 
632 9.189453 0.000000 1.869792 81.562409 0.000000 -12.195394 0.319885 
633 9.296875 0.000000 1.970052 96.678993 0.000000 -10.663255 0.053947 
634 9.189453 0.000000 2.070312 97.440091 0.000000 -11.879971 0.036430 
635 8.007812 0.000000 1.869792 75.111389 0.000000 11.128755 0.423443 
636 7.578125 0.000000 1.869792 96.254586 0.000000 -8.434962 0.066391 
637 8.007812 0.000000 1.468750 93.590064 0.000000 -2.371101 0.123528 
638 8.007812 0.000000 2.270833 98.287572 0.000000 -8.292882 0.027078 
639 8.652344 0.000000 2.070312 110.104108 0.000000 -2.467501 -0.212900 
640 8.437500 0.000000 2.070312 106.902344 0.000000 -1.284971 -0.142976 
641 8.652344 0.000000 1.869792 102.426643 0.000000 -12.853005 -0.065642 
642 8.652344 0.000000 2.270833 99.656799 0.000000 -10.046155 -0.003240 
643 8.974609 0.000000 1.970052 107.899971 0.000000 -8.195773 -0.170957 
644 8.867188 0.000000 1.970052 108.273062 0.000000 -7.999574 -0.178705 
645 8.974609 0.000000 1.869792 99.993223 0.000000 -14.199325 -0.020027 
646 8.974609 0.000000 2.070312 99.558856 0.000000 -11.872670 -0.005293 
647 9.082031 0.000000 2.471354 98.880507 0.000000 -10.400992 0.011446 
648 8.867188 0.000000 2.471354 98.992537 0.000000 -10.287592 0.009464 
649 9.296875 0.000000 2.471354 98.625522 0.000000 -10.134865 0.017029 
650 9.082031 0.000000 2.671875 98.970471 0.000000 -10.169610 0.010142 
651 9.189453 0.000000 2.170573 98.120523 0.000000 -11.074962 0.024971 
652 9.082031 0.000000 2.170573 98.513489 0.000000 -11.286787 0.016770 
653 9.296875 0.000000 2.170573 97.960806 0.000000 -10.472887 0.029400 
654 9.189453 0.000000 2.270833 98.389013 0.000000 -10.625330 0.020670 
655 9.135742 0.000000 2.020182 103.594285 0.000000 -6.781219 -0.077776 
656 9.082031 0.000000 2.020182 111.199482 0.000000 -4.949010 -0.238982 
657 9.135742 0.000000 1.970052 86.187180 0.000000 -15.308497 0.233742 
658 9.189453 0.000000 2.020182 96.173249 0.000000 -12.577216 0.059252 
659 9.135742 0.000000 2.070312 97.846486 0.000000 -12.380936 0.027278 
660 8.974609 0.000000 2.170573 99.036585 0.000000 -11.321326 0.006358 
661 8.867188 0.000000 2.170573 99.501023 0.000000 -11.024061 -0.002198 
662 8.974609 0.000000 2.270833 98.891087 0.000000 -10.804711 0.010381 
663 9.028320 0.000000 2.020182 111.940079 0.000000 -4.051718 -0.254700 
664 8.974609 0.000000 2.020182 112.542222 0.000000 -2.486264 -0.267193 
665 9.028320 0.000000 1.970052 106.654907 0.000000 -9.473193 -0.146501 
666 9.028320 0.000000 2.070312 99.073647 0.000000 -12.211304 0.003530 
667 8.652344 0.000000 1.669271 101.876328 0.000000 -11.794639 -0.051790 
668 8.437500 0.000000 1.669271 103.485296 0.000000 -11.763204 -0.084758 
669 8.652344 0.000000 1.468750 101.869463 0.000000 -11.543425 -0.051064 
670 8.974609 0.000000 1.769531 99.029225 0.000000 -13.259541 0.001740 
671 8.867188 0.000000 1.769531 100.507178 0.000000 -12.708051 -0.026319 
672 8.974609 0.000000 1.669271 96.440566 0.000000 -12.667764 0.053874 
673 9.082031 0.000000 1.769531 91.259452 0.000000 -12.984063 0.150313 
674 9.028320 0.000000 1.919922 99.656858 0.000000 -15.494139 -0.017156 
675 8.974609 0.000000 1.919922 100.547350 0.000000 -14.882703 -0.033126 
676 9.028320 0.000000 1.869792 98.011446 0.000000 -14.213807 0.019172 
677 9.082031 0.000000 1.919922 95.698715 0.000000 -15.328205 0.060680 
678 9.055176 0.000000 1.995117 110.741563 0.000000 -5.377342 -0.229261 
679 9.028320 0.000000 1.995117 110.963778 0.000000 -5.114873 -0.233912 
680 9.055176 0.000000 1.970052 104.156021 0.000000 -11.619908 -0.098350 
681 9.082031 0.000000 1.995117 110.820948 0.000000 -4.853815 -0.230484 
682 9.055176 0.000000 2.020182 111.500804 0.000000 -4.615005 -0.245373 
683 9.511719 0.000000 1.669271 96.793540 0.000000 -9.255210 0.054535 
684 9.511719 0.000000 1.468750 96.430154 0.000000 -8.795802 0.062386 
685 9.726562 0.000000 1.669271 97.323348 0.000000 -8.845229 0.044993 
686 9.189453 0.000000 1.769531 83.503553 0.000000 -11.805659 0.288778 
687 9.189453 0.000000 1.669271 86.420731 0.000000 -11.906124 0.238970 
688 9.296875 0.000000 1.769531 95.579958 0.000000 -10.105554 0.076235 
689 9.135742 0.000000 1.919922 86.244051 0.000000 -14.196363 0.236043 
690 9.135742 0.000000 1.869792 84.999451 0.000000 -12.728423 0.261308 
691 9.189453 0.000000 1.919922 81.715105 0.000000 -12.570391 0.316463 
692 9.108887 0.000000 1.995117 107.320115 0.000000 -5.837568 -0.155168 
693 9.108887 0.000000 1.970052 97.200825 0.000000 -13.078927 0.038094 
694 9.135742 0.000000 1.995117 96.211060 0.000000 -4.689179 0.072144 
695 9.108887 0.000000 2.020182 109.356403 0.000000 -4.711012 -0.198102 
696 9.028320 0.000000 2.120443 98.827477 0.000000 -11.708585 0.009604 
697 8.974609 0.000000 2.120443 99.168901 0.000000 -11.605152 0.003085 
698 9.082031 0.000000 2.120443 98.472882 0.000000 -11.732989 0.016543 
699 9.028320 0.000000 2.170573 98.756401 0.000000 -11.351682 0.011831 
700 9.055176 0.000000 2.045247 113.285883 0.000000 -2.790731 -0.284148 
701 9.028320 0.000000 2.045247 112.957289 0.000000 -2.783793 -0.276710 
702 9.082031 0.000000 2.045247 98.696715 0.000000 -13.035649 0.008903 
703 9.055176 0.000000 2.070312 98.784380 0.000000 -12.401194 0.008786 
704 9.068604 0.000000 2.007650 111.172735 0.000000 -4.953597 -0.238392 
705 9.055176 0.000000 2.007650 111.810951 0.000000 -4.465370 -0.252163 
706 9.068604 0.000000 1.995117 110.655584 0.000000 -5.459931 -0.227447 
707 9.082031 0.000000 2.007650 111.912461 0.000000 -4.308522 -0.254296 
708 9.068604 0.000000 2.020182 112.237763 0.000000 -4.096906 -0.261410 
709 9.511719 0.000000 0.466146 94.393551 0.000000 -10.525233 0.097908 
710 9.296875 0.000000 0.466146 94.268138 0.000000 -11.567362 0.097971 
711 9.511719 0.000000 0.666667 95.227316 0.000000 -8.727603 0.085559 
712 9.619141 0.000000 0.165365 104.102452 0.000000 -23.404002 -0.138507 
713 9.511719 0.000000 0.165365 103.915460 0.000000 -23.899885 -0.136963 
714 9.619141 0.000000 0.065104 101.032243 0.000000 -16.477698 -0.047903 
715 9.619141 0.000000 0.265625 104.989599 0.000000 -21.137525 -0.146961 
716 9.780273 0.000000 0.115234 103.749591 0.000000 -21.389531 -0.122149 
717 9.726562 0.000000 0.115234 103.378568 0.000000 -22.254070 -0.118237 
718 9.780273 0.000000 0.065104 102.709627 0.000000 -14.529470 -0.076037 
719 9.833984 0.000000 0.115234 104.133013 0.000000 -19.690172 -0.123139 
720 9.780273 0.000000 0.165365 104.615820 0.000000 -24.104244 -0.152548 
721 10.048828 0.000000 0.165365 93.604849 0.000000 -14.022836 0.104149 
722 10.156250 0.000000 0.165365 94.910683 0.000000 -12.437014 0.083728 
723 10.048828 0.000000 0.265625 94.957805 0.000000 -9.643742 0.089001 
724 10.585938 0.000000 1.067708 98.025127 0.000000 -7.087765 0.034084 
725 11.015625 0.000000 1.067708 98.544393 0.000000 -7.186690 0.023735 
726 10.585938 0.000000 1.468750 98.267007 0.000000 -7.986092 0.027982 
727 10.371094 0.000000 0.466146 97.246668 0.000000 -6.632222 0.049910 
728 10.585938 0.000000 0.466146 97.813046 0.000000 -6.420666 0.039138 
729 10.371094 0.000000 0.666667 97.468816 0.000000 -6.554103 0.045687 
730 10.263672 0.000000 0.165365 95.880254 0.000000 -11.472427 0.067536 
731 10.263672 0.000000 0.065104 96.050674 0.000000 -3.424979 0.076254 
732 10.371094 0.000000 0.165365 96.598875 0.000000 -10.797999 0.055206 
733 10.263672 0.000000 0.265625 96.385931 0.000000 -8.358764 0.063988 
734 10.102539 0.000000 0.115234 93.456082 0.000000 -16.695124 0.098723 
735 10.048828 0.000000 0.115234 93.155806 0.000000 -11.047074 0.119996 
736 10.102539 0.000000 0.065104 94.143865 0.000000 -3.948237 0.112134 
737 10.156250 0.000000 0.115234 94.181402 0.000000 -16.291975 0.086444 
738 10.102539 0.000000 0.165365 94.302573 0.000000 -13.119951 0.093489 
739 10.371094 0.000000 -0.335938 95.145024 0.000000 -11.450918 0.081630 
740 10.371094 0.000000 -0.536458 96.776856 0.000000 -5.918895 0.059921 
741 10.585938 0.000000 -0.335938 95.352695 0.000000 -14.490663 0.069788 
742 12.734375 0.000000 -0.135417 98.512462 0.000000 -17.737587 -0.001933 
743 12.734375 0.000000 -0.937500 99.093025 0.000000 -7.748076 0.012054 
744 13.593750 0.000000 -0.135417 98.968339 0.000000 -13.093038 0.003384 
745 12.734375 0.000000 0.666667 99.364913 0.000000 -6.867688 0.007945 
746 11.445312 0.000000 0.265625 98.978364 0.000000 -7.604743 0.014545 
747 11.445312 0.000000 -0.135417 98.933818 0.000000 -3.489828 0.019992 
748 11.875000 0.000000 0.265625 99.184909 0.000000 -7.632714 0.010410 
749 11.445312 0.000000 0.666667 98.896308 0.000000 -6.540963 0.017674 
750 10.800781 0.000000 0.065104 97.754566 0.000000 -14.783359 0.022550 
751 10.800781 0.000000 -0.135417 98.090077 0.000000 -3.211111 0.036803 
752 11.015625 0.000000 0.065104 98.269234 0.000000 -13.742938 0.015429 
753 10.800781 0.000000 0.265625 98.178717 0.000000 -7.659928 0.030227 
754 10.478516 0.000000 -0.035156 97.215886 0.000000 -3.132571 0.053926 
755 10.371094 0.000000 -0.035156 96.759021 0.000000 -3.027192 0.062853 
756 10.478516 0.000000 -0.135417 97.295478 0.000000 -2.963217 0.052481 
757 10.585938 0.000000 -0.035156 97.575530 0.000000 -3.108716 0.046935 
758 10.478516 0.000000 0.065104 96.432025 0.000000 -17.291017 0.040189 
759 10.263672 0.000000 -0.035156 96.065422 0.000000 -2.877413 0.076316 
760 10.263672 0.000000 -0.135417 96.252114 0.000000 -2.633601 0.072859 
761 10.209961 0.000000 0.115234 94.897231 0.000000 -15.497755 0.075434 
762 10.209961 0.000000 0.065104 95.599104 0.000000 -3.508788 0.084850 
763 10.263672 0.000000 0.115234 95.430061 0.000000 -14.862418 0.067221 
764 10.209961 0.000000 0.165365 95.440842 0.000000 -11.897107 0.074950 
765 10.209961 0.000000 0.014974 95.552260 0.000000 -3.225118 0.085936 
766 10.156250 0.000000 0.014974 94.913220 0.000000 -3.097932 0.098188 
767 10.209961 0.000000 -0.035156 95.594078 0.000000 -2.817416 0.085383 
768 10.263672 0.000000 0.014974 96.028914 0.000000 -3.197124 0.076823 
769 10.478516 0.000000 0.165365 97.131056 0.000000 -10.457741 0.045619 
770 10.585938 0.000000 0.165365 97.534603 0.000000 -10.068184 0.038563 
771 10.478516 0.000000 0.265625 97.380396 0.000000 -7.946977 0.045390 
772 10.317383 0.000000 0.115234 95.890018 0.000000 -14.288434 0.060095 
773 10.317383 0.000000 0.065104 96.305667 0.000000 -4.294024 0.070678 
774 10.371094 0.000000 0.115234 96.284740 0.000000 -13.753524 0.054009 
775 10.317383 0.000000 0.165365 96.264345 0.000000 -11.129792 0.060930 
776 10.236816 0.000000 0.090169 94.980841 0.000000 -13.644784 0.079246 
777 10.209961 0.000000 0.090169 95.027934 0.000000 -9.668824 0.087621 
778 10.236816 0.000000 0.065104 95.843991 0.000000 -3.461493 0.080195 
779 10.263672 0.000000 0.090169 95.114478 0.000000 -16.776118 0.067180 
780 10.236816 0.000000 0.115234 95.176220 0.000000 -15.191101 0.071072 
781 -36.250000 0.000000 -37.833333 99.330815 0.000000 -11.610829 -0.000142 
782 -50.000000 0.000000 -37.833333 99.327910 0.000000 -11.611097 -0.000085 
783 -36.250000 0.000000 -50.666667 99.329926 0.000000 -11.609225 -0.000121 
784 46.250000 0.000000 -37.833333 99.336986 0.000000 -11.545934 -0.000115 
785 46.250000 0.000000 -50.666667 99.332847 0.000000 -11.576558 -0.000103 
786 60.000000 0.000000 -37.833333 99.335085 0.000000 -11.539605 -0.000062 
787 -8.750000 0.000000 39.166667 99.309240 0.000000 -11.600876 0.000309 
788 -22.500000 0.000000 39.166667 99.313903 0.000000 -11.607266 0.000202 
789 -8.750000 0.000000 52.000000 99.314810 0.000000 -11.603193 0.000193 
790 -36.250000 0.000000 39.166667 99.317718 0.000000 -11.609783 0.000120 
791 -50.000000 0.000000 39.166667 99.320113 0.000000 -11.610493 0.000071 
792 -36.250000 0.000000 52.000000 99.318813 0.000000 -11.608789 0.000101 
793 -15.625000 0.000000 -18.583333 99.360109 0.000000 -11.626664 -0.000761 
794 -22.500000 0.000000 -18.583333 99.356805 0.000000 -11.644442 -0.000737 
795 -15.625000 0.000000 -25.000000 99.355758 0.000000 -11.615574 -0.000649 
796 46.250000 0.000000 39.166667 99.320052 0.000000 -11.572932 0.000159 
797 60.000000 0.000000 39.166667 99.322840 0.000000 -11.574353 0.000101 
798 46.250000 0.000000 52.000000 99.319938 0.000000 -11.588569 0.000126 
799 25.625000 0.000000 -18.583333 99.378541 0.000000 -11.355764 -0.000505 
800 25.625000 0.000000 -25.000000 99.331720 0.000000 -11.503656 0.000088 
801 32.500000 0.000000 -18.583333 99.366217 0.000000 -11.344222 -0.000234 
802 -1.875000 0.000000 19.916667 99.249876 0.000000 -11.573147 0.001552 
803 -8.750000 0.000000 19.916667 99.270387 0.000000 -11.602068 0.001078 
804 -1.875000 0.000000 26.333333 99.277885 0.000000 -11.583534 0.000972 
805 -15.625000 0.000000 19.916667 99.288739 0.000000 -11.614436 0.000685 
806 -22.500000 0.000000 19.916667 99.308365 0.000000 -11.612241 0.000300 
807 -15.625000 0.000000 26.333333 99.304391 0.000000 -11.605765 0.000394 
808 -5.312500 0.000000 -8.958333 99.414107 0.000000 -11.670516 -0.001937 
809 -8.750000 0.000000 -8.958333 99.423090 0.000000 -11.728817 -0.002252 
810 -5.312500 0.000000 -12.166667 99.493176 0.000000 -11.678946 -0.003529 
811 25.625000 0.000000 19.916667 99.301523 0.000000 -11.465442 0.000775 
812 32.500000 0.000000 19.916667 99.317515 0.000000 -11.477563 0.000430 
813 25.625000 0.000000 26.333333 99.307468 0.000000 -11.531315 0.000506 
814 15.312500 0.000000 -8.958333 99.465990 0.000000 -10.773366 -0.000955 
815 15.312500 0.000000 -12.166667 99.518699 0.000000 -11.062077 -0.002634 
816 18.750000 0.000000 -8.958333 99.504641 0.000000 -10.650114 -0.001460 
817 1.562500 0.000000 10.291667 99.098173 0.000000 -11.412427 0.004931 
818 -1.875000 0.000000 10.291667 99.099947 0.000000 -11.536606 0.004611 
819 1.562500 0.000000 13.500000 99.220734 0.000000 -11.483323 0.002338 
820 -5.312500 0.000000 10.291667 99.203881 0.000000 -11.569207 0.002474 
821 -8.750000 0.000000 10.291667 99.220461 0.000000 -11.632523 0.001998 
822 -5.312500 0.000000 13.500000 99.204591 0.000000 -11.596512 0.002397 
823 -3.593750 0.000000 -4.145833 99.348779 0.000000 -11.908569 -0.001199 
824 -5.312500 0.000000 -4.145833 99.328061 0.000000 -11.823802 -0.000587 
825 -3.593750 0.000000 -5.750000 99.506200 0.000000 -11.890464 -0.004287 
826 15.312500 0.000000 10.291667 99.231636 0.000000 -11.144144 0.002889 
827 18.750000 0.000000 10.291667 99.217686 0.000000 -11.075061 0.003319 
828 15.312500 0.000000 13.500000 99.199216 0.000000 -11.293168 0.003198 
829 3.281250 0.000000 5.479167 98.957179 0.000000 -10.943167 0.008772 
830 1.562500 0.000000 5.479167 98.928052 0.000000 -11.012513 0.009197 
831 3.281250 0.000000 7.083333 98.902452 0.000000 -11.150790 0.009396 
832 -0.156250 0.000000 5.479167 98.808466 0.000000 -11.298867 0.010922 
833 -1.875000 0.000000 5.479167 98.919834 0.000000 -11.459716 0.008354 
834 -0.156250 0.000000 7.083333 98.934535 0.000000 -11.399693 0.008200 
835 -3.593750 0.000000 5.479167 99.025677 0.000000 -11.500363 0.006166 
836 -5.312500 0.000000 5.479167 99.068207 0.000000 -11.646353 0.004985 
837 -3.593750 0.000000 7.083333 99.080861 0.000000 -11.535810 0.004991 
838 -0.585938 0.000000 1.067708 95.507927 0.000000 -9.949579 0.077924 
839 -1.015625 0.000000 1.067708 96.451770 0.000000 -10.897822 0.057829 
840 -0.585938 0.000000 1.468750 96.516006 0.000000 -10.150305 0.058163 
841 0.273438 0.000000 -1.338542 99.345859 0.000000 -15.838690 -0.012046 
842 -0.156250 0.000000 -1.338542 98.486402 0.000000 -15.010295 0.007512 
843 0.273438 0.000000 -1.739583 99.151871 0.000000 -14.381747 -0.003793 
844 0.488281 0.000000 -0.736979 99.543238 0.000000 -22.307677 -0.040649 
845 0.273438 0.000000 -0.736979 97.392199 0.000000 -21.462198 0.005413 
846 0.488281 0.000000 -0.937500 99.720449 0.000000 -19.176005 -0.031189 
847 0.917969 0.000000 0.065104 -0.597878 0.000000 -0.133948 0.999962 
848 1.132812 0.000000 0.065104 -0.303666 0.000000 -0.100175 0.999990 
849 1.347656 0.000000 0.466146 99.540469 0.000000 11.242613 -0.003470 
850 1.347656 0.000000 0.265625 0.031885 0.000000 -0.150024 0.999998 
851 1.347656 0.000000 0.666667 99.480509 0.000000 11.899728 -0.003798 
852 1.347656 0.000000 -0.736979 108.688158 0.000000 -13.834414 -0.200451 
853 1.347656 0.000000 -0.937500 104.202994 0.000000 -15.822445 -0.110861 
854 1.347656 0.000000 -0.536458 108.538517 0.000000 -15.817041 -0.203079 
855 1.347656 0.000000 -0.335938 -0.525739 0.000000 0.232368 0.999967 
856 1.562500 0.000000 -0.335938 -0.092535 0.000000 0.023880 0.999999 
857 1.347656 0.000000 -0.135417 -0.024051 0.000000 0.080405 0.999999 
858 -0.585938 0.000000 -1.338542 97.680962 0.000000 -13.885346 0.026563 
859 -1.015625 0.000000 -1.338542 98.014645 0.000000 -13.404089 0.021346 
860 -0.585938 0.000000 -1.739583 98.508498 0.000000 -13.591879 0.011134 
861 2.851562 0.000000 1.067708 98.186537 0.000000 -4.679070 0.033751 
862 3.281250 0.000000 1.067708 98.594700 0.000000 -4.932405 0.025476 
863 2.851562 0.000000 1.468750 98.249016 0.000000 -7.019281 0.029786 
864 2.851562 0.000000 -1.338542 103.985792 0.000000 -9.290242 -0.089935 
865 2.851562 0.000000 -1.739583 102.955732 0.000000 -10.328985 -0.070657 
866 3.281250 0.000000 -1.338542 103.877129 0.000000 -7.768873 -0.085081 
867 1.777344 0.000000 -0.335938 0.586305 0.000000 -0.103218 0.999965 
868 1.992188 0.000000 -0.335938 108.428172 0.000000 -8.596416 -0.183057 
869 1.777344 0.000000 -0.135417 0.700974 0.000000 0.285627 0.999943 
870 5.859375 0.000000 3.072917 98.742156 0.000000 -10.203512 0.014587 
871 5.000000 0.000000 3.072917 98.797872 0.000000 -10.102586 0.013692 
872 5.859375 0.000000 3.875000 99.217617 0.000000 -10.532862 0.004492 
873 3.710938 0.000000 1.067708 98.956324 0.000000 -5.163288 0.018099 
874 3.710938 0.000000 1.468750 98.784023 0.000000 -7.258801 0.018903 
875 3.710938 0.000000 -1.338542 103.070998 0.000000 -6.651360 -0.066787 
876 3.710938 0.000000 -1.739583 102.577741 0.000000 -8.146491 -0.058856 
877 4.785156 0.000000 0.466146 103.711594 0.000000 -2.457156 -0.076213 
878 4.785156 0.000000 0.265625 103.709244 0.000000 -1.561739 -0.075805 
879 4.785156 0.000000 0.666667 103.706493 0.000000 -0.911081 -0.075587 
880 6.289062 0.000000 1.067708 99.835537 0.000000 -11.518619 -0.009981 
881 6.289062 0.000000 1.468750 99.362386 0.000000 -10.772903 0.001106 
882 4.785156 0.000000 -0.736979 103.257443 0.000000 -0.806683 -0.066275 
883 4.785156 0.000000 -0.937500 103.317534 0.000000 -1.045018 -0.067560 
884 4.785156 0.000000 -0.536458 103.494543 0.000000 -1.733987 -0.071413 
885 6.289062 0.000000 -1.338542 100.314862 0.000000 -4.053830 -0.007951 
886 6.289062 0.000000 -1.739583 100.577261 0.000000 -5.884036 -0.015041 
887 6.718750 0.000000 -1.338542 100.274794 0.000000 -4.111866 -0.007194 
888 13.593750 0.000000 -4.145833 99.555541 0.000000 -9.239741 0.000332 
889 13.593750 0.000000 -5.750000 99.554216 0.000000 -9.976792 -0.001058 
890 15.312500 0.000000 -4.145833 99.562916 0.000000 -9.219625 0.000222 
891 13.593750 0.000000 5.479167 99.164086 0.000000 -10.433325 0.005763 
892 15.312500 0.000000 5.479167 99.235961 0.000000 -10.458111 0.004285 
893 13.593750 0.000000 7.083333 99.194533 0.000000 -10.788354 0.004406 
894 8.007812 0.000000 1.067708 103.560468 0.000000 -11.289699 -0.085223 
895 7.148438 0.000000 1.869792 97.550989 0.000000 -9.543549 0.039273 
896 6.718750 0.000000 1.869792 98.197093 0.000000 -10.285766 0.025153 
897 7.148438 0.000000 2.270833 97.819314 0.000000 -9.800768 0.033533 
898 6.933594 0.000000 0.065104 4.660621 0.000000 -1.086221 0.997710 
899 6.718750 0.000000 0.065104 3.463618 0.000000 -0.540164 0.998771 
900 7.148438 0.000000 0.065104 7.853513 0.000000 -2.041222 0.993416 
901 7.148438 0.000000 -1.338542 100.385583 0.000000 -4.060099 -0.009375 
902 7.148438 0.000000 -1.739583 100.152492 0.000000 -5.825257 -0.006446 
903 7.578125 0.000000 -1.338542 100.236824 0.000000 -3.970146 -0.006318 
904 7.363281 0.000000 -0.335938 103.596098 0.000000 9.461230 -0.082167 
905 7.363281 0.000000 -0.536458 103.249314 0.000000 10.871391 -0.077861 
906 7.363281 0.000000 -0.135417 11.735717 0.000000 -0.811388 0.986161 
907 12.734375 0.000000 -1.739583 99.423825 0.000000 -6.986557 0.006609 
908 12.734375 0.000000 -2.541667 99.493526 0.000000 -7.870017 0.003910 
909 13.593750 0.000000 -1.739583 99.523919 0.000000 -7.058969 0.004516 
910 11.445312 0.000000 -0.536458 97.606690 0.000000 -11.333304 0.034449 
911 11.445312 0.000000 -0.937500 98.556756 0.000000 -6.605864 0.024293 
912 11.875000 0.000000 -0.536458 97.754642 0.000000 -13.624244 0.025841 
913 9.511719 0.000000 -0.335938 94.518880 0.000000 -0.896854 0.106538 
914 9.511719 0.000000 -0.536458 95.983854 0.000000 -1.323443 0.078535 
915 9.082031 0.000000 0.065104 98.824092 0.000000 -19.428268 -0.014366 
916 8.867188 0.000000 0.065104 101.564911 0.000000 -18.391765 -0.065369 
917 9.082031 0.000000 0.265625 93.816809 0.000000 -16.341963 0.093135 
918 9.082031 0.000000 0.466146 89.119026 0.000000 -14.323412 0.185264 
919 8.867188 0.000000 0.466146 96.183197 0.000000 -13.348401 0.057061 
920 9.082031 0.000000 0.666667 86.747253 0.000000 -12.538269 0.231771 
921 9.619141 0.000000 -0.035156 98.036402 0.000000 -7.839683 0.032740 
922 9.511719 0.000000 -0.035156 96.501604 0.000000 -6.422489 0.064619 
923 9.619141 0.000000 -0.135417 94.073110 0.000000 5.603859 0.111885 
924 12.734375 0.000000 1.468750 99.202159 0.000000 -7.833514 0.009757 
925 13.593750 0.000000 1.468750 99.315900 0.000000 -8.087720 0.007094 
926 12.734375 0.000000 2.270833 99.102160 0.000000 -8.796289 0.010139 
927 12.734375 0.000000 3.072917 99.081085 0.000000 -9.510651 0.009249 
928 13.593750 0.000000 3.072917 99.180760 0.000000 -9.523275 0.007248 
929 12.734375 0.000000 3.875000 99.160072 0.000000 -10.024709 0.006679 
930 11.445312 0.000000 1.067708 98.857852 0.000000 -7.174418 0.017565 
931 11.875000 0.000000 1.067708 99.037774 0.000000 -7.145443 0.014046 
932 11.445312 0.000000 1.468750 98.888346 0.000000 -8.002540 0.015705 
933 10.585938 0.000000 1.869792 98.481181 0.000000 -8.729908 0.022525 
934 11.015625 0.000000 1.869792 98.751391 0.000000 -8.572786 0.017467 
935 10.585938 0.000000 2.270833 98.740672 0.000000 -9.283141 0.016410 
936 10.800781 0.000000 0.466146 98.194900 0.000000 -6.463436 0.031599 
937 11.015625 0.000000 0.466146 98.535385 0.000000 -6.552786 0.024784 
938 10.800781 0.000000 0.666667 98.201042 0.000000 -6.433790 0.031516 
939 10.800781 0.000000 -0.335938 95.474094 0.000000 -17.825678 0.056694 
940 10.800781 0.000000 -0.536458 97.227508 0.000000 -7.950202 0.048361 
941 11.015625 0.000000 -0.335938 96.849791 0.000000 -13.686525 0.043280 
942 9.780273 0.000000 0.014974 101.151913 0.000000 -7.172474 -0.028315 
943 9.726562 0.000000 0.014974 100.653015 0.000000 -7.689297 -0.019015 
944 9.780273 0.000000 -0.035156 100.335987 0.000000 -2.471241 -0.007342 
945 10.102539 0.000000 0.014974 93.930005 0.000000 -3.179062 0.116705 
946 10.048828 0.000000 0.014974 97.780918 0.000000 -7.101891 0.038846 
947 10.102539 0.000000 -0.035156 93.972598 0.000000 -2.590900 0.116244 
948 9.995117 0.000000 0.014974 97.590195 0.000000 -5.124043 0.044990 
949 9.995117 0.000000 -0.035156 97.205987 0.000000 -0.645239 0.055058 
950 9.995117 0.000000 0.065104 97.679296 0.000000 -6.183456 0.042052 
951 9.887695 0.000000 0.115234 104.322124 0.000000 -20.615401 -0.130810 
952 9.941406 0.000000 0.115234 102.580346 0.000000 -27.723403 -0.129131 
953 9.887695 0.000000 0.165365 105.144065 0.000000 -25.024206 -0.168149 
954 8.007812 0.000000 2.671875 98.577288 0.000000 -9.704649 0.018834 
955 7.578125 0.000000 2.671875 98.431235 0.000000 -9.977864 0.021173 
956 8.007812 0.000000 3.072917 98.916130 0.000000 -10.231425 0.011092 
957 8.652344 0.000000 2.471354 99.230137 0.000000 -10.125138 0.005086 
958 8.437500 0.000000 2.471354 99.209825 0.000000 -9.703384 0.006326 
959 8.652344 0.000000 2.671875 99.034834 0.000000 -10.152970 0.008902 
960 10.585938 0.000000 2.671875 98.752833 0.000000 -9.476331 0.015808 
961 11.015625 0.000000 2.671875 98.891132 0.000000 -9.465387 0.013095 
962 10.585938 0.000000 3.072917 98.957501 0.000000 -9.833374 0.011072 
963 9.511719 0.000000 2.471354 98.632537 0.000000 -9.992030 0.017178 
964 9.726562 0.000000 2.471354 98.579972 0.000000 -9.764425 0.018665 
965 9.511719 0.000000 2.671875 98.633120 0.000000 -9.915840 0.017318 
966 9.135742 0.000000 2.120443 98.139570 0.000000 -11.679443 0.023222 
967 9.189453 0.000000 2.120443 97.887961 0.000000 -11.415396 0.028764 
968 9.135742 0.000000 2.170573 98.321672 0.000000 -11.299370 0.020517 
969 9.108887 0.000000 2.045247 98.215045 0.000000 -13.236746 0.017859 
970 9.135742 0.000000 2.045247 97.669975 0.000000 -13.246025 0.028512 
971 9.108887 0.000000 2.070312 98.187690 0.000000 -12.532970 0.020210 
972 9.995117 0.000000 0.115234 92.684340 0.000000 -6.313122 0.136976 
973 9.995117 0.000000 0.165365 92.897984 0.000000 -15.222679 0.113823 
974 10.317383 0.000000 0.014974 96.409218 0.000000 -3.176498 0.069517 
975 10.317383 0.000000 -0.035156 96.441970 0.000000 -2.916499 0.069044 
976 10.371094 0.000000 0.014974 96.733557 0.000000 -3.244438 0.063209 
977 4.140625 0.000000 3.072917 98.844595 0.000000 -9.861997 0.013249 
978 3.281250 0.000000 3.072917 98.833898 0.000000 -9.899838 0.013385 
979 4.140625 0.000000 3.875000 98.975259 0.000000 -10.368268 0.009640 
980 2.421875 0.000000 3.072917 98.567025 0.000000 -10.024079 0.018406 
981 1.562500 0.000000 3.072917 98.439761 0.000000 -10.200634 0.020556 
982 2.421875 0.000000 3.875000 98.868614 0.000000 -10.442024 0.011596 
983 0.058594 0.000000 -0.736979 96.033146 0.000000 -19.626567 0.039243 
984 -0.156250 0.000000 -0.736979 95.626270 0.000000 -17.639184 0.054448 
985 0.058594 0.000000 -0.937500 97.483781 0.000000 -17.686294 0.018411 
986 1.347656 0.000000 0.065104 0.025231 0.000000 -0.016572 1.000000 
987 1.562500 0.000000 0.065104 0.394268 0.000000 0.117186 0.999983 
988 1.777344 0.000000 0.065104 0.881507 0.000000 0.405195 0.999906 
989 1.992188 0.000000 0.065104 1.768635 0.000000 0.767170 0.999628 
990 2.207031 0.000000 0.065104 3.426165 0.000000 1.210131 0.998680 
991 2.207031 0.000000 -0.135417 3.125698 0.000000 0.598979 0.998987 
992 2.421875 0.000000 0.065104 5.732389 0.000000 1.621300 0.996451 
993 2.207031 0.000000 -0.335938 108.474771 0.000000 -6.663793 -0.181118 
994 2.421875 0.000000 -0.335938 5.039364 0.000000 0.337779 0.997449 
995 6.289062 0.000000 1.869792 98.971220 0.000000 -10.344077 0.009770 
996 5.859375 0.000000 1.869792 99.487378 0.000000 -10.127234 -0.000030 
997 6.289062 0.000000 2.270833 98.808469 0.000000 -10.173787 0.013338 
998 5.429688 0.000000 1.869792 99.731199 0.000000 -9.614225 -0.003875 
999 5.000000 0.000000 1.869792 99.660675 0.000000 -9.010858 -0.001345 
1000 5.429688 0.000000 2.270833 98.847732 0.000000 -9.844674 0.013221 
1001 7.363281 0.000000 0.065104 12.389105 0.000000 -2.185800 0.984173 
1002 7.578125 0.000000 0.065104 16.611722 0.000000 -1.236343 0.972252 
1003 7.363281 0.000000 0.265625 98.030866 0.000000 -14.239544 0.018718 
1004 7.363281 0.000000 0.466146 95.967245 0.000000 -7.937788 0.072728 
1005 7.578125 0.000000 0.466146 94.898183 0.000000 -11.272535 0.086726 
1006 7.363281 0.000000 0.666667 70.972987 0.000000 5.874068 0.492833 
1007 8.007812 0.000000 -1.338542 99.890478 0.000000 -3.517579 0.000952 
1008 8.007812 0.000000 -1.739583 99.770228 0.000000 -5.305154 0.001776 
1009 8.437500 0.000000 -1.338542 99.510036 0.000000 -3.403360 0.008617 
1010 7.792969 0.000000 0.065104 19.795594 0.000000 -0.942094 0.960725 
1011 8.007812 0.000000 0.065104 21.375629 0.000000 -0.459525 0.954287 
1012 7.792969 0.000000 0.265625 96.459834 0.000000 -13.563742 0.051153 
1013 7.792969 0.000000 0.466146 101.589125 0.000000 -13.665971 -0.050711 
1014 8.007812 0.000000 0.466146 101.598114 0.000000 -14.981557 -0.054662 
1015 7.792969 0.000000 0.666667 101.455893 0.000000 -12.780729 -0.045665 
1016 8.867188 0.000000 -1.338542 99.076012 0.000000 -3.532012 0.017147 
1017 8.867188 0.000000 -1.739583 99.530627 0.000000 -4.986293 0.006879 
1018 9.296875 0.000000 -1.338542 98.708962 0.000000 -3.858682 0.024165 
1019 11.445312 0.000000 1.869792 98.944261 0.000000 -8.627478 0.013560 
1020 11.875000 0.000000 1.869792 98.954352 0.000000 -8.297751 0.013918 
1021 11.445312 0.000000 2.270833 98.898161 0.000000 -8.980283 0.013851 
1022 7.148438 0.000000 2.671875 98.426915 0.000000 -10.071399 0.021071 
1023 6.718750 0.000000 2.671875 98.377979 0.000000 -10.087805 0.022001 
1024 7.148438 0.000000 3.072917 98.483466 0.000000 -10.350222 0.019388 
1025 11.445312 0.000000 2.671875 98.910102 0.000000 -9.288483 0.013052 
1026 11.875000 0.000000 2.671875 98.997459 0.000000 -9.246280 0.011401 
1027 11.445312 0.000000 3.072917 99.005620 0.000000 -9.621232 0.010532 
1028 6.289062 0.000000 2.671875 98.490651 0.000000 -10.139261 0.019679 
1029 5.859375 0.000000 2.671875 98.617560 0.000000 -10.158134 0.017139 
1030 6.289062 0.000000 3.072917 98.590200 0.000000 -10.291955 0.017405 
1031 0.703125 0.000000 3.072917 98.366802 0.000000 -10.310032 0.021768 
1032 -0.156250 0.000000 3.072917 98.309219 0.000000 -10.634518 0.022220 
1033 0.703125 0.000000 3.875000 98.651120 0.000000 -10.759012 0.015220 
1034 -1.015625 0.000000 3.072917 98.404939 0.000000 -11.038052 0.019463 
1035 -1.875000 0.000000 3.072917 98.487347 0.000000 -11.411054 0.017003 
1036 -1.015625 0.000000 3.875000 98.617939 0.000000 -11.184461 0.014941 
1037 4.570312 0.000000 1.869792 98.965082 0.000000 -8.677370 0.013062 
1038 4.140625 0.000000 1.869792 98.909448 0.000000 -8.557410 0.014369 
1039 4.570312 0.000000 2.270833 98.754205 0.000000 -9.235241 0.016232 
1040 3.710938 0.000000 1.869792 98.756207 0.000000 -8.389086 0.017683 
1041 3.281250 0.000000 1.869792 98.550572 0.000000 -8.322227 0.021853 
1042 3.710938 0.000000 2.270833 98.742089 0.000000 -9.030015 0.016846 
1043 9.726562 0.000000 -1.338542 98.499494 0.000000 -4.620245 0.027650 
1044 9.726562 0.000000 -1.739583 99.063610 0.000000 -5.620488 0.015481 
1045 10.156250 0.000000 -1.338542 98.585189 0.000000 -5.065210 0.025530 
1046 10.585938 0.000000 -1.338542 98.650417 0.000000 -5.654504 0.023612 
1047 10.585938 0.000000 -1.739583 98.909349 0.000000 -6.465337 0.017514 
1048 11.015625 0.000000 -1.338542 98.764775 0.000000 -6.132241 0.020791 
1049 5.429688 0.000000 2.671875 98.746313 0.000000 -10.008585 0.014899 
1050 5.000000 0.000000 2.671875 98.876838 0.000000 -9.810991 0.012712 
1051 5.429688 0.000000 3.072917 98.940177 0.000000 -10.074547 0.010934 
1052 4.570312 0.000000 2.671875 98.889315 0.000000 -9.572680 0.012927 
1053 4.140625 0.000000 2.671875 98.865040 0.000000 -9.508700 0.013529 
1054 4.570312 0.000000 3.072917 98.969338 0.000000 -9.917768 0.010671 
1 11 62 60 61 
2 62 10 24 60 
3 60 24 14 63 
4 61 60 63 6 
5 24 66 64 65 
6 66 23 40 64 
7 64 40 27 67 
8 65 64 67 14 
9 40 70 68 69 
10 69 68 71 27 
11 6 63 92 93 
12 63 14 36 92 
13 92 36 19 94 
14 93 92 94 20 
15 14 67 95 96 
16 67 27 52 95 
17 95 52 35 97 
18 96 95 97 36 
19 27 71 98 99 
20 99 98 100 52 
21 68 112 110 111 
22 112 56 80 110 
23 110 80 43 113 
24 111 110 113 71 
25 80 116 114 115 
26 115 114 117 43 
27 124 126 103 127 
28 125 124 127 101 
29 71 113 133 134 
30 113 43 102 133 
31 133 102 76 135 
32 134 133 135 98 
33 43 117 136 137 
34 136 125 101 138 
35 137 136 138 102 
36 114 141 139 140 
37 141 106 129 139 
38 139 129 83 142 
39 140 139 142 117 
40 12 145 143 144 
41 145 7 146 143 
42 143 146 13 25 
43 144 143 25 10 
44 25 149 147 148 
45 149 13 150 147 
46 147 150 26 41 
47 148 147 41 23 
48 41 153 151 152 
49 153 26 154 151 
50 151 154 42 57 
51 152 151 57 39 
52 39 157 155 156 
53 157 57 158 155 
54 155 158 55 81 
55 156 155 81 56 
56 81 161 159 160 
57 161 55 162 159 
58 106 169 167 168 
59 169 130 170 167 
60 168 167 171 129 
61 130 181 180 170 
62 181 105 182 180 
63 180 182 131 183 
64 170 180 183 128 
65 83 132 184 185 
66 132 109 186 184 
67 184 186 124 187 
68 185 184 187 125 
69 129 171 188 189 
70 171 128 190 188 
71 188 190 132 191 
72 189 188 191 83 
73 167 194 192 193 
74 194 170 195 192 
75 192 195 128 196 
76 193 192 196 171 
77 163 202 200 201 
78 202 166 203 200 
79 200 203 105 181 
80 56 206 204 205 
81 206 81 160 204 
82 205 204 116 80 
83 116 209 207 208 
84 209 79 164 207 
85 207 164 106 141 
86 208 207 141 114 
87 164 212 210 211 
88 212 163 201 210 
89 210 201 130 169 
90 211 210 169 106 
91 201 215 213 214 
92 215 200 216 213 
93 213 216 181 217 
94 214 213 217 130 
95 128 183 218 190 
96 183 131 219 218 
97 218 219 109 220 
98 190 218 220 132 
99 221 222 121 223 
100 126 221 223 103 
101 109 179 224 186 
102 179 59 225 224 
103 224 225 126 226 
104 186 224 226 124 
105 131 228 227 219 
106 228 176 229 227 
107 227 229 179 230 
108 219 227 230 109 
109 232 197 233 231 
110 231 233 177 234 
111 203 231 234 105 
112 57 236 235 158 
113 236 42 237 235 
114 235 237 58 89 
115 158 235 89 55 
116 55 239 238 162 
117 239 89 240 238 
118 159 243 241 242 
119 243 162 244 241 
120 241 244 82 198 
121 242 241 198 107 
122 107 247 245 246 
123 247 198 248 245 
124 245 248 197 232 
125 246 245 232 166 
126 166 251 249 250 
127 251 232 252 249 
128 249 252 231 253 
129 250 249 253 203 
130 59 257 258 225 
131 257 175 259 258 
132 258 259 221 260 
133 225 258 260 126 
134 178 263 261 262 
135 263 254 264 261 
136 261 264 257 265 
137 262 261 265 59 
138 162 270 269 244 
139 270 238 271 269 
140 269 271 173 267 
141 244 269 267 82 
142 82 274 272 273 
143 274 267 275 272 
144 272 275 266 276 
145 273 272 276 199 
146 172 286 285 256 
147 286 174 287 285 
148 285 287 91 288 
149 256 285 288 175 
150 254 290 289 264 
151 290 256 291 289 
152 289 291 175 292 
153 264 289 292 257 
154 173 294 293 268 
155 294 88 295 293 
156 293 295 174 286 
157 268 293 286 172 
158 267 297 296 275 
159 297 173 298 296 
160 296 298 268 299 
161 275 296 299 266 
162 174 307 306 287 
163 307 281 308 306 
164 306 308 284 309 
165 287 306 309 91 
166 89 311 310 240 
167 311 58 312 310 
168 88 314 313 295 
169 314 282 315 313 
170 313 315 281 307 
171 295 313 307 174 
172 281 321 320 308 
173 321 283 322 320 
174 284 323 327 328 
175 323 5 329 327 
176 327 329 304 330 
177 328 327 330 303 
178 308 333 331 332 
179 333 320 334 331 
180 331 334 323 335 
181 332 331 335 284 
182 336 338 283 321 
183 315 336 321 281 
184 7 340 339 146 
185 340 16 341 339 
186 339 341 15 32 
187 146 339 32 13 
188 13 343 342 150 
189 343 32 344 342 
190 342 344 31 48 
191 150 342 48 26 
192 26 346 345 154 
193 346 48 347 345 
194 345 347 47 85 
195 154 345 85 42 
196 42 349 348 237 
197 349 85 350 348 
198 348 350 84 278 
199 237 348 278 58 
200 58 352 351 312 
201 352 278 353 351 
202 310 356 354 355 
203 356 312 357 354 
204 354 357 90 337 
205 355 354 337 282 
206 282 360 358 359 
207 360 337 361 358 
208 358 361 336 362 
209 359 358 362 315 
210 283 364 363 322 
211 364 316 365 363 
212 5 366 367 329 
213 366 319 368 367 
214 367 368 324 369 
215 329 367 369 304 
216 322 372 370 371 
217 372 363 373 370 
218 370 373 366 374 
219 371 370 374 5 
220 375 377 316 364 
221 338 375 364 283 
222 312 379 378 357 
223 379 351 380 378 
224 378 380 317 376 
225 357 378 376 90 
226 90 383 381 382 
227 383 376 384 381 
228 381 384 375 385 
229 382 381 385 338 
230 15 387 386 33 
231 387 17 388 386 
232 386 388 8 389 
233 33 386 389 18 
234 31 391 390 49 
235 391 33 392 390 
236 390 392 18 393 
237 49 390 393 34 
238 395 49 396 394 
239 394 396 34 397 
240 316 407 406 365 
241 407 318 408 406 
242 406 408 280 409 
243 365 406 409 319 
244 363 411 410 373 
245 411 365 412 410 
246 410 412 319 413 
247 373 410 413 366 
248 317 415 414 377 
249 415 277 416 414 
250 414 416 318 407 
251 377 414 407 316 
252 376 418 417 384 
253 418 317 419 417 
254 417 419 377 420 
255 384 417 420 375 
256 18 389 421 45 
257 389 8 422 421 
258 421 422 29 423 
259 45 421 423 28 
260 34 393 424 73 
261 393 18 425 424 
262 424 425 45 426 
263 73 424 426 44 
264 397 34 428 427 
265 427 428 73 429 
266 280 439 440 441 
267 439 405 442 440 
268 440 442 433 443 
269 441 440 443 325 
270 408 446 444 445 
271 446 436 447 444 
272 444 447 439 448 
273 445 444 448 280 
274 278 450 449 353 
275 450 84 451 449 
276 277 453 452 416 
277 453 403 454 452 
278 416 457 455 456 
279 457 452 458 455 
280 455 458 437 459 
281 456 455 459 318 
282 403 465 464 454 
283 465 279 466 464 
284 464 466 404 467 
285 467 404 469 468 
286 468 469 87 470 
287 454 473 471 472 
288 473 464 474 471 
289 471 474 467 475 
290 472 471 475 402 
291 85 477 476 350 
292 477 47 478 476 
293 476 478 86 399 
294 350 476 399 84 
295 84 480 479 451 
296 480 399 481 479 
297 279 483 482 466 
298 483 461 484 482 
299 466 482 485 404 
300 487 394 488 486 
301 486 488 397 489 
302 461 495 494 484 
303 495 398 496 494 
304 404 485 501 469 
305 469 501 503 87 
306 482 506 504 505 
307 506 484 507 504 
308 504 507 460 508 
309 505 504 508 485 
310 460 514 512 513 
311 513 512 516 502 
312 489 397 518 517 
313 517 518 427 519 
314 399 532 531 481 
315 532 86 533 531 
316 531 533 400 491 
317 398 535 534 496 
318 535 491 536 534 
319 494 539 537 538 
320 539 496 540 537 
321 537 540 462 528 
322 538 537 528 497 
323 497 543 541 542 
324 543 528 544 541 
325 528 551 550 544 
326 551 462 552 550 
327 463 511 554 555 
328 511 401 556 554 
329 554 556 499 557 
330 555 554 557 498 
331 509 530 558 559 
332 530 510 560 558 
333 558 560 401 561 
334 559 558 561 511 
335 562 564 530 565 
336 563 562 565 509 
337 541 568 566 567 
338 568 544 569 566 
339 566 569 527 570 
340 567 566 570 545 
341 21 46 571 572 
342 46 28 573 571 
343 571 573 30 574 
344 572 571 574 9 
345 37 74 575 576 
346 74 44 577 575 
347 575 577 46 578 
348 576 575 578 21 
349 53 120 579 580 
350 120 72 581 579 
351 579 581 74 582 
352 580 579 582 37 
353 118 432 583 584 
354 432 119 585 583 
355 583 585 72 586 
356 584 583 586 120 
357 587 589 432 590 
358 588 587 590 118 
359 557 499 597 596 
360 596 597 430 598 
361 77 302 599 600 
362 302 118 584 599 
363 599 584 120 601 
364 600 599 601 53 
365 602 588 118 604 
366 603 602 604 302 
367 605 607 587 608 
368 606 605 608 588 
369 87 503 614 615 
370 503 463 555 614 
371 614 555 498 593 
372 615 614 593 434 
373 593 618 616 617 
374 618 498 619 616 
375 620 621 119 622 
376 589 620 622 432 
377 598 430 624 623 
378 623 624 589 625 
379 607 623 625 587 
380 594 627 626 612 
381 627 596 628 626 
382 626 628 598 629 
383 612 626 629 500 
384 632 594 633 630 
385 630 633 612 634 
386 433 637 635 636 
387 637 434 592 635 
388 635 592 301 638 
389 636 635 638 435 
390 592 641 639 640 
391 641 591 610 639 
392 639 610 595 642 
393 640 639 642 301 
394 591 645 643 644 
395 644 643 646 610 
396 595 613 647 648 
397 613 500 649 647 
398 647 649 607 650 
399 648 647 650 605 
400 634 612 653 651 
401 651 653 500 654 
402 652 651 654 613 
403 657 630 658 655 
404 655 658 634 659 
405 610 646 660 661 
406 660 652 613 662 
407 661 660 662 595 
408 643 665 663 664 
409 664 663 666 646 
410 434 669 667 668 
411 669 593 617 667 
412 667 617 591 641 
413 668 667 641 592 
414 617 672 670 671 
415 672 616 673 670 
416 670 673 611 645 
417 671 670 645 591 
418 645 676 674 675 
419 676 611 677 674 
420 674 677 631 665 
421 675 674 665 643 
422 665 680 678 679 
423 680 631 681 678 
424 679 678 682 663 
425 498 684 683 619 
426 684 557 685 683 
427 683 685 596 627 
428 619 683 627 594 
429 616 687 686 673 
430 687 619 688 686 
431 686 688 594 632 
432 673 686 632 611 
433 611 690 689 677 
434 690 632 691 689 
435 689 691 630 657 
436 677 689 657 631 
437 631 693 692 681 
438 693 657 694 692 
439 692 694 655 695 
440 681 692 695 656 
441 646 666 696 697 
442 666 609 698 696 
443 696 698 652 699 
444 697 696 699 660 
445 663 682 700 701 
446 682 656 702 700 
447 700 702 609 703 
448 701 700 703 666 
449 678 706 704 705 
450 706 681 707 704 
451 704 707 656 708 
452 705 704 708 682 
453 502 516 709 710 
454 516 509 559 709 
455 709 559 511 711 
456 710 709 711 463 
457 512 714 712 713 
458 714 515 563 712 
459 712 563 509 715 
460 713 712 715 516 
461 515 718 716 717 
462 718 545 719 716 
463 716 719 562 720 
464 717 716 720 563 
465 721 722 510 723 
466 564 721 723 530 
467 401 526 724 556 
468 526 493 725 724 
469 724 725 520 726 
470 556 724 726 499 
471 510 549 727 560 
472 549 523 728 727 
473 727 728 526 729 
474 560 727 729 401 
475 730 732 549 733 
476 722 730 733 510 
477 553 736 734 735 
478 736 529 737 734 
479 734 737 722 738 
480 735 734 738 721 
481 496 740 739 540 
482 740 534 741 739 
483 739 741 524 547 
484 540 739 547 462 
485 400 743 742 492 
486 743 486 744 742 
487 742 744 489 745 
488 492 742 745 50 
489 490 747 746 525 
490 747 492 748 746 
491 746 748 50 749 
492 525 746 749 493 
493 524 751 750 548 
494 751 490 752 750 
495 750 752 525 753 
496 548 750 753 523 
497 547 756 754 755 
498 756 524 757 754 
499 754 757 548 758 
500 755 754 758 546 
501 462 760 759 552 
502 760 547 755 759 
503 529 762 761 737 
504 761 763 730 764 
505 737 761 764 722 
506 552 767 765 766 
507 767 759 768 765 
508 765 768 731 762 
509 766 765 762 529 
510 546 758 769 732 
511 758 548 770 769 
512 769 770 523 771 
513 732 769 771 549 
514 731 773 772 763 
515 773 546 774 772 
516 772 774 732 775 
517 763 772 775 730 
518 762 778 776 777 
519 778 731 779 776 
520 776 779 763 780 
521 777 776 780 761 
522 1 783 781 782 
523 783 12 144 781 
524 781 144 10 62 
525 782 781 62 11 
526 16 785 784 341 
527 785 2 786 784 
528 784 786 17 387 
529 341 784 387 15 
530 19 38 787 788 
531 38 21 572 787 
532 787 572 9 789 
533 788 787 789 22 
534 20 94 790 791 
535 94 19 788 790 
536 790 788 22 792 
537 791 790 792 4 
538 10 795 793 794 
539 795 25 148 793 
540 793 148 23 66 
541 794 793 66 24 
542 28 423 796 573 
543 423 29 797 796 
544 796 797 3 798 
545 573 796 798 30 
546 32 800 799 344 
547 800 15 801 799 
548 799 801 33 391 
549 344 799 391 31 
550 35 54 802 803 
551 54 37 576 802 
552 802 576 21 804 
553 803 802 804 38 
554 36 97 805 806 
555 97 35 803 805 
556 805 803 38 807 
557 806 805 807 19 
558 23 810 808 809 
559 810 41 152 808 
560 808 152 39 70 
561 809 808 70 40 
562 44 426 811 577 
563 426 45 812 811 
564 811 812 28 813 
565 577 811 813 46 
566 48 815 814 347 
567 815 31 816 814 
568 814 816 49 395 
569 347 814 395 47 
570 51 78 817 818 
571 78 53 580 817 
572 817 580 37 819 
573 818 817 819 54 
574 52 100 820 821 
575 100 51 818 820 
576 820 818 54 822 
577 821 820 822 35 
578 70 825 823 824 
579 825 39 156 823 
580 823 156 56 112 
581 824 823 112 68 
582 72 429 826 581 
583 429 73 827 826 
584 826 827 44 828 
585 581 826 828 74 
586 75 123 829 830 
587 123 77 600 829 
588 829 600 53 831 
589 830 829 831 78 
590 76 104 832 833 
591 104 75 830 832 
592 832 830 78 834 
593 833 832 834 51 
594 98 135 835 836 
595 135 76 833 835 
596 835 833 51 837 
597 836 835 837 100 
598 117 142 838 839 
599 142 83 185 838 
600 838 185 125 840 
601 839 838 840 136 
602 160 843 841 842 
603 843 159 242 841 
604 841 242 107 165 
605 842 841 165 79 
606 165 846 844 845 
607 846 107 246 844 
608 844 246 166 202 
609 845 844 202 163 
610 105 234 847 182 
611 234 177 848 847 
612 847 848 176 228 
613 182 847 228 131 
614 176 850 849 229 
615 850 178 262 849 
616 849 262 59 851 
617 229 849 851 179 
618 198 853 852 248 
619 853 82 273 852 
620 852 273 199 854 
621 248 852 854 197 
622 197 854 855 233 
623 854 199 856 855 
624 855 856 108 857 
625 233 855 857 177 
626 204 860 858 859 
627 860 160 842 858 
628 858 842 79 209 
629 859 858 209 116 
630 175 288 861 259 
631 288 91 862 861 
632 861 862 222 863 
633 259 861 863 221 
634 238 865 864 271 
635 865 240 866 864 
636 864 866 88 294 
637 271 864 294 173 
638 199 276 867 856 
639 276 266 868 867 
640 867 868 255 869 
641 856 867 869 108 
642 870 603 302 872 
643 871 870 872 77 
644 91 309 873 862 
645 309 284 328 873 
646 873 328 303 874 
647 862 873 874 222 
648 240 876 875 866 
649 876 310 355 875 
650 875 355 282 314 
651 866 875 314 88 
652 320 878 877 334 
653 878 322 371 877 
654 877 371 5 879 
655 334 877 879 323 
656 319 409 880 368 
657 409 280 441 880 
658 880 441 325 881 
659 368 880 881 324 
660 337 883 882 361 
661 883 90 382 882 
662 882 382 338 884 
663 361 882 884 336 
664 351 886 885 380 
665 886 353 887 885 
666 885 887 277 415 
667 380 885 415 317 
668 47 889 888 478 
669 889 395 890 888 
670 888 890 394 487 
671 478 888 487 86 
672 119 519 891 585 
673 519 427 892 891 
674 891 892 429 893 
675 585 891 893 72 
676 405 470 894 442 
677 470 87 615 894 
678 894 615 434 637 
679 442 894 637 433 
680 325 443 895 896 
681 443 433 636 895 
682 895 636 435 897 
683 896 895 897 300 
684 318 459 898 899 
685 459 437 900 898 
686 898 900 436 446 
687 899 898 446 408 
688 353 902 901 887 
689 902 449 903 901 
690 901 903 403 453 
691 887 901 453 277 
692 452 905 904 458 
693 905 454 472 904 
694 904 472 402 906 
695 458 904 906 437 
696 86 908 907 533 
697 908 487 909 907 
698 907 909 486 743 
699 533 907 743 400 
700 491 911 910 536 
701 911 400 912 910 
702 910 912 492 747 
703 536 910 747 490 
704 484 914 913 507 
705 914 494 538 913 
706 913 538 497 514 
707 507 913 514 460 
708 485 508 915 916 
709 508 460 513 915 
710 915 513 502 917 
711 916 915 917 501 
712 501 917 918 919 
713 917 502 710 918 
714 918 710 463 920 
715 919 918 920 503 
716 514 923 921 922 
717 923 497 542 921 
718 921 542 515 714 
719 922 921 714 512 
720 50 745 924 521 
721 745 489 925 924 
722 924 925 517 926 
723 521 924 926 431 
724 431 926 927 621 
725 926 517 928 927 
726 927 928 519 929 
727 621 927 929 119 
728 493 749 930 725 
729 749 50 931 930 
730 930 931 521 932 
731 725 930 932 520 
732 499 726 933 597 
733 726 520 934 933 
734 933 934 522 935 
735 597 933 935 430 
736 523 753 936 728 
737 753 525 937 936 
738 936 937 493 938 
739 728 936 938 526 
740 534 940 939 741 
741 940 536 941 939 
742 939 941 490 751 
743 741 939 751 524 
744 542 944 942 943 
745 944 541 567 942 
746 942 567 545 718 
747 943 942 718 515 
748 550 947 945 946 
749 947 552 766 945 
750 945 766 529 736 
751 946 945 736 553 
752 544 949 948 569 
753 949 550 946 948 
754 948 946 553 950 
755 569 948 950 527 
756 545 570 951 719 
757 570 527 952 951 
758 951 952 564 953 
759 719 951 953 562 
760 435 638 954 955 
761 638 301 606 954 
762 954 606 588 956 
763 955 954 956 602 
764 301 642 957 958 
765 642 595 648 957 
766 957 648 605 959 
767 958 957 959 606 
768 430 935 960 624 
769 935 522 961 960 
770 960 961 620 962 
771 624 960 962 589 
772 500 629 963 649 
773 629 598 964 963 
774 963 964 623 965 
775 649 963 965 607 
776 609 659 966 698 
777 659 634 967 966 
778 966 967 651 968 
779 698 966 968 652 
780 656 695 969 702 
781 695 655 970 969 
782 969 970 659 971 
783 702 969 971 609 
784 527 950 972 952 
785 950 553 735 972 
786 972 735 721 973 
787 952 972 973 564 
788 759 975 974 768 
789 975 755 976 974 
790 974 976 546 773 
791 768 974 773 731 
792 121 305 977 978 
793 977 871 77 979 
794 978 977 979 123 
795 103 223 980 981 
796 223 121 978 980 
797 980 978 123 982 
798 981 980 982 75 
799 79 985 983 984 
800 985 165 845 983 
801 983 845 163 212 
802 984 983 212 164 
803 177 857 986 848 
804 857 108 987 986 
805 986 987 178 850 
806 848 986 850 176 
807 108 869 988 987 
808 869 255 989 988 
809 988 989 254 263 
810 987 988 263 178 
811 255 991 990 989 
812 991 172 992 990 
813 990 992 256 290 
814 989 990 290 254 
815 266 299 993 868 
816 299 268 994 993 
817 993 994 172 991 
818 868 993 991 255 
819 324 881 995 996 
820 881 325 896 995 
821 995 896 300 997 
822 996 995 997 326 
823 304 369 998 999 
824 369 324 996 998 
825 998 996 326 1000 
826 999 998 1000 122 
827 437 906 1001 900 
828 906 402 1002 1001 
829 1001 1002 438 1003 
830 900 1001 1003 436 
831 436 1003 1004 447 
832 1003 438 1005 1004 
833 1004 1005 405 1006 
834 447 1004 1006 439 
835 449 1008 1007 903 
836 1008 451 1009 1007 
837 1007 1009 279 465 
838 903 1007 465 403 
839 402 475 1010 1002 
840 475 467 1011 1010 
841 1010 1011 468 1012 
842 1002 1010 1012 438 
843 438 1012 1013 1005 
844 1012 468 1014 1013 
845 1013 1014 470 1015 
846 1005 1013 1015 405 
847 451 1017 1016 1009 
848 1017 479 1018 1016 
849 1016 1018 461 483 
850 1009 1016 483 279 
851 520 932 1019 934 
852 932 521 1020 1019 
853 1019 1020 431 1021 
854 934 1019 1021 522 
855 300 897 1022 1023 
856 897 435 955 1022 
857 1022 955 602 1024 
858 1023 1022 1024 603 
859 522 1021 1025 961 
860 1021 431 1026 1025 
861 1025 1026 621 1027 
862 961 1025 1027 620 
863 326 997 1028 1029 
864 997 300 1023 1028 
865 1028 1023 603 1030 
866 1029 1028 1030 870 
867 101 127 1031 1032 
868 127 103 981 1031 
869 1031 981 75 1033 
870 1032 1031 1033 104 
871 102 138 1034 1035 
872 138 101 1032 1034 
873 1034 1032 104 1036 
874 1035 1034 1036 76 
875 303 330 1037 1038 
876 330 304 999 1037 
877 1037 999 122 1039 
878 1038 1037 1039 305 
879 222 874 1040 1041 
880 874 303 1038 1040 
881 1040 1038 305 1042 
882 1041 1040 1042 121 
883 479 1044 1043 1018 
884 1044 481 1045 1043 
885 1043 1045 398 495 
886 1018 1043 495 461 
887 481 1047 1046 1045 
888 1047 531 1048 1046 
889 1046 1048 491 535 
890 1045 1046 535 398 
891 122 1000 1049 1050 
892 1000 326 1029 1049 
893 1049 1029 870 1051 
894 1050 1049 1051 871 
895 305 1039 1052 1053 
896 1039 122 1050 1052 
897 1052 1050 871 1054 
898 1053 1052 1054 977 
