2 0.000000 100.000000 5791.461216
950 808 
1 -50.000000 0.000000 -50.666667 99.920980 0.000000 3.877760 0.000076 
2 60.000000 0.000000 -50.666667 99.921822 0.000000 3.852452 0.000079 
3 60.000000 0.000000 52.000000 99.929304 0.000000 3.848694 -0.000068 
4 -50.000000 0.000000 52.000000 99.928646 0.000000 3.878133 -0.000077 
5 5.000000 0.000000 0.666667 103.764634 0.000000 -1.878189 -0.077063 
6 -50.000000 0.000000 0.666667 99.924186 0.000000 3.882186 0.000009 
7 5.000000 0.000000 -50.666667 99.913918 0.000000 3.864236 0.000228 
8 60.000000 0.000000 0.666667 100.034459 0.000000 1.021221 -0.000794 
9 5.000000 0.000000 52.000000 99.937334 0.000000 3.863781 -0.000240 
10 -22.500000 0.000000 -25.000000 99.908735 0.000000 3.877306 0.000321 
11 -50.000000 0.000000 -25.000000 99.920817 0.000000 3.879941 0.000078 
12 -22.500000 0.000000 -50.666667 99.916889 0.000000 3.874366 0.000160 
13 5.000000 0.000000 -25.000000 99.893259 0.000000 3.823014 0.000672 
14 -22.500000 0.000000 0.666667 99.918660 0.000000 3.908533 0.000098 
15 32.500000 0.000000 -25.000000 99.912667 0.000000 3.778796 0.000318 
16 32.500000 0.000000 -50.666667 99.917617 0.000000 3.854806 0.000161 
17 60.000000 0.000000 -25.000000 99.924226 0.000000 3.783507 0.000083 
18 32.500000 0.000000 0.666667 100.049124 0.000000 0.463111 -0.001004 
19 -22.500000 0.000000 26.333333 99.940052 0.000000 3.880780 -0.000307 
20 -50.000000 0.000000 26.333333 99.928225 0.000000 3.880545 -0.000071 
21 5.000000 0.000000 26.333333 99.988300 0.000000 3.824467 -0.001229 
22 -22.500000 0.000000 52.000000 99.933294 0.000000 3.874994 -0.000168 
23 -8.750000 0.000000 -12.166667 99.865609 0.000000 3.849911 0.001204 
24 -22.500000 0.000000 -12.166667 99.902590 0.000000 3.894907 0.000430 
25 -8.750000 0.000000 -25.000000 99.883902 0.000000 3.868630 0.000824 
26 5.000000 0.000000 -12.166667 99.814170 0.000000 3.656892 0.002376 
27 -8.750000 0.000000 0.666667 99.844555 0.000000 3.994936 0.001511 
28 32.500000 0.000000 26.333333 99.941840 0.000000 3.767150 -0.000256 
29 60.000000 0.000000 26.333333 99.932122 0.000000 3.758714 -0.000056 
30 32.500000 0.000000 52.000000 99.933507 0.000000 3.852532 -0.000155 
31 18.750000 0.000000 -12.166667 99.914162 0.000000 3.560068 0.000449 
32 18.750000 0.000000 -25.000000 99.886052 0.000000 3.782776 0.000847 
33 32.500000 0.000000 -12.166667 99.915121 0.000000 3.512167 0.000463 
34 18.750000 0.000000 0.666667 99.991298 0.000000 0.348180 0.000162 
35 -8.750000 0.000000 13.500000 99.972756 0.000000 3.885781 -0.000965 
36 -22.500000 0.000000 13.500000 99.940798 0.000000 3.900060 -0.000337 
37 5.000000 0.000000 13.500000 100.197182 0.000000 3.673271 -0.005297 
38 -8.750000 0.000000 26.333333 99.967774 0.000000 3.874323 -0.000857 
39 -1.875000 0.000000 -5.750000 99.631121 0.000000 3.609858 0.006061 
40 -8.750000 0.000000 -5.750000 99.817964 0.000000 3.890568 0.002124 
41 -1.875000 0.000000 -12.166667 99.804888 0.000000 3.790922 0.002461 
42 5.000000 0.000000 -5.750000 99.408780 0.000000 3.101352 0.010828 
43 -1.875000 0.000000 0.666667 98.639008 0.000000 4.629540 0.024891 
44 18.750000 0.000000 13.500000 99.970769 0.000000 3.498173 -0.000639 
45 32.500000 0.000000 13.500000 99.954526 0.000000 3.460347 -0.000288 
46 18.750000 0.000000 26.333333 99.968709 0.000000 3.776534 -0.000801 
47 11.875000 0.000000 -5.750000 99.765153 0.000000 2.862489 0.003872 
48 11.875000 0.000000 -12.166667 99.798560 0.000000 3.541851 0.002770 
49 18.750000 0.000000 -5.750000 99.900619 0.000000 2.831605 0.001185 
50 11.875000 0.000000 0.666667 99.301747 0.000000 -0.014278 0.013916 
51 -1.875000 0.000000 7.083333 100.132635 0.000000 4.001983 -0.004256 
52 -8.750000 0.000000 7.083333 99.955471 0.000000 3.945296 -0.000666 
53 5.000000 0.000000 7.083333 100.616939 0.000000 3.174016 -0.013384 
54 -1.875000 0.000000 13.500000 99.996238 0.000000 3.826276 -0.001389 
55 1.562500 0.000000 -2.541667 98.845959 0.000000 2.215277 0.022457 
56 -1.875000 0.000000 -2.541667 99.098253 0.000000 3.509176 0.016722 
57 1.562500 0.000000 -5.750000 99.439569 0.000000 3.405885 0.010017 
58 5.000000 0.000000 -2.541667 99.291869 0.000000 2.029778 0.013700 
59 1.562500 0.000000 0.666667 107.729835 0.000000 11.415425 -0.173603 
60 -36.250000 0.000000 -12.166667 99.918399 0.000000 3.883422 0.000123 
61 -50.000000 0.000000 -12.166667 99.921981 0.000000 3.881365 0.000053 
62 -36.250000 0.000000 -25.000000 99.917094 0.000000 3.880003 0.000152 
63 -36.250000 0.000000 0.666667 99.923192 0.000000 3.885919 0.000026 
64 -15.625000 0.000000 -5.750000 99.893168 0.000000 3.886872 0.000625 
65 -22.500000 0.000000 -5.750000 99.907695 0.000000 3.903221 0.000322 
66 -15.625000 0.000000 -12.166667 99.894077 0.000000 3.875431 0.000615 
67 -15.625000 0.000000 0.666667 99.907357 0.000000 3.900150 0.000331 
68 -5.312500 0.000000 -2.541667 99.674741 0.000000 3.869573 0.004997 
69 -8.750000 0.000000 -2.541667 99.804198 0.000000 3.953486 0.002349 
70 -5.312500 0.000000 -5.750000 99.757158 0.000000 3.787753 0.003416 
71 -5.312500 0.000000 0.666667 99.699589 0.000000 4.012620 0.004389 
72 11.875000 0.000000 7.083333 100.041031 0.000000 2.762632 -0.001584 
73 18.750000 0.000000 7.083333 99.965967 0.000000 2.785208 -0.000095 
74 11.875000 0.000000 13.500000 99.963185 0.000000 3.564270 -0.000534 
75 1.562500 0.000000 3.875000 101.224100 0.000000 4.267350 -0.026453 
76 -1.875000 0.000000 3.875000 99.969204 0.000000 4.300282 -0.001233 
77 5.000000 0.000000 3.875000 101.659765 0.000000 1.968278 -0.033858 
78 1.562500 0.000000 7.083333 100.491269 0.000000 3.781460 -0.011279 
79 -0.156250 0.000000 -0.937500 95.654216 0.000000 0.116870 0.085026 
80 -1.875000 0.000000 -0.937500 98.479619 0.000000 3.826252 0.028712 
81 -0.156250 0.000000 -2.541667 98.828805 0.000000 2.756233 0.022527 
82 1.562500 0.000000 -0.937500 100.159943 0.000000 -3.171118 -0.004207 
83 -0.156250 0.000000 0.666667 94.859804 0.000000 10.311449 0.089529 
84 8.437500 0.000000 -2.541667 99.402499 0.000000 2.573890 0.011252 
85 8.437500 0.000000 -5.750000 99.483183 0.000000 2.837054 0.009505 
86 11.875000 0.000000 -2.541667 99.453559 0.000000 1.564398 0.010654 
87 8.437500 0.000000 0.666667 102.643706 0.000000 -6.116058 -0.057314 
88 3.281250 0.000000 -0.937500 101.650673 0.000000 -1.640673 -0.033555 
89 3.281250 0.000000 -2.541667 98.926391 0.000000 1.933265 0.020983 
90 5.000000 0.000000 -0.937500 105.976471 0.000000 0.429050 -0.123120 
91 3.281250 0.000000 0.666667 108.790266 0.000000 1.691378 -0.183818 
92 -36.250000 0.000000 13.500000 99.928887 0.000000 3.884747 -0.000087 
93 -50.000000 0.000000 13.500000 99.926612 0.000000 3.881809 -0.000040 
94 -36.250000 0.000000 26.333333 99.931619 0.000000 3.881422 -0.000139 
95 -15.625000 0.000000 7.083333 99.931076 0.000000 3.900214 -0.000143 
96 -22.500000 0.000000 7.083333 99.931645 0.000000 3.907054 -0.000160 
97 -15.625000 0.000000 13.500000 99.944606 0.000000 3.889388 -0.000405 
98 -5.312500 0.000000 3.875000 99.870060 0.000000 4.022162 0.000979 
99 -8.750000 0.000000 3.875000 99.907644 0.000000 3.973503 0.000267 
100 -5.312500 0.000000 7.083333 99.983708 0.000000 3.969359 -0.001250 
101 -0.156250 0.000000 2.270833 99.967896 0.000000 5.697159 -0.002604 
102 -1.875000 0.000000 2.270833 99.512320 0.000000 4.613318 0.007602 
103 1.562500 0.000000 2.270833 101.680511 0.000000 5.408232 -0.036818 
104 -0.156250 0.000000 3.875000 100.414261 0.000000 4.526029 -0.010351 
105 0.703125 0.000000 -0.135417 -0.981076 0.000000 0.115908 0.999902 
106 -0.156250 0.000000 -0.135417 81.496792 0.000000 0.603705 0.335791 
107 0.703125 0.000000 -0.937500 97.767613 0.000000 -4.717052 0.041924 
108 1.562500 0.000000 -0.135417 0.106948 0.000000 0.304021 0.999990 
109 0.703125 0.000000 0.666667 101.148481 0.000000 18.118907 -0.055931 
110 -3.593750 0.000000 -0.937500 99.367405 0.000000 3.979247 0.011028 
111 -5.312500 0.000000 -0.937500 99.668983 0.000000 3.863283 0.005117 
112 -3.593750 0.000000 -2.541667 99.431210 0.000000 3.862474 0.009852 
113 -3.593750 0.000000 0.666667 99.466485 0.000000 4.181967 0.008893 
114 -1.015625 0.000000 -0.135417 96.090158 0.000000 4.289941 0.074828 
115 -1.875000 0.000000 -0.135417 98.350979 0.000000 4.217155 0.030930 
116 -1.015625 0.000000 -0.937500 96.995672 0.000000 3.266545 0.058117 
117 -1.015625 0.000000 0.666667 97.150848 0.000000 5.619668 0.053013 
118 8.437500 0.000000 3.875000 100.571256 0.000000 1.110314 -0.011581 
119 11.875000 0.000000 3.875000 99.920721 0.000000 1.554827 0.001343 
120 8.437500 0.000000 7.083333 100.209152 0.000000 2.848062 -0.004999 
121 3.281250 0.000000 2.270833 103.047588 0.000000 2.886893 -0.062714 
122 5.000000 0.000000 2.270833 101.963004 0.000000 0.334166 -0.039657 
123 3.281250 0.000000 3.875000 101.578676 0.000000 3.155951 -0.032819 
124 0.703125 0.000000 1.468750 100.771385 0.000000 8.297612 -0.022372 
125 -0.156250 0.000000 1.468750 98.441748 0.000000 6.979776 0.026050 
126 1.562500 0.000000 1.468750 103.108792 0.000000 7.223244 -0.068360 
127 0.703125 0.000000 2.270833 100.535016 0.000000 5.897671 -0.014207 
128 0.273438 0.000000 0.265625 83.451645 0.000000 45.878135 0.093102 
129 -0.156250 0.000000 0.265625 86.811044 0.000000 11.706853 0.232679 
130 0.273438 0.000000 -0.135417 71.127917 0.000000 -39.101756 0.341187 
131 0.703125 0.000000 0.265625 101.454425 0.000000 31.082342 -0.125911 
132 0.273438 0.000000 0.666667 96.038140 0.000000 16.104706 0.051731 
133 -3.593750 0.000000 2.270833 99.707360 0.000000 4.246570 0.004041 
134 -5.312500 0.000000 2.270833 99.798089 0.000000 4.038016 0.002404 
135 -3.593750 0.000000 3.875000 99.933515 0.000000 4.212229 -0.000445 
136 -1.015625 0.000000 1.468750 98.827099 0.000000 5.708419 0.020062 
137 -1.875000 0.000000 1.468750 99.144091 0.000000 4.755153 0.014784 
138 -1.015625 0.000000 2.270833 99.669820 0.000000 5.242880 0.003844 
139 -0.585938 0.000000 0.265625 94.227394 0.000000 6.194291 0.108283 
140 -1.015625 0.000000 0.265625 96.366975 0.000000 5.112780 0.068727 
141 -0.585938 0.000000 -0.135417 93.472208 0.000000 4.048499 0.124656 
142 -0.585938 0.000000 0.666667 96.273940 0.000000 6.942184 0.068313 
143 -8.750000 0.000000 -37.833333 99.908102 0.000000 3.866842 0.000342 
144 -22.500000 0.000000 -37.833333 99.913455 0.000000 3.874697 0.000229 
145 -8.750000 0.000000 -50.666667 99.914709 0.000000 3.870095 0.000207 
146 5.000000 0.000000 -37.833333 99.905797 0.000000 3.853728 0.000398 
147 -1.875000 0.000000 -18.583333 99.914418 0.000000 3.810552 0.000259 
148 -8.750000 0.000000 -18.583333 99.886781 0.000000 3.854491 0.000777 
149 -1.875000 0.000000 -25.000000 99.894238 0.000000 3.843122 0.000637 
150 5.000000 0.000000 -18.583333 99.919547 0.000000 3.782780 0.000177 
151 1.562500 0.000000 -8.958333 99.879871 0.000000 3.580236 0.001119 
152 -1.875000 0.000000 -8.958333 99.784824 0.000000 3.725491 0.002911 
153 1.562500 0.000000 -12.166667 99.811703 0.000000 3.717617 0.002380 
154 5.000000 0.000000 -8.958333 99.906795 0.000000 3.528495 0.000618 
155 -0.156250 0.000000 -4.145833 99.293622 0.000000 3.364298 0.012946 
156 -1.875000 0.000000 -4.145833 99.441597 0.000000 3.597538 0.009843 
157 -0.156250 0.000000 -5.750000 99.571457 0.000000 3.534294 0.007303 
158 1.562500 0.000000 -4.145833 99.378146 0.000000 3.027125 0.011482 
159 0.703125 0.000000 -1.739583 98.536727 0.000000 1.085513 0.028934 
160 -0.156250 0.000000 -1.739583 97.663770 0.000000 2.112906 0.045732 
161 0.703125 0.000000 -2.541667 98.714359 0.000000 2.470214 0.024937 
162 1.562500 0.000000 -1.739583 99.017861 0.000000 0.997988 0.019447 
163 0.273438 0.000000 -0.536458 90.646151 0.000000 -11.664641 0.164721 
164 -0.156250 0.000000 -0.536458 91.516841 0.000000 -1.616111 0.162206 
165 0.273438 0.000000 -0.937500 95.928147 0.000000 -2.817378 0.078985 
166 0.703125 0.000000 -0.536458 97.036258 0.000000 -25.732430 -0.007819 
167 0.058594 0.000000 0.065104 48.400417 0.000000 25.715301 0.699612 
168 -0.156250 0.000000 0.065104 80.607277 0.000000 8.091838 0.343699 
169 0.058594 0.000000 -0.135417 48.193781 0.000000 -35.187032 0.643923 
170 0.273438 0.000000 0.065104 0.071153 0.000000 0.447993 0.999979 
171 0.058594 0.000000 0.265625 80.606365 0.000000 23.528156 0.294904 
172 2.421875 0.000000 -0.135417 5.350393 0.000000 1.010368 0.997035 
173 2.421875 0.000000 -0.937500 99.397133 0.000000 -0.961080 0.011929 
174 3.281250 0.000000 -0.135417 14.163414 0.000000 1.120088 0.979814 
175 2.421875 0.000000 0.666667 108.477993 0.000000 5.249944 -0.179504 
176 1.132812 0.000000 0.265625 -0.475875 0.000000 -0.086289 0.999977 
177 1.132812 0.000000 -0.135417 -0.484443 0.000000 0.161719 0.999974 
178 1.562500 0.000000 0.265625 0.389577 0.000000 0.178291 0.999982 
179 1.132812 0.000000 0.666667 107.165387 0.000000 16.438886 -0.175466 
180 0.488281 0.000000 0.065104 -1.031683 0.000000 0.133164 0.999892 
181 0.488281 0.000000 -0.135417 -1.142644 0.000000 0.055905 0.999869 
182 0.703125 0.000000 0.065104 -0.964030 0.000000 0.023858 0.999907 
183 0.488281 0.000000 0.265625 94.014357 0.000000 39.054411 -0.036395 
184 0.273438 0.000000 1.067708 98.800742 0.000000 10.320692 0.013190 
185 -0.156250 0.000000 1.067708 97.846287 0.000000 8.389466 0.035572 
186 0.703125 0.000000 1.067708 100.816299 0.000000 11.137939 -0.028798 
187 0.273438 0.000000 1.468750 99.742565 0.000000 7.943844 -0.001168 
188 0.058594 0.000000 0.466146 90.663683 0.000000 16.870755 0.149547 
189 -0.156250 0.000000 0.466146 91.827576 0.000000 11.423743 0.143719 
190 0.273438 0.000000 0.466146 92.404527 0.000000 23.319839 0.091759 
191 0.058594 0.000000 0.666667 94.833522 0.000000 13.191014 0.083260 
192 0.166016 0.000000 0.165365 70.028130 0.000000 49.298383 0.266573 
193 0.058594 0.000000 0.165365 61.129689 0.000000 48.903753 0.387158 
194 0.166016 0.000000 0.065104 64.637091 0.000000 46.002095 0.370585 
195 0.273438 0.000000 0.165365 80.222014 0.000000 46.258119 0.142461 
196 0.166016 0.000000 0.265625 78.581903 0.000000 47.978790 0.152292 
197 1.132812 0.000000 -0.536458 101.652686 0.000000 -15.907349 -0.058631 
198 1.132812 0.000000 -0.937500 99.543966 0.000000 -4.488281 0.007085 
199 1.562500 0.000000 -0.536458 102.277925 0.000000 -9.687436 -0.055462 
200 0.488281 0.000000 -0.335938 89.083411 0.000000 -33.788555 0.092248 
201 0.273438 0.000000 -0.335938 78.482669 0.000000 -39.386713 0.228916 
202 0.488281 0.000000 -0.536458 93.503641 0.000000 -16.089994 0.099818 
203 0.703125 0.000000 -0.335938 96.483653 0.000000 -26.247971 0.000195 
204 -1.015625 0.000000 -1.739583 98.359244 0.000000 2.962906 0.031668 
205 -1.875000 0.000000 -1.739583 98.799748 0.000000 3.603621 0.022562 
206 -1.015625 0.000000 -2.541667 98.844697 0.000000 3.262156 0.021908 
207 -0.585938 0.000000 -0.536458 94.903210 0.000000 2.509008 0.098709 
208 -1.015625 0.000000 -0.536458 96.444838 0.000000 3.566265 0.068567 
209 -0.585938 0.000000 -0.937500 95.981853 0.000000 2.291784 0.078223 
210 0.058594 0.000000 -0.335938 82.256782 0.000000 -10.994545 0.311294 
211 -0.156250 0.000000 -0.335938 87.312296 0.000000 -1.921573 0.237287 
212 0.058594 0.000000 -0.536458 90.104788 0.000000 -6.038167 0.184467 
213 0.380859 0.000000 -0.235677 83.858394 0.000000 -37.081047 0.159277 
214 0.273438 0.000000 -0.235677 75.135532 0.000000 -40.557875 0.270971 
215 0.380859 0.000000 -0.335938 84.476156 0.000000 -36.741155 0.151387 
216 0.488281 0.000000 -0.235677 87.354818 0.000000 -34.528118 0.117694 
217 0.380859 0.000000 -0.135417 -0.818065 0.000000 0.036006 0.999933 
218 0.488281 0.000000 0.466146 96.401289 0.000000 37.187613 -0.067613 
219 0.703125 0.000000 0.466146 102.537310 0.000000 28.865373 -0.134711 
220 0.488281 0.000000 0.666667 98.414497 0.000000 17.970619 -0.000836 
221 2.421875 0.000000 1.468750 104.456616 0.000000 4.943360 -0.093562 
222 3.281250 0.000000 1.468750 104.492308 0.000000 2.386115 -0.092434 
223 2.421875 0.000000 2.270833 102.661686 0.000000 4.405493 -0.055883 
224 1.132812 0.000000 1.067708 102.780559 0.000000 10.422962 -0.067248 
225 1.562500 0.000000 1.067708 104.166950 0.000000 8.869657 -0.092942 
226 1.132812 0.000000 1.468750 101.982219 0.000000 8.004826 -0.046445 
227 0.917969 0.000000 0.466146 105.338292 0.000000 22.948624 -0.162280 
228 0.917969 0.000000 0.265625 -0.845115 0.000000 0.005499 0.999929 
229 1.132812 0.000000 0.466146 106.750820 0.000000 18.422894 -0.173514 
230 0.917969 0.000000 0.666667 106.321989 0.000000 20.587036 -0.172819 
231 0.917969 0.000000 -0.335938 99.803517 0.000000 -21.027083 -0.040288 
232 0.917969 0.000000 -0.536458 100.179866 0.000000 -20.082616 -0.043932 
233 1.132812 0.000000 -0.335938 101.485023 0.000000 -16.719836 -0.057876 
234 0.917969 0.000000 -0.135417 -0.751055 0.000000 0.118792 0.999942 
235 3.281250 0.000000 -4.145833 99.438161 0.000000 2.790005 0.010427 
236 3.281250 0.000000 -5.750000 99.386775 0.000000 3.301960 0.011137 
237 5.000000 0.000000 -4.145833 99.481588 0.000000 2.739009 0.009591 
238 2.421875 0.000000 -1.739583 98.491381 0.000000 1.150746 0.029812 
239 2.421875 0.000000 -2.541667 98.914855 0.000000 2.146244 0.021125 
240 3.281250 0.000000 -1.739583 98.858123 0.000000 1.172930 0.022570 
241 1.132812 0.000000 -1.338542 98.925373 0.000000 -0.772119 0.021317 
242 0.703125 0.000000 -1.338542 98.199278 0.000000 -0.664189 0.035646 
243 1.132812 0.000000 -1.739583 98.876266 0.000000 0.918456 0.022264 
244 1.562500 0.000000 -1.338542 99.312360 0.000000 -0.351446 0.013693 
245 0.917969 0.000000 -0.736979 99.032585 0.000000 -9.067651 0.011032 
246 0.703125 0.000000 -0.736979 97.387068 0.000000 -9.088623 0.043316 
247 0.917969 0.000000 -0.937500 98.768185 0.000000 -4.844398 0.022138 
248 1.132812 0.000000 -0.736979 100.188983 0.000000 -8.194507 -0.010498 
249 0.810547 0.000000 -0.436198 98.446015 0.000000 -23.395050 -0.023895 
250 0.703125 0.000000 -0.436198 96.838774 0.000000 -25.635418 -0.003492 
251 0.810547 0.000000 -0.536458 98.827420 0.000000 -22.446818 -0.027072 
252 0.917969 0.000000 -0.436198 99.911049 0.000000 -20.467250 -0.040113 
253 0.810547 0.000000 -0.335938 97.647838 0.000000 -24.464749 -0.013362 
254 1.992188 0.000000 0.265625 2.090170 0.000000 0.913370 0.999480 
255 1.992188 0.000000 -0.135417 1.215503 0.000000 0.432218 0.999834 
256 2.421875 0.000000 0.265625 5.921199 0.000000 1.619035 0.996232 
257 1.992188 0.000000 0.666667 108.008577 0.000000 7.489128 -0.172194 
258 1.992188 0.000000 1.067708 105.143819 0.000000 7.073297 -0.110525 
259 2.421875 0.000000 1.067708 105.682243 0.000000 5.293548 -0.119676 
260 1.992188 0.000000 1.468750 103.844305 0.000000 6.283110 -0.082312 
261 1.777344 0.000000 0.466146 107.815229 0.000000 9.472741 -0.171386 
262 1.562500 0.000000 0.466146 107.725306 0.000000 11.770574 -0.174329 
263 1.777344 0.000000 0.265625 1.043833 0.000000 0.480193 0.999868 
264 1.992188 0.000000 0.466146 108.016482 0.000000 7.433329 -0.172281 
265 1.777344 0.000000 0.666667 107.818438 0.000000 9.428498 -0.171371 
266 1.992188 0.000000 -0.536458 101.202539 0.000000 -5.751286 -0.027503 
267 1.992188 0.000000 -0.937500 99.927857 0.000000 -1.934785 0.001068 
268 2.421875 0.000000 -0.536458 100.588970 0.000000 -3.751758 -0.013222 
269 1.992188 0.000000 -1.338542 99.220275 0.000000 0.088239 0.015533 
270 1.992188 0.000000 -1.739583 99.054080 0.000000 1.108131 0.018706 
271 2.421875 0.000000 -1.338542 99.040662 0.000000 0.436513 0.019076 
272 1.777344 0.000000 -0.736979 101.707611 0.000000 -7.614320 -0.040242 
273 1.562500 0.000000 -0.736979 102.206441 0.000000 -9.969372 -0.054555 
274 1.777344 0.000000 -0.937500 100.104400 0.000000 -2.501787 -0.002715 
275 1.992188 0.000000 -0.736979 101.157487 0.000000 -5.626083 -0.026449 
276 1.777344 0.000000 -0.536458 101.779738 0.000000 -7.362458 -0.041332 
277 6.718750 0.000000 -0.937500 100.092139 0.000000 6.069738 -0.005528 
278 6.718750 0.000000 -2.541667 99.232598 0.000000 2.390570 0.014718 
279 8.437500 0.000000 -0.937500 98.462480 0.000000 5.067451 0.027946 
280 6.718750 0.000000 0.666667 100.646064 0.000000 -10.652626 -0.024311 
281 4.140625 0.000000 -0.135417 15.650817 0.000000 0.060184 0.975505 
282 4.140625 0.000000 -0.937500 103.913138 0.000000 -0.507870 -0.079820 
283 5.000000 0.000000 -0.135417 3.272934 0.000000 -1.701820 0.998639 
284 4.140625 0.000000 0.666667 107.025569 0.000000 0.080104 -0.145448 
285 2.851562 0.000000 0.265625 10.787852 0.000000 1.816616 0.988032 
286 2.851562 0.000000 -0.135417 10.648471 0.000000 1.338645 0.988482 
287 3.281250 0.000000 0.265625 13.824361 0.000000 1.499458 0.980664 
288 2.851562 0.000000 0.666667 108.910079 0.000000 3.099170 -0.187101 
289 2.207031 0.000000 0.466146 108.153018 0.000000 6.222430 -0.173579 
290 2.207031 0.000000 0.265625 3.785567 0.000000 1.267293 0.998406 
291 2.421875 0.000000 0.466146 108.513101 0.000000 5.123707 -0.180135 
292 2.207031 0.000000 0.666667 108.092156 0.000000 6.450581 -0.172552 
293 2.851562 0.000000 -0.536458 100.927540 0.000000 -2.265562 -0.019150 
294 2.851562 0.000000 -0.937500 100.914872 0.000000 -2.420096 -0.018967 
295 3.281250 0.000000 -0.536458 101.957624 0.000000 -1.345765 -0.039717 
296 2.207031 0.000000 -0.736979 100.573361 0.000000 -4.352802 -0.013395 
297 2.207031 0.000000 -0.937500 99.589524 0.000000 -1.480848 0.007973 
298 2.421875 0.000000 -0.736979 100.597948 0.000000 -3.762367 -0.013410 
299 2.207031 0.000000 -0.536458 100.791379 0.000000 -4.955859 -0.018346 
300 6.718750 0.000000 2.270833 100.121888 0.000000 -0.558869 -0.002470 
301 8.437500 0.000000 2.270833 101.202995 0.000000 -0.238058 -0.024210 
302 6.718750 0.000000 3.875000 101.315934 0.000000 1.131122 -0.026620 
303 4.140625 0.000000 1.468750 103.487373 0.000000 0.528218 -0.070992 
304 5.000000 0.000000 1.468750 103.141075 0.000000 -0.626047 -0.063847 
305 4.140625 0.000000 2.270833 102.592634 0.000000 1.422957 -0.052727 
306 3.710938 0.000000 0.265625 16.197771 0.000000 0.573389 0.973730 
307 3.710938 0.000000 -0.135417 16.778588 0.000000 0.461242 0.971827 
308 4.140625 0.000000 0.265625 16.062407 0.000000 -0.112516 0.974199 
309 3.710938 0.000000 0.666667 108.014144 0.000000 0.733541 -0.166759 
310 4.140625 0.000000 -1.739583 99.431280 0.000000 1.045177 0.011233 
311 4.140625 0.000000 -2.541667 99.154085 0.000000 1.940276 0.016470 
312 5.000000 0.000000 -1.739583 100.848141 0.000000 1.466142 -0.017250 
313 3.710938 0.000000 -0.536458 102.905360 0.000000 -0.868010 -0.059027 
314 3.710938 0.000000 -0.937500 102.937709 0.000000 -0.893907 -0.059697 
315 4.140625 0.000000 -0.536458 103.902430 0.000000 -0.456612 -0.079592 
316 5.859375 0.000000 -0.135417 1.372381 0.000000 -0.639637 0.999771 
317 5.859375 0.000000 -0.937500 103.449508 0.000000 6.288222 -0.074134 
318 6.718750 0.000000 -0.135417 5.315448 0.000000 -0.384305 0.997160 
319 5.859375 0.000000 0.666667 103.167039 0.000000 -8.585823 -0.071715 
320 4.570312 0.000000 0.265625 14.422538 0.000000 0.239445 0.979193 
321 4.570312 0.000000 -0.135417 12.036497 0.000000 -0.185748 0.985509 
322 5.000000 0.000000 0.265625 7.359046 0.000000 3.166270 0.993582 
323 4.570312 0.000000 0.666667 106.383205 0.000000 -0.326213 -0.131749 
324 5.859375 0.000000 1.468750 101.864542 0.000000 -2.539136 -0.038283 
325 6.718750 0.000000 1.468750 100.113284 0.000000 -2.597298 -0.002942 
326 5.859375 0.000000 2.270833 101.374137 0.000000 -0.398603 -0.027687 
327 4.570312 0.000000 1.067708 103.323092 0.000000 -0.212557 -0.067571 
328 4.140625 0.000000 1.067708 104.310189 0.000000 -0.041717 -0.088062 
329 5.000000 0.000000 1.067708 104.032354 0.000000 0.527056 -0.082301 
330 4.570312 0.000000 1.468750 103.403560 0.000000 -0.066453 -0.069230 
331 4.355469 0.000000 0.466146 106.544239 0.000000 -0.832119 -0.135237 
332 4.140625 0.000000 0.466146 107.033000 0.000000 0.031822 -0.145606 
333 4.355469 0.000000 0.265625 106.457250 0.000000 0.000657 -0.133315 
334 4.570312 0.000000 0.466146 106.386215 0.000000 -0.375549 -0.131817 
335 4.355469 0.000000 0.666667 106.459036 0.000000 -0.027850 -0.133353 
336 4.570312 0.000000 -0.536458 105.182779 0.000000 0.032383 -0.106342 
337 4.570312 0.000000 -0.937500 105.404454 0.000000 0.156872 -0.111012 
338 5.000000 0.000000 -0.536458 104.753507 0.000000 1.381255 -0.097521 
339 18.750000 0.000000 -37.833333 99.909274 0.000000 3.841360 0.000338 
340 18.750000 0.000000 -50.666667 99.915174 0.000000 3.858593 0.000207 
341 32.500000 0.000000 -37.833333 99.915020 0.000000 3.834883 0.000228 
342 11.875000 0.000000 -18.583333 99.883158 0.000000 3.742299 0.000935 
343 11.875000 0.000000 -25.000000 99.897014 0.000000 3.804888 0.000611 
344 18.750000 0.000000 -18.583333 99.896931 0.000000 3.719938 0.000677 
345 8.437500 0.000000 -8.958333 99.798386 0.000000 3.434505 0.002849 
346 8.437500 0.000000 -12.166667 99.805945 0.000000 3.606754 0.002576 
347 11.875000 0.000000 -8.958333 99.823045 0.000000 3.365730 0.002403 
348 6.718750 0.000000 -4.145833 99.755341 0.000000 2.769691 0.004120 
349 6.718750 0.000000 -5.750000 99.418137 0.000000 2.940290 0.010739 
350 8.437500 0.000000 -4.145833 99.514549 0.000000 2.506460 0.009057 
351 5.859375 0.000000 -1.739583 100.722139 0.000000 2.752943 -0.015253 
352 5.859375 0.000000 -2.541667 99.313780 0.000000 2.270584 0.013162 
353 6.718750 0.000000 -1.739583 99.924617 0.000000 3.031313 0.000588 
354 4.570312 0.000000 -1.338542 101.255648 0.000000 0.182476 -0.025274 
355 4.140625 0.000000 -1.338542 100.129917 0.000000 0.245581 -0.002606 
356 4.570312 0.000000 -1.739583 100.364103 0.000000 1.043354 -0.007404 
357 5.000000 0.000000 -1.338542 102.643060 0.000000 0.662105 -0.053604 
358 4.355469 0.000000 -0.736979 104.543853 0.000000 -0.235307 -0.092947 
359 4.140625 0.000000 -0.736979 103.902643 0.000000 -0.460999 -0.079597 
360 4.355469 0.000000 -0.937500 104.344640 0.000000 -0.220194 -0.088785 
361 4.570312 0.000000 -0.736979 105.187305 0.000000 0.019207 -0.106437 
362 4.355469 0.000000 -0.536458 104.285140 0.000000 0.109635 -0.087540 
363 5.429688 0.000000 0.265625 2.118503 0.000000 -0.577867 0.999518 
364 5.429688 0.000000 -0.135417 -0.809294 0.000000 -1.000803 0.999834 
365 5.859375 0.000000 0.265625 3.179109 0.000000 -1.169635 0.998853 
366 5.429688 0.000000 0.666667 104.146492 0.000000 -6.541323 -0.088928 
367 5.429688 0.000000 1.067708 104.023114 0.000000 -3.171005 -0.083086 
368 5.859375 0.000000 1.067708 102.287917 0.000000 -4.565226 -0.048366 
369 5.429688 0.000000 1.468750 102.779961 0.000000 -1.709254 -0.056664 
370 5.214844 0.000000 0.466146 103.995023 0.000000 -5.138205 -0.084137 
371 5.000000 0.000000 0.466146 105.379895 0.000000 -0.918168 -0.110577 
372 5.214844 0.000000 0.265625 2.820759 0.000000 1.134226 0.999076 
373 5.429688 0.000000 0.466146 104.203731 0.000000 -6.494900 -0.090060 
374 5.214844 0.000000 0.666667 103.596196 0.000000 -4.202670 -0.074983 
375 5.429688 0.000000 -0.536458 107.750914 0.000000 7.393574 -0.166492 
376 5.429688 0.000000 -0.937500 107.158235 0.000000 4.663540 -0.150464 
377 5.859375 0.000000 -0.536458 105.481654 0.000000 9.208549 -0.121118 
378 5.429688 0.000000 -1.338542 102.930771 0.000000 2.695729 -0.060201 
379 5.429688 0.000000 -1.739583 101.051721 0.000000 2.118600 -0.021594 
380 5.859375 0.000000 -1.338542 101.857334 0.000000 3.789145 -0.038927 
381 5.214844 0.000000 -0.736979 105.812751 0.000000 4.339232 -0.121517 
382 5.000000 0.000000 -0.736979 104.635113 0.000000 1.474877 -0.095068 
383 5.214844 0.000000 -0.937500 109.157695 0.000000 1.544636 -0.191779 
384 5.429688 0.000000 -0.736979 107.763369 0.000000 6.760503 -0.165865 
385 5.214844 0.000000 -0.536458 106.607264 0.000000 4.949920 -0.138961 
386 46.250000 0.000000 -12.166667 99.930733 0.000000 3.548286 0.000126 
387 46.250000 0.000000 -25.000000 99.920691 0.000000 3.779947 0.000157 
388 60.000000 0.000000 -12.166667 99.933485 0.000000 3.571111 0.000055 
389 46.250000 0.000000 0.666667 100.039278 0.000000 0.861071 -0.000860 
390 25.625000 0.000000 -5.750000 99.936240 0.000000 2.840898 0.000468 
391 25.625000 0.000000 -12.166667 99.911308 0.000000 3.521262 0.000533 
392 32.500000 0.000000 -5.750000 99.945250 0.000000 2.873947 0.000269 
393 25.625000 0.000000 0.666667 100.042583 0.000000 0.358065 -0.000865 
394 15.312500 0.000000 -2.541667 99.823392 0.000000 1.597473 0.003274 
395 15.312500 0.000000 -5.750000 99.825209 0.000000 2.786350 0.002716 
396 18.750000 0.000000 -2.541667 99.915446 0.000000 1.651733 0.001418 
397 15.312500 0.000000 0.666667 99.891587 0.000000 0.370152 0.002153 
398 10.156250 0.000000 -0.937500 98.099814 0.000000 1.831473 0.037307 
399 10.156250 0.000000 -2.541667 99.254955 0.000000 1.772860 0.014531 
400 11.875000 0.000000 -0.937500 99.236113 0.000000 0.568582 0.015187 
401 10.156250 0.000000 0.666667 97.367767 0.000000 -1.070548 0.051837 
402 7.578125 0.000000 -0.135417 103.080885 0.000000 12.351236 -0.077822 
403 7.578125 0.000000 -0.937500 99.411221 0.000000 5.352005 0.008877 
404 8.437500 0.000000 -0.135417 104.553033 0.000000 10.672428 -0.104524 
405 7.578125 0.000000 0.666667 92.899747 0.000000 -0.397845 0.136948 
406 6.289062 0.000000 0.265625 4.458753 0.000000 -0.761358 0.997954 
407 6.289062 0.000000 -0.135417 3.451103 0.000000 -0.376834 0.998795 
408 6.718750 0.000000 0.265625 99.832050 0.000000 -11.190064 -0.009166 
409 6.289062 0.000000 0.666667 101.928673 0.000000 -9.812142 -0.048573 
410 5.644531 0.000000 0.466146 103.655324 0.000000 -7.892897 -0.080672 
411 5.644531 0.000000 0.265625 2.608797 0.000000 -1.105594 0.999197 
412 5.859375 0.000000 0.466146 103.086825 0.000000 -8.708671 -0.070273 
413 5.644531 0.000000 0.666667 103.787723 0.000000 -7.704899 -0.083126 
414 6.289062 0.000000 -0.536458 103.423112 0.000000 10.266774 -0.080175 
415 6.289062 0.000000 -0.937500 101.261730 0.000000 6.490929 -0.029607 
416 6.718750 0.000000 -0.536458 102.287813 0.000000 10.992880 -0.058364 
417 5.644531 0.000000 -0.736979 107.064923 0.000000 8.173079 -0.152970 
418 5.644531 0.000000 -0.937500 105.095425 0.000000 5.928464 -0.108019 
419 5.859375 0.000000 -0.736979 105.610973 0.000000 9.123311 -0.123691 
420 5.644531 0.000000 -0.536458 106.837895 0.000000 8.363932 -0.148429 
421 46.250000 0.000000 13.500000 99.944251 0.000000 3.445849 -0.000073 
422 60.000000 0.000000 13.500000 99.943865 0.000000 3.414361 -0.000043 
423 46.250000 0.000000 26.333333 99.934812 0.000000 3.762534 -0.000112 
424 25.625000 0.000000 7.083333 99.967809 0.000000 2.757822 -0.000117 
425 32.500000 0.000000 7.083333 99.975087 0.000000 2.686779 -0.000224 
426 25.625000 0.000000 13.500000 99.951965 0.000000 3.486923 -0.000255 
427 15.312500 0.000000 3.875000 99.948563 0.000000 1.749736 0.000722 
428 18.750000 0.000000 3.875000 99.980824 0.000000 1.760716 0.000073 
429 15.312500 0.000000 7.083333 99.983160 0.000000 2.780934 -0.000437 
430 10.156250 0.000000 2.270833 99.451008 0.000000 -0.190926 0.010946 
431 11.875000 0.000000 2.270833 99.664235 0.000000 0.623757 0.006665 
432 10.156250 0.000000 3.875000 100.145734 0.000000 1.148574 -0.003049 
433 7.578125 0.000000 1.468750 67.934494 0.000000 24.121405 0.480306 
434 8.437500 0.000000 1.468750 104.929294 0.000000 -4.146374 -0.102735 
435 7.578125 0.000000 2.270833 99.737716 0.000000 -0.028520 0.005239 
436 7.148438 0.000000 0.265625 96.655085 0.000000 -11.791116 0.051876 
437 7.148438 0.000000 -0.135417 10.039887 0.000000 -0.833029 0.989851 
438 7.578125 0.000000 0.265625 101.294613 0.000000 -11.360450 -0.038966 
439 7.148438 0.000000 0.666667 84.235066 0.000000 -0.019138 0.290445 
440 7.148438 0.000000 1.067708 97.336212 0.000000 -3.627921 0.051250 
441 6.718750 0.000000 1.067708 99.622290 0.000000 -4.686857 0.005343 
442 7.578125 0.000000 1.067708 86.726205 0.000000 9.894048 0.238067 
443 7.148438 0.000000 1.468750 99.040463 0.000000 -1.981214 0.018706 
444 6.933594 0.000000 0.466146 99.021039 0.000000 -11.134012 0.007087 
445 6.718750 0.000000 0.466146 100.584332 0.000000 -10.747647 -0.023272 
446 6.933594 0.000000 0.265625 99.930991 0.000000 -10.922799 -0.010551 
447 7.148438 0.000000 0.466146 92.600202 0.000000 -10.081755 0.132356 
448 6.933594 0.000000 0.666667 99.915124 0.000000 -10.965661 -0.010328 
449 7.578125 0.000000 -1.739583 98.910970 0.000000 2.797247 0.020880 
450 7.578125 0.000000 -2.541667 99.357146 0.000000 2.534753 0.012173 
451 8.437500 0.000000 -1.739583 98.959157 0.000000 2.771430 0.019940 
452 7.148438 0.000000 -0.536458 102.118148 0.000000 11.612770 -0.056297 
453 7.148438 0.000000 -0.937500 99.559760 0.000000 5.683758 0.005555 
454 7.578125 0.000000 -0.536458 103.260858 0.000000 12.248157 -0.081282 
455 6.933594 0.000000 -0.335938 101.906087 0.000000 11.042862 -0.050680 
456 6.718750 0.000000 -0.335938 102.250584 0.000000 10.926307 -0.057457 
457 6.933594 0.000000 -0.536458 101.962568 0.000000 11.422312 -0.052683 
458 7.148438 0.000000 -0.335938 102.152173 0.000000 11.222559 -0.056101 
459 6.933594 0.000000 -0.135417 6.931568 0.000000 -0.833615 0.995126 
460 9.296875 0.000000 -0.135417 98.175748 0.000000 14.387008 0.015454 
461 9.296875 0.000000 -0.937500 97.841941 0.000000 3.880701 0.041189 
462 10.156250 0.000000 -0.135417 95.529200 0.000000 0.906885 0.087335 
463 9.296875 0.000000 0.666667 82.157521 0.000000 -6.654761 0.320586 
464 8.007812 0.000000 -0.536458 103.640619 0.000000 13.543287 -0.092480 
465 8.007812 0.000000 -0.937500 99.136212 0.000000 5.030840 0.014670 
466 8.437500 0.000000 -0.536458 102.782548 0.000000 14.611295 -0.077774 
467 8.007812 0.000000 -0.135417 103.644920 0.000000 13.344597 -0.092035 
468 8.007812 0.000000 0.265625 100.999619 0.000000 -11.067040 -0.032340 
469 8.437500 0.000000 0.265625 109.152356 0.000000 -13.393042 -0.209361 
470 8.007812 0.000000 0.666667 104.630860 0.000000 -7.626989 -0.100579 
471 7.792969 0.000000 -0.335938 103.720329 0.000000 12.860295 -0.092329 
472 7.578125 0.000000 -0.335938 103.350788 0.000000 12.299895 -0.083267 
473 7.792969 0.000000 -0.536458 103.633818 0.000000 13.109822 -0.091184 
474 8.007812 0.000000 -0.335938 103.658111 0.000000 13.412048 -0.092489 
475 7.792969 0.000000 -0.135417 103.972273 0.000000 12.699671 -0.097152 
476 10.156250 0.000000 -4.145833 99.322128 0.000000 2.222924 0.013017 
477 10.156250 0.000000 -5.750000 99.722715 0.000000 2.995132 0.004641 
478 11.875000 0.000000 -4.145833 99.652937 0.000000 2.417186 0.006345 
479 9.296875 0.000000 -1.739583 98.906336 0.000000 2.510463 0.021123 
480 9.296875 0.000000 -2.541667 99.289643 0.000000 2.203999 0.013671 
481 10.156250 0.000000 -1.739583 98.937423 0.000000 1.735560 0.020837 
482 8.867188 0.000000 -0.536458 97.162529 0.000000 7.225567 0.050723 
483 8.867188 0.000000 -0.937500 98.098858 0.000000 4.378317 0.035744 
484 9.296875 0.000000 -0.536458 96.504703 0.000000 5.774183 0.065350 
485 8.867188 0.000000 -0.135417 99.373856 0.000000 12.934916 -0.004248 
486 13.593750 0.000000 -0.937500 99.692634 0.000000 0.749753 0.006082 
487 13.593750 0.000000 -2.541667 99.719549 0.000000 1.601394 0.005345 
488 15.312500 0.000000 -0.937500 99.850152 0.000000 0.866510 0.002920 
489 13.593750 0.000000 0.666667 99.756785 0.000000 0.148095 0.004856 
490 11.015625 0.000000 -0.135417 98.541428 0.000000 -0.176692 0.028956 
491 11.015625 0.000000 -0.937500 98.827556 0.000000 0.765444 0.023253 
492 11.875000 0.000000 -0.135417 99.216616 0.000000 -0.080199 0.015606 
493 11.015625 0.000000 0.666667 98.766760 0.000000 -0.469498 0.024491 
494 9.726562 0.000000 -0.536458 96.506293 0.000000 3.683932 0.067296 
495 9.726562 0.000000 -0.937500 97.833960 0.000000 2.721291 0.042111 
496 10.156250 0.000000 -0.536458 97.236622 0.000000 1.818983 0.054173 
497 9.726562 0.000000 -0.135417 100.573007 0.000000 16.909307 -0.040085 
498 9.296875 0.000000 1.468750 82.109842 0.000000 -3.102750 0.324835 
499 10.156250 0.000000 1.468750 98.606881 0.000000 -0.820553 0.027601 
500 9.296875 0.000000 2.270833 99.429844 0.000000 -1.255505 0.011213 
501 8.867188 0.000000 0.265625 96.285808 0.000000 -11.578840 0.059497 
502 9.296875 0.000000 0.265625 95.473714 0.000000 -14.071335 0.068677 
503 8.867188 0.000000 0.666667 96.941576 0.000000 -7.454728 0.054676 
504 9.082031 0.000000 -0.335938 98.676496 0.000000 15.233374 0.003089 
505 8.867188 0.000000 -0.335938 99.577457 0.000000 14.919241 -0.013825 
506 9.082031 0.000000 -0.536458 96.729409 0.000000 6.676581 0.059884 
507 9.296875 0.000000 -0.335938 98.221160 0.000000 15.840535 0.010168 
508 9.082031 0.000000 -0.135417 97.984668 0.000000 14.342319 0.019330 
509 9.726562 0.000000 0.265625 94.033613 0.000000 -5.330904 0.112926 
510 10.156250 0.000000 0.265625 96.104553 0.000000 -1.137454 0.076262 
511 9.726562 0.000000 0.666667 96.432269 0.000000 -2.273126 0.069565 
512 9.511719 0.000000 0.065104 98.889535 0.000000 -7.003565 0.017181 
513 9.296875 0.000000 0.065104 96.785647 0.000000 -5.255882 0.060491 
514 9.511719 0.000000 -0.135417 99.443163 0.000000 15.991189 -0.014466 
515 9.726562 0.000000 0.065104 100.523775 0.000000 -8.702157 -0.018076 
516 9.511719 0.000000 0.265625 98.402564 0.000000 -16.814373 0.003421 
517 13.593750 0.000000 2.270833 99.845869 0.000000 0.881298 0.003003 
518 15.312500 0.000000 2.270833 99.911085 0.000000 1.037983 0.001670 
519 13.593750 0.000000 3.875000 99.933081 0.000000 1.681930 0.001055 
520 11.015625 0.000000 1.468750 99.190348 0.000000 -0.215912 0.016123 
521 11.875000 0.000000 1.468750 99.547283 0.000000 0.003026 0.009034 
522 11.015625 0.000000 2.270833 99.569661 0.000000 0.274058 0.008581 
523 10.585938 0.000000 0.265625 97.816783 0.000000 -0.439890 0.043168 
524 10.585938 0.000000 -0.135417 97.745444 0.000000 0.020315 0.044583 
525 11.015625 0.000000 0.265625 98.577273 0.000000 -0.416316 0.028235 
526 10.585938 0.000000 0.666667 98.202822 0.000000 -0.588357 0.035586 
527 9.941406 0.000000 0.065104 98.874505 0.000000 -6.094323 0.018669 
528 9.941406 0.000000 -0.135417 102.339165 0.000000 24.268095 -0.106225 
529 10.156250 0.000000 0.065104 95.186345 0.000000 -0.476899 0.093933 
530 9.941406 0.000000 0.265625 94.734994 0.000000 -2.716153 0.101790 
531 11.015625 0.000000 -1.739583 99.167124 0.000000 1.245476 0.016433 
532 11.015625 0.000000 -2.541667 99.215062 0.000000 1.415230 0.015437 
533 11.875000 0.000000 -1.739583 99.378559 0.000000 1.148899 0.012258 
534 10.585938 0.000000 -0.536458 98.090646 0.000000 0.861103 0.037748 
535 10.585938 0.000000 -0.937500 98.456926 0.000000 1.122809 0.030497 
536 11.015625 0.000000 -0.536458 98.652984 0.000000 0.485967 0.026735 
537 9.941406 0.000000 -0.335938 95.625660 0.000000 3.013248 0.084665 
538 9.726562 0.000000 -0.335938 95.181203 0.000000 4.968977 0.091585 
539 9.941406 0.000000 -0.536458 96.788323 0.000000 2.631407 0.062510 
540 10.156250 0.000000 -0.335938 96.531463 0.000000 1.610687 0.067908 
541 9.833984 0.000000 -0.035156 102.104011 0.000000 11.255855 -0.055192 
542 9.726562 0.000000 -0.035156 100.988705 0.000000 2.830652 -0.020673 
543 9.833984 0.000000 -0.135417 101.753698 0.000000 19.121785 -0.071946 
544 9.941406 0.000000 -0.035156 98.763513 0.000000 5.792416 0.021222 
545 9.833984 0.000000 0.065104 101.895932 0.000000 -12.228136 -0.053231 
546 10.371094 0.000000 0.065104 96.943707 0.000000 -0.339795 0.060180 
547 10.371094 0.000000 -0.135417 97.015642 0.000000 0.171207 0.058794 
548 10.585938 0.000000 0.065104 97.731167 0.000000 -0.301209 0.044853 
549 10.371094 0.000000 0.265625 97.162327 0.000000 -0.626502 0.055909 
550 10.048828 0.000000 -0.035156 97.701784 0.000000 24.942279 -0.016776 
551 10.048828 0.000000 -0.135417 94.120450 0.000000 1.895617 0.113775 
552 10.156250 0.000000 -0.035156 95.132876 0.000000 0.233370 0.094968 
553 10.048828 0.000000 0.065104 92.915609 0.000000 -1.294542 0.136501 
554 9.726562 0.000000 1.067708 97.445683 0.000000 -1.586648 0.050182 
555 9.296875 0.000000 1.067708 78.506511 0.000000 -3.597596 0.382379 
556 10.156250 0.000000 1.067708 98.129756 0.000000 -1.018714 0.036951 
557 9.726562 0.000000 1.468750 98.074978 0.000000 -1.258462 0.037972 
558 9.941406 0.000000 0.466146 96.178135 0.000000 -2.004673 0.074575 
559 9.726562 0.000000 0.466146 95.623029 0.000000 -3.061961 0.084686 
560 10.156250 0.000000 0.466146 96.865376 0.000000 -1.192907 0.061568 
561 9.941406 0.000000 0.666667 96.912298 0.000000 -1.651922 0.060528 
562 9.833984 0.000000 0.165365 101.676488 0.000000 -20.824445 -0.077177 
563 9.726562 0.000000 0.165365 99.569722 0.000000 -16.028701 -0.017105 
564 9.941406 0.000000 0.165365 93.128281 0.000000 -3.602396 0.131415 
565 9.833984 0.000000 0.265625 94.318278 0.000000 -3.956995 0.108840 
566 9.887695 0.000000 0.014974 99.916932 0.000000 -1.222812 0.001511 
567 9.833984 0.000000 0.014974 101.945191 0.000000 -5.222830 -0.042010 
568 9.887695 0.000000 -0.035156 100.006726 0.000000 2.891838 -0.000971 
569 9.941406 0.000000 0.014974 98.316507 0.000000 -7.697208 0.027462 
570 9.887695 0.000000 0.065104 100.280668 0.000000 -6.454679 -0.009788 
571 18.750000 0.000000 39.166667 99.943368 0.000000 3.838349 -0.000341 
572 5.000000 0.000000 39.166667 99.947111 0.000000 3.853237 -0.000427 
573 32.500000 0.000000 39.166667 99.937090 0.000000 3.830275 -0.000209 
574 18.750000 0.000000 52.000000 99.936109 0.000000 3.857131 -0.000210 
575 11.875000 0.000000 19.916667 99.981896 0.000000 3.730525 -0.001030 
576 5.000000 0.000000 19.916667 99.996774 0.000000 3.782163 -0.001366 
577 18.750000 0.000000 19.916667 99.961058 0.000000 3.704102 -0.000593 
578 11.875000 0.000000 26.333333 99.982094 0.000000 3.794702 -0.001082 
579 8.437500 0.000000 10.291667 100.140944 0.000000 3.365039 -0.003953 
580 5.000000 0.000000 10.291667 100.198020 0.000000 3.536061 -0.005215 
581 11.875000 0.000000 10.291667 100.061530 0.000000 3.279555 -0.002307 
582 8.437500 0.000000 13.500000 100.121959 0.000000 3.576077 -0.003720 
583 10.156250 0.000000 5.479167 100.108779 0.000000 2.213311 -0.002667 
584 8.437500 0.000000 5.479167 100.416471 0.000000 2.128178 -0.008800 
585 11.875000 0.000000 5.479167 100.113275 0.000000 2.142546 -0.002726 
586 10.156250 0.000000 7.083333 100.214076 0.000000 2.685814 -0.005007 
587 9.296875 0.000000 3.072917 100.179334 0.000000 0.265772 -0.003597 
588 8.437500 0.000000 3.072917 100.702788 0.000000 0.199767 -0.014109 
589 10.156250 0.000000 3.072917 100.002295 0.000000 0.423402 -0.000064 
590 9.296875 0.000000 3.875000 100.422853 0.000000 1.030540 -0.008581 
591 8.867188 0.000000 1.869792 102.496675 0.000000 -5.456122 -0.053534 
592 8.437500 0.000000 1.869792 105.139959 0.000000 -4.284971 -0.107277 
593 8.867188 0.000000 1.468750 101.062589 0.000000 -4.479047 -0.023371 
594 9.296875 0.000000 1.869792 97.286703 0.000000 -2.186520 0.053052 
595 8.867188 0.000000 2.270833 100.463379 0.000000 -1.789236 -0.009609 
596 9.726562 0.000000 1.869792 98.829285 0.000000 -1.108106 0.023154 
597 10.156250 0.000000 1.869792 99.073921 0.000000 -0.499699 0.018411 
598 9.726562 0.000000 2.270833 99.360830 0.000000 -0.601487 0.012706 
599 6.718750 0.000000 5.479167 100.799650 0.000000 2.281253 -0.016577 
600 5.000000 0.000000 5.479167 100.950099 0.000000 2.773582 -0.019862 
601 6.718750 0.000000 7.083333 100.353971 0.000000 2.961562 -0.007969 
602 7.578125 0.000000 3.072917 100.538323 0.000000 0.417269 -0.010813 
603 6.718750 0.000000 3.072917 100.628675 0.000000 0.573981 -0.012646 
604 7.578125 0.000000 3.875000 101.017717 0.000000 1.023124 -0.020563 
605 8.867188 0.000000 2.671875 100.422549 0.000000 -0.508918 -0.008495 
606 8.437500 0.000000 2.671875 100.556467 0.000000 -0.199150 -0.011164 
607 9.296875 0.000000 2.671875 99.965623 0.000000 -0.300202 0.000678 
608 8.867188 0.000000 3.072917 100.399235 0.000000 0.266226 -0.008008 
609 9.082031 0.000000 2.070312 99.522597 0.000000 -3.954562 0.007961 
610 8.867188 0.000000 2.070312 112.557418 0.000000 -1.377599 -0.267107 
611 9.082031 0.000000 1.869792 94.514104 0.000000 -5.024800 0.104184 
612 9.296875 0.000000 2.070312 98.578777 0.000000 -1.951128 0.027842 
613 9.082031 0.000000 2.270833 99.786456 0.000000 -1.648844 0.003994 
614 8.867188 0.000000 1.067708 97.448724 0.000000 -5.810947 0.046998 
615 8.437500 0.000000 1.067708 103.826354 0.000000 -5.064374 -0.080556 
616 9.082031 0.000000 1.669271 91.706628 0.000000 -4.048576 0.157350 
617 8.867188 0.000000 1.669271 101.620034 0.000000 -4.411370 -0.034609 
618 9.082031 0.000000 1.468750 89.077368 0.000000 -4.085858 0.204853 
619 9.296875 0.000000 1.669271 96.656494 0.000000 -2.088124 0.065316 
620 11.015625 0.000000 3.072917 99.912459 0.000000 0.649768 0.001708 
621 11.875000 0.000000 3.072917 99.875182 0.000000 1.011478 0.002392 
622 11.015625 0.000000 3.875000 100.033702 0.000000 1.335765 -0.000853 
623 9.726562 0.000000 2.671875 99.846203 0.000000 -0.081195 0.003073 
624 10.156250 0.000000 2.671875 99.797581 0.000000 0.078578 0.004044 
625 9.726562 0.000000 3.072917 100.021702 0.000000 0.394185 -0.000450 
626 9.511719 0.000000 2.070312 98.982526 0.000000 -1.233756 0.020094 
627 9.511719 0.000000 1.869792 98.383650 0.000000 -1.313108 0.031893 
628 9.726562 0.000000 2.070312 99.117618 0.000000 -0.852564 0.017497 
629 9.511719 0.000000 2.270833 99.382752 0.000000 -0.886162 0.012228 
630 9.189453 0.000000 1.970052 82.647514 0.000000 -5.176139 0.314260 
631 9.082031 0.000000 1.970052 104.837848 0.000000 -4.480314 -0.101105 
632 9.189453 0.000000 1.869792 82.833328 0.000000 -3.321893 0.312760 
633 9.296875 0.000000 1.970052 97.880261 0.000000 -2.162108 0.041478 
634 9.189453 0.000000 2.070312 98.577243 0.000000 -3.176559 0.027244 
635 8.007812 0.000000 1.869792 77.750384 0.000000 19.439605 0.357698 
636 7.578125 0.000000 1.869792 98.221016 0.000000 0.161281 0.035261 
637 8.007812 0.000000 1.468750 95.866083 0.000000 5.604711 0.077828 
638 8.007812 0.000000 2.270833 100.092387 0.000000 0.898213 -0.001929 
639 8.652344 0.000000 2.070312 111.161558 0.000000 -1.188693 -0.235830 
640 8.437500 0.000000 2.070312 108.379034 0.000000 -0.559330 -0.174633 
641 8.652344 0.000000 1.869792 103.939994 0.000000 -4.864274 -0.082718 
642 8.652344 0.000000 2.270833 101.033397 0.000000 -1.248304 -0.020931 
643 8.974609 0.000000 1.970052 108.755313 0.000000 -3.997262 -0.184370 
644 8.867188 0.000000 1.970052 109.237500 0.000000 -3.852268 -0.194767 
645 8.974609 0.000000 1.869792 101.351622 0.000000 -5.694592 -0.030458 
646 8.974609 0.000000 2.070312 100.471852 0.000000 -3.738708 -0.010857 
647 9.082031 0.000000 2.471354 100.118365 0.000000 -0.999186 -0.002469 
648 8.867188 0.000000 2.471354 100.311575 0.000000 -0.868892 -0.006317 
649 9.296875 0.000000 2.471354 99.798185 0.000000 -0.693726 0.003984 
650 9.082031 0.000000 2.671875 100.235815 0.000000 -0.441637 -0.004741 
651 9.189453 0.000000 2.170573 99.290246 0.000000 -2.181980 0.013669 
652 9.082031 0.000000 2.170573 99.673289 0.000000 -2.438933 0.005929 
653 9.296875 0.000000 2.170573 99.124260 0.000000 -1.604888 0.017181 
654 9.189453 0.000000 2.270833 99.592107 0.000000 -1.533451 0.007906 
655 9.135742 0.000000 2.020182 104.165989 0.000000 -2.849633 -0.085867 
656 9.082031 0.000000 2.020182 111.611390 0.000000 -2.338400 -0.246257 
657 9.135742 0.000000 1.970052 87.293973 0.000000 -6.121449 0.234229 
658 9.189453 0.000000 2.020182 97.352565 0.000000 -3.953630 0.050685 
659 9.135742 0.000000 2.070312 98.933729 0.000000 -3.709786 0.019835 
660 8.974609 0.000000 2.170573 100.184071 0.000000 -2.585264 -0.004353 
661 8.867188 0.000000 2.170573 100.677248 0.000000 -2.440875 -0.014187 
662 8.974609 0.000000 2.270833 100.135895 0.000000 -1.789624 -0.003040 
663 9.028320 0.000000 2.020182 112.397785 0.000000 -2.018999 -0.263734 
664 8.974609 0.000000 2.020182 113.023128 0.000000 -1.272814 -0.277585 
665 9.028320 0.000000 1.970052 107.488414 0.000000 -4.485060 -0.157387 
666 9.028320 0.000000 2.070312 100.030664 0.000000 -3.846746 -0.002093 
667 8.652344 0.000000 1.669271 103.477502 0.000000 -4.194937 -0.072519 
668 8.437500 0.000000 1.669271 105.133597 0.000000 -4.144456 -0.107025 
669 8.652344 0.000000 1.468750 103.489694 0.000000 -4.115509 -0.072705 
670 8.974609 0.000000 1.769531 100.352231 0.000000 -4.823184 -0.009383 
671 8.867188 0.000000 1.769531 101.962968 0.000000 -4.699636 -0.041853 
672 8.974609 0.000000 1.669271 97.751785 0.000000 -4.381848 0.042539 
673 9.082031 0.000000 1.769531 92.514079 0.000000 -4.285271 0.142278 
674 9.028320 0.000000 1.919922 100.941121 0.000000 -6.831318 -0.023578 
675 8.974609 0.000000 1.919922 101.932526 0.000000 -6.414701 -0.043139 
676 9.028320 0.000000 1.869792 99.266037 0.000000 -5.485227 0.011617 
677 9.082031 0.000000 1.919922 96.903219 0.000000 -6.316138 0.056987 
678 9.055176 0.000000 1.995117 111.203044 0.000000 -2.586598 -0.237281 
679 9.028320 0.000000 1.995117 111.470873 0.000000 -2.524173 -0.243213 
680 9.055176 0.000000 1.970052 105.052047 0.000000 -5.426652 -0.106538 
681 9.082031 0.000000 1.995117 111.213623 0.000000 -2.252759 -0.237354 
682 9.055176 0.000000 2.020182 111.931921 0.000000 -2.239618 -0.253377 
683 9.511719 0.000000 1.669271 97.949917 0.000000 -1.462652 0.040367 
684 9.511719 0.000000 1.468750 97.508822 0.000000 -1.497468 0.048979 
685 9.726562 0.000000 1.669271 98.387564 0.000000 -1.079592 0.031872 
686 9.189453 0.000000 1.769531 84.764793 0.000000 -3.306080 0.280400 
687 9.189453 0.000000 1.669271 87.654407 0.000000 -3.475720 0.230462 
688 9.296875 0.000000 1.769531 96.859507 0.000000 -2.078952 0.061391 
689 9.135742 0.000000 1.919922 87.430462 0.000000 -5.033889 0.233057 
690 9.135742 0.000000 1.869792 86.255836 0.000000 -3.821522 0.254533 
691 9.189453 0.000000 1.919922 82.981333 0.000000 -3.451016 0.310219 
692 9.108887 0.000000 1.995117 107.809040 0.000000 -2.572814 -0.162941 
693 9.108887 0.000000 1.970052 98.132161 0.000000 -5.637435 0.033830 
694 9.135742 0.000000 1.995117 96.828075 0.000000 -1.908054 0.062068 
695 9.108887 0.000000 2.020182 109.768607 0.000000 -2.091977 -0.205352 
696 9.028320 0.000000 2.120443 99.916842 0.000000 -3.069359 0.000720 
697 8.974609 0.000000 2.120443 100.246188 0.000000 -3.072896 -0.005874 
698 9.082031 0.000000 2.120443 99.583671 0.000000 -3.020252 0.007397 
699 9.028320 0.000000 2.170573 99.909376 0.000000 -2.557814 0.001157 
700 9.055176 0.000000 2.045247 113.607604 0.000000 -1.367842 -0.290856 
701 9.028320 0.000000 2.045247 113.345276 0.000000 -1.388165 -0.284908 
702 9.082031 0.000000 2.045247 99.609745 0.000000 -4.641489 0.005636 
703 9.055176 0.000000 2.070312 99.770445 0.000000 -3.932863 0.003039 
704 9.068604 0.000000 2.007650 111.591051 0.000000 -2.349217 -0.245808 
705 9.055176 0.000000 2.007650 112.219697 0.000000 -2.170054 -0.259797 
706 9.068604 0.000000 1.995117 111.105584 0.000000 -2.589722 -0.235116 
707 9.082031 0.000000 2.007650 112.273979 0.000000 -2.033869 -0.260958 
708 9.068604 0.000000 2.020182 112.609444 0.000000 -1.966607 -0.268475 
709 -36.250000 0.000000 -37.833333 99.917893 0.000000 3.877772 0.000138 
710 -50.000000 0.000000 -37.833333 99.920635 0.000000 3.878646 0.000082 
711 -36.250000 0.000000 -50.666667 99.919193 0.000000 3.876710 0.000113 
712 46.250000 0.000000 -37.833333 99.919480 0.000000 3.833084 0.000141 
713 46.250000 0.000000 -50.666667 99.920014 0.000000 3.852995 0.000115 
714 60.000000 0.000000 -37.833333 99.922184 0.000000 3.833360 0.000086 
715 -8.750000 0.000000 39.166667 99.943419 0.000000 3.868320 -0.000365 
716 -22.500000 0.000000 39.166667 99.936612 0.000000 3.876224 -0.000235 
717 -8.750000 0.000000 52.000000 99.936072 0.000000 3.870454 -0.000220 
718 -36.250000 0.000000 39.166667 99.931618 0.000000 3.878725 -0.000137 
719 -50.000000 0.000000 39.166667 99.928781 0.000000 3.879171 -0.000081 
720 -36.250000 0.000000 52.000000 99.930602 0.000000 3.877249 -0.000116 
721 -15.625000 0.000000 -18.583333 99.888182 0.000000 3.884791 0.000726 
722 -22.500000 0.000000 -18.583333 99.907590 0.000000 3.878469 0.000343 
723 -15.625000 0.000000 -25.000000 99.895446 0.000000 3.878350 0.000586 
724 46.250000 0.000000 39.166667 99.932665 0.000000 3.826911 -0.000118 
725 60.000000 0.000000 39.166667 99.930211 0.000000 3.825223 -0.000068 
726 46.250000 0.000000 52.000000 99.931054 0.000000 3.850013 -0.000104 
727 25.625000 0.000000 -18.583333 99.894550 0.000000 3.695465 0.000742 
728 25.625000 0.000000 -25.000000 99.876250 0.000000 3.756234 0.001063 
729 32.500000 0.000000 -18.583333 99.913487 0.000000 3.705463 0.000356 
730 -1.875000 0.000000 19.916667 99.987217 0.000000 3.838715 -0.001218 
731 -8.750000 0.000000 19.916667 99.963786 0.000000 3.869851 -0.000773 
732 -1.875000 0.000000 26.333333 99.981946 0.000000 3.854884 -0.001125 
733 -15.625000 0.000000 19.916667 99.958580 0.000000 3.892848 -0.000687 
734 -22.500000 0.000000 19.916667 99.940221 0.000000 3.885360 -0.000314 
735 -15.625000 0.000000 26.333333 99.948083 0.000000 3.877499 -0.000465 
736 -5.312500 0.000000 -8.958333 99.762859 0.000000 3.854176 0.003252 
737 -8.750000 0.000000 -8.958333 99.875666 0.000000 3.822072 0.001024 
738 -5.312500 0.000000 -12.166667 99.883713 0.000000 3.798806 0.000881 
739 25.625000 0.000000 19.916667 99.962868 0.000000 3.679049 -0.000611 
740 32.500000 0.000000 19.916667 99.944561 0.000000 3.683621 -0.000248 
741 25.625000 0.000000 26.333333 99.948720 0.000000 3.771678 -0.000397 
742 15.312500 0.000000 -8.958333 99.812617 0.000000 3.260028 0.002681 
743 15.312500 0.000000 -12.166667 99.901369 0.000000 3.562091 0.000703 
744 18.750000 0.000000 -8.958333 99.906492 0.000000 3.317405 0.000769 
745 1.562500 0.000000 10.291667 100.153095 0.000000 3.744099 -0.004466 
746 -1.875000 0.000000 10.291667 100.060625 0.000000 3.854571 -0.002699 
747 1.562500 0.000000 13.500000 100.147047 0.000000 3.786750 -0.004377 
748 -5.312500 0.000000 10.291667 100.029517 0.000000 3.925804 -0.002132 
749 -8.750000 0.000000 10.291667 99.967791 0.000000 3.902806 -0.000879 
750 -5.312500 0.000000 13.500000 99.993046 0.000000 3.869604 -0.001358 
751 -3.593750 0.000000 -4.145833 99.547121 0.000000 3.806217 0.007588 
752 -5.312500 0.000000 -4.145833 99.711459 0.000000 3.811335 0.004310 
753 -3.593750 0.000000 -5.750000 99.744161 0.000000 3.675279 0.003759 
754 15.312500 0.000000 10.291667 100.012272 0.000000 3.249529 -0.001301 
755 18.750000 0.000000 10.291667 99.927098 0.000000 3.316849 0.000357 
756 15.312500 0.000000 13.500000 99.966458 0.000000 3.520802 -0.000569 
757 3.281250 0.000000 5.479167 100.959300 0.000000 3.322785 -0.020382 
758 1.562500 0.000000 5.479167 100.777463 0.000000 3.901551 -0.017132 
759 3.281250 0.000000 7.083333 100.485247 0.000000 3.501433 -0.010954 
760 -0.156250 0.000000 5.479167 100.350768 0.000000 4.052190 -0.008670 
761 -1.875000 0.000000 5.479167 100.179363 0.000000 4.116576 -0.005285 
762 -0.156250 0.000000 7.083333 100.226428 0.000000 3.897719 -0.006053 
763 -3.593750 0.000000 5.479167 100.007273 0.000000 4.089005 -0.001817 
764 -5.312500 0.000000 5.479167 99.915305 0.000000 3.955249 0.000129 
765 -3.593750 0.000000 7.083333 100.022000 0.000000 3.969345 -0.002016 
766 -0.585938 0.000000 1.067708 97.414057 0.000000 6.684591 0.046582 
767 -1.015625 0.000000 1.067708 97.925637 0.000000 5.666051 0.037847 
768 -0.585938 0.000000 1.468750 98.469054 0.000000 6.230966 0.026502 
769 0.273438 0.000000 -1.338542 97.569132 0.000000 0.151325 0.048024 
770 -0.156250 0.000000 -1.338542 97.343863 0.000000 1.331655 0.052240 
771 0.273438 0.000000 -1.739583 97.652535 0.000000 1.519732 0.046167 
772 0.488281 0.000000 -0.736979 95.555804 0.000000 -8.015764 0.080484 
773 0.273438 0.000000 -0.736979 94.151579 0.000000 -5.854714 0.110120 
774 0.488281 0.000000 -0.937500 96.726523 0.000000 -4.023591 0.062779 
775 0.917969 0.000000 0.065104 -0.718324 0.000000 0.005387 0.999948 
776 1.132812 0.000000 0.065104 -0.428673 0.000000 0.049229 0.999981 
777 1.347656 0.000000 0.466146 107.440636 0.000000 14.754722 -0.176119 
778 1.347656 0.000000 0.265625 -0.067751 0.000000 0.010417 1.000000 
779 1.347656 0.000000 0.666667 107.469538 0.000000 14.585420 -0.176244 
780 1.347656 0.000000 -0.736979 102.445286 0.000000 -11.398879 -0.062497 
781 1.347656 0.000000 -0.937500 99.971798 0.000000 -3.916144 -0.000970 
782 1.347656 0.000000 -0.536458 102.276021 0.000000 -12.536690 -0.061755 
783 1.347656 0.000000 -0.335938 -0.701169 0.000000 0.368651 0.999937 
784 1.562500 0.000000 -0.335938 -0.309758 0.000000 0.154094 0.999988 
785 1.347656 0.000000 -0.135417 -0.193255 0.000000 0.239589 0.999991 
786 -0.585938 0.000000 -1.338542 97.022323 0.000000 2.575637 0.058003 
787 -1.015625 0.000000 -1.338542 97.723836 0.000000 3.014264 0.044097 
788 -0.585938 0.000000 -1.739583 97.833687 0.000000 2.657852 0.042151 
789 2.851562 0.000000 1.067708 105.401322 0.000000 3.586965 -0.112231 
790 3.281250 0.000000 1.067708 105.417720 0.000000 2.044737 -0.111708 
791 2.851562 0.000000 1.468750 104.335078 0.000000 3.681153 -0.089936 
792 2.851562 0.000000 -1.338542 98.428115 0.000000 0.569753 0.031158 
793 2.851562 0.000000 -1.739583 98.567057 0.000000 1.138613 0.028324 
794 3.281250 0.000000 -1.338542 98.796845 0.000000 0.592176 0.023883 
795 1.777344 0.000000 -0.335938 0.335009 0.000000 -0.015883 0.999989 
796 1.992188 0.000000 -0.335938 101.389379 0.000000 -6.432862 -0.032119 
797 1.777344 0.000000 -0.135417 0.484711 0.000000 0.385363 0.999962 
798 5.859375 0.000000 3.072917 101.187363 0.000000 0.757753 -0.023946 
799 5.000000 0.000000 3.072917 101.632373 0.000000 1.264553 -0.033074 
800 5.859375 0.000000 3.875000 101.418478 0.000000 1.479386 -0.028790 
801 3.710938 0.000000 1.067708 104.862723 0.000000 0.812765 -0.099685 
802 3.710938 0.000000 1.468750 104.140084 0.000000 1.326108 -0.084692 
803 3.710938 0.000000 -1.338542 99.088934 0.000000 0.543470 0.018109 
804 3.710938 0.000000 -1.739583 99.092409 0.000000 1.110181 0.017946 
805 4.785156 0.000000 0.466146 106.255524 0.000000 -1.079512 -0.129140 
806 4.785156 0.000000 0.265625 106.281509 0.000000 -0.619859 -0.129614 
807 4.785156 0.000000 0.666667 106.289654 0.000000 -0.338057 -0.129760 
808 6.289062 0.000000 1.067708 100.871638 0.000000 -4.923777 -0.019933 
809 6.289062 0.000000 1.468750 101.084089 0.000000 -2.751429 -0.022556 
810 4.785156 0.000000 -0.736979 106.022611 0.000000 0.254633 -0.124086 
811 4.785156 0.000000 -0.937500 105.981802 0.000000 0.408896 -0.123231 
812 4.785156 0.000000 -0.536458 105.880742 0.000000 1.030656 -0.121179 
813 6.289062 0.000000 -1.338542 100.689058 0.000000 4.077808 -0.015491 
814 6.289062 0.000000 -1.739583 100.300620 0.000000 3.035791 -0.006943 
815 6.718750 0.000000 -1.338542 100.058103 0.000000 4.005964 -0.002767 
816 13.593750 0.000000 -4.145833 99.775123 0.000000 2.336759 0.003946 
817 13.593750 0.000000 -5.750000 99.798779 0.000000 2.808721 0.003231 
818 15.312500 0.000000 -4.145833 99.817801 0.000000 2.299019 0.003112 
819 13.593750 0.000000 5.479167 99.969295 0.000000 2.325501 0.000073 
820 15.312500 0.000000 5.479167 99.971634 0.000000 2.348864 0.000016 
821 13.593750 0.000000 7.083333 100.022276 0.000000 2.753971 -0.001204 
822 8.007812 0.000000 1.067708 105.840711 0.000000 -4.785095 -0.122515 
823 7.148438 0.000000 1.869792 99.548287 0.000000 -0.761121 0.008956 
824 6.718750 0.000000 1.869792 100.178127 0.000000 -1.386996 -0.003758 
825 7.148438 0.000000 2.270833 99.781588 0.000000 -0.342110 0.004352 
826 6.933594 0.000000 0.065104 6.567051 0.000000 -1.228431 0.995536 
827 6.718750 0.000000 0.065104 5.294357 0.000000 -0.798767 0.997133 
828 7.148438 0.000000 0.065104 9.790228 0.000000 -2.023783 0.990006 
829 7.148438 0.000000 -1.338542 99.689723 0.000000 3.835436 0.004725 
830 7.148438 0.000000 -1.739583 99.465843 0.000000 2.799457 0.009871 
831 7.578125 0.000000 -1.338542 99.287995 0.000000 3.572814 0.012913 
832 7.363281 0.000000 -0.335938 102.697609 0.000000 11.683239 -0.068330 
833 7.363281 0.000000 -0.536458 102.628921 0.000000 12.124915 -0.067971 
834 7.363281 0.000000 -0.135417 13.419513 0.000000 -0.647560 0.981950 
835 9.511719 0.000000 -0.335938 95.096559 0.000000 6.907006 0.090894 
836 9.511719 0.000000 -0.536458 96.444235 0.000000 4.708235 0.067634 
837 9.082031 0.000000 0.065104 95.404772 0.000000 -8.153699 0.083145 
838 8.867188 0.000000 0.065104 98.868344 0.000000 -9.803689 0.012894 
839 9.082031 0.000000 0.265625 90.464972 0.000000 -12.275640 0.166540 
840 9.511719 0.000000 0.466146 95.137402 0.000000 -4.184198 0.093137 
841 9.296875 0.000000 0.466146 94.266347 0.000000 -4.997863 0.108888 
842 9.511719 0.000000 0.666667 95.898747 0.000000 -3.009211 0.079438 
843 10.585938 0.000000 1.067708 98.579901 0.000000 -0.594562 0.028165 
844 11.015625 0.000000 1.067708 98.968525 0.000000 -0.380889 0.020509 
845 10.585938 0.000000 1.468750 98.953290 0.000000 -0.483928 0.020801 
846 10.585938 0.000000 1.869792 99.256800 0.000000 -0.322655 0.014798 
847 11.015625 0.000000 1.869792 99.450186 0.000000 -0.088146 0.010965 
848 10.585938 0.000000 2.270833 99.602660 0.000000 -0.090344 0.007930 
849 10.371094 0.000000 0.466146 97.496691 0.000000 -0.757912 0.049382 
850 10.585938 0.000000 0.466146 97.998184 0.000000 -0.531857 0.039607 
851 10.371094 0.000000 0.666667 97.831835 0.000000 -0.805194 0.042828 
852 10.048828 0.000000 0.165365 94.436305 0.000000 -1.817206 0.107848 
853 10.156250 0.000000 0.165365 95.618911 0.000000 -0.990756 0.085604 
854 10.048828 0.000000 0.265625 95.415727 0.000000 -1.759022 0.089274 
855 10.371094 0.000000 -0.335938 97.321990 0.000000 0.872808 0.052767 
856 10.371094 0.000000 -0.536458 97.696915 0.000000 1.224454 0.045381 
857 10.585938 0.000000 -0.335938 97.893869 0.000000 0.577211 0.041646 
858 8.007812 0.000000 2.671875 100.266630 0.000000 0.226232 -0.005345 
859 7.578125 0.000000 2.671875 100.251068 0.000000 0.047824 -0.005028 
860 8.007812 0.000000 3.072917 100.583686 0.000000 0.315913 -0.011718 
861 8.652344 0.000000 2.471354 100.660812 0.000000 -0.744431 -0.013315 
862 8.437500 0.000000 2.471354 100.767139 0.000000 -0.359373 -0.015415 
863 8.652344 0.000000 2.671875 100.477728 0.000000 -0.380059 -0.009592 
864 10.585938 0.000000 2.671875 99.707569 0.000000 0.353205 0.005828 
865 11.015625 0.000000 2.671875 99.796630 0.000000 0.409033 0.004047 
866 10.585938 0.000000 3.072917 99.983557 0.000000 0.573578 0.000296 
867 9.511719 0.000000 2.471354 99.764199 0.000000 -0.609790 0.004673 
868 9.726562 0.000000 2.471354 99.643067 0.000000 -0.335186 0.007115 
869 9.511719 0.000000 2.671875 99.792000 0.000000 -0.187217 0.004152 
870 9.135742 0.000000 2.120443 99.272919 0.000000 -2.919047 0.013637 
871 9.189453 0.000000 2.120443 99.047362 0.000000 -2.620677 0.018275 
872 9.135742 0.000000 2.170573 99.488824 0.000000 -2.431572 0.009606 
873 9.108887 0.000000 2.045247 99.193750 0.000000 -4.707410 0.013844 
874 9.135742 0.000000 2.045247 98.713521 0.000000 -4.628693 0.023422 
875 9.108887 0.000000 2.070312 99.242253 0.000000 -3.911806 0.013567 
876 4.140625 0.000000 3.072917 102.079131 0.000000 2.182207 -0.042491 
877 3.281250 0.000000 3.072917 102.316999 0.000000 3.043005 -0.047803 
878 4.140625 0.000000 3.875000 101.693130 0.000000 2.541301 -0.034795 
879 2.421875 0.000000 3.072917 101.899993 0.000000 3.909400 -0.039889 
880 1.562500 0.000000 3.072917 101.377678 0.000000 4.540490 -0.029805 
881 2.421875 0.000000 3.875000 101.575499 0.000000 3.801733 -0.033204 
882 0.058594 0.000000 -0.736979 93.672997 0.000000 -3.146124 0.121547 
883 -0.156250 0.000000 -0.736979 94.075731 0.000000 -0.737193 0.114921 
884 0.058594 0.000000 -0.937500 95.569944 0.000000 -1.322381 0.086464 
885 1.347656 0.000000 0.065104 -0.104749 0.000000 0.153153 0.999997 
886 1.562500 0.000000 0.065104 0.252042 0.000000 0.286484 0.999985 
887 1.777344 0.000000 0.065104 0.714094 0.000000 0.511776 0.999923 
888 1.992188 0.000000 0.065104 1.571037 0.000000 0.874742 0.999677 
889 2.207031 0.000000 0.065104 3.217806 0.000000 1.340598 0.998785 
890 2.207031 0.000000 -0.135417 2.838095 0.000000 0.691924 0.999147 
891 2.421875 0.000000 0.065104 5.674612 0.000000 1.804829 0.996454 
892 2.207031 0.000000 -0.335938 100.592149 0.000000 -4.708977 -0.014095 
893 2.421875 0.000000 -0.335938 4.915415 0.000000 0.320160 0.997574 
894 6.289062 0.000000 1.869792 101.037042 0.000000 -1.445764 -0.021057 
895 5.859375 0.000000 1.869792 101.696267 0.000000 -1.299269 -0.034382 
896 6.289062 0.000000 2.270833 100.969455 0.000000 -0.560855 -0.019515 
897 5.429688 0.000000 1.869792 102.277753 0.000000 -0.815810 -0.046140 
898 5.000000 0.000000 1.869792 102.703959 0.000000 -0.159021 -0.054813 
899 5.429688 0.000000 2.270833 101.559002 0.000000 -0.104451 -0.031424 
900 7.363281 0.000000 0.065104 14.243349 0.000000 -2.023695 0.979303 
901 7.578125 0.000000 0.065104 18.244734 0.000000 -0.904531 0.966631 
902 7.363281 0.000000 0.265625 100.606840 0.000000 -11.496244 -0.025390 
903 7.363281 0.000000 0.466146 97.701371 0.000000 -3.671011 0.044097 
904 7.578125 0.000000 0.466146 97.400292 0.000000 -7.363604 0.045896 
905 7.363281 0.000000 0.666667 73.093506 0.000000 11.456891 0.452608 
906 8.007812 0.000000 -1.338542 98.882729 0.000000 3.671785 0.020872 
907 8.007812 0.000000 -1.739583 98.991644 0.000000 2.888751 0.019231 
908 8.437500 0.000000 -1.338542 98.761315 0.000000 3.477352 0.023411 
909 7.792969 0.000000 0.065104 21.155901 0.000000 -0.546351 0.955213 
910 8.007812 0.000000 0.065104 22.450613 0.000000 -0.032968 0.949597 
911 7.792969 0.000000 0.265625 99.552361 0.000000 -11.351780 -0.003954 
912 7.792969 0.000000 0.466146 104.375374 0.000000 -10.340195 -0.100114 
913 8.007812 0.000000 0.466146 104.189742 0.000000 -11.797081 -0.099467 
914 7.792969 0.000000 0.666667 103.992300 0.000000 -7.311612 -0.086786 
915 8.867188 0.000000 -1.338542 98.635055 0.000000 3.173811 0.026105 
916 8.867188 0.000000 -1.739583 99.012374 0.000000 2.850699 0.018842 
917 9.296875 0.000000 -1.338542 98.519892 0.000000 2.925576 0.028527 
918 9.082031 0.000000 0.466146 88.029331 0.000000 -9.412976 0.216223 
919 8.867188 0.000000 0.466146 95.344640 0.000000 -9.029517 0.082787 
920 9.082031 0.000000 0.666667 86.925591 0.000000 -6.971505 0.239534 
921 7.148438 0.000000 2.671875 100.347617 0.000000 0.060991 -0.006965 
922 6.718750 0.000000 2.671875 100.452354 0.000000 0.051335 -0.009068 
923 7.148438 0.000000 3.072917 100.405338 0.000000 0.370123 -0.008137 
924 6.289062 0.000000 2.671875 100.747476 0.000000 0.110751 -0.015007 
925 5.859375 0.000000 2.671875 101.068611 0.000000 0.254385 -0.021493 
926 6.289062 0.000000 3.072917 100.851851 0.000000 0.586232 -0.017144 
927 0.703125 0.000000 3.072917 100.822737 0.000000 5.016130 -0.019039 
928 -0.156250 0.000000 3.072917 100.299114 0.000000 5.027207 -0.008519 
929 0.703125 0.000000 3.875000 100.807876 0.000000 4.475265 -0.018226 
930 -1.015625 0.000000 3.072917 99.990959 0.000000 4.750893 -0.002076 
931 -1.875000 0.000000 3.072917 99.808704 0.000000 4.448515 0.001843 
932 -1.015625 0.000000 3.875000 100.184271 0.000000 4.491144 -0.005706 
933 4.570312 0.000000 1.869792 102.592583 0.000000 0.363606 -0.052537 
934 4.140625 0.000000 1.869792 103.154025 0.000000 0.925958 -0.064161 
935 4.570312 0.000000 2.270833 102.205524 0.000000 0.910482 -0.044680 
936 3.710938 0.000000 1.869792 103.523798 0.000000 1.748711 -0.072023 
937 3.281250 0.000000 1.869792 103.642638 0.000000 2.637153 -0.074875 
938 3.710938 0.000000 2.270833 102.976968 0.000000 2.150069 -0.060888 
939 9.726562 0.000000 -1.338542 98.454035 0.000000 2.188244 0.030201 
940 9.726562 0.000000 -1.739583 98.889602 0.000000 2.093153 0.021647 
941 10.156250 0.000000 -1.338542 98.634112 0.000000 1.776759 0.026816 
942 10.585938 0.000000 -1.338542 98.794877 0.000000 1.276755 0.023794 
943 10.585938 0.000000 -1.739583 99.000368 0.000000 1.367575 0.019706 
944 11.015625 0.000000 -1.338542 98.995231 0.000000 0.998994 0.019895 
945 5.429688 0.000000 2.671875 101.428652 0.000000 0.534079 -0.028806 
946 5.000000 0.000000 2.671875 101.833485 0.000000 0.910396 -0.037089 
947 5.429688 0.000000 3.072917 101.578362 0.000000 1.058572 -0.031928 
948 4.570312 0.000000 2.671875 102.153114 0.000000 1.428991 -0.043730 
949 4.140625 0.000000 2.671875 102.427903 0.000000 1.904949 -0.049510 
950 4.570312 0.000000 3.072917 102.033171 0.000000 1.759844 -0.041386 
1 11 62 60 61 
2 62 10 24 60 
3 60 24 14 63 
4 61 60 63 6 
5 24 66 64 65 
6 66 23 40 64 
7 64 40 27 67 
8 65 64 67 14 
9 40 70 68 69 
10 69 68 71 27 
11 6 63 92 93 
12 63 14 36 92 
13 92 36 19 94 
14 93 92 94 20 
15 14 67 95 96 
16 67 27 52 95 
17 95 52 35 97 
18 96 95 97 36 
19 27 71 98 99 
20 99 98 100 52 
21 68 112 110 111 
22 112 56 80 110 
23 110 80 43 113 
24 111 110 113 71 
25 80 116 114 115 
26 115 114 117 43 
27 124 126 103 127 
28 125 124 127 101 
29 71 113 133 134 
30 113 43 102 133 
31 133 102 76 135 
32 134 133 135 98 
33 43 117 136 137 
34 136 125 101 138 
35 137 136 138 102 
36 114 141 139 140 
37 141 106 129 139 
38 139 129 83 142 
39 140 139 142 117 
40 12 145 143 144 
41 145 7 146 143 
42 143 146 13 25 
43 144 143 25 10 
44 25 149 147 148 
45 149 13 150 147 
46 147 150 26 41 
47 148 147 41 23 
48 41 153 151 152 
49 153 26 154 151 
50 151 154 42 57 
51 152 151 57 39 
52 39 157 155 156 
53 157 57 158 155 
54 155 158 55 81 
55 156 155 81 56 
56 81 161 159 160 
57 161 55 162 159 
58 106 169 167 168 
59 169 130 170 167 
60 168 167 171 129 
61 130 181 180 170 
62 181 105 182 180 
63 180 182 131 183 
64 170 180 183 128 
65 83 132 184 185 
66 132 109 186 184 
67 184 186 124 187 
68 185 184 187 125 
69 129 171 188 189 
70 171 128 190 188 
71 188 190 132 191 
72 189 188 191 83 
73 167 194 192 193 
74 194 170 195 192 
75 192 195 128 196 
76 193 192 196 171 
77 163 202 200 201 
78 202 166 203 200 
79 200 203 105 181 
80 56 206 204 205 
81 206 81 160 204 
82 205 204 116 80 
83 116 209 207 208 
84 209 79 164 207 
85 207 164 106 141 
86 208 207 141 114 
87 164 212 210 211 
88 212 163 201 210 
89 210 201 130 169 
90 211 210 169 106 
91 201 215 213 214 
92 215 200 216 213 
93 213 216 181 217 
94 214 213 217 130 
95 128 183 218 190 
96 183 131 219 218 
97 218 219 109 220 
98 190 218 220 132 
99 221 222 121 223 
100 126 221 223 103 
101 109 179 224 186 
102 179 59 225 224 
103 224 225 126 226 
104 186 224 226 124 
105 131 228 227 219 
106 228 176 229 227 
107 227 229 179 230 
108 219 227 230 109 
109 232 197 233 231 
110 231 233 177 234 
111 203 231 234 105 
112 57 236 235 158 
113 236 42 237 235 
114 235 237 58 89 
115 158 235 89 55 
116 55 239 238 162 
117 239 89 240 238 
118 159 243 241 242 
119 243 162 244 241 
120 241 244 82 198 
121 242 241 198 107 
122 107 247 245 246 
123 247 198 248 245 
124 245 248 197 232 
125 246 245 232 166 
126 166 251 249 250 
127 251 232 252 249 
128 249 252 231 253 
129 250 249 253 203 
130 59 257 258 225 
131 257 175 259 258 
132 258 259 221 260 
133 225 258 260 126 
134 178 263 261 262 
135 263 254 264 261 
136 261 264 257 265 
137 262 261 265 59 
138 162 270 269 244 
139 270 238 271 269 
140 269 271 173 267 
141 244 269 267 82 
142 82 274 272 273 
143 274 267 275 272 
144 272 275 266 276 
145 273 272 276 199 
146 172 286 285 256 
147 286 174 287 285 
148 285 287 91 288 
149 256 285 288 175 
150 254 290 289 264 
151 290 256 291 289 
152 289 291 175 292 
153 264 289 292 257 
154 173 294 293 268 
155 294 88 295 293 
156 293 295 174 286 
157 268 293 286 172 
158 267 297 296 275 
159 297 173 298 296 
160 296 298 268 299 
161 275 296 299 266 
162 174 307 306 287 
163 307 281 308 306 
164 306 308 284 309 
165 287 306 309 91 
166 89 311 310 240 
167 311 58 312 310 
168 88 314 313 295 
169 314 282 315 313 
170 313 315 281 307 
171 295 313 307 174 
172 281 321 320 308 
173 321 283 322 320 
174 284 323 327 328 
175 323 5 329 327 
176 327 329 304 330 
177 328 327 330 303 
178 308 333 331 332 
179 333 320 334 331 
180 331 334 323 335 
181 332 331 335 284 
182 336 338 283 321 
183 315 336 321 281 
184 7 340 339 146 
185 340 16 341 339 
186 339 341 15 32 
187 146 339 32 13 
188 13 343 342 150 
189 343 32 344 342 
190 342 344 31 48 
191 150 342 48 26 
192 26 346 345 154 
193 346 48 347 345 
194 345 347 47 85 
195 154 345 85 42 
196 42 349 348 237 
197 349 85 350 348 
198 348 350 84 278 
199 237 348 278 58 
200 58 352 351 312 
201 352 278 353 351 
202 310 356 354 355 
203 356 312 357 354 
204 354 357 90 337 
205 355 354 337 282 
206 282 360 358 359 
207 360 337 361 358 
208 358 361 336 362 
209 359 358 362 315 
210 283 364 363 322 
211 364 316 365 363 
212 5 366 367 329 
213 366 319 368 367 
214 367 368 324 369 
215 329 367 369 304 
216 322 372 370 371 
217 372 363 373 370 
218 370 373 366 374 
219 371 370 374 5 
220 375 377 316 364 
221 338 375 364 283 
222 312 379 378 357 
223 379 351 380 378 
224 378 380 317 376 
225 357 378 376 90 
226 90 383 381 382 
227 383 376 384 381 
228 381 384 375 385 
229 382 381 385 338 
230 15 387 386 33 
231 387 17 388 386 
232 386 388 8 389 
233 33 386 389 18 
234 31 391 390 49 
235 391 33 392 390 
236 390 392 18 393 
237 49 390 393 34 
238 395 49 396 394 
239 394 396 34 397 
240 316 407 406 365 
241 407 318 408 406 
242 406 408 280 409 
243 365 406 409 319 
244 363 411 410 373 
245 411 365 412 410 
246 410 412 319 413 
247 373 410 413 366 
248 317 415 414 377 
249 415 277 416 414 
250 414 416 318 407 
251 377 414 407 316 
252 376 418 417 384 
253 418 317 419 417 
254 417 419 377 420 
255 384 417 420 375 
256 18 389 421 45 
257 389 8 422 421 
258 421 422 29 423 
259 45 421 423 28 
260 34 393 424 73 
261 393 18 425 424 
262 424 425 45 426 
263 73 424 426 44 
264 397 34 428 427 
265 427 428 73 429 
266 280 439 440 441 
267 439 405 442 440 
268 440 442 433 443 
269 441 440 443 325 
270 408 446 444 445 
271 446 436 447 444 
272 444 447 439 448 
273 445 444 448 280 
274 278 450 449 353 
275 450 84 451 449 
276 277 453 452 416 
277 453 403 454 452 
278 416 457 455 456 
279 457 452 458 455 
280 455 458 437 459 
281 456 455 459 318 
282 403 465 464 454 
283 465 279 466 464 
284 464 466 404 467 
285 467 404 469 468 
286 468 469 87 470 
287 454 473 471 472 
288 473 464 474 471 
289 471 474 467 475 
290 472 471 475 402 
291 85 477 476 350 
292 477 47 478 476 
293 476 478 86 399 
294 350 476 399 84 
295 84 480 479 451 
296 480 399 481 479 
297 279 483 482 466 
298 483 461 484 482 
299 466 482 485 404 
300 86 487 486 400 
301 487 394 488 486 
302 486 488 397 489 
303 400 486 489 50 
304 491 400 492 490 
305 490 492 50 493 
306 461 495 494 484 
307 495 398 496 494 
308 404 485 501 469 
309 469 501 503 87 
310 482 506 504 505 
311 506 484 507 504 
312 504 507 460 508 
313 505 504 508 485 
314 460 514 512 513 
315 514 497 515 512 
316 512 515 509 516 
317 513 512 516 502 
318 50 489 517 431 
319 489 397 518 517 
320 517 518 427 519 
321 431 517 519 119 
322 493 50 521 520 
323 520 521 431 522 
324 524 490 525 523 
325 523 525 493 526 
326 399 532 531 481 
327 532 86 533 531 
328 531 533 400 491 
329 398 535 534 496 
330 535 491 536 534 
331 534 536 490 524 
332 494 539 537 538 
333 539 496 540 537 
334 537 540 462 528 
335 538 537 528 497 
336 497 543 541 542 
337 543 528 544 541 
338 542 541 545 515 
339 462 547 546 529 
340 547 524 548 546 
341 546 548 523 549 
342 529 546 549 510 
343 528 551 550 544 
344 551 462 552 550 
345 550 552 529 553 
346 544 550 553 527 
347 463 511 554 555 
348 511 401 556 554 
349 554 556 499 557 
350 555 554 557 498 
351 509 530 558 559 
352 530 510 560 558 
353 558 560 401 561 
354 559 558 561 511 
355 515 545 562 563 
356 545 527 564 562 
357 562 564 530 565 
358 563 562 565 509 
359 541 568 566 567 
360 568 544 569 566 
361 566 569 527 570 
362 567 566 570 545 
363 21 46 571 572 
364 46 28 573 571 
365 571 573 30 574 
366 572 571 574 9 
367 37 74 575 576 
368 74 44 577 575 
369 575 577 46 578 
370 576 575 578 21 
371 53 120 579 580 
372 120 72 581 579 
373 579 581 74 582 
374 580 579 582 37 
375 118 432 583 584 
376 432 119 585 583 
377 583 585 72 586 
378 584 583 586 120 
379 587 589 432 590 
380 588 587 590 118 
381 557 499 597 596 
382 596 597 430 598 
383 77 302 599 600 
384 302 118 584 599 
385 599 584 120 601 
386 600 599 601 53 
387 602 588 118 604 
388 603 602 604 302 
389 605 607 587 608 
390 606 605 608 588 
391 87 503 614 615 
392 503 463 555 614 
393 614 555 498 593 
394 615 614 593 434 
395 593 618 616 617 
396 618 498 619 616 
397 522 431 621 620 
398 620 621 119 622 
399 589 620 622 432 
400 598 430 624 623 
401 623 624 589 625 
402 607 623 625 587 
403 594 627 626 612 
404 627 596 628 626 
405 626 628 598 629 
406 612 626 629 500 
407 632 594 633 630 
408 630 633 612 634 
409 433 637 635 636 
410 637 434 592 635 
411 635 592 301 638 
412 636 635 638 435 
413 592 641 639 640 
414 641 591 610 639 
415 639 610 595 642 
416 640 639 642 301 
417 591 645 643 644 
418 644 643 646 610 
419 595 613 647 648 
420 613 500 649 647 
421 647 649 607 650 
422 648 647 650 605 
423 634 612 653 651 
424 651 653 500 654 
425 652 651 654 613 
426 657 630 658 655 
427 655 658 634 659 
428 610 646 660 661 
429 660 652 613 662 
430 661 660 662 595 
431 643 665 663 664 
432 664 663 666 646 
433 434 669 667 668 
434 669 593 617 667 
435 667 617 591 641 
436 668 667 641 592 
437 617 672 670 671 
438 672 616 673 670 
439 670 673 611 645 
440 671 670 645 591 
441 645 676 674 675 
442 676 611 677 674 
443 674 677 631 665 
444 675 674 665 643 
445 665 680 678 679 
446 680 631 681 678 
447 679 678 682 663 
448 498 684 683 619 
449 684 557 685 683 
450 683 685 596 627 
451 619 683 627 594 
452 616 687 686 673 
453 687 619 688 686 
454 686 688 594 632 
455 673 686 632 611 
456 611 690 689 677 
457 690 632 691 689 
458 689 691 630 657 
459 677 689 657 631 
460 631 693 692 681 
461 693 657 694 692 
462 692 694 655 695 
463 681 692 695 656 
464 646 666 696 697 
465 666 609 698 696 
466 696 698 652 699 
467 697 696 699 660 
468 663 682 700 701 
469 682 656 702 700 
470 700 702 609 703 
471 701 700 703 666 
472 678 706 704 705 
473 706 681 707 704 
474 704 707 656 708 
475 705 704 708 682 
476 1 711 709 710 
477 711 12 144 709 
478 709 144 10 62 
479 710 709 62 11 
480 16 713 712 341 
481 713 2 714 712 
482 712 714 17 387 
483 341 712 387 15 
484 19 38 715 716 
485 38 21 572 715 
486 715 572 9 717 
487 716 715 717 22 
488 20 94 718 719 
489 94 19 716 718 
490 718 716 22 720 
491 719 718 720 4 
492 10 723 721 722 
493 723 25 148 721 
494 721 148 23 66 
495 722 721 66 24 
496 28 423 724 573 
497 423 29 725 724 
498 724 725 3 726 
499 573 724 726 30 
500 32 728 727 344 
501 728 15 729 727 
502 727 729 33 391 
503 344 727 391 31 
504 35 54 730 731 
505 54 37 576 730 
506 730 576 21 732 
507 731 730 732 38 
508 36 97 733 734 
509 97 35 731 733 
510 733 731 38 735 
511 734 733 735 19 
512 23 738 736 737 
513 738 41 152 736 
514 736 152 39 70 
515 737 736 70 40 
516 44 426 739 577 
517 426 45 740 739 
518 739 740 28 741 
519 577 739 741 46 
520 48 743 742 347 
521 743 31 744 742 
522 742 744 49 395 
523 347 742 395 47 
524 51 78 745 746 
525 78 53 580 745 
526 745 580 37 747 
527 746 745 747 54 
528 52 100 748 749 
529 100 51 746 748 
530 748 746 54 750 
531 749 748 750 35 
532 70 753 751 752 
533 753 39 156 751 
534 751 156 56 112 
535 752 751 112 68 
536 72 429 754 581 
537 429 73 755 754 
538 754 755 44 756 
539 581 754 756 74 
540 75 123 757 758 
541 123 77 600 757 
542 757 600 53 759 
543 758 757 759 78 
544 76 104 760 761 
545 104 75 758 760 
546 760 758 78 762 
547 761 760 762 51 
548 98 135 763 764 
549 135 76 761 763 
550 763 761 51 765 
551 764 763 765 100 
552 117 142 766 767 
553 142 83 185 766 
554 766 185 125 768 
555 767 766 768 136 
556 160 771 769 770 
557 771 159 242 769 
558 769 242 107 165 
559 770 769 165 79 
560 165 774 772 773 
561 774 107 246 772 
562 772 246 166 202 
563 773 772 202 163 
564 105 234 775 182 
565 234 177 776 775 
566 775 776 176 228 
567 182 775 228 131 
568 176 778 777 229 
569 778 178 262 777 
570 777 262 59 779 
571 229 777 779 179 
572 198 781 780 248 
573 781 82 273 780 
574 780 273 199 782 
575 248 780 782 197 
576 197 782 783 233 
577 782 199 784 783 
578 783 784 108 785 
579 233 783 785 177 
580 204 788 786 787 
581 788 160 770 786 
582 786 770 79 209 
583 787 786 209 116 
584 175 288 789 259 
585 288 91 790 789 
586 789 790 222 791 
587 259 789 791 221 
588 238 793 792 271 
589 793 240 794 792 
590 792 794 88 294 
591 271 792 294 173 
592 199 276 795 784 
593 276 266 796 795 
594 795 796 255 797 
595 784 795 797 108 
596 798 603 302 800 
597 799 798 800 77 
598 91 309 801 790 
599 309 284 328 801 
600 801 328 303 802 
601 790 801 802 222 
602 240 804 803 794 
603 804 310 355 803 
604 803 355 282 314 
605 794 803 314 88 
606 320 806 805 334 
607 806 322 371 805 
608 805 371 5 807 
609 334 805 807 323 
610 319 409 808 368 
611 409 280 441 808 
612 808 441 325 809 
613 368 808 809 324 
614 337 811 810 361 
615 811 90 382 810 
616 810 382 338 812 
617 361 810 812 336 
618 351 814 813 380 
619 814 353 815 813 
620 813 815 277 415 
621 380 813 415 317 
622 47 817 816 478 
623 817 395 818 816 
624 816 818 394 487 
625 478 816 487 86 
626 119 519 819 585 
627 519 427 820 819 
628 819 820 429 821 
629 585 819 821 72 
630 405 470 822 442 
631 470 87 615 822 
632 822 615 434 637 
633 442 822 637 433 
634 325 443 823 824 
635 443 433 636 823 
636 823 636 435 825 
637 824 823 825 300 
638 318 459 826 827 
639 459 437 828 826 
640 826 828 436 446 
641 827 826 446 408 
642 353 830 829 815 
643 830 449 831 829 
644 829 831 403 453 
645 815 829 453 277 
646 452 833 832 458 
647 833 454 472 832 
648 832 472 402 834 
649 458 832 834 437 
650 484 836 835 507 
651 836 494 538 835 
652 835 538 497 514 
653 507 835 514 460 
654 485 508 837 838 
655 508 460 513 837 
656 837 513 502 839 
657 838 837 839 501 
658 502 516 840 841 
659 516 509 559 840 
660 840 559 511 842 
661 841 840 842 463 
662 401 526 843 556 
663 526 493 844 843 
664 843 844 520 845 
665 556 843 845 499 
666 499 845 846 597 
667 845 520 847 846 
668 846 847 522 848 
669 597 846 848 430 
670 510 549 849 560 
671 549 523 850 849 
672 849 850 526 851 
673 560 849 851 401 
674 527 553 852 564 
675 553 529 853 852 
676 852 853 510 854 
677 564 852 854 530 
678 496 856 855 540 
679 856 534 857 855 
680 855 857 524 547 
681 540 855 547 462 
682 435 638 858 859 
683 638 301 606 858 
684 858 606 588 860 
685 859 858 860 602 
686 301 642 861 862 
687 642 595 648 861 
688 861 648 605 863 
689 862 861 863 606 
690 430 848 864 624 
691 848 522 865 864 
692 864 865 620 866 
693 624 864 866 589 
694 500 629 867 649 
695 629 598 868 867 
696 867 868 623 869 
697 649 867 869 607 
698 609 659 870 698 
699 659 634 871 870 
700 870 871 651 872 
701 698 870 872 652 
702 656 695 873 702 
703 695 655 874 873 
704 873 874 659 875 
705 702 873 875 609 
706 121 305 876 877 
707 876 799 77 878 
708 877 876 878 123 
709 103 223 879 880 
710 223 121 877 879 
711 879 877 123 881 
712 880 879 881 75 
713 79 884 882 883 
714 884 165 773 882 
715 882 773 163 212 
716 883 882 212 164 
717 177 785 885 776 
718 785 108 886 885 
719 885 886 178 778 
720 776 885 778 176 
721 108 797 887 886 
722 797 255 888 887 
723 887 888 254 263 
724 886 887 263 178 
725 255 890 889 888 
726 890 172 891 889 
727 889 891 256 290 
728 888 889 290 254 
729 266 299 892 796 
730 299 268 893 892 
731 892 893 172 890 
732 796 892 890 255 
733 324 809 894 895 
734 809 325 824 894 
735 894 824 300 896 
736 895 894 896 326 
737 304 369 897 898 
738 369 324 895 897 
739 897 895 326 899 
740 898 897 899 122 
741 437 834 900 828 
742 834 402 901 900 
743 900 901 438 902 
744 828 900 902 436 
745 436 902 903 447 
746 902 438 904 903 
747 903 904 405 905 
748 447 903 905 439 
749 449 907 906 831 
750 907 451 908 906 
751 906 908 279 465 
752 831 906 465 403 
753 402 475 909 901 
754 475 467 910 909 
755 909 910 468 911 
756 901 909 911 438 
757 438 911 912 904 
758 911 468 913 912 
759 912 913 470 914 
760 904 912 914 405 
761 451 916 915 908 
762 916 479 917 915 
763 915 917 461 483 
764 908 915 483 279 
765 501 839 918 919 
766 839 502 841 918 
767 918 841 463 920 
768 919 918 920 503 
769 300 825 921 922 
770 825 435 859 921 
771 921 859 602 923 
772 922 921 923 603 
773 326 896 924 925 
774 896 300 922 924 
775 924 922 603 926 
776 925 924 926 798 
777 101 127 927 928 
778 127 103 880 927 
779 927 880 75 929 
780 928 927 929 104 
781 102 138 930 931 
782 138 101 928 930 
783 930 928 104 932 
784 931 930 932 76 
785 303 330 933 934 
786 330 304 898 933 
787 933 898 122 935 
788 934 933 935 305 
789 222 802 936 937 
790 802 303 934 936 
791 936 934 305 938 
792 937 936 938 121 
793 479 940 939 917 
794 940 481 941 939 
795 939 941 398 495 
796 917 939 495 461 
797 481 943 942 941 
798 943 531 944 942 
799 942 944 491 535 
800 941 942 535 398 
801 122 899 945 946 
802 899 326 925 945 
803 945 925 798 947 
804 946 945 947 799 
805 305 935 948 949 
806 935 122 946 948 
807 948 946 799 950 
808 949 948 950 876 
