2 0.000000 100.000000 5791.461216
1032 880 
1 -50.000000 0.000000 -50.666667 99.316881 0.000000 11.610307 0.000136 
2 60.000000 0.000000 -50.666667 99.320370 0.000000 11.565752 0.000170 
3 60.000000 0.000000 52.000000 99.338224 0.000000 11.540617 -0.000127 
4 -50.000000 0.000000 52.000000 99.332154 0.000000 11.610075 -0.000167 
5 5.000000 0.000000 0.666667 103.907903 0.000000 -1.545963 -0.079924 
6 -50.000000 0.000000 0.666667 99.324441 0.000000 11.618547 -0.000034 
7 5.000000 0.000000 -50.666667 99.303100 0.000000 11.584871 0.000469 
8 60.000000 0.000000 0.666667 99.618677 0.000000 9.060182 -0.000597 
9 5.000000 0.000000 52.000000 99.350738 0.000000 11.580139 -0.000467 
10 -22.500000 0.000000 -25.000000 99.295192 0.000000 11.612350 0.000562 
11 -50.000000 0.000000 -25.000000 99.317231 0.000000 11.614720 0.000119 
12 -22.500000 0.000000 -50.666667 99.308928 0.000000 11.604293 0.000308 
13 5.000000 0.000000 -25.000000 99.250094 0.000000 11.507100 0.001701 
14 -22.500000 0.000000 0.666667 99.323408 0.000000 11.671142 -0.000135 
15 32.500000 0.000000 -25.000000 99.309622 0.000000 11.435986 0.000682 
16 32.500000 0.000000 -50.666667 99.311488 0.000000 11.567644 0.000342 
17 60.000000 0.000000 -25.000000 99.331456 0.000000 11.464383 0.000183 
18 32.500000 0.000000 0.666667 99.951318 0.000000 6.092864 -0.002739 
19 -22.500000 0.000000 26.333333 99.356693 0.000000 11.613188 -0.000662 
20 -50.000000 0.000000 26.333333 99.331866 0.000000 11.614774 -0.000172 
21 5.000000 0.000000 26.333333 99.454904 0.000000 11.495572 -0.002343 
22 -22.500000 0.000000 52.000000 99.341736 0.000000 11.603336 -0.000342 
23 -8.750000 0.000000 -12.166667 99.200963 0.000000 11.602447 0.002455 
24 -22.500000 0.000000 -12.166667 99.286638 0.000000 11.648269 0.000648 
25 -8.750000 0.000000 -25.000000 99.244224 0.000000 11.597451 0.001608 
26 5.000000 0.000000 -12.166667 99.047992 0.000000 11.186086 0.006437 
27 -8.750000 0.000000 0.666667 99.270169 0.000000 11.812928 0.000589 
28 32.500000 0.000000 26.333333 99.378530 0.000000 11.351243 -0.000494 
29 60.000000 0.000000 26.333333 99.368394 0.000000 11.269636 -0.000108 
30 32.500000 0.000000 52.000000 99.345129 0.000000 11.554357 -0.000296 
31 18.750000 0.000000 -12.166667 99.301739 0.000000 10.987465 0.001844 
32 18.750000 0.000000 -25.000000 99.255522 0.000000 11.431353 0.001767 
33 32.500000 0.000000 -12.166667 99.342356 0.000000 11.027500 0.000949 
34 18.750000 0.000000 0.666667 99.687614 0.000000 7.682677 0.000336 
35 -8.750000 0.000000 13.500000 99.452755 0.000000 11.624517 -0.002598 
36 -22.500000 0.000000 13.500000 99.363197 0.000000 11.650074 -0.000877 
37 5.000000 0.000000 13.500000 99.800730 0.000000 11.184949 -0.008529 
38 -8.750000 0.000000 26.333333 99.412953 0.000000 11.596450 -0.001741 
39 -1.875000 0.000000 -5.750000 98.752172 0.000000 11.390156 0.011827 
40 -8.750000 0.000000 -5.750000 99.169457 0.000000 11.676819 0.002907 
41 -1.875000 0.000000 -12.166667 99.080164 0.000000 11.484562 0.005123 
42 5.000000 0.000000 -5.750000 98.308994 0.000000 10.051081 0.023432 
43 -1.875000 0.000000 0.666667 98.243837 0.000000 12.785926 0.018467 
44 18.750000 0.000000 13.500000 99.502318 0.000000 10.740826 -0.001608 
45 32.500000 0.000000 13.500000 99.477733 0.000000 10.500833 -0.000609 
46 18.750000 0.000000 26.333333 99.424237 0.000000 11.391413 -0.001494 
47 11.875000 0.000000 -5.750000 99.144570 0.000000 9.546464 0.007922 
48 11.875000 0.000000 -12.166667 99.119000 0.000000 10.961365 0.005527 
49 18.750000 0.000000 -5.750000 99.398456 0.000000 9.758889 0.002471 
50 11.875000 0.000000 0.666667 99.242240 0.000000 3.806646 0.013649 
51 -1.875000 0.000000 7.083333 99.809873 0.000000 11.693726 -0.009875 
52 -8.750000 0.000000 7.083333 99.438166 0.000000 11.718730 -0.002528 
53 5.000000 0.000000 7.083333 100.600059 0.000000 10.225614 -0.022494 
54 -1.875000 0.000000 13.500000 99.545287 0.000000 11.501827 -0.004156 
55 1.562500 0.000000 -2.541667 96.950186 0.000000 9.618897 0.050814 
56 -1.875000 0.000000 -2.541667 98.211666 0.000000 11.495475 0.022232 
57 1.562500 0.000000 -5.750000 98.286048 0.000000 10.902784 0.022098 
58 5.000000 0.000000 -2.541667 97.845219 0.000000 7.282604 0.037328 
59 1.562500 0.000000 0.666667 110.782929 0.000000 12.785784 -0.243633 
60 -36.250000 0.000000 -12.166667 99.314422 0.000000 11.622078 0.000157 
61 -50.000000 0.000000 -12.166667 99.319927 0.000000 11.617329 0.000059 
62 -36.250000 0.000000 -25.000000 99.310640 0.000000 11.615618 0.000247 
63 -36.250000 0.000000 0.666667 99.324442 0.000000 11.625857 -0.000051 
64 -15.625000 0.000000 -5.750000 99.278568 0.000000 11.650246 0.000804 
65 -22.500000 0.000000 -5.750000 99.299985 0.000000 11.663615 0.000347 
66 -15.625000 0.000000 -12.166667 99.268273 0.000000 11.625195 0.001066 
67 -15.625000 0.000000 0.666667 99.316608 0.000000 11.668808 0.000005 
68 -5.312500 0.000000 -2.541667 99.011344 0.000000 11.733189 0.005909 
69 -8.750000 0.000000 -2.541667 99.183892 0.000000 11.766296 0.002411 
70 -5.312500 0.000000 -5.750000 99.049539 0.000000 11.585540 0.005496 
71 -5.312500 0.000000 0.666667 99.153859 0.000000 11.902663 0.002684 
72 11.875000 0.000000 7.083333 99.796296 0.000000 9.268358 -0.004520 
73 18.750000 0.000000 7.083333 99.669849 0.000000 8.975470 -0.001464 
74 11.875000 0.000000 13.500000 99.541995 0.000000 10.906972 -0.002757 
75 1.562500 0.000000 3.875000 101.629808 0.000000 11.637551 -0.046405 
76 -1.875000 0.000000 3.875000 99.763654 0.000000 12.147039 -0.010034 
77 5.000000 0.000000 3.875000 102.139090 0.000000 8.084164 -0.049775 
78 1.562500 0.000000 7.083333 100.378218 0.000000 11.250233 -0.020235 
79 -0.156250 0.000000 -0.937500 94.158316 0.000000 8.469223 0.106248 
80 -1.875000 0.000000 -0.937500 97.753060 0.000000 11.981515 0.030078 
81 -0.156250 0.000000 -2.541667 97.559892 0.000000 10.681493 0.036797 
82 1.562500 0.000000 -0.937500 97.048733 0.000000 2.499512 0.057530 
83 -0.156250 0.000000 0.666667 95.505181 0.000000 18.780858 0.052604 
84 8.437500 0.000000 -2.541667 98.627312 0.000000 7.598891 0.021491 
85 8.437500 0.000000 -5.750000 98.635653 0.000000 9.479291 0.018115 
86 11.875000 0.000000 -2.541667 99.059297 0.000000 6.865064 0.014013 
87 8.437500 0.000000 0.666667 103.163596 0.000000 -3.808283 -0.065723 
88 3.281250 0.000000 -0.937500 97.539958 0.000000 -1.193158 0.048453 
89 3.281250 0.000000 -2.541667 96.729386 0.000000 8.074397 0.057823 
90 5.000000 0.000000 -0.937500 106.557967 0.000000 1.188989 -0.135601 
91 3.281250 0.000000 0.666667 111.779475 0.000000 2.343009 -0.250014 
92 -36.250000 0.000000 13.500000 99.334905 0.000000 11.622571 -0.000251 
93 -50.000000 0.000000 13.500000 99.329040 0.000000 11.617430 -0.000122 
94 -36.250000 0.000000 26.333333 99.339229 0.000000 11.615895 -0.000321 
95 -15.625000 0.000000 7.083333 99.361067 0.000000 11.658764 -0.000855 
96 -22.500000 0.000000 7.083333 99.347882 0.000000 11.665199 -0.000608 
97 -15.625000 0.000000 13.500000 99.380555 0.000000 11.633258 -0.001183 
98 -5.312500 0.000000 3.875000 99.399160 0.000000 11.830368 -0.002015 
99 -8.750000 0.000000 3.875000 99.370765 0.000000 11.768870 -0.001306 
100 -5.312500 0.000000 7.083333 99.538312 0.000000 11.739041 -0.004568 
101 -0.156250 0.000000 2.270833 100.224954 0.000000 13.621470 -0.023059 
102 -1.875000 0.000000 2.270833 99.299962 0.000000 12.608011 -0.001944 
103 1.562500 0.000000 2.270833 102.691378 0.000000 12.682838 -0.070637 
104 -0.156250 0.000000 3.875000 100.480766 0.000000 12.251608 -0.024649 
105 0.703125 0.000000 -0.135417 -0.987006 0.000000 0.195302 0.999899 
106 -0.156250 0.000000 -0.135417 80.182637 0.000000 10.378678 0.346303 
107 0.703125 0.000000 -0.937500 95.247529 0.000000 2.517622 0.092157 
108 1.562500 0.000000 -0.135417 0.050815 0.000000 0.386529 0.999985 
109 0.703125 0.000000 0.666667 103.552381 0.000000 23.952582 -0.129682 
110 -3.593750 0.000000 -0.937500 98.731618 0.000000 11.982678 0.010848 
111 -5.312500 0.000000 -0.937500 99.059260 0.000000 11.753367 0.004912 
112 -3.593750 0.000000 -2.541667 98.695788 0.000000 11.806191 0.011976 
113 -3.593750 0.000000 0.666667 98.964180 0.000000 12.186315 0.005758 
114 -1.015625 0.000000 -0.135417 95.511406 0.000000 12.772093 0.071445 
115 -1.875000 0.000000 -0.135417 97.787083 0.000000 12.406458 0.028377 
116 -1.015625 0.000000 -0.937500 96.086549 0.000000 11.584702 0.063317 
117 -1.015625 0.000000 0.666667 96.955592 0.000000 13.984922 0.040404 
118 8.437500 0.000000 3.875000 100.716414 0.000000 6.615176 -0.018756 
119 11.875000 0.000000 3.875000 99.880138 0.000000 6.784951 -0.002208 
120 8.437500 0.000000 7.083333 100.081412 0.000000 9.549663 -0.010749 
121 3.281250 0.000000 2.270833 104.475122 0.000000 8.785851 -0.099224 
122 5.000000 0.000000 2.270833 102.790606 0.000000 5.245236 -0.059342 
123 3.281250 0.000000 3.875000 102.179371 0.000000 9.896853 -0.053857 
124 0.703125 0.000000 1.468750 101.729700 0.000000 15.951764 -0.060339 
125 -0.156250 0.000000 1.468750 98.839444 0.000000 15.051517 0.000422 
126 1.562500 0.000000 1.468750 104.640773 0.000000 14.153639 -0.115002 
127 0.703125 0.000000 2.270833 101.155870 0.000000 13.577154 -0.041685 
128 0.273438 0.000000 0.265625 89.426712 0.000000 50.397545 -0.053705 
129 -0.156250 0.000000 0.265625 87.565361 0.000000 20.921562 0.189460 
130 0.273438 0.000000 -0.135417 64.477759 0.000000 -32.662854 0.477576 
131 0.703125 0.000000 0.265625 105.892620 0.000000 33.228699 -0.231739 
132 0.273438 0.000000 0.666667 97.717315 0.000000 23.777203 -0.011403 
133 -3.593750 0.000000 2.270833 99.310320 0.000000 12.196301 -0.001129 
134 -5.312500 0.000000 2.270833 99.306022 0.000000 11.899948 -0.000329 
135 -3.593750 0.000000 3.875000 99.565920 0.000000 12.061337 -0.005885 
136 -1.015625 0.000000 1.468750 98.772910 0.000000 13.860539 0.005180 
137 -1.875000 0.000000 1.468750 98.868854 0.000000 12.839524 0.006010 
138 -1.015625 0.000000 2.270833 99.630572 0.000000 13.230196 -0.010129 
139 -0.585938 0.000000 0.265625 94.044443 0.000000 14.924409 0.093290 
140 -1.015625 0.000000 0.265625 96.006465 0.000000 13.572037 0.059856 
141 -0.585938 0.000000 -0.135417 92.825162 0.000000 12.846634 0.121845 
142 -0.585938 0.000000 0.666667 96.327682 0.000000 15.428704 0.048293 
143 -8.750000 0.000000 -37.833333 99.291908 0.000000 11.591252 0.000676 
144 -22.500000 0.000000 -37.833333 99.302750 0.000000 11.605775 0.000427 
145 -8.750000 0.000000 -50.666667 99.304567 0.000000 11.596209 0.000413 
146 5.000000 0.000000 -37.833333 99.287242 0.000000 11.565667 0.000828 
147 -1.875000 0.000000 -18.583333 99.243174 0.000000 11.510414 0.001830 
148 -8.750000 0.000000 -18.583333 99.242446 0.000000 11.583424 0.001676 
149 -1.875000 0.000000 -25.000000 99.253182 0.000000 11.551126 0.001538 
150 5.000000 0.000000 -18.583333 99.240718 0.000000 11.427760 0.002069 
151 1.562500 0.000000 -8.958333 99.021588 0.000000 11.146560 0.007048 
152 -1.875000 0.000000 -8.958333 99.014452 0.000000 11.420148 0.006572 
153 1.562500 0.000000 -12.166667 99.049117 0.000000 11.339084 0.006070 
154 5.000000 0.000000 -8.958333 99.049280 0.000000 10.893124 0.007058 
155 -0.156250 0.000000 -4.145833 98.162060 0.000000 11.114323 0.024068 
156 -1.875000 0.000000 -4.145833 98.534235 0.000000 11.460882 0.015965 
157 -0.156250 0.000000 -5.750000 98.552648 0.000000 11.221833 0.016145 
158 1.562500 0.000000 -4.145833 97.984613 0.000000 10.466719 0.028946 
159 0.703125 0.000000 -1.739583 96.728358 0.000000 8.901125 0.056439 
160 -0.156250 0.000000 -1.739583 96.315047 0.000000 10.197671 0.061942 
161 0.703125 0.000000 -2.541667 97.149729 0.000000 10.226234 0.045735 
162 1.562500 0.000000 -1.739583 96.665421 0.000000 8.288051 0.058710 
163 0.273438 0.000000 -0.536458 87.506148 0.000000 -4.059247 0.232620 
164 -0.156250 0.000000 -0.536458 89.868277 0.000000 7.085921 0.187348 
165 0.273438 0.000000 -0.937500 93.879695 0.000000 5.172411 0.115985 
166 0.703125 0.000000 -0.536458 91.914997 0.000000 -23.521007 0.099840 
167 0.058594 0.000000 0.065104 51.311396 0.000000 36.125696 0.606207 
168 -0.156250 0.000000 0.065104 80.727569 0.000000 18.095172 0.315562 
169 0.058594 0.000000 -0.135417 41.560825 0.000000 -26.049833 0.759410 
170 0.273438 0.000000 0.065104 0.072995 0.000000 0.599774 0.999963 
171 0.058594 0.000000 0.265625 83.238339 0.000000 32.223825 0.203300 
172 2.421875 0.000000 -0.135417 5.294287 0.000000 1.066508 0.997083 
173 2.421875 0.000000 -0.937500 95.267081 0.000000 3.278820 0.091343 
174 3.281250 0.000000 -0.135417 14.225562 0.000000 1.095487 0.979643 
175 2.421875 0.000000 0.666667 111.994990 0.000000 6.422535 -0.258413 
176 1.132812 0.000000 0.265625 -0.474608 0.000000 -0.025246 0.999977 
177 1.132812 0.000000 -0.135417 -0.523891 0.000000 0.233108 0.999967 
178 1.562500 0.000000 0.265625 0.372446 0.000000 0.249284 0.999980 
179 1.132812 0.000000 0.666667 110.385215 0.000000 17.735093 -0.249943 
180 0.488281 0.000000 0.065104 -1.037655 0.000000 0.238752 0.999887 
181 0.488281 0.000000 -0.135417 -1.116296 0.000000 0.157052 0.999873 
182 0.703125 0.000000 0.065104 -0.973609 0.000000 0.107722 0.999904 
183 0.488281 0.000000 0.265625 99.270467 0.000000 42.335259 -0.164690 
184 0.273438 0.000000 1.067708 99.729751 0.000000 18.230228 -0.027836 
185 -0.156250 0.000000 1.067708 98.312979 0.000000 16.608602 0.005871 
186 0.703125 0.000000 1.067708 102.159766 0.000000 18.478718 -0.077808 
187 0.273438 0.000000 1.468750 100.398603 0.000000 15.867178 -0.033165 
188 0.058594 0.000000 0.466146 92.285176 0.000000 25.234528 0.084666 
189 -0.156250 0.000000 0.466146 92.577724 0.000000 20.153184 0.102321 
190 0.273438 0.000000 0.466146 95.091182 0.000000 30.506663 0.002701 
191 0.058594 0.000000 0.666667 95.969811 0.000000 21.416001 0.033115 
192 0.166016 0.000000 0.165365 76.479225 0.000000 55.540745 0.106615 
193 0.058594 0.000000 0.165365 67.619378 0.000000 56.441502 0.224198 
194 0.166016 0.000000 0.065104 70.476287 0.000000 54.400963 0.207363 
195 0.273438 0.000000 0.165365 86.151299 0.000000 51.733176 -0.009837 
196 0.166016 0.000000 0.265625 84.797290 0.000000 53.185035 -0.001923 
197 1.132812 0.000000 -0.536458 97.468089 0.000000 -14.163046 0.029938 
198 1.132812 0.000000 -0.937500 96.737506 0.000000 1.900260 0.063824 
199 1.562500 0.000000 -0.536458 98.318419 0.000000 -8.028726 0.026903 
200 0.488281 0.000000 -0.335938 83.056800 0.000000 -30.532878 0.216931 
201 0.273438 0.000000 -0.335938 71.836921 0.000000 -34.689738 0.363608 
202 0.488281 0.000000 -0.536458 89.705651 0.000000 -9.871459 0.185545 
203 0.703125 0.000000 -0.335938 91.325846 0.000000 -23.693765 0.109820 
204 -1.015625 0.000000 -1.739583 97.347170 0.000000 11.090253 0.040053 
205 -1.875000 0.000000 -1.739583 97.964685 0.000000 11.684822 0.026639 
206 -1.015625 0.000000 -2.541667 97.814376 0.000000 11.238395 0.030605 
207 -0.585938 0.000000 -0.536458 93.914715 0.000000 11.110109 0.105659 
208 -1.015625 0.000000 -0.536458 95.670627 0.000000 11.983437 0.070353 
209 -0.585938 0.000000 -0.937500 94.874554 0.000000 10.674670 0.088487 
210 0.058594 0.000000 -0.335938 79.247795 0.000000 -2.277550 0.371460 
211 -0.156250 0.000000 -0.335938 85.643646 0.000000 7.167525 0.261379 
212 0.058594 0.000000 -0.536458 87.779094 0.000000 2.392708 0.228911 
213 0.380859 0.000000 -0.235677 77.497853 0.000000 -33.059139 0.290118 
214 0.273438 0.000000 -0.235677 68.318441 0.000000 -35.544077 0.406921 
215 0.380859 0.000000 -0.335938 78.148095 0.000000 -32.832560 0.281490 
216 0.488281 0.000000 -0.235677 81.265334 0.000000 -30.786337 0.244815 
217 0.380859 0.000000 -0.135417 -0.777808 0.000000 0.145503 0.999937 
218 0.488281 0.000000 0.466146 101.526235 0.000000 39.951085 -0.190367 
219 0.703125 0.000000 0.466146 106.737335 0.000000 31.078401 -0.235873 
220 0.488281 0.000000 0.666667 100.543986 0.000000 24.795039 -0.072389 
221 2.421875 0.000000 1.468750 106.549573 0.000000 10.883039 -0.147125 
222 3.281250 0.000000 1.468750 106.660448 0.000000 7.124189 -0.142721 
223 2.421875 0.000000 2.270833 104.021337 0.000000 11.062304 -0.094281 
224 1.132812 0.000000 1.067708 104.434670 0.000000 17.104182 -0.119915 
225 1.562500 0.000000 1.067708 106.125337 0.000000 14.950760 -0.148611 
226 1.132812 0.000000 1.468750 103.225518 0.000000 15.313258 -0.089000 
227 0.917969 0.000000 0.466146 108.980923 0.000000 24.898715 -0.249679 
228 0.917969 0.000000 0.265625 -0.851589 0.000000 0.061328 0.999927 
229 1.132812 0.000000 0.466146 110.038866 0.000000 20.173746 -0.251553 
230 0.917969 0.000000 0.666667 109.799465 0.000000 22.058592 -0.254250 
231 0.917969 0.000000 -0.335938 95.151737 0.000000 -19.193865 0.057774 
232 0.917969 0.000000 -0.536458 95.631992 0.000000 -18.065897 0.052815 
233 1.132812 0.000000 -0.335938 97.222355 0.000000 -15.160571 0.031797 
234 0.917969 0.000000 -0.135417 -0.775081 0.000000 0.183677 0.999937 
235 3.281250 0.000000 -4.145833 97.936179 0.000000 9.690092 0.031461 
236 3.281250 0.000000 -5.750000 98.199420 0.000000 10.504456 0.024653 
237 5.000000 0.000000 -4.145833 98.150563 0.000000 9.128180 0.028314 
238 2.421875 0.000000 -1.739583 95.609023 0.000000 7.489259 0.080283 
239 2.421875 0.000000 -2.541667 96.731922 0.000000 8.998616 0.056196 
240 3.281250 0.000000 -1.739583 96.006179 0.000000 6.352047 0.074247 
241 1.132812 0.000000 -1.338542 96.587300 0.000000 6.571274 0.062771 
242 0.703125 0.000000 -1.338542 96.165319 0.000000 7.058005 0.070242 
243 1.132812 0.000000 -1.739583 96.806495 0.000000 8.495135 0.055634 
244 1.562500 0.000000 -1.338542 96.649125 0.000000 6.597131 0.061542 
245 0.917969 0.000000 -0.736979 95.839918 0.000000 -3.366873 0.080337 
246 0.703125 0.000000 -0.736979 94.331281 0.000000 -2.604778 0.109482 
247 0.917969 0.000000 -0.937500 96.090784 0.000000 1.952899 0.076275 
248 1.132812 0.000000 -0.736979 96.925091 0.000000 -3.195875 0.059531 
249 0.810547 0.000000 -0.436198 93.564329 0.000000 -21.268810 0.079335 
250 0.703125 0.000000 -0.436198 91.745314 0.000000 -23.060558 0.105101 
251 0.810547 0.000000 -0.536458 94.059013 0.000000 -20.014248 0.075233 
252 0.917969 0.000000 -0.436198 95.332148 0.000000 -18.285411 0.057743 
253 0.810547 0.000000 -0.335938 92.668266 0.000000 -22.046404 0.092655 
254 1.992188 0.000000 0.265625 2.059791 0.000000 0.955981 0.999484 
255 1.992188 0.000000 -0.135417 1.108999 0.000000 0.487301 0.999853 
256 2.421875 0.000000 0.265625 5.937736 0.000000 1.695523 0.996187 
257 1.992188 0.000000 0.666667 111.256576 0.000000 8.704419 -0.245379 
258 1.992188 0.000000 1.067708 107.444788 0.000000 12.571497 -0.170242 
259 2.421875 0.000000 1.067708 108.320056 0.000000 10.110120 -0.183545 
260 1.992188 0.000000 1.468750 105.686179 0.000000 12.773577 -0.133273 
261 1.777344 0.000000 0.466146 110.912439 0.000000 10.828377 -0.241882 
262 1.562500 0.000000 0.466146 110.755153 0.000000 13.342844 -0.244474 
263 1.777344 0.000000 0.265625 1.017990 0.000000 0.536005 0.999868 
264 1.992188 0.000000 0.466146 111.273311 0.000000 8.733894 -0.245803 
265 1.777344 0.000000 0.666667 110.920475 0.000000 10.735274 -0.241860 
266 1.992188 0.000000 -0.536458 96.765558 0.000000 -4.364939 0.061737 
267 1.992188 0.000000 -0.937500 96.354502 0.000000 3.070070 0.070638 
268 2.421875 0.000000 -0.536458 95.686423 0.000000 -2.433572 0.083819 
269 1.992188 0.000000 -1.338542 96.159657 0.000000 6.527749 0.071071 
270 1.992188 0.000000 -1.739583 96.409565 0.000000 8.014496 0.064096 
271 2.421875 0.000000 -1.338542 95.613523 0.000000 6.241988 0.081909 
272 1.777344 0.000000 -0.736979 97.513531 0.000000 -6.435607 0.044969 
273 1.562500 0.000000 -0.736979 98.194834 0.000000 -8.706870 0.028196 
274 1.777344 0.000000 -0.937500 96.785102 0.000000 2.851961 0.062451 
275 1.992188 0.000000 -0.736979 96.699551 0.000000 -4.218499 0.063140 
276 1.777344 0.000000 -0.536458 97.642286 0.000000 -5.767602 0.043272 
277 6.718750 0.000000 -0.937500 99.613480 0.000000 9.383576 -0.001090 
278 6.718750 0.000000 -2.541667 98.205992 0.000000 7.525471 0.029895 
279 8.437500 0.000000 -0.937500 97.713767 0.000000 7.727137 0.039231 
280 6.718750 0.000000 0.666667 99.977456 0.000000 -9.764874 -0.009084 
281 4.140625 0.000000 -0.135417 14.922346 0.000000 0.489490 0.977708 
282 4.140625 0.000000 -0.937500 102.688389 0.000000 -0.308784 -0.054500 
283 5.000000 0.000000 -0.135417 1.532883 0.000000 -1.228156 0.999614 
284 4.140625 0.000000 0.666667 108.600129 0.000000 0.497663 -0.179424 
285 2.851562 0.000000 0.265625 11.024800 0.000000 1.872743 0.987495 
286 2.851562 0.000000 -0.135417 10.853529 0.000000 1.340482 0.988040 
287 3.281250 0.000000 0.265625 14.119784 0.000000 1.485633 0.979842 
288 2.851562 0.000000 0.666667 112.391164 0.000000 3.816176 -0.264634 
289 2.207031 0.000000 0.466146 111.592072 0.000000 7.678870 -0.251176 
290 2.207031 0.000000 0.265625 3.756685 0.000000 1.322447 0.998414 
291 2.421875 0.000000 0.466146 112.039541 0.000000 6.204874 -0.259136 
292 2.207031 0.000000 0.666667 111.469139 0.000000 7.568047 -0.248264 
293 2.851562 0.000000 -0.536458 96.098091 0.000000 -1.331339 0.076338 
294 2.851562 0.000000 -0.937500 96.160396 0.000000 -1.786267 0.074999 
295 3.281250 0.000000 -0.536458 98.201672 0.000000 -0.801223 0.035579 
296 2.207031 0.000000 -0.736979 95.815343 0.000000 -2.850538 0.081129 
297 2.207031 0.000000 -0.937500 95.731127 0.000000 3.164710 0.082554 
298 2.421875 0.000000 -0.736979 95.672784 0.000000 -2.634936 0.083978 
299 2.207031 0.000000 -0.536458 96.139761 0.000000 -3.625286 0.074400 
300 6.718750 0.000000 2.270833 100.552369 0.000000 4.109453 -0.012767 
301 8.437500 0.000000 2.270833 101.489248 0.000000 4.000942 -0.031607 
302 6.718750 0.000000 3.875000 101.594985 0.000000 6.895302 -0.036909 
303 4.140625 0.000000 1.468750 104.999395 0.000000 4.429755 -0.104450 
304 5.000000 0.000000 1.468750 103.791088 0.000000 3.017086 -0.078169 
305 4.140625 0.000000 2.270833 103.771192 0.000000 6.659092 -0.081280 
306 3.710938 0.000000 0.265625 16.445247 0.000000 0.663821 0.972911 
307 3.710938 0.000000 -0.135417 16.504113 0.000000 0.588513 0.972727 
308 4.140625 0.000000 0.265625 16.434312 0.000000 0.176322 0.972988 
309 3.710938 0.000000 0.666667 110.313559 0.000000 1.246050 -0.217063 
310 4.140625 0.000000 -1.739583 97.424547 0.000000 5.356665 0.047976 
311 4.140625 0.000000 -2.541667 97.274386 0.000000 7.500362 0.048144 
312 5.000000 0.000000 -1.739583 99.856495 0.000000 5.662621 -0.000338 
313 3.710938 0.000000 -0.536458 100.352353 0.000000 -0.492102 -0.007084 
314 3.710938 0.000000 -0.937500 100.425944 0.000000 -0.633433 -0.008577 
315 4.140625 0.000000 -0.536458 102.653566 0.000000 -0.115461 -0.053777 
316 5.859375 0.000000 -0.135417 2.142183 0.000000 -1.288747 0.999375 
317 5.859375 0.000000 -0.937500 104.281677 0.000000 9.374225 -0.096254 
318 6.718750 0.000000 -0.135417 6.885234 0.000000 -0.450320 0.995239 
319 5.859375 0.000000 0.666667 101.981765 0.000000 -7.871086 -0.046223 
320 4.570312 0.000000 0.265625 15.192559 0.000000 0.734692 0.976865 
321 4.570312 0.000000 -0.135417 10.630553 0.000000 0.579745 0.988666 
322 5.000000 0.000000 0.265625 9.185132 0.000000 3.447598 0.990375 
323 4.570312 0.000000 0.666667 107.272685 0.000000 0.053099 -0.150743 
324 5.859375 0.000000 1.468750 102.092779 0.000000 1.320147 -0.042468 
325 6.718750 0.000000 1.468750 100.421705 0.000000 1.419352 -0.008653 
326 5.859375 0.000000 2.270833 101.904853 0.000000 4.376714 -0.040375 
327 4.570312 0.000000 1.067708 104.238387 0.000000 2.276987 -0.087083 
328 4.140625 0.000000 1.067708 105.884450 0.000000 2.616324 -0.121836 
329 5.000000 0.000000 1.067708 104.278447 0.000000 3.014049 -0.088308 
330 4.570312 0.000000 1.468750 104.479315 0.000000 3.638923 -0.092917 
331 4.355469 0.000000 0.466146 107.796925 0.000000 -0.164448 -0.162020 
332 4.140625 0.000000 0.466146 108.609421 0.000000 0.481996 -0.179624 
333 4.355469 0.000000 0.265625 107.679317 0.000000 0.275889 -0.159491 
334 4.570312 0.000000 0.466146 107.277422 0.000000 0.034391 -0.150845 
335 4.355469 0.000000 0.666667 107.677852 0.000000 0.260095 -0.159459 
336 4.570312 0.000000 -0.536458 105.198929 0.000000 0.518826 -0.106708 
337 4.570312 0.000000 -0.937500 105.579156 0.000000 0.712456 -0.114747 
338 5.000000 0.000000 -0.536458 105.936863 0.000000 1.989188 -0.122658 
339 18.750000 0.000000 -37.833333 99.295427 0.000000 11.542085 0.000720 
340 18.750000 0.000000 -50.666667 99.306056 0.000000 11.574157 0.000435 
341 32.500000 0.000000 -37.833333 99.308239 0.000000 11.532009 0.000489 
342 11.875000 0.000000 -18.583333 99.229709 0.000000 11.343500 0.002479 
343 11.875000 0.000000 -25.000000 99.261502 0.000000 11.468341 0.001563 
344 18.750000 0.000000 -18.583333 99.272343 0.000000 11.308572 0.001712 
345 8.437500 0.000000 -8.958333 99.023143 0.000000 10.662250 0.008073 
346 8.437500 0.000000 -12.166667 99.068207 0.000000 11.057102 0.006323 
347 11.875000 0.000000 -8.958333 99.149178 0.000000 10.562156 0.005788 
348 6.718750 0.000000 -4.145833 98.713743 0.000000 8.949078 0.017551 
349 6.718750 0.000000 -5.750000 98.428089 0.000000 9.680975 0.021819 
350 8.437500 0.000000 -4.145833 98.654153 0.000000 8.548118 0.019429 
351 5.859375 0.000000 -1.739583 100.013306 0.000000 7.189722 -0.005435 
352 5.859375 0.000000 -2.541667 98.138492 0.000000 7.448590 0.031335 
353 6.718750 0.000000 -1.739583 99.035081 0.000000 7.511882 0.013562 
354 4.570312 0.000000 -1.338542 100.253764 0.000000 3.302074 -0.006172 
355 4.140625 0.000000 -1.338542 98.186277 0.000000 3.505627 0.034717 
356 4.570312 0.000000 -1.739583 98.898541 0.000000 5.205181 0.019198 
357 5.000000 0.000000 -1.338542 102.501989 0.000000 3.930420 -0.052211 
358 4.355469 0.000000 -0.736979 104.099933 0.000000 0.079178 -0.083680 
359 4.140625 0.000000 -0.736979 102.654770 0.000000 -0.131420 -0.053802 
360 4.355469 0.000000 -0.937500 103.740746 0.000000 0.204415 -0.076218 
361 4.570312 0.000000 -0.736979 105.208844 0.000000 0.485870 -0.106914 
362 4.355469 0.000000 -0.536458 103.642617 0.000000 0.877660 -0.074256 
363 5.429688 0.000000 0.265625 4.662540 0.000000 -0.776169 0.997766 
364 5.429688 0.000000 -0.135417 -1.000986 0.000000 -1.563666 0.999655 
365 5.859375 0.000000 0.265625 5.528341 0.000000 -1.587890 0.996692 
366 5.429688 0.000000 0.666667 103.134225 0.000000 -6.037937 -0.067312 
367 5.429688 0.000000 1.067708 103.871139 0.000000 -0.405901 -0.078938 
368 5.859375 0.000000 1.067708 102.075582 0.000000 -1.481481 -0.042162 
369 5.429688 0.000000 1.468750 103.138253 0.000000 2.033967 -0.064164 
370 5.214844 0.000000 0.466146 103.245411 0.000000 -4.763230 -0.068230 
371 5.000000 0.000000 0.466146 105.812319 0.000000 -0.533211 -0.119653 
372 5.214844 0.000000 0.265625 5.174804 0.000000 1.205678 0.997177 
373 5.429688 0.000000 0.466146 103.199498 0.000000 -6.068450 -0.068696 
374 5.214844 0.000000 0.666667 103.106721 0.000000 -3.851506 -0.064583 
375 5.429688 0.000000 -0.536458 110.825733 0.000000 8.709427 -0.235820 
376 5.429688 0.000000 -0.937500 109.214445 0.000000 7.438247 -0.198312 
377 5.859375 0.000000 -0.536458 107.310659 0.000000 10.395037 -0.162363 
378 5.429688 0.000000 -1.338542 103.031147 0.000000 6.417654 -0.065660 
379 5.429688 0.000000 -1.739583 100.304278 0.000000 6.440830 -0.010243 
380 5.859375 0.000000 -1.338542 101.696523 0.000000 7.771994 -0.040259 
381 5.214844 0.000000 -0.736979 108.425096 0.000000 5.120309 -0.178222 
382 5.000000 0.000000 -0.736979 105.875904 0.000000 2.070470 -0.121399 
383 5.214844 0.000000 -0.937500 111.673999 0.000000 3.808065 -0.248558 
384 5.429688 0.000000 -0.736979 110.933142 0.000000 7.705537 -0.236554 
385 5.214844 0.000000 -0.536458 109.497519 0.000000 5.790565 -0.202324 
386 46.250000 0.000000 -12.166667 99.363278 0.000000 11.144555 0.000274 
387 46.250000 0.000000 -25.000000 99.325426 0.000000 11.448966 0.000338 
388 60.000000 0.000000 -12.166667 99.362241 0.000000 11.218718 0.000129 
389 46.250000 0.000000 0.666667 99.748336 0.000000 7.926653 -0.001256 
390 25.625000 0.000000 -5.750000 99.452687 0.000000 9.999115 0.000918 
391 25.625000 0.000000 -12.166667 99.331905 0.000000 10.998095 0.001221 
392 32.500000 0.000000 -5.750000 99.451117 0.000000 10.193721 0.000556 
393 25.625000 0.000000 0.666667 100.058217 0.000000 5.067801 -0.003733 
394 15.312500 0.000000 -2.541667 99.511993 0.000000 7.386020 0.004281 
395 15.312500 0.000000 -5.750000 99.293273 0.000000 9.592681 0.004883 
396 18.750000 0.000000 -2.541667 99.615299 0.000000 7.795027 0.001603 
397 15.312500 0.000000 0.666667 99.488966 0.000000 9.087478 0.001936 
398 10.156250 0.000000 -0.937500 97.929229 0.000000 5.013550 0.038473 
399 10.156250 0.000000 -2.541667 98.744777 0.000000 6.849349 0.020256 
400 11.875000 0.000000 -0.937500 99.162701 0.000000 4.236566 0.014881 
401 10.156250 0.000000 0.666667 97.275985 0.000000 1.765752 0.053426 
402 7.578125 0.000000 -0.135417 101.851899 0.000000 12.905832 -0.054037 
403 7.578125 0.000000 -0.937500 98.245255 0.000000 8.403294 0.027725 
404 8.437500 0.000000 -0.135417 104.143141 0.000000 11.653396 -0.098160 
405 7.578125 0.000000 0.666667 93.685613 0.000000 2.513719 0.121669 
406 6.289062 0.000000 0.265625 6.519760 0.000000 -1.073456 0.995634 
407 6.289062 0.000000 -0.135417 4.691889 0.000000 -0.707261 0.997749 
408 6.718750 0.000000 0.265625 99.354276 0.000000 -10.696968 0.001430 
409 6.289062 0.000000 0.666667 100.850180 0.000000 -9.013409 -0.025200 
410 5.644531 0.000000 0.466146 102.472308 0.000000 -7.203341 -0.055246 
411 5.644531 0.000000 0.265625 5.102438 0.000000 -1.504690 0.997170 
412 5.859375 0.000000 0.466146 101.908890 0.000000 -8.036915 -0.045001 
413 5.644531 0.000000 0.666667 102.627840 0.000000 -7.115893 -0.058311 
414 6.289062 0.000000 -0.536458 104.301800 0.000000 11.062010 -0.100123 
415 6.289062 0.000000 -0.937500 101.291039 0.000000 9.701960 -0.035400 
416 6.718750 0.000000 -0.536458 102.466534 0.000000 11.789582 -0.063838 
417 5.644531 0.000000 -0.736979 109.741091 0.000000 9.102089 -0.212596 
418 5.644531 0.000000 -0.937500 106.498577 0.000000 8.928387 -0.142166 
419 5.859375 0.000000 -0.736979 107.534670 0.000000 9.962426 -0.166296 
420 5.644531 0.000000 -0.536458 109.374530 0.000000 9.527608 -0.205356 
421 46.250000 0.000000 13.500000 99.492131 0.000000 10.210160 -0.000293 
422 60.000000 0.000000 13.500000 99.542742 0.000000 9.749825 -0.000382 
423 46.250000 0.000000 26.333333 99.368832 0.000000 11.313357 -0.000216 
424 25.625000 0.000000 7.083333 99.689016 0.000000 8.564805 -0.001126 
425 32.500000 0.000000 7.083333 99.752391 0.000000 7.998885 -0.001452 
426 25.625000 0.000000 13.500000 99.469205 0.000000 10.638612 -0.000730 
427 15.312500 0.000000 3.875000 99.876303 0.000000 6.734166 -0.002062 
428 18.750000 0.000000 3.875000 99.918688 0.000000 6.416471 -0.002492 
429 15.312500 0.000000 7.083333 99.703604 0.000000 9.122851 -0.002404 
430 10.156250 0.000000 2.270833 99.555252 0.000000 3.965527 0.007303 
431 11.875000 0.000000 2.270833 99.747555 0.000000 4.703943 0.002830 
432 10.156250 0.000000 3.875000 100.176773 0.000000 6.475297 -0.007732 
433 7.578125 0.000000 1.468750 69.114299 0.000000 27.594113 0.446178 
434 8.437500 0.000000 1.468750 105.369315 0.000000 -0.646686 -0.110311 
435 7.578125 0.000000 2.270833 100.124896 0.000000 4.504238 -0.004528 
436 7.148438 0.000000 0.265625 97.046890 0.000000 -10.373486 0.047429 
437 7.148438 0.000000 -0.135417 11.736532 0.000000 -0.717956 0.986174 
438 7.578125 0.000000 0.265625 102.234871 0.000000 -10.079998 -0.055358 
439 7.148438 0.000000 0.666667 84.630564 0.000000 1.731405 0.283467 
440 7.148438 0.000000 1.067708 97.760031 0.000000 -0.098254 0.044297 
441 6.718750 0.000000 1.067708 99.739155 0.000000 -1.208754 0.005064 
442 7.578125 0.000000 1.067708 87.653300 0.000000 13.325852 0.213932 
443 7.148438 0.000000 1.468750 99.481479 0.000000 2.017361 0.009937 
444 6.933594 0.000000 0.466146 98.727112 0.000000 -10.176377 0.014940 
445 6.718750 0.000000 0.466146 99.920214 0.000000 -9.985459 -0.008376 
446 6.933594 0.000000 0.265625 99.489084 0.000000 -10.017081 0.000158 
447 7.148438 0.000000 0.466146 92.892058 0.000000 -9.345743 0.128372 
448 6.933594 0.000000 0.666667 99.467465 0.000000 -10.126117 0.000369 
449 7.578125 0.000000 -1.739583 97.989304 0.000000 7.109050 0.034756 
450 7.578125 0.000000 -2.541667 98.431453 0.000000 7.630212 0.025303 
451 8.437500 0.000000 -1.739583 98.173199 0.000000 6.930548 0.031399 
452 7.148438 0.000000 -0.536458 101.672208 0.000000 12.282614 -0.048810 
453 7.148438 0.000000 -0.937500 98.651665 0.000000 8.941217 0.018790 
454 7.578125 0.000000 -0.536458 101.941578 0.000000 12.978899 -0.056054 
455 6.933594 0.000000 -0.335938 101.633290 0.000000 12.404623 -0.048320 
456 6.718750 0.000000 -0.335938 102.385817 0.000000 11.916132 -0.062485 
457 6.933594 0.000000 -0.536458 101.775361 0.000000 12.049355 -0.050341 
458 7.148438 0.000000 -0.335938 101.505214 0.000000 12.411937 -0.045736 
459 6.933594 0.000000 -0.135417 8.617849 0.000000 -0.811460 0.992507 
460 9.296875 0.000000 -0.135417 101.109825 0.000000 18.570656 -0.056807 
461 9.296875 0.000000 -0.937500 97.591743 0.000000 6.838063 0.042909 
462 10.156250 0.000000 -0.135417 95.566977 0.000000 3.067264 0.085754 
463 9.296875 0.000000 0.666667 81.977550 0.000000 -4.236284 0.326174 
464 8.007812 0.000000 -0.536458 102.442079 0.000000 13.808099 -0.068504 
465 8.007812 0.000000 -0.937500 98.053222 0.000000 7.824641 0.032434 
466 8.437500 0.000000 -0.536458 102.507411 0.000000 14.826197 -0.072759 
467 8.007812 0.000000 -0.135417 102.430234 0.000000 13.747794 -0.068095 
468 8.007812 0.000000 0.265625 101.843834 0.000000 -10.257287 -0.047738 
469 8.437500 0.000000 0.265625 109.238528 0.000000 -12.507808 -0.208950 
470 8.007812 0.000000 0.666667 105.500971 0.000000 -5.019771 -0.115565 
471 7.792969 0.000000 -0.335938 102.351224 0.000000 13.356353 -0.065417 
472 7.578125 0.000000 -0.335938 102.009673 0.000000 13.035652 -0.057590 
473 7.792969 0.000000 -0.536458 102.353865 0.000000 13.400763 -0.065589 
474 8.007812 0.000000 -0.335938 102.429556 0.000000 13.765213 -0.068129 
475 7.792969 0.000000 -0.135417 102.471745 0.000000 13.398201 -0.067997 
476 10.156250 0.000000 -4.145833 98.643327 0.000000 8.290198 0.020077 
477 10.156250 0.000000 -5.750000 99.001987 0.000000 9.617602 0.010611 
478 11.875000 0.000000 -4.145833 99.106300 0.000000 8.608383 0.010384 
479 9.296875 0.000000 -1.739583 98.335590 0.000000 6.668575 0.028564 
480 9.296875 0.000000 -2.541667 98.668404 0.000000 7.217707 0.021245 
481 10.156250 0.000000 -1.739583 98.539662 0.000000 6.018297 0.025372 
482 8.867188 0.000000 -0.536458 97.413722 0.000000 9.156392 0.042673 
483 8.867188 0.000000 -0.937500 97.691166 0.000000 7.140471 0.040545 
484 9.296875 0.000000 -0.536458 96.717924 0.000000 8.407700 0.057495 
485 8.867188 0.000000 -0.135417 100.822214 0.000000 15.882967 -0.041739 
486 13.593750 0.000000 -0.937500 99.661411 0.000000 4.837238 0.004420 
487 13.593750 0.000000 -2.541667 99.396348 0.000000 7.177962 0.006884 
488 15.312500 0.000000 -0.937500 99.806516 0.000000 5.326311 0.001029 
489 13.593750 0.000000 0.666667 99.596494 0.000000 5.617771 0.004898 
490 11.015625 0.000000 -0.135417 98.675226 0.000000 6.256031 0.022406 
491 11.015625 0.000000 -0.937500 98.721371 0.000000 4.225798 0.023623 
492 11.875000 0.000000 -0.135417 99.224877 0.000000 5.695400 0.012199 
493 11.015625 0.000000 0.666667 98.680185 0.000000 2.828789 0.025422 
494 9.726562 0.000000 -0.536458 96.525433 0.000000 6.464051 0.064106 
495 9.726562 0.000000 -0.937500 97.629696 0.000000 5.807800 0.043471 
496 10.156250 0.000000 -0.536458 97.244545 0.000000 4.695599 0.052145 
497 9.726562 0.000000 -0.135417 102.624572 0.000000 19.486387 -0.091152 
498 9.296875 0.000000 1.468750 82.404269 0.000000 0.453282 0.320933 
499 10.156250 0.000000 1.468750 98.729469 0.000000 2.546344 0.024601 
500 9.296875 0.000000 2.270833 99.580297 0.000000 2.986550 0.007485 
501 8.867188 0.000000 0.265625 95.437917 0.000000 -10.230421 0.078694 
502 9.296875 0.000000 0.265625 93.279308 0.000000 -11.738801 0.116117 
503 8.867188 0.000000 0.666667 96.817362 0.000000 -5.045318 0.060094 
504 9.082031 0.000000 -0.335938 100.459028 0.000000 16.680971 -0.037027 
505 8.867188 0.000000 -0.335938 100.860246 0.000000 15.916162 -0.042611 
506 9.082031 0.000000 -0.536458 97.063055 0.000000 9.052350 0.049682 
507 9.296875 0.000000 -0.335938 101.405275 0.000000 18.224957 -0.061518 
508 9.082031 0.000000 -0.135417 100.385241 0.000000 17.912604 -0.039806 
509 9.726562 0.000000 0.265625 93.568361 0.000000 -1.647290 0.124225 
510 10.156250 0.000000 0.265625 95.462948 0.000000 3.648728 0.087351 
511 9.726562 0.000000 0.666667 96.332886 0.000000 0.438868 0.071978 
512 9.511719 0.000000 0.065104 97.762197 0.000000 -2.056070 0.043833 
513 9.296875 0.000000 0.065104 95.963615 0.000000 0.078012 0.079098 
514 9.511719 0.000000 -0.135417 102.542158 0.000000 19.385009 -0.089067 
515 9.726562 0.000000 0.065104 99.572478 0.000000 -5.910825 0.005038 
516 9.511719 0.000000 0.265625 95.349298 0.000000 -13.993262 0.071270 
517 13.593750 0.000000 2.270833 99.913223 0.000000 4.890670 -0.000657 
518 15.312500 0.000000 2.270833 99.982508 0.000000 4.929090 -0.002080 
519 13.593750 0.000000 3.875000 99.864138 0.000000 6.814913 -0.001929 
520 11.015625 0.000000 1.468750 99.256620 0.000000 3.252613 0.013754 
521 11.875000 0.000000 1.468750 99.654047 0.000000 3.455153 0.005713 
522 11.015625 0.000000 2.270833 99.655061 0.000000 4.387414 0.004962 
523 10.585938 0.000000 0.265625 97.113576 0.000000 5.928787 0.053380 
524 10.585938 0.000000 -0.135417 97.912365 0.000000 6.691876 0.036839 
525 11.015625 0.000000 0.265625 97.905657 0.000000 7.435750 0.035919 
526 10.585938 0.000000 0.666667 98.114521 0.000000 2.433300 0.036762 
527 9.941406 0.000000 0.065104 98.467359 0.000000 -3.663171 0.029076 
528 9.941406 0.000000 -0.135417 104.305643 0.000000 25.306209 -0.152007 
529 10.156250 0.000000 0.065104 95.190072 0.000000 1.724443 0.093588 
530 9.941406 0.000000 0.265625 94.191283 0.000000 1.399152 0.112604 
531 11.015625 0.000000 -1.739583 98.890448 0.000000 5.698080 0.018821 
532 11.015625 0.000000 -2.541667 98.754755 0.000000 6.582882 0.020416 
533 11.875000 0.000000 -1.739583 99.126467 0.000000 5.749846 0.014088 
534 10.585938 0.000000 -0.536458 98.110417 0.000000 3.877350 0.035931 
535 10.585938 0.000000 -0.937500 98.311269 0.000000 4.397270 0.031556 
536 11.015625 0.000000 -0.536458 98.681682 0.000000 3.710973 0.024815 
537 9.941406 0.000000 -0.335938 95.732636 0.000000 6.277509 0.079586 
538 9.726562 0.000000 -0.335938 95.281858 0.000000 8.253971 0.085324 
539 9.941406 0.000000 -0.536458 96.789019 0.000000 5.416321 0.060255 
540 10.156250 0.000000 -0.335938 96.647234 0.000000 4.963792 0.063467 
541 9.833984 0.000000 -0.035156 103.075895 0.000000 13.539958 -0.080797 
542 9.726562 0.000000 -0.035156 101.308172 0.000000 5.744052 -0.029634 
543 9.833984 0.000000 -0.135417 103.581840 0.000000 21.282384 -0.118214 
544 9.941406 0.000000 -0.035156 99.107005 0.000000 8.134731 0.011163 
545 9.833984 0.000000 0.065104 100.759822 0.000000 -10.221977 -0.025703 
546 10.371094 0.000000 0.065104 96.961854 0.000000 1.804871 0.059514 
547 10.371094 0.000000 -0.135417 97.006871 0.000000 3.010539 0.058060 
548 10.585938 0.000000 0.065104 97.763848 0.000000 1.808732 0.043896 
549 10.371094 0.000000 0.265625 96.465799 0.000000 4.962089 0.066973 
550 10.048828 0.000000 -0.035156 99.101980 0.000000 26.760291 -0.053732 
551 10.048828 0.000000 -0.135417 94.240839 0.000000 4.072772 0.110208 
552 10.156250 0.000000 -0.035156 95.166120 0.000000 2.415227 0.093758 
553 10.048828 0.000000 0.065104 92.874437 0.000000 0.988189 0.137336 
554 9.726562 0.000000 1.067708 97.515542 0.000000 1.359711 0.048887 
555 9.296875 0.000000 1.067708 78.708103 0.000000 -0.573598 0.380471 
556 10.156250 0.000000 1.067708 98.184178 0.000000 1.970957 0.035598 
557 9.726562 0.000000 1.468750 98.234080 0.000000 2.102202 0.034565 
558 9.941406 0.000000 0.466146 95.955388 0.000000 0.897244 0.079176 
559 9.726562 0.000000 0.466146 95.390484 0.000000 -0.242491 0.090060 
560 10.156250 0.000000 0.466146 96.623076 0.000000 1.899513 0.066037 
561 9.941406 0.000000 0.666667 96.823220 0.000000 1.085303 0.062409 
562 9.833984 0.000000 0.165365 99.765245 0.000000 -19.289509 -0.032519 
563 9.726562 0.000000 0.165365 97.369057 0.000000 -13.652669 0.033287 
564 9.941406 0.000000 0.165365 92.939729 0.000000 -1.321942 0.136046 
565 9.833984 0.000000 0.265625 93.825511 0.000000 -0.102086 0.119676 
566 9.887695 0.000000 0.014974 99.822227 0.000000 1.251856 0.003396 
567 9.833984 0.000000 0.014974 101.372129 0.000000 -2.658240 -0.028337 
568 9.887695 0.000000 -0.035156 100.215268 0.000000 5.364058 -0.007187 
569 9.941406 0.000000 0.014974 97.933340 0.000000 -5.531669 0.037846 
570 9.887695 0.000000 0.065104 99.836119 0.000000 -3.926528 0.001733 
571 18.750000 0.000000 39.166667 99.366436 0.000000 11.525498 -0.000653 
572 5.000000 0.000000 39.166667 99.371295 0.000000 11.558147 -0.000825 
573 32.500000 0.000000 39.166667 99.356219 0.000000 11.503626 -0.000399 
574 18.750000 0.000000 52.000000 99.349305 0.000000 11.565650 -0.000405 
575 11.875000 0.000000 19.916667 99.472171 0.000000 11.295515 -0.002230 
576 5.000000 0.000000 19.916667 99.492896 0.000000 11.409456 -0.002901 
577 18.750000 0.000000 19.916667 99.436037 0.000000 11.222180 -0.001346 
578 11.875000 0.000000 26.333333 99.446316 0.000000 11.434432 -0.002032 
579 8.437500 0.000000 10.291667 99.816943 0.000000 10.577979 -0.007532 
580 5.000000 0.000000 10.291667 99.900042 0.000000 10.905671 -0.009895 
581 11.875000 0.000000 10.291667 99.714429 0.000000 10.355410 -0.005020 
582 8.437500 0.000000 13.500000 99.711709 0.000000 10.998362 -0.006339 
583 10.156250 0.000000 5.479167 100.009727 0.000000 8.314246 -0.007107 
584 8.437500 0.000000 5.479167 100.401699 0.000000 8.356697 -0.015034 
585 11.875000 0.000000 5.479167 99.956493 0.000000 8.143938 -0.005762 
586 10.156250 0.000000 7.083333 100.013764 0.000000 9.279677 -0.008887 
587 9.296875 0.000000 3.072917 100.310632 0.000000 5.142953 -0.008867 
588 8.437500 0.000000 3.072917 100.917636 0.000000 5.217859 -0.021160 
589 10.156250 0.000000 3.072917 100.099824 0.000000 5.208908 -0.004711 
590 9.296875 0.000000 3.875000 100.505447 0.000000 6.431080 -0.014270 
591 8.867188 0.000000 1.869792 102.774842 0.000000 -1.582284 -0.056517 
592 8.437500 0.000000 1.869792 105.404601 0.000000 -0.436866 -0.111032 
593 8.867188 0.000000 1.468750 101.353368 0.000000 -0.855395 -0.027324 
594 9.296875 0.000000 1.869792 97.533197 0.000000 1.672959 0.048448 
595 8.867188 0.000000 2.270833 100.638265 0.000000 2.459671 -0.013411 
596 9.726562 0.000000 1.869792 98.989395 0.000000 2.683249 0.019390 
597 10.156250 0.000000 1.869792 99.187601 0.000000 3.292425 0.015098 
598 9.726562 0.000000 2.270833 99.496859 0.000000 3.591850 0.008747 
599 6.718750 0.000000 5.479167 100.887850 0.000000 8.716055 -0.025433 
600 5.000000 0.000000 5.479167 101.106058 0.000000 9.512815 -0.031293 
601 6.718750 0.000000 7.083333 100.282995 0.000000 9.818889 -0.015309 
602 7.578125 0.000000 3.072917 100.833959 0.000000 5.585319 -0.019868 
603 6.718750 0.000000 3.072917 101.027726 0.000000 5.856708 -0.024090 
604 7.578125 0.000000 3.875000 101.242305 0.000000 6.640708 -0.029410 
605 8.867188 0.000000 2.671875 100.610462 0.000000 4.119594 -0.013944 
606 8.437500 0.000000 2.671875 100.823116 0.000000 4.474105 -0.018532 
607 9.296875 0.000000 2.671875 100.107155 0.000000 4.269618 -0.003967 
608 8.867188 0.000000 3.072917 100.567626 0.000000 5.203955 -0.014093 
609 9.082031 0.000000 2.070312 99.629779 0.000000 0.100216 0.007390 
610 8.867188 0.000000 2.070312 112.465032 0.000000 -0.748328 -0.264894 
611 9.082031 0.000000 1.869792 94.698104 0.000000 -0.869217 0.103151 
612 9.296875 0.000000 2.070312 98.762918 0.000000 2.121302 0.024139 
613 9.082031 0.000000 2.270833 99.946226 0.000000 2.618462 0.000390 
614 8.867188 0.000000 1.067708 97.639426 0.000000 -2.757304 0.045894 
615 8.437500 0.000000 1.067708 104.341458 0.000000 -2.126345 -0.089166 
616 9.082031 0.000000 1.669271 91.967020 0.000000 -0.102393 0.154206 
617 8.867188 0.000000 1.669271 101.915884 0.000000 -0.674991 -0.038730 
618 9.082031 0.000000 1.468750 89.344051 0.000000 -0.404315 0.201748 
619 9.296875 0.000000 1.669271 96.912665 0.000000 1.534325 0.060558 
620 11.015625 0.000000 3.072917 99.965815 0.000000 5.379266 -0.002210 
621 11.875000 0.000000 3.072917 99.907452 0.000000 5.703071 -0.001402 
622 11.015625 0.000000 3.875000 100.028340 0.000000 6.604335 -0.004929 
623 9.726562 0.000000 2.671875 99.958448 0.000000 4.453156 -0.001152 
624 10.156250 0.000000 2.671875 99.895483 0.000000 4.570887 -0.000000 
625 9.726562 0.000000 3.072917 100.119856 0.000000 5.241608 -0.005146 
626 9.511719 0.000000 2.070312 99.153113 0.000000 2.802348 0.016081 
627 9.511719 0.000000 1.869792 98.592171 0.000000 2.501461 0.027333 
628 9.726562 0.000000 2.070312 99.269647 0.000000 3.157925 0.013556 
629 9.511719 0.000000 2.270833 99.518402 0.000000 3.346770 0.008489 
630 9.189453 0.000000 1.970052 82.833789 0.000000 -0.942399 0.313768 
631 9.082031 0.000000 1.970052 104.804807 0.000000 -1.855834 -0.098749 
632 9.189453 0.000000 1.869792 83.089320 0.000000 0.797957 0.309553 
633 9.296875 0.000000 1.970052 98.086791 0.000000 1.813952 0.037569 
634 9.189453 0.000000 2.070312 98.732513 0.000000 0.907357 0.025107 
635 8.007812 0.000000 1.869792 78.736227 0.000000 23.274740 0.325889 
636 7.578125 0.000000 1.869792 98.689585 0.000000 4.344126 0.024149 
637 8.007812 0.000000 1.468750 96.571191 0.000000 9.366408 0.058628 
638 8.007812 0.000000 2.270833 100.473988 0.000000 5.328265 -0.012341 
639 8.652344 0.000000 2.070312 111.218449 0.000000 -0.579688 -0.236988 
640 8.437500 0.000000 2.070312 108.623874 0.000000 -0.213091 -0.179919 
641 8.652344 0.000000 1.869792 104.230996 0.000000 -1.065826 -0.086524 
642 8.652344 0.000000 2.270833 101.258818 0.000000 2.951265 -0.026206 
643 8.974609 0.000000 1.970052 108.748530 0.000000 -1.987546 -0.183019 
644 8.867188 0.000000 1.970052 109.281763 0.000000 -1.870978 -0.194600 
645 8.974609 0.000000 1.869792 101.569410 0.000000 -1.686530 -0.031919 
646 8.974609 0.000000 2.070312 100.518612 0.000000 0.169447 -0.010402 
647 9.082031 0.000000 2.471354 100.285816 0.000000 3.432931 -0.006903 
648 8.867188 0.000000 2.471354 100.505138 0.000000 3.592800 -0.011419 
649 9.296875 0.000000 2.471354 99.947091 0.000000 3.725985 -0.000330 
650 9.082031 0.000000 2.671875 100.394490 0.000000 4.147672 -0.009626 
651 9.189453 0.000000 2.170573 99.444748 0.000000 1.992163 0.010677 
652 9.082031 0.000000 2.170573 99.819536 0.000000 1.732842 0.003306 
653 9.296875 0.000000 2.170573 99.281151 0.000000 2.541459 0.013679 
654 9.189453 0.000000 2.270833 99.748283 0.000000 2.735815 0.004280 
655 9.135742 0.000000 2.020182 104.129737 0.000000 -1.010499 -0.084402 
656 9.082031 0.000000 2.020182 111.447469 0.000000 -1.102454 -0.242175 
657 9.135742 0.000000 1.970052 87.441725 0.000000 -1.828939 0.235060 
658 9.189453 0.000000 2.020182 97.552050 0.000000 0.088006 0.048359 
659 9.135742 0.000000 2.070312 99.070860 0.000000 0.375509 0.018482 
660 8.974609 0.000000 2.170573 100.315094 0.000000 1.552305 -0.006553 
661 8.867188 0.000000 2.170573 100.813090 0.000000 1.644847 -0.016598 
662 8.974609 0.000000 2.270833 100.300080 0.000000 2.468764 -0.006620 
663 9.028320 0.000000 2.020182 112.232812 0.000000 -1.044284 -0.259729 
664 8.974609 0.000000 2.020182 112.856870 0.000000 -0.689110 -0.273715 
665 9.028320 0.000000 1.970052 107.473689 0.000000 -2.109974 -0.155505 
666 9.028320 0.000000 2.070312 100.105454 0.000000 0.148356 -0.002112 
667 8.652344 0.000000 1.669271 103.840080 0.000000 -0.583511 -0.078310 
668 8.437500 0.000000 1.669271 105.499653 0.000000 -0.491493 -0.113042 
669 8.652344 0.000000 1.468750 103.871032 0.000000 -0.611022 -0.078956 
670 8.974609 0.000000 1.769531 100.607466 0.000000 -0.884427 -0.012264 
671 8.867188 0.000000 1.769531 102.261559 0.000000 -0.917932 -0.045827 
672 8.974609 0.000000 1.669271 98.016532 0.000000 -0.528774 0.039248 
673 9.082031 0.000000 1.769531 92.776429 0.000000 -0.260426 0.139247 
674 9.028320 0.000000 1.919922 101.103653 0.000000 -2.739865 -0.022946 
675 8.974609 0.000000 1.919922 102.145665 0.000000 -2.400152 -0.043950 
676 9.028320 0.000000 1.869792 99.447907 0.000000 -1.410214 0.010813 
677 9.082031 0.000000 1.919922 97.039116 0.000000 -2.096321 0.057902 
678 9.055176 0.000000 1.995117 111.049429 0.000000 -1.259576 -0.233356 
679 9.028320 0.000000 1.995117 111.326415 0.000000 -1.284783 -0.239522 
680 9.055176 0.000000 1.970052 105.062004 0.000000 -2.492111 -0.104424 
681 9.082031 0.000000 1.995117 111.048627 0.000000 -1.024028 -0.233285 
682 9.055176 0.000000 2.020182 111.757951 0.000000 -1.106985 -0.249107 
683 9.511719 0.000000 1.669271 98.154429 0.000000 2.152058 0.036108 
684 9.511719 0.000000 1.468750 97.695976 0.000000 1.879892 0.045196 
685 9.726562 0.000000 1.669271 98.562288 0.000000 2.503985 0.027921 
686 9.189453 0.000000 1.769531 85.062359 0.000000 0.626973 0.276400 
687 9.189453 0.000000 1.669271 87.926109 0.000000 0.420891 0.226882 
688 9.296875 0.000000 1.769531 97.113028 0.000000 1.666824 0.056628 
689 9.135742 0.000000 1.919922 87.604084 0.000000 -0.765523 0.232494 
690 9.135742 0.000000 1.869792 86.487849 0.000000 0.314687 0.251975 
691 9.189453 0.000000 1.919922 83.203561 0.000000 0.788724 0.307655 
692 9.108887 0.000000 1.995117 107.719406 0.000000 -1.040107 -0.160455 
693 9.108887 0.000000 1.970052 98.178890 0.000000 -2.147058 0.035630 
694 9.135742 0.000000 1.995117 96.861341 0.000000 -0.607289 0.061751 
695 9.108887 0.000000 2.020182 109.647560 0.000000 -0.863737 -0.202333 
696 9.028320 0.000000 2.120443 100.037386 0.000000 1.020457 -0.000852 
697 8.974609 0.000000 2.120443 100.356917 0.000000 0.980063 -0.007247 
698 9.082031 0.000000 2.120443 99.716771 0.000000 1.095623 0.005537 
699 9.028320 0.000000 2.170573 100.046999 0.000000 1.596881 -0.001195 
700 9.055176 0.000000 2.045247 113.390508 0.000000 -0.687279 -0.285788 
701 9.028320 0.000000 2.045247 113.149939 0.000000 -0.718869 -0.280343 
702 9.082031 0.000000 2.045247 99.705964 0.000000 -0.633184 0.005832 
703 9.055176 0.000000 2.070312 99.861000 0.000000 0.097002 0.002777 
704 9.068604 0.000000 2.007650 111.426570 0.000000 -1.115021 -0.241712 
705 9.055176 0.000000 2.007650 112.046316 0.000000 -1.075883 -0.255553 
706 9.068604 0.000000 1.995117 110.953065 0.000000 -1.229498 -0.231209 
707 9.082031 0.000000 2.007650 112.094810 0.000000 -0.957360 -0.256616 
708 9.068604 0.000000 2.020182 112.427080 0.000000 -0.954191 -0.264076 
709 9.082031 0.000000 0.065104 94.213891 0.000000 -3.524055 0.111132 
710 8.867188 0.000000 0.065104 97.565091 0.000000 -6.181535 0.044284 
711 9.082031 0.000000 0.265625 89.403280 0.000000 -10.893212 0.188839 
712 9.082031 0.000000 0.466146 87.453135 0.000000 -7.399290 0.229720 
713 8.867188 0.000000 0.466146 94.825315 0.000000 -7.167928 0.095678 
714 9.296875 0.000000 0.466146 93.695568 0.000000 -2.511141 0.121483 
715 9.082031 0.000000 0.666667 86.774765 0.000000 -4.482348 0.245005 
716 9.189453 0.000000 0.165365 91.532081 0.000000 -10.739032 0.150655 
717 9.082031 0.000000 0.165365 90.413136 0.000000 -10.411445 0.171707 
718 9.189453 0.000000 0.065104 94.931646 0.000000 -0.166695 0.098795 
719 9.296875 0.000000 0.165365 93.390127 0.000000 -10.490375 0.116824 
720 9.189453 0.000000 0.265625 90.435510 0.000000 -11.184111 0.169633 
721 8.652344 0.000000 0.065104 102.114999 0.000000 -6.544733 -0.047031 
722 8.437500 0.000000 0.065104 109.848826 0.000000 -6.696789 -0.211161 
723 8.652344 0.000000 -0.135417 102.048008 0.000000 14.170789 -0.061461 
724 8.652344 0.000000 0.265625 103.432298 0.000000 -10.488493 -0.080825 
725 8.974609 0.000000 0.165365 91.984647 0.000000 -9.566690 0.144730 
726 8.867188 0.000000 0.165365 96.133474 0.000000 -8.952915 0.067820 
727 8.974609 0.000000 0.065104 94.613068 0.000000 0.709786 0.104786 
728 8.974609 0.000000 0.265625 88.017877 0.000000 -13.560160 0.206898 
729 9.511719 0.000000 0.466146 94.796521 0.000000 -1.478835 0.101143 
730 9.511719 0.000000 0.666667 95.766777 0.000000 -0.403370 0.082856 
731 9.189453 0.000000 0.365885 87.867357 0.000000 -11.478127 0.214758 
732 9.082031 0.000000 0.365885 85.938711 0.000000 -8.519546 0.254196 
733 9.296875 0.000000 0.365885 92.533429 0.000000 -14.762871 0.121962 
734 9.189453 0.000000 0.466146 83.385424 0.000000 -6.441197 0.300538 
735 9.135742 0.000000 0.215495 90.442737 0.000000 -11.734454 0.168241 
736 9.082031 0.000000 0.215495 89.648993 0.000000 -11.436599 0.183226 
737 9.135742 0.000000 0.165365 90.699411 0.000000 -10.361930 0.166625 
738 9.189453 0.000000 0.215495 90.755734 0.000000 -11.654385 0.162757 
739 9.135742 0.000000 0.265625 89.821269 0.000000 -11.197293 0.180676 
740 9.404297 0.000000 0.165365 94.488696 0.000000 -11.020650 0.095043 
741 9.404297 0.000000 0.065104 96.985035 0.000000 0.863035 0.059316 
742 9.511719 0.000000 0.165365 95.845928 0.000000 -9.324052 0.072662 
743 9.404297 0.000000 0.265625 94.251818 0.000000 -13.673355 0.092963 
744 9.243164 0.000000 0.215495 92.151487 0.000000 -10.413630 0.139966 
745 9.243164 0.000000 0.165365 93.071219 0.000000 -10.555524 0.122633 
746 9.296875 0.000000 0.215495 93.382238 0.000000 -11.001232 0.115873 
747 9.243164 0.000000 0.265625 90.501667 0.000000 -11.145538 0.168523 
748 9.404297 0.000000 0.365885 93.765592 0.000000 -2.978674 0.119914 
749 9.511719 0.000000 0.365885 94.125327 0.000000 -2.401078 0.113466 
750 9.404297 0.000000 0.466146 94.370907 0.000000 -2.026562 0.109003 
751 9.243164 0.000000 0.315755 89.122907 0.000000 -11.851528 0.191665 
752 9.189453 0.000000 0.315755 89.760871 0.000000 -11.385259 0.181336 
753 9.296875 0.000000 0.315755 93.049376 0.000000 -13.470136 0.116037 
754 9.243164 0.000000 0.365885 86.562536 0.000000 -11.683815 0.237042 
755 9.216309 0.000000 0.240560 90.992136 0.000000 -11.124778 0.159667 
756 9.189453 0.000000 0.240560 90.328838 0.000000 -11.264650 0.171381 
757 9.216309 0.000000 0.215495 91.527907 0.000000 -9.951041 0.152362 
758 9.243164 0.000000 0.240560 91.435779 0.000000 -11.613971 0.150461 
759 9.216309 0.000000 0.265625 90.657313 0.000000 -10.890811 0.166264 
760 -36.250000 0.000000 -37.833333 99.311348 0.000000 11.610952 0.000244 
761 -50.000000 0.000000 -37.833333 99.316481 0.000000 11.612156 0.000139 
762 -36.250000 0.000000 -50.666667 99.313453 0.000000 11.608533 0.000208 
763 46.250000 0.000000 -37.833333 99.317638 0.000000 11.531871 0.000302 
764 46.250000 0.000000 -50.666667 99.316631 0.000000 11.565407 0.000245 
765 60.000000 0.000000 -37.833333 99.322996 0.000000 11.535596 0.000187 
766 -8.750000 0.000000 39.166667 99.362627 0.000000 11.588964 -0.000724 
767 -22.500000 0.000000 39.166667 99.348755 0.000000 11.605255 -0.000486 
768 -8.750000 0.000000 52.000000 99.347572 0.000000 11.593978 -0.000436 
769 -36.250000 0.000000 39.166667 99.338562 0.000000 11.610799 -0.000296 
770 -50.000000 0.000000 39.166667 99.332643 0.000000 11.612064 -0.000181 
771 -36.250000 0.000000 52.000000 99.336201 0.000000 11.608100 -0.000243 
772 -15.625000 0.000000 -18.583333 99.255945 0.000000 11.630754 0.001298 
773 -22.500000 0.000000 -18.583333 99.284999 0.000000 11.629425 0.000725 
774 -15.625000 0.000000 -25.000000 99.267969 0.000000 11.615511 0.001095 
775 46.250000 0.000000 39.166667 99.349014 0.000000 11.489450 -0.000223 
776 60.000000 0.000000 39.166667 99.345534 0.000000 11.477276 -0.000126 
777 46.250000 0.000000 52.000000 99.341049 0.000000 11.546534 -0.000197 
778 25.625000 0.000000 -18.583333 99.283733 0.000000 11.284926 0.001539 
779 25.625000 0.000000 -25.000000 99.264777 0.000000 11.409379 0.001633 
780 32.500000 0.000000 -18.583333 99.319321 0.000000 11.317990 0.000758 
781 -1.875000 0.000000 19.916667 99.467481 0.000000 11.525254 -0.002661 
782 -8.750000 0.000000 19.916667 99.417277 0.000000 11.590529 -0.001814 
783 -1.875000 0.000000 26.333333 99.440877 0.000000 11.556666 -0.002204 
784 -15.625000 0.000000 19.916667 99.397258 0.000000 11.632900 -0.001514 
785 -22.500000 0.000000 19.916667 99.358326 0.000000 11.621472 -0.000714 
786 -15.625000 0.000000 26.333333 99.372755 0.000000 11.605620 -0.000963 
787 -5.312500 0.000000 -8.958333 99.054272 0.000000 11.611477 0.005342 
788 -8.750000 0.000000 -8.958333 99.213029 0.000000 11.590328 0.002244 
789 -5.312500 0.000000 -12.166667 99.191997 0.000000 11.532989 0.002794 
790 25.625000 0.000000 19.916667 99.433209 0.000000 11.154901 -0.001139 
791 32.500000 0.000000 19.916667 99.403210 0.000000 11.133592 -0.000496 
792 25.625000 0.000000 26.333333 99.389702 0.000000 11.372505 -0.000765 
793 15.312500 0.000000 -8.958333 99.198661 0.000000 10.471989 0.004996 
794 15.312500 0.000000 -12.166667 99.255911 0.000000 10.971671 0.002789 
795 18.750000 0.000000 -8.958333 99.323804 0.000000 10.568639 0.002309 
796 1.562500 0.000000 10.291667 99.819977 0.000000 11.289358 -0.009148 
797 -1.875000 0.000000 10.291667 99.666496 0.000000 11.527368 -0.006629 
798 1.562500 0.000000 13.500000 99.736919 0.000000 11.392371 -0.007724 
799 -5.312500 0.000000 10.291667 99.559130 0.000000 11.655317 -0.004787 
800 -8.750000 0.000000 10.291667 99.453034 0.000000 11.655394 -0.002675 
801 -5.312500 0.000000 13.500000 99.501069 0.000000 11.584891 -0.003467 
802 -3.593750 0.000000 -4.145833 98.776570 0.000000 11.660028 0.010723 
803 -5.312500 0.000000 -4.145833 99.025762 0.000000 11.623653 0.005879 
804 -3.593750 0.000000 -5.750000 98.988731 0.000000 11.456921 0.006997 
805 15.312500 0.000000 10.291667 99.623801 0.000000 10.234778 -0.002965 
806 18.750000 0.000000 10.291667 99.518918 0.000000 10.216655 -0.000840 
807 15.312500 0.000000 13.500000 99.521076 0.000000 10.805241 -0.002120 
808 3.281250 0.000000 5.479167 101.146283 0.000000 10.410435 -0.033895 
809 1.562500 0.000000 5.479167 100.864413 0.000000 11.322839 -0.030184 
810 3.281250 0.000000 7.083333 100.446738 0.000000 10.783903 -0.020584 
811 -0.156250 0.000000 5.479167 100.270242 0.000000 11.700557 -0.019102 
812 -1.875000 0.000000 5.479167 99.946424 0.000000 11.882633 -0.013048 
813 -0.156250 0.000000 7.083333 100.015134 0.000000 11.518659 -0.013571 
814 -3.593750 0.000000 5.479167 99.628724 0.000000 11.863824 -0.006663 
815 -5.312500 0.000000 5.479167 99.461747 0.000000 11.740426 -0.003048 
816 -3.593750 0.000000 7.083333 99.619113 0.000000 11.703297 -0.006093 
817 -0.585938 0.000000 1.067708 97.546997 0.000000 14.968588 0.026052 
818 -1.015625 0.000000 1.067708 97.832252 0.000000 13.927545 0.023487 
819 -0.585938 0.000000 1.468750 98.616303 0.000000 14.390529 0.006774 
820 0.273438 0.000000 -1.338542 95.858496 0.000000 8.179443 0.074425 
821 -0.156250 0.000000 -1.338542 95.948592 0.000000 9.524348 0.070315 
822 0.273438 0.000000 -1.739583 96.078806 0.000000 9.492797 0.067875 
823 0.488281 0.000000 -0.736979 92.758420 0.000000 -0.769329 0.139528 
824 0.273438 0.000000 -0.736979 91.738051 0.000000 2.032405 0.158000 
825 0.488281 0.000000 -0.937500 94.416632 0.000000 3.620965 0.107239 
826 0.917969 0.000000 0.065104 -0.732675 0.000000 0.078646 0.999946 
827 1.132812 0.000000 0.065104 -0.448634 0.000000 0.122447 0.999978 
828 1.347656 0.000000 0.466146 110.530689 0.000000 16.399000 -0.248596 
829 1.347656 0.000000 0.265625 -0.077729 0.000000 0.083281 0.999999 
830 1.347656 0.000000 0.666667 110.603921 0.000000 15.816243 -0.248338 
831 1.347656 0.000000 -0.736979 98.476513 0.000000 -10.087384 0.020062 
832 1.347656 0.000000 -0.937500 97.027396 0.000000 2.100201 0.058127 
833 1.347656 0.000000 -0.536458 98.298399 0.000000 -10.792536 0.022095 
834 1.347656 0.000000 -0.335938 -0.745546 0.000000 0.444726 0.999925 
835 1.562500 0.000000 -0.335938 -0.379599 0.000000 0.229103 0.999980 
836 1.347656 0.000000 -0.135417 -0.238631 0.000000 0.321170 0.999984 
837 -0.585938 0.000000 -1.338542 95.867874 0.000000 10.816312 0.069236 
838 -1.015625 0.000000 -1.338542 96.743917 0.000000 11.229048 0.051452 
839 -0.585938 0.000000 -1.739583 96.662930 0.000000 10.793335 0.053978 
840 2.851562 0.000000 1.067708 108.204007 0.000000 7.690102 -0.176724 
841 3.281250 0.000000 1.067708 108.040020 0.000000 5.512832 -0.170304 
842 2.851562 0.000000 1.468750 106.577493 0.000000 9.000369 -0.143977 
843 2.851562 0.000000 -1.338542 94.865398 0.000000 5.530810 0.096997 
844 2.851562 0.000000 -1.739583 95.585332 0.000000 6.903156 0.081579 
845 3.281250 0.000000 -1.338542 95.483514 0.000000 4.804890 0.085981 
846 1.777344 0.000000 -0.335938 0.242300 0.000000 0.039091 0.999994 
847 1.992188 0.000000 -0.335938 97.031539 0.000000 -5.298167 0.055681 
848 1.777344 0.000000 -0.135417 0.409597 0.000000 0.437523 0.999964 
849 5.859375 0.000000 3.072917 101.722178 0.000000 6.152472 -0.038525 
850 5.000000 0.000000 3.072917 102.318161 0.000000 6.881960 -0.051637 
851 5.859375 0.000000 3.875000 101.797630 0.000000 7.388192 -0.041734 
852 3.710938 0.000000 1.067708 107.047332 0.000000 3.776898 -0.147340 
853 3.710938 0.000000 1.468750 106.049024 0.000000 5.586331 -0.127760 
854 3.710938 0.000000 -1.338542 96.340336 0.000000 4.169343 0.070116 
855 3.710938 0.000000 -1.739583 96.586666 0.000000 5.771031 0.063771 
856 4.785156 0.000000 0.466146 106.792562 0.000000 -0.386033 -0.140480 
857 4.785156 0.000000 0.265625 106.832888 0.000000 -0.146065 -0.141329 
858 4.785156 0.000000 0.666667 106.846621 0.000000 -0.049203 -0.141620 
859 6.289062 0.000000 1.067708 100.763465 0.000000 -1.608433 -0.015586 
860 6.289062 0.000000 1.468750 101.320156 0.000000 1.236249 -0.026730 
861 4.785156 0.000000 -0.736979 106.661288 0.000000 0.791873 -0.137726 
862 4.785156 0.000000 -0.937500 106.569907 0.000000 1.143100 -0.135845 
863 4.785156 0.000000 -0.536458 106.330092 0.000000 2.419765 -0.131194 
864 6.289062 0.000000 -1.338542 100.228492 0.000000 8.156495 -0.011228 
865 6.289062 0.000000 -1.739583 99.509903 0.000000 7.528140 0.004111 
866 6.718750 0.000000 -1.338542 99.342208 0.000000 8.074161 0.006593 
867 13.593750 0.000000 -4.145833 99.299303 0.000000 8.667497 0.006452 
868 13.593750 0.000000 -5.750000 99.233964 0.000000 9.548143 0.006145 
869 15.312500 0.000000 -4.145833 99.369625 0.000000 8.730434 0.004946 
870 13.593750 0.000000 5.479167 99.783598 0.000000 8.222349 -0.002437 
871 15.312500 0.000000 5.479167 99.772545 0.000000 8.135773 -0.002075 
872 13.593750 0.000000 7.083333 99.751693 0.000000 9.180707 -0.003469 
873 8.007812 0.000000 1.067708 106.529950 0.000000 -1.546919 -0.135102 
874 7.148438 0.000000 1.869792 99.990199 0.000000 3.542926 -0.001059 
875 6.718750 0.000000 1.869792 100.577551 0.000000 2.994508 -0.012481 
876 7.148438 0.000000 2.270833 100.192999 0.000000 4.271391 -0.005688 
877 6.933594 0.000000 0.065104 8.469634 0.000000 -1.263836 0.992667 
878 6.718750 0.000000 0.065104 7.115488 0.000000 -0.916825 0.994853 
879 7.148438 0.000000 0.065104 11.681150 0.000000 -1.941669 0.985978 
880 7.148438 0.000000 -1.338542 98.775737 0.000000 7.800771 0.018250 
881 7.148438 0.000000 -1.739583 98.541366 0.000000 7.189238 0.023791 
882 7.578125 0.000000 -1.338542 98.296381 0.000000 7.379528 0.028336 
883 7.363281 0.000000 -0.335938 101.657652 0.000000 12.683217 -0.049514 
884 7.363281 0.000000 -0.536458 101.729432 0.000000 12.663530 -0.050924 
885 7.363281 0.000000 -0.135417 15.019131 0.000000 -0.424899 0.977425 
886 8.652344 0.000000 -0.335938 101.721198 0.000000 15.027800 -0.057304 
887 8.437500 0.000000 -0.335938 102.510639 0.000000 14.543379 -0.071994 
888 8.652344 0.000000 -0.536458 97.646248 0.000000 9.517230 0.037463 
889 9.511719 0.000000 -0.335938 95.253660 0.000000 10.292019 0.082081 
890 9.511719 0.000000 -0.536458 96.512852 0.000000 7.436338 0.062997 
891 8.652344 0.000000 0.466146 101.039951 0.000000 -5.625454 -0.024072 
892 8.437500 0.000000 0.466146 102.937721 0.000000 -7.027214 -0.064556 
893 8.652344 0.000000 0.666667 101.649160 0.000000 -3.830937 -0.034723 
894 9.619141 0.000000 0.165365 96.710694 0.000000 -12.786778 0.048354 
895 9.619141 0.000000 0.065104 98.458807 0.000000 -2.070329 0.030158 
896 9.619141 0.000000 0.265625 95.059112 0.000000 -15.776635 0.071486 
897 10.585938 0.000000 1.067708 98.638046 0.000000 2.444041 0.026456 
898 11.015625 0.000000 1.067708 99.013153 0.000000 2.791343 0.018860 
899 10.585938 0.000000 1.468750 99.046340 0.000000 2.916721 0.018132 
900 10.585938 0.000000 1.869792 99.332308 0.000000 3.481477 0.012097 
901 11.015625 0.000000 1.869792 99.520128 0.000000 3.706616 0.008201 
902 10.585938 0.000000 2.270833 99.691784 0.000000 4.057412 0.004509 
903 10.371094 0.000000 0.466146 97.237723 0.000000 2.560860 0.053827 
904 10.585938 0.000000 0.466146 97.738724 0.000000 3.003443 0.043812 
905 10.371094 0.000000 0.666667 97.739730 0.000000 2.122080 0.044244 
906 10.048828 0.000000 0.165365 94.368060 0.000000 0.435915 0.109448 
907 10.156250 0.000000 0.165365 95.605224 0.000000 1.221273 0.085815 
908 10.048828 0.000000 0.265625 94.819996 0.000000 2.654993 0.100212 
909 10.371094 0.000000 -0.335938 97.442529 0.000000 4.321446 0.048628 
910 10.371094 0.000000 -0.536458 97.713392 0.000000 4.186131 0.043457 
911 10.585938 0.000000 -0.335938 98.014526 0.000000 4.084639 0.037647 
912 8.007812 0.000000 2.671875 100.569782 0.000000 5.008879 -0.013937 
913 7.578125 0.000000 2.671875 100.593448 0.000000 4.914420 -0.014319 
914 8.007812 0.000000 3.072917 100.846561 0.000000 5.404018 -0.019923 
915 8.652344 0.000000 2.471354 100.892987 0.000000 3.719048 -0.019323 
916 8.437500 0.000000 2.471354 101.044368 0.000000 4.112353 -0.022688 
917 8.652344 0.000000 2.671875 100.698210 0.000000 4.270762 -0.015837 
918 10.585938 0.000000 2.671875 99.796901 0.000000 4.812290 0.001742 
919 11.015625 0.000000 2.671875 99.894620 0.000000 4.830465 -0.000227 
920 10.585938 0.000000 3.072917 100.062223 0.000000 5.326685 -0.004082 
921 9.511719 0.000000 2.471354 99.903962 0.000000 3.759113 0.000507 
922 9.726562 0.000000 2.471354 99.760103 0.000000 4.032903 0.003166 
923 9.511719 0.000000 2.671875 99.923315 0.000000 4.353296 -0.000362 
924 9.135742 0.000000 2.120443 99.417985 0.000000 1.204617 0.011461 
925 9.189453 0.000000 2.120443 99.203954 0.000000 1.509864 0.015630 
926 9.135742 0.000000 2.170573 99.640170 0.000000 1.744691 0.006879 
927 9.108887 0.000000 2.045247 99.319784 0.000000 -0.659984 0.013514 
928 9.135742 0.000000 2.045247 98.865755 0.000000 -0.562198 0.022525 
929 9.108887 0.000000 2.070312 99.365796 0.000000 0.161647 0.012641 
930 8.974609 0.000000 0.365885 88.639779 0.000000 -9.406988 0.205450 
931 8.867188 0.000000 0.365885 94.929180 0.000000 -8.621697 0.091412 
932 8.974609 0.000000 0.466146 92.181796 0.000000 -8.421001 0.143160 
933 9.619141 0.000000 0.365885 94.421528 0.000000 -1.549682 0.108217 
934 9.726562 0.000000 0.365885 94.673681 0.000000 -0.743398 0.103634 
935 9.619141 0.000000 0.466146 95.112272 0.000000 -0.848594 0.095294 
936 9.135742 0.000000 0.315755 88.294129 0.000000 -11.425422 0.207361 
937 9.082031 0.000000 0.315755 87.402664 0.000000 -10.434765 0.225189 
938 9.135742 0.000000 0.365885 86.284683 0.000000 -9.769644 0.245951 
939 4.140625 0.000000 3.072917 102.929419 0.000000 8.150700 -0.066090 
940 3.281250 0.000000 3.072917 103.265354 0.000000 9.473463 -0.075348 
941 4.140625 0.000000 3.875000 102.273639 0.000000 8.940813 -0.053984 
942 2.421875 0.000000 3.072917 102.755972 0.000000 10.840360 -0.067630 
943 1.562500 0.000000 3.072917 102.022587 0.000000 11.878724 -0.054971 
944 2.421875 0.000000 3.875000 102.112500 0.000000 10.888741 -0.054553 
945 0.058594 0.000000 -0.736979 91.702421 0.000000 5.158359 0.156406 
946 -0.156250 0.000000 -0.736979 92.505844 0.000000 7.753048 0.138256 
947 0.058594 0.000000 -0.937500 93.806205 0.000000 6.909168 0.115266 
948 1.347656 0.000000 0.065104 -0.130581 0.000000 0.235539 0.999993 
949 1.562500 0.000000 0.065104 0.216882 0.000000 0.368509 0.999982 
950 1.777344 0.000000 0.065104 0.663502 0.000000 0.561684 0.999924 
951 1.992188 0.000000 0.065104 1.499577 0.000000 0.929483 0.999689 
952 2.207031 0.000000 0.065104 3.131848 0.000000 1.401153 0.998823 
953 2.207031 0.000000 -0.135417 2.711188 0.000000 0.741650 0.999210 
954 2.421875 0.000000 0.065104 5.651752 0.000000 1.895281 0.996447 
955 2.207031 0.000000 -0.335938 95.839977 0.000000 -3.693923 0.080105 
956 2.421875 0.000000 -0.335938 4.857018 0.000000 0.322562 0.997631 
957 6.289062 0.000000 1.869792 101.441627 0.000000 2.949639 -0.029910 
958 5.859375 0.000000 1.869792 102.139163 0.000000 3.066988 -0.044182 
959 6.289062 0.000000 2.270833 101.410701 0.000000 4.169514 -0.030152 
960 5.429688 0.000000 1.869792 102.861670 0.000000 3.540956 -0.059306 
961 5.000000 0.000000 1.869792 103.511406 0.000000 4.226242 -0.073247 
962 5.429688 0.000000 2.270833 102.225542 0.000000 4.701824 -0.047217 
963 7.363281 0.000000 0.065104 15.959748 0.000000 -1.779413 0.974212 
964 7.578125 0.000000 0.065104 19.625567 0.000000 -0.558935 0.961452 
965 7.363281 0.000000 0.265625 101.363994 0.000000 -10.044453 -0.037555 
966 7.363281 0.000000 0.466146 98.033834 0.000000 -1.305995 0.038766 
967 7.578125 0.000000 0.466146 98.262761 0.000000 -5.123547 0.031818 
968 7.363281 0.000000 0.666667 73.826421 0.000000 14.295432 0.434530 
969 8.007812 0.000000 -1.338542 97.919651 0.000000 7.330558 0.035800 
970 8.007812 0.000000 -1.739583 98.118646 0.000000 7.101696 0.032230 
971 8.437500 0.000000 -1.338542 97.969596 0.000000 7.022601 0.035264 
972 8.222656 0.000000 -0.335938 102.406912 0.000000 14.186878 -0.068844 
973 8.222656 0.000000 -0.536458 102.372871 0.000000 14.097130 -0.067893 
974 8.222656 0.000000 -0.135417 102.360236 0.000000 14.032758 -0.067454 
975 7.792969 0.000000 0.065104 22.202579 0.000000 -0.148667 0.950702 
976 8.007812 0.000000 0.065104 23.228828 0.000000 0.387269 0.946027 
977 7.792969 0.000000 0.265625 100.669447 0.000000 -10.100887 -0.023637 
978 8.222656 0.000000 0.065104 101.500433 0.000000 -10.088056 -0.040411 
979 8.222656 0.000000 0.265625 101.652067 0.000000 -9.715086 -0.042753 
980 8.222656 0.000000 0.466146 102.941843 0.000000 -7.509849 -0.065342 
981 8.007812 0.000000 0.466146 105.123902 0.000000 -9.975829 -0.115055 
982 8.222656 0.000000 0.666667 104.211687 0.000000 -4.457302 -0.087994 
983 7.792969 0.000000 0.466146 105.359514 0.000000 -8.426629 -0.117164 
984 7.792969 0.000000 0.666667 104.838935 0.000000 -4.428653 -0.101082 
985 8.867188 0.000000 -1.338542 98.030570 0.000000 6.682785 0.034535 
986 8.867188 0.000000 -1.739583 98.321332 0.000000 6.992169 0.028403 
987 9.296875 0.000000 -1.338542 98.069031 0.000000 6.519674 0.033996 
988 9.619141 0.000000 -0.035156 100.028273 0.000000 6.967854 -0.005421 
989 9.511719 0.000000 -0.035156 100.186270 0.000000 10.999958 -0.015829 
990 9.619141 0.000000 -0.135417 102.253153 0.000000 18.418195 -0.079494 
991 9.833984 0.000000 0.365885 94.927970 0.000000 0.131183 0.098866 
992 9.941406 0.000000 0.365885 95.267021 0.000000 1.003434 0.092319 
993 9.833984 0.000000 0.466146 95.653091 0.000000 0.362736 0.085035 
994 10.048828 0.000000 0.365885 95.699907 0.000000 1.727453 0.083854 
995 10.156250 0.000000 0.365885 96.138626 0.000000 2.371618 0.075174 
996 10.048828 0.000000 0.466146 96.292916 0.000000 1.433806 0.072562 
997 7.148438 0.000000 2.671875 100.712497 0.000000 4.998289 -0.016799 
998 6.718750 0.000000 2.671875 100.866938 0.000000 5.016104 -0.019930 
999 7.148438 0.000000 3.072917 100.750419 0.000000 5.594719 -0.018195 
1000 6.289062 0.000000 2.671875 101.228559 0.000000 5.145319 -0.027370 
1001 5.859375 0.000000 2.671875 101.621206 0.000000 5.383823 -0.035586 
1002 6.289062 0.000000 3.072917 101.318580 0.000000 5.923984 -0.030055 
1003 0.703125 0.000000 3.072917 101.215913 0.000000 12.646769 -0.040460 
1004 -0.156250 0.000000 3.072917 100.451816 0.000000 12.829626 -0.025517 
1005 0.703125 0.000000 3.875000 101.047896 0.000000 12.062008 -0.035617 
1006 -1.015625 0.000000 3.072917 99.935487 0.000000 12.621183 -0.014640 
1007 -1.875000 0.000000 3.072917 99.614236 0.000000 12.357927 -0.007571 
1008 -1.015625 0.000000 3.875000 100.115120 0.000000 12.304712 -0.017444 
1009 4.570312 0.000000 1.869792 103.678082 0.000000 4.846366 -0.077263 
1010 4.140625 0.000000 1.869792 104.524967 0.000000 5.635293 -0.095723 
1011 4.570312 0.000000 2.270833 103.198518 0.000000 5.939367 -0.068521 
1012 3.710938 0.000000 1.869792 105.137166 0.000000 6.783221 -0.109984 
1013 3.281250 0.000000 1.869792 105.402280 0.000000 8.083832 -0.117499 
1014 3.710938 0.000000 2.270833 104.321255 0.000000 7.701965 -0.094224 
1015 9.726562 0.000000 -1.338542 98.091959 0.000000 5.856925 0.034366 
1016 9.726562 0.000000 -1.739583 98.407871 0.000000 6.292130 0.027630 
1017 10.156250 0.000000 -1.338542 98.329086 0.000000 5.527058 0.030084 
1018 9.404297 0.000000 -0.035156 99.223330 0.000000 10.685129 0.004056 
1019 9.296875 0.000000 -0.035156 97.549773 0.000000 8.904242 0.040476 
1020 9.404297 0.000000 -0.135417 101.818266 0.000000 18.761917 -0.071897 
1021 10.585938 0.000000 -1.338542 98.541699 0.000000 5.124734 0.026327 
1022 10.585938 0.000000 -1.739583 98.692016 0.000000 5.761320 0.022669 
1023 11.015625 0.000000 -1.338542 98.790885 0.000000 4.976001 0.021560 
1024 9.189453 0.000000 -0.035156 98.079459 0.000000 10.455689 0.027110 
1025 9.082031 0.000000 -0.035156 98.352176 0.000000 11.681431 0.019039 
1026 9.189453 0.000000 -0.135417 100.393379 0.000000 18.084948 -0.040590 
1027 5.429688 0.000000 2.671875 102.071500 0.000000 5.739099 -0.045153 
1028 5.000000 0.000000 2.671875 102.591201 0.000000 6.209269 -0.056351 
1029 5.429688 0.000000 3.072917 102.185433 0.000000 6.548460 -0.048475 
1030 4.570312 0.000000 2.671875 103.042376 0.000000 6.872717 -0.066497 
1031 4.140625 0.000000 2.671875 103.447505 0.000000 7.563743 -0.075860 
1032 4.570312 0.000000 3.072917 102.813900 0.000000 7.540309 -0.062755 
1 11 62 60 61 
2 62 10 24 60 
3 60 24 14 63 
4 61 60 63 6 
5 24 66 64 65 
6 66 23 40 64 
7 64 40 27 67 
8 65 64 67 14 
9 40 70 68 69 
10 69 68 71 27 
11 6 63 92 93 
12 63 14 36 92 
13 92 36 19 94 
14 93 92 94 20 
15 14 67 95 96 
16 67 27 52 95 
17 95 52 35 97 
18 96 95 97 36 
19 27 71 98 99 
20 99 98 100 52 
21 68 112 110 111 
22 112 56 80 110 
23 110 80 43 113 
24 111 110 113 71 
25 80 116 114 115 
26 115 114 117 43 
27 124 126 103 127 
28 125 124 127 101 
29 71 113 133 134 
30 113 43 102 133 
31 133 102 76 135 
32 134 133 135 98 
33 43 117 136 137 
34 136 125 101 138 
35 137 136 138 102 
36 114 141 139 140 
37 141 106 129 139 
38 139 129 83 142 
39 140 139 142 117 
40 12 145 143 144 
41 145 7 146 143 
42 143 146 13 25 
43 144 143 25 10 
44 25 149 147 148 
45 149 13 150 147 
46 147 150 26 41 
47 148 147 41 23 
48 41 153 151 152 
49 153 26 154 151 
50 151 154 42 57 
51 152 151 57 39 
52 39 157 155 156 
53 157 57 158 155 
54 155 158 55 81 
55 156 155 81 56 
56 81 161 159 160 
57 161 55 162 159 
58 106 169 167 168 
59 169 130 170 167 
60 168 167 171 129 
61 130 181 180 170 
62 181 105 182 180 
63 180 182 131 183 
64 170 180 183 128 
65 83 132 184 185 
66 132 109 186 184 
67 184 186 124 187 
68 185 184 187 125 
69 129 171 188 189 
70 171 128 190 188 
71 188 190 132 191 
72 189 188 191 83 
73 167 194 192 193 
74 194 170 195 192 
75 192 195 128 196 
76 193 192 196 171 
77 163 202 200 201 
78 202 166 203 200 
79 200 203 105 181 
80 56 206 204 205 
81 206 81 160 204 
82 205 204 116 80 
83 116 209 207 208 
84 209 79 164 207 
85 207 164 106 141 
86 208 207 141 114 
87 164 212 210 211 
88 212 163 201 210 
89 210 201 130 169 
90 211 210 169 106 
91 201 215 213 214 
92 215 200 216 213 
93 213 216 181 217 
94 214 213 217 130 
95 128 183 218 190 
96 183 131 219 218 
97 218 219 109 220 
98 190 218 220 132 
99 221 222 121 223 
100 126 221 223 103 
101 109 179 224 186 
102 179 59 225 224 
103 224 225 126 226 
104 186 224 226 124 
105 131 228 227 219 
106 228 176 229 227 
107 227 229 179 230 
108 219 227 230 109 
109 232 197 233 231 
110 231 233 177 234 
111 203 231 234 105 
112 57 236 235 158 
113 236 42 237 235 
114 235 237 58 89 
115 158 235 89 55 
116 55 239 238 162 
117 239 89 240 238 
118 159 243 241 242 
119 243 162 244 241 
120 241 244 82 198 
121 242 241 198 107 
122 107 247 245 246 
123 247 198 248 245 
124 245 248 197 232 
125 246 245 232 166 
126 166 251 249 250 
127 251 232 252 249 
128 249 252 231 253 
129 250 249 253 203 
130 59 257 258 225 
131 257 175 259 258 
132 258 259 221 260 
133 225 258 260 126 
134 178 263 261 262 
135 263 254 264 261 
136 261 264 257 265 
137 262 261 265 59 
138 162 270 269 244 
139 270 238 271 269 
140 269 271 173 267 
141 244 269 267 82 
142 82 274 272 273 
143 274 267 275 272 
144 272 275 266 276 
145 273 272 276 199 
146 172 286 285 256 
147 286 174 287 285 
148 285 287 91 288 
149 256 285 288 175 
150 254 290 289 264 
151 290 256 291 289 
152 289 291 175 292 
153 264 289 292 257 
154 173 294 293 268 
155 294 88 295 293 
156 293 295 174 286 
157 268 293 286 172 
158 267 297 296 275 
159 297 173 298 296 
160 296 298 268 299 
161 275 296 299 266 
162 174 307 306 287 
163 307 281 308 306 
164 306 308 284 309 
165 287 306 309 91 
166 89 311 310 240 
167 311 58 312 310 
168 88 314 313 295 
169 314 282 315 313 
170 313 315 281 307 
171 295 313 307 174 
172 281 321 320 308 
173 321 283 322 320 
174 284 323 327 328 
175 323 5 329 327 
176 327 329 304 330 
177 328 327 330 303 
178 308 333 331 332 
179 333 320 334 331 
180 331 334 323 335 
181 332 331 335 284 
182 336 338 283 321 
183 315 336 321 281 
184 7 340 339 146 
185 340 16 341 339 
186 339 341 15 32 
187 146 339 32 13 
188 13 343 342 150 
189 343 32 344 342 
190 342 344 31 48 
191 150 342 48 26 
192 26 346 345 154 
193 346 48 347 345 
194 345 347 47 85 
195 154 345 85 42 
196 42 349 348 237 
197 349 85 350 348 
198 348 350 84 278 
199 237 348 278 58 
200 58 352 351 312 
201 352 278 353 351 
202 310 356 354 355 
203 356 312 357 354 
204 354 357 90 337 
205 355 354 337 282 
206 282 360 358 359 
207 360 337 361 358 
208 358 361 336 362 
209 359 358 362 315 
210 283 364 363 322 
211 364 316 365 363 
212 5 366 367 329 
213 366 319 368 367 
214 367 368 324 369 
215 329 367 369 304 
216 322 372 370 371 
217 372 363 373 370 
218 370 373 366 374 
219 371 370 374 5 
220 375 377 316 364 
221 338 375 364 283 
222 312 379 378 357 
223 379 351 380 378 
224 378 380 317 376 
225 357 378 376 90 
226 90 383 381 382 
227 383 376 384 381 
228 381 384 375 385 
229 382 381 385 338 
230 15 387 386 33 
231 387 17 388 386 
232 386 388 8 389 
233 33 386 389 18 
234 31 391 390 49 
235 391 33 392 390 
236 390 392 18 393 
237 49 390 393 34 
238 395 49 396 394 
239 394 396 34 397 
240 316 407 406 365 
241 407 318 408 406 
242 406 408 280 409 
243 365 406 409 319 
244 363 411 410 373 
245 411 365 412 410 
246 410 412 319 413 
247 373 410 413 366 
248 317 415 414 377 
249 415 277 416 414 
250 414 416 318 407 
251 377 414 407 316 
252 376 418 417 384 
253 418 317 419 417 
254 417 419 377 420 
255 384 417 420 375 
256 18 389 421 45 
257 389 8 422 421 
258 421 422 29 423 
259 45 421 423 28 
260 34 393 424 73 
261 393 18 425 424 
262 424 425 45 426 
263 73 424 426 44 
264 397 34 428 427 
265 427 428 73 429 
266 280 439 440 441 
267 439 405 442 440 
268 440 442 433 443 
269 441 440 443 325 
270 408 446 444 445 
271 446 436 447 444 
272 444 447 439 448 
273 445 444 448 280 
274 278 450 449 353 
275 450 84 451 449 
276 277 453 452 416 
277 453 403 454 452 
278 416 457 455 456 
279 457 452 458 455 
280 455 458 437 459 
281 456 455 459 318 
282 403 465 464 454 
283 465 279 466 464 
284 454 473 471 472 
285 473 464 474 471 
286 471 474 467 475 
287 472 471 475 402 
288 85 477 476 350 
289 477 47 478 476 
290 476 478 86 399 
291 350 476 399 84 
292 84 480 479 451 
293 480 399 481 479 
294 279 483 482 466 
295 483 461 484 482 
296 86 487 486 400 
297 487 394 488 486 
298 486 488 397 489 
299 400 486 489 50 
300 491 400 492 490 
301 490 492 50 493 
302 461 495 494 484 
303 495 398 496 494 
304 482 506 504 505 
305 506 484 507 504 
306 504 507 460 508 
307 505 504 508 485 
308 50 489 517 431 
309 489 397 518 517 
310 517 518 427 519 
311 431 517 519 119 
312 493 50 521 520 
313 520 521 431 522 
314 524 490 525 523 
315 523 525 493 526 
316 399 532 531 481 
317 532 86 533 531 
318 531 533 400 491 
319 398 535 534 496 
320 535 491 536 534 
321 534 536 490 524 
322 494 539 537 538 
323 539 496 540 537 
324 537 540 462 528 
325 538 537 528 497 
326 497 543 541 542 
327 543 528 544 541 
328 542 541 545 515 
329 462 547 546 529 
330 547 524 548 546 
331 546 548 523 549 
332 529 546 549 510 
333 528 551 550 544 
334 551 462 552 550 
335 550 552 529 553 
336 544 550 553 527 
337 463 511 554 555 
338 511 401 556 554 
339 554 556 499 557 
340 555 554 557 498 
341 558 560 401 561 
342 559 558 561 511 
343 515 545 562 563 
344 545 527 564 562 
345 562 564 530 565 
346 563 562 565 509 
347 541 568 566 567 
348 568 544 569 566 
349 566 569 527 570 
350 567 566 570 545 
351 21 46 571 572 
352 46 28 573 571 
353 571 573 30 574 
354 572 571 574 9 
355 37 74 575 576 
356 74 44 577 575 
357 575 577 46 578 
358 576 575 578 21 
359 53 120 579 580 
360 120 72 581 579 
361 579 581 74 582 
362 580 579 582 37 
363 118 432 583 584 
364 432 119 585 583 
365 583 585 72 586 
366 584 583 586 120 
367 587 589 432 590 
368 588 587 590 118 
369 557 499 597 596 
370 596 597 430 598 
371 77 302 599 600 
372 302 118 584 599 
373 599 584 120 601 
374 600 599 601 53 
375 602 588 118 604 
376 603 602 604 302 
377 605 607 587 608 
378 606 605 608 588 
379 87 503 614 615 
380 503 463 555 614 
381 614 555 498 593 
382 615 614 593 434 
383 593 618 616 617 
384 618 498 619 616 
385 522 431 621 620 
386 620 621 119 622 
387 589 620 622 432 
388 598 430 624 623 
389 623 624 589 625 
390 607 623 625 587 
391 594 627 626 612 
392 627 596 628 626 
393 626 628 598 629 
394 612 626 629 500 
395 632 594 633 630 
396 630 633 612 634 
397 433 637 635 636 
398 637 434 592 635 
399 635 592 301 638 
400 636 635 638 435 
401 592 641 639 640 
402 641 591 610 639 
403 639 610 595 642 
404 640 639 642 301 
405 591 645 643 644 
406 644 643 646 610 
407 595 613 647 648 
408 613 500 649 647 
409 647 649 607 650 
410 648 647 650 605 
411 634 612 653 651 
412 651 653 500 654 
413 652 651 654 613 
414 657 630 658 655 
415 655 658 634 659 
416 610 646 660 661 
417 660 652 613 662 
418 661 660 662 595 
419 643 665 663 664 
420 664 663 666 646 
421 434 669 667 668 
422 669 593 617 667 
423 667 617 591 641 
424 668 667 641 592 
425 617 672 670 671 
426 672 616 673 670 
427 670 673 611 645 
428 671 670 645 591 
429 645 676 674 675 
430 676 611 677 674 
431 674 677 631 665 
432 675 674 665 643 
433 665 680 678 679 
434 680 631 681 678 
435 679 678 682 663 
436 498 684 683 619 
437 684 557 685 683 
438 683 685 596 627 
439 619 683 627 594 
440 616 687 686 673 
441 687 619 688 686 
442 686 688 594 632 
443 673 686 632 611 
444 611 690 689 677 
445 690 632 691 689 
446 689 691 630 657 
447 677 689 657 631 
448 631 693 692 681 
449 693 657 694 692 
450 692 694 655 695 
451 681 692 695 656 
452 646 666 696 697 
453 666 609 698 696 
454 696 698 652 699 
455 697 696 699 660 
456 663 682 700 701 
457 682 656 702 700 
458 700 702 609 703 
459 701 700 703 666 
460 678 706 704 705 
461 706 681 707 704 
462 704 707 656 708 
463 705 704 708 682 
464 485 508 709 710 
465 712 714 463 715 
466 713 712 715 503 
467 709 718 716 717 
468 718 513 719 716 
469 404 723 721 722 
470 723 485 710 721 
471 721 710 501 724 
472 722 721 724 469 
473 710 727 725 726 
474 727 709 717 725 
475 725 717 711 728 
476 726 725 728 501 
477 729 559 511 730 
478 714 729 730 463 
479 731 733 714 734 
480 732 731 734 712 
481 717 737 735 736 
482 737 716 738 735 
483 735 738 720 739 
484 736 735 739 711 
485 513 741 740 719 
486 741 512 742 740 
487 740 742 516 743 
488 719 740 743 502 
489 716 745 744 738 
490 745 719 746 744 
491 744 746 502 747 
492 502 743 748 733 
493 743 516 749 748 
494 748 749 729 750 
495 733 748 750 714 
496 720 747 751 752 
497 747 502 753 751 
498 751 753 733 754 
499 752 751 754 731 
500 738 757 755 756 
501 757 744 758 755 
502 755 758 747 759 
503 756 755 759 720 
504 1 762 760 761 
505 762 12 144 760 
506 760 144 10 62 
507 761 760 62 11 
508 16 764 763 341 
509 764 2 765 763 
510 763 765 17 387 
511 341 763 387 15 
512 19 38 766 767 
513 38 21 572 766 
514 766 572 9 768 
515 767 766 768 22 
516 20 94 769 770 
517 94 19 767 769 
518 769 767 22 771 
519 770 769 771 4 
520 10 774 772 773 
521 774 25 148 772 
522 772 148 23 66 
523 773 772 66 24 
524 28 423 775 573 
525 423 29 776 775 
526 775 776 3 777 
527 573 775 777 30 
528 32 779 778 344 
529 779 15 780 778 
530 778 780 33 391 
531 344 778 391 31 
532 35 54 781 782 
533 54 37 576 781 
534 781 576 21 783 
535 782 781 783 38 
536 36 97 784 785 
537 97 35 782 784 
538 784 782 38 786 
539 785 784 786 19 
540 23 789 787 788 
541 789 41 152 787 
542 787 152 39 70 
543 788 787 70 40 
544 44 426 790 577 
545 426 45 791 790 
546 790 791 28 792 
547 577 790 792 46 
548 48 794 793 347 
549 794 31 795 793 
550 793 795 49 395 
551 347 793 395 47 
552 51 78 796 797 
553 78 53 580 796 
554 796 580 37 798 
555 797 796 798 54 
556 52 100 799 800 
557 100 51 797 799 
558 799 797 54 801 
559 800 799 801 35 
560 70 804 802 803 
561 804 39 156 802 
562 802 156 56 112 
563 803 802 112 68 
564 72 429 805 581 
565 429 73 806 805 
566 805 806 44 807 
567 581 805 807 74 
568 75 123 808 809 
569 123 77 600 808 
570 808 600 53 810 
571 809 808 810 78 
572 76 104 811 812 
573 104 75 809 811 
574 811 809 78 813 
575 812 811 813 51 
576 98 135 814 815 
577 135 76 812 814 
578 814 812 51 816 
579 815 814 816 100 
580 117 142 817 818 
581 142 83 185 817 
582 817 185 125 819 
583 818 817 819 136 
584 160 822 820 821 
585 822 159 242 820 
586 820 242 107 165 
587 821 820 165 79 
588 165 825 823 824 
589 825 107 246 823 
590 823 246 166 202 
591 824 823 202 163 
592 105 234 826 182 
593 234 177 827 826 
594 826 827 176 228 
595 182 826 228 131 
596 176 829 828 229 
597 829 178 262 828 
598 828 262 59 830 
599 229 828 830 179 
600 198 832 831 248 
601 832 82 273 831 
602 831 273 199 833 
603 248 831 833 197 
604 197 833 834 233 
605 833 199 835 834 
606 834 835 108 836 
607 233 834 836 177 
608 204 839 837 838 
609 839 160 821 837 
610 837 821 79 209 
611 838 837 209 116 
612 175 288 840 259 
613 288 91 841 840 
614 840 841 222 842 
615 259 840 842 221 
616 238 844 843 271 
617 844 240 845 843 
618 843 845 88 294 
619 271 843 294 173 
620 199 276 846 835 
621 276 266 847 846 
622 846 847 255 848 
623 835 846 848 108 
624 849 603 302 851 
625 850 849 851 77 
626 91 309 852 841 
627 309 284 328 852 
628 852 328 303 853 
629 841 852 853 222 
630 240 855 854 845 
631 855 310 355 854 
632 854 355 282 314 
633 845 854 314 88 
634 320 857 856 334 
635 857 322 371 856 
636 856 371 5 858 
637 334 856 858 323 
638 319 409 859 368 
639 409 280 441 859 
640 859 441 325 860 
641 368 859 860 324 
642 337 862 861 361 
643 862 90 382 861 
644 861 382 338 863 
645 361 861 863 336 
646 351 865 864 380 
647 865 353 866 864 
648 864 866 277 415 
649 380 864 415 317 
650 47 868 867 478 
651 868 395 869 867 
652 867 869 394 487 
653 478 867 487 86 
654 119 519 870 585 
655 519 427 871 870 
656 870 871 429 872 
657 585 870 872 72 
658 405 470 873 442 
659 470 87 615 873 
660 873 615 434 637 
661 442 873 637 433 
662 325 443 874 875 
663 443 433 636 874 
664 874 636 435 876 
665 875 874 876 300 
666 318 459 877 878 
667 459 437 879 877 
668 877 879 436 446 
669 878 877 446 408 
670 353 881 880 866 
671 881 449 882 880 
672 880 882 403 453 
673 866 880 453 277 
674 452 884 883 458 
675 884 454 472 883 
676 883 472 402 885 
677 458 883 885 437 
678 466 888 886 887 
679 888 482 505 886 
680 886 505 485 723 
681 887 886 723 404 
682 484 890 889 507 
683 890 494 538 889 
684 889 538 497 514 
685 507 889 514 460 
686 469 724 891 892 
687 724 501 713 891 
688 891 713 503 893 
689 892 891 893 87 
690 512 895 894 742 
691 895 515 563 894 
692 894 563 509 896 
693 742 894 896 516 
694 401 526 897 556 
695 526 493 898 897 
696 897 898 520 899 
697 556 897 899 499 
698 499 899 900 597 
699 899 520 901 900 
700 900 901 522 902 
701 597 900 902 430 
702 510 549 903 560 
703 549 523 904 903 
704 903 904 526 905 
705 560 903 905 401 
706 527 553 906 564 
707 553 529 907 906 
708 906 907 510 908 
709 564 906 908 530 
710 496 910 909 540 
711 910 534 911 909 
712 909 911 524 547 
713 540 909 547 462 
714 435 638 912 913 
715 638 301 606 912 
716 912 606 588 914 
717 913 912 914 602 
718 301 642 915 916 
719 642 595 648 915 
720 915 648 605 917 
721 916 915 917 606 
722 430 902 918 624 
723 902 522 919 918 
724 918 919 620 920 
725 624 918 920 589 
726 500 629 921 649 
727 629 598 922 921 
728 921 922 623 923 
729 649 921 923 607 
730 609 659 924 698 
731 659 634 925 924 
732 924 925 651 926 
733 698 924 926 652 
734 656 695 927 702 
735 695 655 928 927 
736 927 928 659 929 
737 702 927 929 609 
738 501 728 930 931 
739 728 711 732 930 
740 930 732 712 932 
741 931 930 932 713 
742 516 896 933 749 
743 896 509 934 933 
744 933 934 559 935 
745 749 933 935 729 
746 711 739 936 937 
747 739 720 752 936 
748 936 752 731 938 
749 937 936 938 732 
750 121 305 939 940 
751 939 850 77 941 
752 940 939 941 123 
753 103 223 942 943 
754 223 121 940 942 
755 942 940 123 944 
756 943 942 944 75 
757 79 947 945 946 
758 947 165 824 945 
759 945 824 163 212 
760 946 945 212 164 
761 177 836 948 827 
762 836 108 949 948 
763 948 949 178 829 
764 827 948 829 176 
765 108 848 950 949 
766 848 255 951 950 
767 950 951 254 263 
768 949 950 263 178 
769 255 953 952 951 
770 953 172 954 952 
771 952 954 256 290 
772 951 952 290 254 
773 266 299 955 847 
774 299 268 956 955 
775 955 956 172 953 
776 847 955 953 255 
777 324 860 957 958 
778 860 325 875 957 
779 957 875 300 959 
780 958 957 959 326 
781 304 369 960 961 
782 369 324 958 960 
783 960 958 326 962 
784 961 960 962 122 
785 437 885 963 879 
786 885 402 964 963 
787 963 964 438 965 
788 879 963 965 436 
789 436 965 966 447 
790 965 438 967 966 
791 966 967 405 968 
792 447 966 968 439 
793 449 970 969 882 
794 970 451 971 969 
795 969 971 279 465 
796 882 969 465 403 
797 464 973 972 474 
798 973 466 887 972 
799 972 887 404 974 
800 474 972 974 467 
801 402 475 975 964 
802 475 467 976 975 
803 975 976 468 977 
804 964 975 977 438 
805 467 974 978 976 
806 974 404 722 978 
807 978 722 469 979 
808 976 978 979 468 
809 468 979 980 981 
810 979 469 892 980 
811 980 892 87 982 
812 981 980 982 470 
813 438 977 983 967 
814 977 468 981 983 
815 983 981 470 984 
816 967 983 984 405 
817 451 986 985 971 
818 986 479 987 985 
819 985 987 461 483 
820 971 985 483 279 
821 514 990 988 989 
822 990 497 542 988 
823 988 542 515 895 
824 989 988 895 512 
825 509 565 991 934 
826 565 530 992 991 
827 991 992 558 993 
828 934 991 993 559 
829 530 908 994 992 
830 908 510 995 994 
831 994 995 560 996 
832 992 994 996 558 
833 300 876 997 998 
834 876 435 913 997 
835 997 913 602 999 
836 998 997 999 603 
837 326 959 1000 1001 
838 959 300 998 1000 
839 1000 998 603 1002 
840 1001 1000 1002 849 
841 101 127 1003 1004 
842 127 103 943 1003 
843 1003 943 75 1005 
844 1004 1003 1005 104 
845 102 138 1006 1007 
846 138 101 1004 1006 
847 1006 1004 104 1008 
848 1007 1006 1008 76 
849 303 330 1009 1010 
850 330 304 961 1009 
851 1009 961 122 1011 
852 1010 1009 1011 305 
853 222 853 1012 1013 
854 853 303 1010 1012 
855 1012 1010 305 1014 
856 1013 1012 1014 121 
857 479 1016 1015 987 
858 1016 481 1017 1015 
859 1015 1017 398 495 
860 987 1015 495 461 
861 460 1020 1018 1019 
862 1020 514 989 1018 
863 1018 989 512 741 
864 1019 1018 741 513 
865 481 1022 1021 1017 
866 1022 531 1023 1021 
867 1021 1023 491 535 
868 1017 1021 535 398 
869 508 1026 1024 1025 
870 1026 460 1019 1024 
871 1024 1019 513 718 
872 1025 1024 718 709 
873 122 962 1027 1028 
874 962 326 1001 1027 
875 1027 1001 849 1029 
876 1028 1027 1029 850 
877 305 1011 1030 1031 
878 1011 122 1028 1030 
879 1030 1028 850 1032 
880 1031 1030 1032 939 
