2 0.000000 100.000000 5791.461216
950 808 
1 -50.000000 0.000000 -50.666667 98.115920 0.000000 19.273276 0.000181 
2 60.000000 0.000000 -50.666667 98.122906 0.000000 19.214165 0.000271 
3 60.000000 0.000000 52.000000 98.158886 0.000000 19.145522 -0.000172 
4 -50.000000 0.000000 52.000000 98.138907 0.000000 19.272043 -0.000266 
5 5.000000 0.000000 0.666667 103.579708 0.000000 -1.207413 -0.073021 
6 -50.000000 0.000000 0.666667 98.128185 0.000000 19.285161 -0.000106 
7 5.000000 0.000000 -50.666667 98.096377 0.000000 19.237460 0.000702 
8 60.000000 0.000000 0.666667 98.460748 0.000000 17.529900 -0.000182 
9 5.000000 0.000000 52.000000 98.169574 0.000000 19.224582 -0.000685 
10 -22.500000 0.000000 -25.000000 98.086174 0.000000 19.278478 0.000744 
11 -50.000000 0.000000 -25.000000 98.116995 0.000000 19.279896 0.000134 
12 -22.500000 0.000000 -50.666667 98.104506 0.000000 19.265050 0.000436 
13 5.000000 0.000000 -25.000000 98.015363 0.000000 19.128548 0.002709 
14 -22.500000 0.000000 0.666667 98.133896 0.000000 19.364171 -0.000523 
15 32.500000 0.000000 -25.000000 98.114646 0.000000 19.042615 0.001090 
16 32.500000 0.000000 -50.666667 98.109634 0.000000 19.214194 0.000531 
17 60.000000 0.000000 -25.000000 98.143743 0.000000 19.098511 0.000305 
18 32.500000 0.000000 0.666667 99.098257 0.000000 14.137995 -0.002035 
19 -22.500000 0.000000 26.333333 98.178191 0.000000 19.275212 -0.001049 
20 -50.000000 0.000000 26.333333 98.138925 0.000000 19.279097 -0.000293 
21 5.000000 0.000000 26.333333 98.334304 0.000000 19.089414 -0.003404 
22 -22.500000 0.000000 52.000000 98.154073 0.000000 19.261324 -0.000522 
23 -8.750000 0.000000 -12.166667 97.946116 0.000000 19.288222 0.003452 
24 -22.500000 0.000000 -12.166667 98.075956 0.000000 19.332587 0.000736 
25 -8.750000 0.000000 -25.000000 98.010589 0.000000 19.258842 0.002302 
26 5.000000 0.000000 -12.166667 97.705867 0.000000 18.667798 0.010508 
27 -8.750000 0.000000 0.666667 98.109420 0.000000 19.561545 -0.000811 
28 32.500000 0.000000 26.333333 98.250254 0.000000 18.807625 -0.000684 
29 60.000000 0.000000 26.333333 98.286685 0.000000 18.479854 -0.000178 
30 32.500000 0.000000 52.000000 98.164827 0.000000 19.179442 -0.000418 
31 18.750000 0.000000 -12.166667 98.113973 0.000000 18.413520 0.003459 
32 18.750000 0.000000 -25.000000 98.033626 0.000000 19.026111 0.002742 
33 32.500000 0.000000 -12.166667 98.183144 0.000000 18.560590 0.001557 
34 18.750000 0.000000 0.666667 99.863469 0.000000 9.663478 -0.006610 
35 -8.750000 0.000000 13.500000 98.343152 0.000000 19.291446 -0.004354 
36 -22.500000 0.000000 13.500000 98.191077 0.000000 19.329948 -0.001513 
37 5.000000 0.000000 13.500000 98.838575 0.000000 18.607587 -0.011531 
38 -8.750000 0.000000 26.333333 98.265342 0.000000 19.246881 -0.002652 
39 -1.875000 0.000000 -5.750000 97.299366 0.000000 19.110050 0.016764 
40 -8.750000 0.000000 -5.750000 97.933271 0.000000 19.395860 0.003287 
41 -1.875000 0.000000 -12.166667 97.770865 0.000000 19.116658 0.007541 
42 5.000000 0.000000 -5.750000 96.670058 0.000000 16.980858 0.036655 
43 -1.875000 0.000000 0.666667 97.286081 0.000000 20.870159 0.009985 
44 18.750000 0.000000 13.500000 98.533318 0.000000 17.768061 -0.002452 
45 32.500000 0.000000 13.500000 98.607995 0.000000 16.960558 -0.001120 
46 18.750000 0.000000 26.333333 98.302130 0.000000 18.912483 -0.002099 
47 11.875000 0.000000 -5.750000 98.005501 0.000000 16.322401 0.012850 
48 11.875000 0.000000 -12.166667 97.867848 0.000000 18.357849 0.008487 
49 18.750000 0.000000 -5.750000 98.350792 0.000000 16.878592 0.004223 
50 11.875000 0.000000 0.666667 98.021024 0.000000 11.806655 0.025248 
51 -1.875000 0.000000 7.083333 98.913220 0.000000 19.310324 -0.015671 
52 -8.750000 0.000000 7.083333 98.333341 0.000000 19.421148 -0.004663 
53 5.000000 0.000000 7.083333 100.055608 0.000000 17.177208 -0.030618 
54 -1.875000 0.000000 13.500000 98.512534 0.000000 19.102046 -0.006961 
55 1.562500 0.000000 -2.541667 94.511866 0.000000 16.976851 0.077929 
56 -1.875000 0.000000 -2.541667 96.758708 0.000000 19.419633 0.026063 
57 1.562500 0.000000 -5.750000 96.572928 0.000000 18.349963 0.033695 
58 5.000000 0.000000 -2.541667 95.897821 0.000000 12.533498 0.064652 
59 1.562500 0.000000 0.666667 113.245768 0.000000 14.088474 -0.302309 
60 -36.250000 0.000000 -12.166667 98.114423 0.000000 19.291220 0.000141 
61 -50.000000 0.000000 -12.166667 98.121314 0.000000 19.283632 0.000035 
62 -36.250000 0.000000 -25.000000 98.107932 0.000000 19.281822 0.000305 
63 -36.250000 0.000000 0.666667 98.129792 0.000000 19.296096 -0.000180 
64 -15.625000 0.000000 -5.750000 98.071580 0.000000 19.344772 0.000775 
65 -22.500000 0.000000 -5.750000 98.097862 0.000000 19.354738 0.000220 
66 -15.625000 0.000000 -12.166667 98.049232 0.000000 19.306576 0.001360 
67 -15.625000 0.000000 0.666667 98.133842 0.000000 19.367922 -0.000537 
68 -5.312500 0.000000 -2.541667 97.767697 0.000000 19.529053 0.006009 
69 -8.750000 0.000000 -2.541667 97.976936 0.000000 19.510850 0.001985 
70 -5.312500 0.000000 -5.750000 97.759021 0.000000 19.318383 0.006997 
71 -5.312500 0.000000 0.666667 98.028452 0.000000 19.722744 0.000144 
72 11.875000 0.000000 7.083333 99.154873 0.000000 15.503880 -0.007206 
73 18.750000 0.000000 7.083333 99.119507 0.000000 14.514842 -0.003536 
74 11.875000 0.000000 13.500000 98.584495 0.000000 18.119616 -0.004722 
75 1.562500 0.000000 3.875000 101.483177 0.000000 18.929720 -0.065717 
76 -1.875000 0.000000 3.875000 98.988204 0.000000 19.919610 -0.019546 
77 5.000000 0.000000 3.875000 102.142065 0.000000 14.113407 -0.063219 
78 1.562500 0.000000 7.083333 99.706349 0.000000 18.637228 -0.028870 
79 -0.156250 0.000000 -0.937500 92.127013 0.000000 16.776941 0.123115 
80 -1.875000 0.000000 -0.937500 96.464460 0.000000 20.070777 0.029177 
81 -0.156250 0.000000 -2.541667 95.734606 0.000000 18.551798 0.049072 
82 1.562500 0.000000 -0.937500 93.393799 0.000000 8.156334 0.121107 
83 -0.156250 0.000000 0.666667 95.611355 0.000000 27.154910 0.012108 
84 8.437500 0.000000 -2.541667 97.421143 0.000000 12.726103 0.034717 
85 8.437500 0.000000 -5.750000 97.267782 0.000000 16.141441 0.027843 
86 11.875000 0.000000 -2.541667 98.320858 0.000000 12.523894 0.017616 
87 8.437500 0.000000 0.666667 103.451939 0.000000 -1.206880 -0.070376 
88 3.281250 0.000000 -0.937500 92.899696 0.000000 -0.737875 0.136910 
89 3.281250 0.000000 -2.541667 94.006610 0.000000 14.181914 0.096163 
90 5.000000 0.000000 -0.937500 106.599409 0.000000 1.939253 -0.136719 
91 3.281250 0.000000 0.666667 114.230573 0.000000 2.982890 -0.305752 
92 -36.250000 0.000000 13.500000 98.144973 0.000000 19.290501 -0.000456 
93 -50.000000 0.000000 13.500000 98.134945 0.000000 19.283217 -0.000231 
94 -36.250000 0.000000 26.333333 98.150722 0.000000 19.280343 -0.000530 
95 -15.625000 0.000000 7.083333 98.198780 0.000000 19.347128 -0.001731 
96 -22.500000 0.000000 7.083333 98.169808 0.000000 19.353450 -0.001187 
97 -15.625000 0.000000 13.500000 98.223616 0.000000 19.306575 -0.002062 
98 -5.312500 0.000000 3.875000 98.347237 0.000000 19.566599 -0.005503 
99 -8.750000 0.000000 3.875000 98.247162 0.000000 19.494052 -0.003252 
100 -5.312500 0.000000 7.083333 98.510337 0.000000 19.436549 -0.008207 
101 -0.156250 0.000000 2.270833 99.920318 0.000000 21.471671 -0.044510 
102 -1.875000 0.000000 2.270833 98.519662 0.000000 20.534261 -0.012778 
103 1.562500 0.000000 2.270833 103.149612 0.000000 19.882310 -0.103515 
104 -0.156250 0.000000 3.875000 99.983616 0.000000 19.900627 -0.039276 
105 0.703125 0.000000 -0.135417 -1.026082 0.000000 0.271147 0.999887 
106 -0.156250 0.000000 -0.135417 78.404464 0.000000 20.102064 0.344865 
107 0.703125 0.000000 -0.937500 92.190129 0.000000 9.739959 0.140611 
108 1.562500 0.000000 -0.135417 -0.039139 0.000000 0.465553 0.999978 
109 0.703125 0.000000 0.666667 105.383895 0.000000 29.664329 -0.198574 
110 -3.593750 0.000000 -0.937500 97.522715 0.000000 19.918295 0.009258 
111 -5.312500 0.000000 -0.937500 97.869835 0.000000 19.574926 0.003832 
112 -3.593750 0.000000 -2.541667 97.385953 0.000000 19.684000 0.012852 
113 -3.593750 0.000000 0.666667 97.888615 0.000000 20.120449 0.001299 
114 -1.015625 0.000000 -0.135417 94.387088 0.000000 21.182316 0.064239 
115 -1.875000 0.000000 -0.135417 96.662058 0.000000 20.526663 0.023510 
116 -1.015625 0.000000 -0.937500 94.626443 0.000000 19.845553 0.065199 
117 -1.015625 0.000000 0.666667 96.208639 0.000000 22.270656 0.024792 
118 8.437500 0.000000 3.875000 100.503236 0.000000 11.936462 -0.024338 
119 11.875000 0.000000 3.875000 99.626503 0.000000 11.657631 -0.006134 
120 8.437500 0.000000 7.083333 99.475563 0.000000 16.094493 -0.015442 
121 3.281250 0.000000 2.270833 105.382069 0.000000 14.618849 -0.131909 
122 5.000000 0.000000 2.270833 103.160983 0.000000 10.103061 -0.074426 
123 3.281250 0.000000 3.875000 102.254816 0.000000 16.555092 -0.073012 
124 0.703125 0.000000 1.468750 102.128503 0.000000 23.517194 -0.098329 
125 -0.156250 0.000000 1.468750 98.682376 0.000000 23.044866 -0.026928 
126 1.562500 0.000000 1.468750 105.611023 0.000000 21.007681 -0.159501 
127 0.703125 0.000000 2.270833 101.220345 0.000000 21.177747 -0.069406 
128 0.273438 0.000000 0.265625 94.907987 0.000000 54.634406 -0.199244 
129 -0.156250 0.000000 0.265625 87.819186 0.000000 30.031432 0.138590 
130 0.273438 0.000000 -0.135417 57.465137 0.000000 -26.029792 0.602021 
131 0.703125 0.000000 0.265625 109.748049 0.000000 35.190752 -0.328302 
132 0.273438 0.000000 0.666667 98.850210 0.000000 31.323264 -0.075251 
133 -3.593750 0.000000 2.270833 98.338669 0.000000 20.074276 -0.007347 
134 -5.312500 0.000000 2.270833 98.233646 0.000000 19.690534 -0.003757 
135 -3.593750 0.000000 3.875000 98.621998 0.000000 19.837585 -0.011983 
136 -1.015625 0.000000 1.468750 98.158514 0.000000 21.932033 -0.011611 
137 -1.875000 0.000000 1.468750 98.028431 0.000000 20.850230 -0.004431 
138 -1.015625 0.000000 2.270833 99.022485 0.000000 21.105452 -0.025089 
139 -0.585938 0.000000 0.265625 93.326787 0.000000 23.574254 0.073437 
140 -1.015625 0.000000 0.265625 95.098531 0.000000 21.954636 0.047426 
141 -0.585938 0.000000 -0.135417 91.648816 0.000000 21.576118 0.113497 
142 -0.585938 0.000000 0.666667 95.835861 0.000000 23.831568 0.024754 
143 -8.750000 0.000000 -37.833333 98.080256 0.000000 19.247442 0.000980 
144 -22.500000 0.000000 -37.833333 98.095971 0.000000 19.267833 0.000593 
145 -8.750000 0.000000 -50.666667 98.098249 0.000000 19.253599 0.000603 
146 5.000000 0.000000 -37.833333 98.073892 0.000000 19.210880 0.001245 
147 -1.875000 0.000000 -18.583333 97.981844 0.000000 19.146254 0.003298 
148 -8.750000 0.000000 -18.583333 98.005720 0.000000 19.245376 0.002449 
149 -1.875000 0.000000 -25.000000 98.019370 0.000000 19.193140 0.002383 
150 5.000000 0.000000 -18.583333 97.974294 0.000000 19.014285 0.003949 
151 1.562500 0.000000 -8.958333 97.590870 0.000000 18.660672 0.012780 
152 -1.875000 0.000000 -8.958333 97.664432 0.000000 19.053643 0.009862 
153 1.562500 0.000000 -12.166667 97.706330 0.000000 18.904238 0.009610 
154 5.000000 0.000000 -8.958333 97.628047 0.000000 18.222606 0.013670 
155 -0.156250 0.000000 -4.145833 96.468452 0.000000 18.807966 0.034010 
156 -1.875000 0.000000 -4.145833 97.057786 0.000000 19.257649 0.020893 
157 -0.156250 0.000000 -5.750000 96.966347 0.000000 18.853172 0.024209 
158 1.562500 0.000000 -4.145833 96.039207 0.000000 17.859371 0.045751 
159 0.703125 0.000000 -1.739583 94.374058 0.000000 16.671829 0.081559 
160 -0.156250 0.000000 -1.739583 94.418017 0.000000 18.229300 0.075293 
161 0.703125 0.000000 -2.541667 95.036187 0.000000 17.928597 0.064669 
162 1.562500 0.000000 -1.739583 93.772345 0.000000 15.537637 0.096533 
163 0.273438 0.000000 -0.536458 83.867841 0.000000 3.565272 0.295347 
164 -0.156250 0.000000 -0.536458 87.707448 0.000000 15.749394 0.205936 
165 0.273438 0.000000 -0.937500 91.299481 0.000000 13.133477 0.149192 
166 0.703125 0.000000 -0.536458 86.274543 0.000000 -21.173875 0.210837 
167 0.058594 0.000000 0.065104 53.938612 0.000000 46.330139 0.494414 
168 -0.156250 0.000000 0.065104 80.380605 0.000000 28.007955 0.275451 
169 0.058594 0.000000 -0.135417 34.692990 0.000000 -16.748386 0.851589 
170 0.273438 0.000000 0.065104 0.014932 0.000000 0.754240 0.999943 
171 0.058594 0.000000 0.265625 85.391680 0.000000 40.755393 0.104726 
172 2.421875 0.000000 -0.135417 5.168938 0.000000 1.102024 0.997207 
173 2.421875 0.000000 -0.937500 90.602748 0.000000 7.496179 0.173495 
174 3.281250 0.000000 -0.135417 14.108400 0.000000 1.037917 0.979988 
175 2.421875 0.000000 0.666667 114.947319 0.000000 7.563217 -0.327009 
176 1.132812 0.000000 0.265625 -0.504604 0.000000 0.039416 0.999974 
177 1.132812 0.000000 -0.135417 -0.593685 0.000000 0.297846 0.999956 
178 1.562500 0.000000 0.265625 0.318454 0.000000 0.322897 0.999979 
179 1.132812 0.000000 0.666667 113.011294 0.000000 18.935781 -0.313012 
180 0.488281 0.000000 0.065104 -1.083247 0.000000 0.346497 0.999871 
181 0.488281 0.000000 -0.135417 -1.129098 0.000000 0.255274 0.999866 
182 0.703125 0.000000 0.065104 -1.016547 0.000000 0.193334 0.999893 
183 0.488281 0.000000 0.265625 103.979348 0.000000 45.380347 -0.287108 
184 0.273438 0.000000 1.067708 100.103442 0.000000 26.039704 -0.069877 
185 -0.156250 0.000000 1.067708 98.226897 0.000000 24.743271 -0.026075 
186 0.703125 0.000000 1.067708 102.940569 0.000000 25.718412 -0.125820 
187 0.273438 0.000000 1.468750 100.496517 0.000000 23.701556 -0.066131 
188 0.058594 0.000000 0.466146 93.385382 0.000000 33.465937 0.015920 
189 -0.156250 0.000000 0.466146 92.802969 0.000000 28.780962 0.055927 
190 0.273438 0.000000 0.466146 97.243291 0.000000 37.536393 -0.086524 
191 0.058594 0.000000 0.666667 96.566942 0.000000 29.528537 -0.019711 
192 0.166016 0.000000 0.165365 82.506868 0.000000 61.468036 -0.058570 
193 0.058594 0.000000 0.165365 73.733658 0.000000 63.655631 0.051131 
194 0.166016 0.000000 0.065104 75.927321 0.000000 62.488385 0.033024 
195 0.273438 0.000000 0.165365 91.604996 0.000000 56.916777 -0.163099 
196 0.166016 0.000000 0.265625 90.543981 0.000000 58.091870 -0.157288 
197 1.132812 0.000000 -0.536458 92.737566 0.000000 -12.336801 0.124755 
198 1.132812 0.000000 -0.937500 93.387285 0.000000 8.280204 0.121025 
199 1.562500 0.000000 -0.536458 93.807280 0.000000 -6.322317 0.116022 
200 0.488281 0.000000 -0.335938 76.561732 0.000000 -27.101209 0.340383 
201 0.273438 0.000000 -0.335938 64.785991 0.000000 -29.791051 0.491527 
202 0.488281 0.000000 -0.536458 85.397985 0.000000 -3.603353 0.269420 
203 0.703125 0.000000 -0.335938 85.652707 0.000000 -21.002452 0.222251 
204 -1.015625 0.000000 -1.739583 95.783072 0.000000 19.116967 0.046014 
205 -1.875000 0.000000 -1.739583 96.565758 0.000000 19.702354 0.028687 
206 -1.015625 0.000000 -2.541667 96.223148 0.000000 19.154996 0.037419 
207 -0.585938 0.000000 -0.536458 92.390480 0.000000 19.652017 0.107780 
208 -1.015625 0.000000 -0.536458 94.348320 0.000000 20.340897 0.068464 
209 -0.585938 0.000000 -0.937500 93.225693 0.000000 19.001104 0.094793 
210 0.058594 0.000000 -0.335938 75.782018 0.000000 6.447587 0.421551 
211 -0.156250 0.000000 -0.335938 83.483676 0.000000 16.222094 0.276732 
212 0.058594 0.000000 -0.536458 84.952852 0.000000 10.809663 0.266616 
213 0.380859 0.000000 -0.235677 70.700440 0.000000 -28.845845 0.416937 
214 0.273438 0.000000 -0.235677 61.115758 0.000000 -30.323112 0.534537 
215 0.380859 0.000000 -0.335938 71.379436 0.000000 -28.734042 0.407933 
216 0.488281 0.000000 -0.235677 74.717841 0.000000 -26.866439 0.369544 
217 0.380859 0.000000 -0.135417 -0.784196 0.000000 0.247243 0.999932 
218 0.488281 0.000000 0.466146 106.091464 0.000000 42.492237 -0.306099 
219 0.703125 0.000000 0.466146 110.350110 0.000000 33.119277 -0.327403 
220 0.488281 0.000000 0.666667 102.114569 0.000000 31.491209 -0.141908 
221 2.421875 0.000000 1.468750 108.091319 0.000000 16.763481 -0.196475 
222 3.281250 0.000000 1.468750 108.300520 0.000000 11.814849 -0.186859 
223 2.421875 0.000000 2.270833 104.839282 0.000000 17.651484 -0.130285 
224 1.132812 0.000000 1.067708 105.520246 0.000000 23.694721 -0.169596 
225 1.562500 0.000000 1.067708 107.514035 0.000000 20.954257 -0.199835 
226 1.132812 0.000000 1.468750 103.907095 0.000000 22.537389 -0.130462 
227 0.917969 0.000000 0.466146 112.025097 0.000000 26.711493 -0.326313 
228 0.917969 0.000000 0.265625 -0.889390 0.000000 0.120597 0.999919 
229 1.132812 0.000000 0.466146 112.729468 0.000000 21.814903 -0.318382 
230 0.917969 0.000000 0.666667 112.675024 0.000000 23.408676 -0.324363 
231 0.917969 0.000000 -0.335938 89.961900 0.000000 -17.249438 0.160931 
232 0.917969 0.000000 -0.536458 90.543608 0.000000 -15.944050 0.154764 
233 1.132812 0.000000 -0.335938 92.414009 0.000000 -13.513845 0.127703 
234 0.917969 0.000000 -0.135417 -0.831108 0.000000 0.251405 0.999925 
235 3.281250 0.000000 -4.145833 95.896294 0.000000 16.551609 0.052995 
236 3.281250 0.000000 -5.750000 96.462789 0.000000 17.671485 0.038265 
237 5.000000 0.000000 -4.145833 96.295301 0.000000 15.497862 0.048703 
238 2.421875 0.000000 -1.739583 92.196028 0.000000 13.791854 0.130968 
239 2.421875 0.000000 -2.541667 94.013296 0.000000 15.810755 0.091152 
240 3.281250 0.000000 -1.739583 92.633984 0.000000 11.496560 0.128677 
241 1.132812 0.000000 -1.338542 93.706737 0.000000 13.879471 0.102641 
242 0.703125 0.000000 -1.338542 93.588879 0.000000 14.744068 0.102373 
243 1.132812 0.000000 -1.739583 94.191955 0.000000 16.035611 0.087073 
244 1.562500 0.000000 -1.338542 93.444835 0.000000 13.513305 0.108545 
245 0.917969 0.000000 -0.736979 92.106378 0.000000 2.354392 0.151087 
246 0.703125 0.000000 -0.736979 90.742922 0.000000 3.891596 0.175058 
247 0.917969 0.000000 -0.937500 92.872595 0.000000 8.739391 0.129830 
248 1.132812 0.000000 -0.736979 93.115728 0.000000 1.818360 0.132615 
249 0.810547 0.000000 -0.436198 88.153460 0.000000 -19.019327 0.186723 
250 0.703125 0.000000 -0.436198 86.134064 0.000000 -20.352092 0.216672 
251 0.810547 0.000000 -0.536458 88.758726 0.000000 -17.465009 0.181686 
252 0.917969 0.000000 -0.436198 90.214473 0.000000 -15.996994 0.160544 
253 0.810547 0.000000 -0.335938 87.165220 0.000000 -19.500256 0.202196 
254 1.992188 0.000000 0.265625 1.978009 0.000000 0.992290 0.999510 
255 1.992188 0.000000 -0.135417 0.962452 0.000000 0.531332 0.999879 
256 2.421875 0.000000 0.265625 5.871398 0.000000 1.754124 0.996245 
257 1.992188 0.000000 0.666667 113.924479 0.000000 9.874880 -0.307630 
258 1.992188 0.000000 1.067708 109.179749 0.000000 18.006348 -0.224445 
259 2.421875 0.000000 1.067708 110.398899 0.000000 14.875920 -0.240921 
260 1.992188 0.000000 1.468750 106.969861 0.000000 19.192156 -0.181089 
261 1.777344 0.000000 0.466146 113.422051 0.000000 12.127188 -0.301163 
262 1.562500 0.000000 0.466146 113.194454 0.000000 14.844605 -0.303335 
263 1.777344 0.000000 0.265625 0.948261 0.000000 0.601168 0.999874 
264 1.992188 0.000000 0.466146 113.950922 0.000000 9.989634 -0.308461 
265 1.777344 0.000000 0.666667 113.434963 0.000000 11.985697 -0.301115 
266 1.992188 0.000000 -0.536458 91.784975 0.000000 -2.951545 0.156681 
267 1.992188 0.000000 -0.937500 92.238831 0.000000 8.063953 0.142697 
268 2.421875 0.000000 -0.536458 90.255086 0.000000 -1.098715 0.185281 
269 1.992188 0.000000 -1.338542 92.561846 0.000000 12.934806 0.126500 
270 1.992188 0.000000 -1.739583 93.228160 0.000000 14.882282 0.108703 
271 2.421875 0.000000 -1.338542 91.654141 0.000000 12.015866 0.145514 
272 1.777344 0.000000 -0.736979 92.769349 0.000000 -5.218671 0.136661 
273 1.562500 0.000000 -0.736979 93.632127 0.000000 -7.393587 0.117836 
274 1.777344 0.000000 -0.937500 92.922912 0.000000 8.193134 0.129820 
275 1.992188 0.000000 -0.736979 91.699089 0.000000 -2.784653 0.158352 
276 1.777344 0.000000 -0.536458 92.954052 0.000000 -4.137461 0.134243 
277 6.718750 0.000000 -0.937500 98.681409 0.000000 12.689235 0.010096 
278 6.718750 0.000000 -2.541667 96.712704 0.000000 12.697151 0.048544 
279 8.437500 0.000000 -0.937500 96.554096 0.000000 10.457618 0.056794 
280 6.718750 0.000000 0.666667 98.984409 0.000000 -8.820107 0.012429 
281 4.140625 0.000000 -0.135417 13.872754 0.000000 0.883683 0.980677 
282 4.140625 0.000000 -0.937500 100.938338 0.000000 -0.110565 -0.018856 
283 5.000000 0.000000 -0.135417 -0.690121 0.000000 -0.794543 0.999889 
284 4.140625 0.000000 0.666667 109.666860 0.000000 0.911971 -0.202765 
285 2.851562 0.000000 0.265625 11.130852 0.000000 1.901693 0.987249 
286 2.851562 0.000000 -0.135417 10.937477 0.000000 1.312703 0.987865 
287 3.281250 0.000000 0.265625 14.227830 0.000000 1.438971 0.979550 
288 2.851562 0.000000 0.666667 115.320005 0.000000 4.514397 -0.331908 
289 2.207031 0.000000 0.466146 114.464745 0.000000 9.097001 -0.318493 
290 2.207031 0.000000 0.265625 3.662570 0.000000 1.371860 0.998470 
291 2.421875 0.000000 0.466146 115.001471 0.000000 7.255220 -0.327798 
292 2.207031 0.000000 0.666667 114.276205 0.000000 8.647187 -0.313382 
293 2.851562 0.000000 -0.536458 90.742895 0.000000 -0.387233 0.176558 
294 2.851562 0.000000 -0.937500 90.880252 0.000000 -1.140803 0.173948 
295 3.281250 0.000000 -0.536458 93.921912 0.000000 -0.251657 0.117861 
296 2.207031 0.000000 -0.736979 90.527852 0.000000 -1.329205 0.180294 
297 2.207031 0.000000 -0.937500 91.334753 0.000000 7.789931 0.159728 
298 2.421875 0.000000 -0.736979 90.218942 0.000000 -1.490124 0.185832 
299 2.207031 0.000000 -0.536458 90.953737 0.000000 -2.271743 0.172226 
300 6.718750 0.000000 2.270833 100.610962 0.000000 8.692958 -0.019813 
301 8.437500 0.000000 2.270833 101.531111 0.000000 8.097390 -0.037413 
302 6.718750 0.000000 3.875000 101.453409 0.000000 12.541391 -0.045008 
303 4.140625 0.000000 1.468750 106.017375 0.000000 8.295369 -0.130850 
304 5.000000 0.000000 1.468750 103.986073 0.000000 6.594057 -0.085658 
305 4.140625 0.000000 2.270833 104.458103 0.000000 11.837979 -0.105163 
306 3.710938 0.000000 0.265625 16.436553 0.000000 0.721464 0.972932 
307 3.710938 0.000000 -0.135417 15.979746 0.000000 0.682206 0.974418 
308 4.140625 0.000000 0.265625 16.476141 0.000000 0.435298 0.972835 
309 3.710938 0.000000 0.666667 112.094513 0.000000 1.751916 -0.256825 
310 4.140625 0.000000 -1.739583 94.908026 0.000000 9.650973 0.089933 
311 4.140625 0.000000 -2.541667 94.878554 0.000000 13.043110 0.082794 
312 5.000000 0.000000 -1.739583 98.374014 0.000000 9.853090 0.022547 
313 3.710938 0.000000 -0.536458 97.279635 0.000000 -0.115021 0.053666 
314 3.710938 0.000000 -0.937500 97.394434 0.000000 -0.370546 0.051419 
315 4.140625 0.000000 -0.536458 100.879219 0.000000 0.223058 -0.017667 
316 5.859375 0.000000 -0.135417 2.290657 0.000000 -1.950701 0.999095 
317 5.859375 0.000000 -0.937500 104.651195 0.000000 12.440493 -0.110664 
318 6.718750 0.000000 -0.135417 7.680333 0.000000 -0.562394 0.994070 
319 5.859375 0.000000 0.666667 100.429742 0.000000 -7.123575 -0.013688 
320 4.570312 0.000000 0.265625 15.553678 0.000000 1.194860 0.975666 
321 4.570312 0.000000 -0.135417 8.828214 0.000000 1.315458 0.992033 
322 5.000000 0.000000 0.265625 10.515710 0.000000 3.695376 0.987576 
323 4.570312 0.000000 0.666667 107.663298 0.000000 0.431337 -0.159157 
324 5.859375 0.000000 1.468750 101.924623 0.000000 5.149580 -0.041515 
325 6.718750 0.000000 1.468750 100.393432 0.000000 5.401614 -0.010802 
326 5.859375 0.000000 2.270833 102.021094 0.000000 9.083431 -0.049081 
327 4.570312 0.000000 1.067708 104.683411 0.000000 4.757701 -0.098125 
328 4.140625 0.000000 1.067708 106.963206 0.000000 5.262316 -0.146882 
329 5.000000 0.000000 1.067708 104.081272 0.000000 5.485662 -0.086300 
330 4.570312 0.000000 1.468750 105.084627 0.000000 7.311305 -0.109623 
331 4.355469 0.000000 0.466146 108.551715 0.000000 0.504995 -0.178373 
332 4.140625 0.000000 0.466146 109.678033 0.000000 0.929077 -0.203013 
333 4.355469 0.000000 0.265625 108.403734 0.000000 0.548730 -0.175167 
334 4.570312 0.000000 0.466146 107.669809 0.000000 0.443386 -0.159298 
335 4.355469 0.000000 0.666667 108.398994 0.000000 0.545791 -0.175064 
336 4.570312 0.000000 -0.536458 104.682302 0.000000 0.998879 -0.095938 
337 4.570312 0.000000 -0.937500 105.219155 0.000000 1.260954 -0.107266 
338 5.000000 0.000000 -0.536458 106.591363 0.000000 2.585117 -0.136840 
339 18.750000 0.000000 -37.833333 98.087128 0.000000 19.178148 0.001111 
340 18.750000 0.000000 -50.666667 98.101200 0.000000 19.222539 0.000665 
341 32.500000 0.000000 -37.833333 98.106889 0.000000 19.166498 0.000768 
342 11.875000 0.000000 -18.583333 97.990437 0.000000 18.894033 0.004089 
343 11.875000 0.000000 -25.000000 98.035255 0.000000 19.072034 0.002535 
344 18.750000 0.000000 -18.583333 98.061612 0.000000 18.854422 0.002843 
345 8.437500 0.000000 -8.958333 97.692574 0.000000 17.871826 0.013676 
346 8.437500 0.000000 -12.166667 97.757812 0.000000 18.471404 0.010222 
347 11.875000 0.000000 -8.958333 97.920979 0.000000 17.768013 0.009578 
348 6.718750 0.000000 -4.145833 97.169048 0.000000 15.148978 0.032868 
349 6.718750 0.000000 -5.750000 96.906412 0.000000 16.414243 0.033972 
350 8.437500 0.000000 -4.145833 97.308567 0.000000 14.660561 0.031611 
351 5.859375 0.000000 -1.739583 98.836149 0.000000 11.638766 0.009595 
352 5.859375 0.000000 -2.541667 96.480968 0.000000 12.640586 0.053164 
353 6.718750 0.000000 -1.739583 97.696210 0.000000 12.037361 0.031055 
354 4.570312 0.000000 -1.338542 98.751971 0.000000 6.406525 0.020700 
355 4.140625 0.000000 -1.338542 95.734627 0.000000 6.747678 0.078935 
356 4.570312 0.000000 -1.739583 96.933164 0.000000 9.357104 0.051641 
357 5.000000 0.000000 -1.338542 101.871194 0.000000 7.188733 -0.042942 
358 4.355469 0.000000 -0.736979 103.129202 0.000000 0.389535 -0.063578 
359 4.140625 0.000000 -0.736979 100.881428 0.000000 0.195673 -0.017710 
360 4.355469 0.000000 -0.937500 102.611831 0.000000 0.623724 -0.052958 
361 4.570312 0.000000 -0.736979 104.697559 0.000000 0.946347 -0.096247 
362 4.355469 0.000000 -0.536458 102.474244 0.000000 1.636448 -0.050365 
363 5.429688 0.000000 0.265625 6.635000 0.000000 -0.971959 0.995503 
364 5.429688 0.000000 -0.135417 -1.761006 0.000000 -2.147989 0.999229 
365 5.859375 0.000000 0.265625 7.241702 0.000000 -1.981443 0.994363 
366 5.429688 0.000000 0.666667 101.717042 0.000000 -5.510095 -0.037672 
367 5.429688 0.000000 1.067708 103.303092 0.000000 2.354106 -0.067707 
368 5.859375 0.000000 1.067708 101.475981 0.000000 1.598579 -0.029993 
369 5.429688 0.000000 1.468750 103.072804 0.000000 5.748651 -0.065705 
370 5.214844 0.000000 0.466146 102.068100 0.000000 -4.368626 -0.043698 
371 5.000000 0.000000 0.466146 105.753735 0.000000 -0.146598 -0.118387 
372 5.214844 0.000000 0.265625 6.992769 0.000000 1.267045 0.994950 
373 5.429688 0.000000 0.466146 101.789953 0.000000 -5.617897 -0.039276 
374 5.214844 0.000000 0.666667 102.178703 0.000000 -3.484461 -0.045263 
375 5.429688 0.000000 -0.536458 113.417880 0.000000 9.990099 -0.296342 
376 5.429688 0.000000 -0.937500 110.784458 0.000000 10.190001 -0.237703 
377 5.859375 0.000000 -0.536458 108.679586 0.000000 11.540218 -0.194443 
378 5.429688 0.000000 -1.338542 102.657601 0.000000 10.130765 -0.064122 
379 5.429688 0.000000 -1.739583 99.078633 0.000000 10.755372 0.006775 
380 5.859375 0.000000 -1.338542 101.072866 0.000000 11.755508 -0.035392 
381 5.214844 0.000000 -0.736979 110.528140 0.000000 5.878071 -0.225102 
382 5.000000 0.000000 -0.736979 106.588925 0.000000 2.653811 -0.136824 
383 5.214844 0.000000 -0.937500 113.692717 0.000000 6.040292 -0.296252 
384 5.429688 0.000000 -0.736979 113.613324 0.000000 8.617980 -0.298226 
385 5.214844 0.000000 -0.536458 111.880906 0.000000 6.605436 -0.256097 
386 46.250000 0.000000 -12.166667 98.201340 0.000000 18.754560 0.000476 
387 46.250000 0.000000 -25.000000 98.136643 0.000000 19.070421 0.000552 
388 60.000000 0.000000 -12.166667 98.192025 0.000000 18.866981 0.000236 
389 46.250000 0.000000 0.666667 98.667775 0.000000 16.446851 -0.000583 
390 25.625000 0.000000 -5.750000 98.395395 0.000000 17.376988 0.001639 
391 25.625000 0.000000 -12.166667 98.171496 0.000000 18.487102 0.002058 
392 32.500000 0.000000 -5.750000 98.364361 0.000000 17.717420 0.001055 
393 25.625000 0.000000 0.666667 99.480974 0.000000 12.088146 -0.004259 
394 15.312500 0.000000 -2.541667 98.758480 0.000000 13.747802 0.005776 
395 15.312500 0.000000 -5.750000 98.232209 0.000000 16.561284 0.007616 
396 18.750000 0.000000 -2.541667 98.804450 0.000000 14.590992 0.002478 
397 15.312500 0.000000 0.666667 98.245820 0.000000 20.048566 -0.005419 
398 10.156250 0.000000 -0.937500 97.417467 0.000000 8.369984 0.043978 
399 10.156250 0.000000 -2.541667 97.858106 0.000000 12.138839 0.027644 
400 11.875000 0.000000 -0.937500 98.982862 0.000000 8.353785 0.013261 
401 10.156250 0.000000 0.666667 97.010058 0.000000 5.189710 0.056212 
402 7.578125 0.000000 -0.135417 100.093644 0.000000 13.390531 -0.019804 
403 7.578125 0.000000 -0.937500 96.618346 0.000000 11.440795 0.053400 
404 8.437500 0.000000 -0.135417 103.487789 0.000000 12.588405 -0.086819 
405 7.578125 0.000000 0.666667 94.202287 0.000000 5.508112 0.109559 
406 6.289062 0.000000 0.265625 7.877827 0.000000 -1.357724 0.993610 
407 6.289062 0.000000 -0.135417 5.252685 0.000000 -1.058810 0.997129 
408 6.718750 0.000000 0.265625 98.546204 0.000000 -10.147661 0.018567 
409 6.289062 0.000000 0.666667 99.429359 0.000000 -8.173283 0.004700 
410 5.644531 0.000000 0.466146 100.903035 0.000000 -6.483745 -0.022346 
411 5.644531 0.000000 0.265625 6.991284 0.000000 -1.886667 0.994756 
412 5.859375 0.000000 0.466146 100.368353 0.000000 -7.331919 -0.012756 
413 5.644531 0.000000 0.666667 101.079323 0.000000 -6.497920 -0.025925 
414 6.289062 0.000000 -0.536458 104.720811 0.000000 11.810884 -0.110595 
415 6.289062 0.000000 -0.937500 100.867983 0.000000 12.906237 -0.034092 
416 6.718750 0.000000 -0.536458 102.161515 0.000000 12.533877 -0.059407 
417 5.644531 0.000000 -0.736979 111.941626 0.000000 9.993130 -0.263079 
418 5.644531 0.000000 -0.937500 107.429065 0.000000 11.905590 -0.168275 
419 5.859375 0.000000 -0.736979 108.996948 0.000000 10.760480 -0.199612 
420 5.644531 0.000000 -0.536458 111.436839 0.000000 10.652386 -0.253164 
421 46.250000 0.000000 13.500000 98.866792 0.000000 15.518066 -0.001545 
422 60.000000 0.000000 13.500000 99.413522 0.000000 12.715557 -0.004473 
423 46.250000 0.000000 26.333333 98.256202 0.000000 18.674159 -0.000301 
424 25.625000 0.000000 7.083333 99.348015 0.000000 13.088482 -0.004134 
425 32.500000 0.000000 7.083333 99.727112 0.000000 11.121782 -0.006919 
426 25.625000 0.000000 13.500000 98.530955 0.000000 17.433126 -0.001226 
427 15.312500 0.000000 3.875000 99.688657 0.000000 11.084305 -0.006069 
428 18.750000 0.000000 3.875000 99.898129 0.000000 10.122170 -0.008209 
429 15.312500 0.000000 7.083333 99.096012 0.000000 15.041987 -0.004628 
430 10.156250 0.000000 2.270833 99.447283 0.000000 7.855042 0.004854 
431 11.875000 0.000000 2.270833 99.679477 0.000000 8.514782 -0.000850 
432 10.156250 0.000000 3.875000 99.921187 0.000000 11.547393 -0.011759 
433 7.578125 0.000000 1.468750 70.168573 0.000000 31.213215 0.410211 
434 8.437500 0.000000 1.468750 105.605308 0.000000 2.897428 -0.116088 
435 7.578125 0.000000 2.270833 100.193014 0.000000 8.929578 -0.011838 
436 7.148438 0.000000 0.265625 97.065537 0.000000 -8.831769 0.050028 
437 7.148438 0.000000 -0.135417 12.604754 0.000000 -0.692155 0.984064 
438 7.578125 0.000000 0.265625 102.877406 0.000000 -8.640549 -0.065842 
439 7.148438 0.000000 0.666667 84.735505 0.000000 3.552418 0.280727 
440 7.148438 0.000000 1.067708 97.897887 0.000000 3.405271 0.040441 
441 6.718750 0.000000 1.067708 99.534466 0.000000 2.265278 0.008776 
442 7.578125 0.000000 1.067708 88.393480 0.000000 16.896026 0.190112 
443 7.148438 0.000000 1.468750 99.604017 0.000000 5.957457 0.004355 
444 6.933594 0.000000 0.466146 98.089072 0.000000 -9.144320 0.029492 
445 6.718750 0.000000 0.466146 98.931851 0.000000 -9.168547 0.012843 
446 6.933594 0.000000 0.265625 98.714865 0.000000 -9.043933 0.017358 
447 7.148438 0.000000 0.466146 92.803108 0.000000 -8.527977 0.131486 
448 6.933594 0.000000 0.666667 98.687816 0.000000 -9.220942 0.017569 
449 7.578125 0.000000 -1.739583 96.628946 0.000000 11.470564 0.053127 
450 7.578125 0.000000 -2.541667 97.060383 0.000000 12.790002 0.041570 
451 8.437500 0.000000 -1.739583 96.915059 0.000000 11.199573 0.048204 
452 7.148438 0.000000 -0.536458 100.713124 0.000000 12.893924 -0.030939 
453 7.148438 0.000000 -0.937500 97.284710 0.000000 12.176100 0.038743 
454 7.578125 0.000000 -0.536458 100.104616 0.000000 13.642720 -0.020706 
455 6.933594 0.000000 -0.335938 100.854948 0.000000 13.713812 -0.035979 
456 6.718750 0.000000 -0.335938 102.036354 0.000000 12.854549 -0.057666 
457 6.933594 0.000000 -0.536458 101.082803 0.000000 12.618445 -0.037696 
458 7.148438 0.000000 -0.335938 100.337694 0.000000 13.551558 -0.025130 
459 6.933594 0.000000 -0.135417 9.488788 0.000000 -0.861105 0.990922 
460 9.296875 0.000000 -0.135417 106.305370 0.000000 23.712640 -0.186312 
461 9.296875 0.000000 -0.937500 96.863204 0.000000 10.125987 0.051498 
462 10.156250 0.000000 -0.135417 94.716091 0.000000 11.771241 0.089030 
463 9.296875 0.000000 0.666667 81.614511 0.000000 -1.093947 0.333787 
464 8.007812 0.000000 -0.536458 100.832005 0.000000 13.995338 -0.036296 
465 8.007812 0.000000 -0.937500 96.522587 0.000000 10.621895 0.057057 
466 8.437500 0.000000 -0.536458 102.024322 0.000000 14.959714 -0.063276 
467 8.007812 0.000000 -0.135417 100.819329 0.000000 14.074131 -0.036262 
468 8.007812 0.000000 0.265625 102.467586 0.000000 -9.264084 -0.058543 
469 8.437500 0.000000 0.265625 109.116290 0.000000 -11.424725 -0.203689 
470 8.007812 0.000000 0.666667 106.088157 0.000000 -2.305699 -0.126001 
471 7.792969 0.000000 -0.335938 100.517143 0.000000 13.775895 -0.029347 
472 7.578125 0.000000 -0.335938 100.159075 0.000000 13.703049 -0.021961 
473 7.792969 0.000000 -0.536458 100.608105 0.000000 13.616731 -0.030741 
474 8.007812 0.000000 -0.335938 100.793605 0.000000 14.041531 -0.035652 
475 7.792969 0.000000 -0.135417 100.521870 0.000000 14.015168 -0.030107 
476 10.156250 0.000000 -4.145833 97.493124 0.000000 14.486414 0.028523 
477 10.156250 0.000000 -5.750000 97.761103 0.000000 16.298941 0.017711 
478 11.875000 0.000000 -4.145833 98.084889 0.000000 14.995641 0.015449 
479 9.296875 0.000000 -1.739583 97.342039 0.000000 10.930025 0.040506 
480 9.296875 0.000000 -2.541667 97.649402 0.000000 12.388200 0.031113 
481 10.156250 0.000000 -1.739583 97.826809 0.000000 10.467354 0.032035 
482 8.867188 0.000000 -0.536458 97.660084 0.000000 11.719580 0.032516 
483 8.867188 0.000000 -0.937500 96.899510 0.000000 10.124169 0.050799 
484 9.296875 0.000000 -0.536458 96.066892 0.000000 12.563909 0.061330 
485 8.867188 0.000000 -0.135417 102.902526 0.000000 19.240360 -0.095912 
486 13.593750 0.000000 -0.937500 99.439915 0.000000 9.756630 0.001651 
487 13.593750 0.000000 -2.541667 98.674768 0.000000 13.240911 0.008797 
488 15.312500 0.000000 -0.937500 99.476519 0.000000 10.903435 -0.001446 
489 13.593750 0.000000 0.666667 100.413698 0.000000 5.305060 -0.011105 
490 11.015625 0.000000 -0.135417 98.468479 0.000000 10.493822 0.019384 
491 11.015625 0.000000 -0.937500 98.484919 0.000000 7.979398 0.023705 
492 11.875000 0.000000 -0.135417 99.341536 0.000000 9.079670 0.004882 
493 11.015625 0.000000 0.666667 97.895472 0.000000 7.738829 0.035659 
494 9.726562 0.000000 -0.536458 95.652300 0.000000 9.872402 0.075317 
495 9.726562 0.000000 -0.937500 96.950822 0.000000 9.131270 0.051716 
496 10.156250 0.000000 -0.536458 96.783079 0.000000 7.807136 0.057208 
497 9.726562 0.000000 -0.135417 104.440695 0.000000 21.785927 -0.138249 
498 9.296875 0.000000 1.468750 82.552140 0.000000 3.983213 0.316928 
499 10.156250 0.000000 1.468750 98.735556 0.000000 5.789164 0.021778 
500 9.296875 0.000000 2.270833 99.506523 0.000000 7.024254 0.004911 
501 8.867188 0.000000 0.265625 93.872580 0.000000 -7.966474 0.112447 
502 9.296875 0.000000 0.265625 87.960153 0.000000 -8.495714 0.219083 
503 8.867188 0.000000 0.666667 96.542378 0.000000 -2.038188 0.067542 
504 9.082031 0.000000 -0.335938 104.408920 0.000000 18.238445 -0.123386 
505 8.867188 0.000000 -0.335938 103.079830 0.000000 16.881810 -0.091045 
506 9.082031 0.000000 -0.536458 97.157621 0.000000 12.772023 0.039727 
507 9.296875 0.000000 -0.335938 107.861290 0.000000 21.024773 -0.207610 
508 9.082031 0.000000 -0.135417 104.822515 0.000000 22.096075 -0.147600 
509 9.726562 0.000000 0.265625 93.711268 0.000000 4.367424 0.119912 
510 10.156250 0.000000 0.265625 94.030574 0.000000 11.292815 0.103072 
511 9.726562 0.000000 0.666667 96.309353 0.000000 3.747143 0.071047 
512 9.511719 0.000000 0.065104 96.189385 0.000000 4.800942 0.072455 
513 9.296875 0.000000 0.065104 94.464175 0.000000 6.564490 0.103343 
514 9.511719 0.000000 -0.135417 105.415005 0.000000 23.940849 -0.168549 
515 9.726562 0.000000 0.065104 98.493757 0.000000 -2.128421 0.029445 
516 9.511719 0.000000 0.265625 91.069068 0.000000 -10.862831 0.158842 
517 13.593750 0.000000 2.270833 99.915162 0.000000 8.610567 -0.005718 
518 15.312500 0.000000 2.270833 100.017193 0.000000 8.684396 -0.007886 
519 13.593750 0.000000 3.875000 99.644379 0.000000 11.468092 -0.006052 
520 11.015625 0.000000 1.468750 99.166813 0.000000 6.630696 0.012198 
521 11.875000 0.000000 1.468750 99.535053 0.000000 7.051278 0.004305 
522 11.015625 0.000000 2.270833 99.540770 0.000000 8.243021 0.002369 
523 10.585938 0.000000 0.265625 97.640944 0.000000 4.668113 0.044445 
524 10.585938 0.000000 -0.135417 97.125465 0.000000 12.681036 0.040584 
525 11.015625 0.000000 0.265625 98.711872 0.000000 3.780875 0.024167 
526 10.585938 0.000000 0.666667 97.572907 0.000000 6.367472 0.043898 
527 9.941406 0.000000 0.065104 98.266260 0.000000 -1.568418 0.034128 
528 9.941406 0.000000 -0.135417 106.041882 0.000000 26.049900 -0.192348 
529 10.156250 0.000000 0.065104 94.992930 0.000000 3.591282 0.096345 
530 9.941406 0.000000 0.265625 93.627010 0.000000 7.735151 0.117415 
531 11.015625 0.000000 -1.739583 98.327265 0.000000 10.414904 0.022328 
532 11.015625 0.000000 -2.541667 97.956607 0.000000 12.022458 0.025996 
533 11.875000 0.000000 -1.739583 98.631250 0.000000 10.775365 0.015577 
534 10.585938 0.000000 -0.536458 97.887554 0.000000 6.965053 0.036951 
535 10.585938 0.000000 -0.937500 97.938027 0.000000 7.857005 0.034641 
536 11.015625 0.000000 -0.536458 98.611108 0.000000 6.953912 0.022749 
537 9.941406 0.000000 -0.335938 94.849799 0.000000 10.489437 0.089349 
538 9.726562 0.000000 -0.335938 93.891504 0.000000 12.974604 0.101605 
539 9.941406 0.000000 -0.536458 96.141586 0.000000 8.606149 0.068273 
540 10.156250 0.000000 -0.335938 96.047991 0.000000 8.818523 0.069702 
541 9.833984 0.000000 -0.035156 103.953680 0.000000 15.453811 -0.104519 
542 9.726562 0.000000 -0.035156 101.546377 0.000000 9.080906 -0.039413 
543 9.833984 0.000000 -0.135417 105.212385 0.000000 22.905100 -0.159429 
544 9.941406 0.000000 -0.035156 99.594080 0.000000 10.058499 -0.002015 
545 9.833984 0.000000 0.065104 99.528296 0.000000 -8.144722 0.002778 
546 10.371094 0.000000 0.065104 96.809237 0.000000 3.515985 0.061561 
547 10.371094 0.000000 -0.135417 95.838089 0.000000 15.075533 0.058779 
548 10.585938 0.000000 0.065104 97.678102 0.000000 3.404762 0.044740 
549 10.371094 0.000000 0.265625 93.963804 0.000000 15.333403 0.093569 
550 10.048828 0.000000 -0.035156 100.534145 0.000000 28.094251 -0.089640 
551 10.048828 0.000000 -0.135417 94.062665 0.000000 5.817197 0.111838 
552 10.156250 0.000000 -0.035156 94.978353 0.000000 4.132715 0.096203 
553 10.048828 0.000000 0.065104 92.643970 0.000000 3.038695 0.140786 
554 9.726562 0.000000 1.067708 97.525728 0.000000 4.412883 0.046926 
555 9.296875 0.000000 1.067708 78.785200 0.000000 2.631799 0.378597 
556 10.156250 0.000000 1.067708 98.116034 0.000000 5.083399 0.034740 
557 9.726562 0.000000 1.468750 98.281727 0.000000 5.349755 0.031208 
558 9.941406 0.000000 0.466146 95.733899 0.000000 4.768979 0.081228 
559 9.726562 0.000000 0.466146 95.405126 0.000000 3.640004 0.088461 
560 10.156250 0.000000 0.466146 96.096128 0.000000 6.048742 0.072895 
561 9.941406 0.000000 0.666667 96.697542 0.000000 4.379408 0.063041 
562 9.833984 0.000000 0.165365 97.648330 0.000000 -17.636167 0.015377 
563 9.726562 0.000000 0.165365 94.914421 0.000000 -9.009493 0.091008 
564 9.941406 0.000000 0.165365 90.980855 0.000000 14.384437 0.151557 
565 9.833984 0.000000 0.265625 93.631405 0.000000 5.945151 0.119782 
566 9.887695 0.000000 0.014974 99.849124 0.000000 3.386951 0.001868 
567 9.833984 0.000000 0.014974 100.759796 0.000000 0.050788 -0.015254 
568 9.887695 0.000000 -0.035156 100.527958 0.000000 7.458360 -0.016150 
569 9.941406 0.000000 0.014974 97.801647 0.000000 -3.711720 0.042106 
570 9.887695 0.000000 0.065104 99.517958 0.000000 -1.703316 0.009327 
571 18.750000 0.000000 39.166667 98.199806 0.000000 19.134701 -0.000934 
572 5.000000 0.000000 39.166667 98.202919 0.000000 19.189702 -0.001206 
573 32.500000 0.000000 39.166667 98.189212 0.000000 19.090891 -0.000558 
574 18.750000 0.000000 52.000000 98.169136 0.000000 19.200390 -0.000583 
575 11.875000 0.000000 19.916667 98.391906 0.000000 18.765348 -0.003311 
576 5.000000 0.000000 19.916667 98.408593 0.000000 18.955828 -0.004357 
577 18.750000 0.000000 19.916667 98.352401 0.000000 18.619819 -0.001989 
578 11.875000 0.000000 26.333333 98.327607 0.000000 18.990937 -0.002897 
579 8.437500 0.000000 10.291667 98.967456 0.000000 17.663400 -0.010655 
580 5.000000 0.000000 10.291667 99.051249 0.000000 18.183185 -0.014178 
581 11.875000 0.000000 10.291667 98.873411 0.000000 17.257133 -0.007376 
582 8.437500 0.000000 13.500000 98.749439 0.000000 18.316015 -0.008693 
583 10.156250 0.000000 5.479167 99.541320 0.000000 14.163506 -0.010908 
584 8.437500 0.000000 5.479167 99.971067 0.000000 14.419009 -0.020212 
585 11.875000 0.000000 5.479167 99.480023 0.000000 13.810253 -0.008700 
586 10.156250 0.000000 7.083333 99.378720 0.000000 15.663314 -0.012147 
587 9.296875 0.000000 3.072917 100.162501 0.000000 9.809907 -0.012876 
588 8.437500 0.000000 3.072917 100.810242 0.000000 10.062597 -0.026396 
589 10.156250 0.000000 3.072917 99.958048 0.000000 9.739957 -0.008648 
590 9.296875 0.000000 3.875000 100.264244 0.000000 11.621798 -0.018798 
591 8.867188 0.000000 1.869792 102.960167 0.000000 2.167229 -0.060549 
592 8.437500 0.000000 1.869792 105.567139 0.000000 3.361685 -0.115572 
593 8.867188 0.000000 1.468750 101.489884 0.000000 2.709945 -0.030754 
594 9.296875 0.000000 1.869792 97.609331 0.000000 5.359629 0.044369 
595 8.867188 0.000000 2.270833 100.585355 0.000000 6.542114 -0.016021 
596 9.726562 0.000000 1.869792 99.001333 0.000000 6.265129 0.015948 
597 10.156250 0.000000 1.869792 99.146008 0.000000 6.875181 0.012280 
598 9.726562 0.000000 2.270833 99.412913 0.000000 7.548192 0.006010 
599 6.718750 0.000000 5.479167 100.508419 0.000000 15.004161 -0.032707 
600 5.000000 0.000000 5.479167 100.756222 0.000000 16.157822 -0.041289 
601 6.718750 0.000000 7.083333 99.709894 0.000000 16.555145 -0.021614 
602 7.578125 0.000000 3.072917 100.771348 0.000000 10.618019 -0.026761 
603 6.718750 0.000000 3.072917 101.028264 0.000000 11.029909 -0.032837 
604 7.578125 0.000000 3.875000 101.075463 0.000000 12.117737 -0.036309 
605 8.867188 0.000000 2.671875 100.516972 0.000000 8.572432 -0.017715 
606 8.437500 0.000000 2.671875 100.791500 0.000000 8.991804 -0.023978 
607 9.296875 0.000000 2.671875 99.993031 0.000000 8.648803 -0.007341 
608 8.867188 0.000000 3.072917 100.433472 0.000000 9.958805 -0.018606 
609 9.082031 0.000000 2.070312 99.537608 0.000000 3.962719 0.007656 
610 8.867188 0.000000 2.070312 112.267709 0.000000 -0.139324 -0.260406 
611 9.082031 0.000000 1.869792 94.791671 0.000000 3.174524 0.100446 
612 9.296875 0.000000 2.070312 98.730041 0.000000 5.999985 0.021638 
613 9.082031 0.000000 2.270833 99.877372 0.000000 6.709961 -0.002051 
614 8.867188 0.000000 1.067708 97.696586 0.000000 0.528168 0.045510 
615 8.437500 0.000000 1.067708 104.659231 0.000000 0.943890 -0.095445 
616 9.082031 0.000000 1.669271 92.045623 0.000000 3.768445 0.151340 
617 8.867188 0.000000 1.669271 102.034635 0.000000 2.986005 -0.041998 
618 9.082031 0.000000 1.468750 89.462323 0.000000 3.254666 0.198590 
619 9.296875 0.000000 1.669271 97.031659 0.000000 5.019500 0.055966 
620 11.015625 0.000000 3.072917 99.794063 0.000000 9.838269 -0.005565 
621 11.875000 0.000000 3.072917 99.757287 0.000000 10.050520 -0.005253 
622 11.015625 0.000000 3.875000 99.770767 0.000000 11.563872 -0.008793 
623 9.726562 0.000000 2.671875 99.805022 0.000000 8.747400 -0.003756 
624 10.156250 0.000000 2.671875 99.724590 0.000000 8.809415 -0.002260 
625 9.726562 0.000000 3.072917 99.980084 0.000000 9.843265 -0.009291 
626 9.511719 0.000000 2.070312 99.119544 0.000000 6.621174 0.013148 
627 9.511719 0.000000 1.869792 98.642616 0.000000 6.126097 0.023211 
628 9.726562 0.000000 2.070312 99.221657 0.000000 6.937838 0.010693 
629 9.511719 0.000000 2.270833 99.434836 0.000000 7.356243 0.005860 
630 9.189453 0.000000 1.970052 82.903863 0.000000 3.148128 0.311704 
631 9.082031 0.000000 1.970052 104.682867 0.000000 0.669394 -0.095895 
632 9.189453 0.000000 1.869792 83.204707 0.000000 4.789407 0.305404 
633 9.296875 0.000000 1.970052 98.104304 0.000000 5.594047 0.034425 
634 9.189453 0.000000 2.070312 98.709216 0.000000 4.808127 0.023337 
635 8.007812 0.000000 1.869792 79.503855 0.000000 27.101036 0.294467 
636 7.578125 0.000000 1.869792 98.862329 0.000000 8.433624 0.015511 
637 8.007812 0.000000 1.468750 97.099339 0.000000 13.218950 0.039698 
638 8.007812 0.000000 2.270833 100.563579 0.000000 9.622282 -0.020562 
639 8.652344 0.000000 2.070312 111.171879 0.000000 0.021257 -0.235919 
640 8.437500 0.000000 2.070312 108.647821 0.000000 0.130902 -0.180437 
641 8.652344 0.000000 1.869792 104.438429 0.000000 2.648485 -0.091440 
642 8.652344 0.000000 2.270833 101.249025 0.000000 6.995671 -0.030030 
643 8.974609 0.000000 1.970052 108.653482 0.000000 -0.063991 -0.180558 
644 8.867188 0.000000 1.970052 109.241420 0.000000 0.044559 -0.193369 
645 8.974609 0.000000 1.869792 101.704385 0.000000 2.189699 -0.034858 
646 8.974609 0.000000 2.070312 100.364363 0.000000 3.848032 -0.008781 
647 9.082031 0.000000 2.471354 100.228416 0.000000 7.679182 -0.010471 
648 8.867188 0.000000 2.471354 100.468493 0.000000 7.891545 -0.015619 
649 9.296875 0.000000 2.471354 99.872268 0.000000 7.955609 -0.003776 
650 9.082031 0.000000 2.671875 100.285985 0.000000 8.546737 -0.013033 
651 9.189453 0.000000 2.170573 99.372439 0.000000 5.976509 0.008940 
652 9.082031 0.000000 2.170573 99.732592 0.000000 5.718425 0.002071 
653 9.296875 0.000000 2.170573 99.254699 0.000000 6.485011 0.010645 
654 9.189453 0.000000 2.270833 99.679299 0.000000 6.813132 0.001762 
655 9.135742 0.000000 2.020182 103.865212 0.000000 0.766960 -0.078857 
656 9.082031 0.000000 2.020182 111.131488 0.000000 0.080349 -0.235021 
657 9.135742 0.000000 1.970052 87.501984 0.000000 2.321702 0.233801 
658 9.189453 0.000000 2.020182 97.503548 0.000000 3.961016 0.047737 
659 9.135742 0.000000 2.070312 99.018765 0.000000 4.271206 0.017704 
660 8.974609 0.000000 2.170573 100.213805 0.000000 5.510746 -0.007317 
661 8.867188 0.000000 2.170573 100.720189 0.000000 5.551197 -0.017537 
662 8.974609 0.000000 2.270833 100.238666 0.000000 6.552443 -0.009072 
663 9.028320 0.000000 2.020182 111.938667 0.000000 -0.117402 -0.253028 
664 8.974609 0.000000 2.020182 112.564002 0.000000 -0.130362 -0.267067 
665 9.028320 0.000000 1.970052 107.382992 0.000000 0.159829 -0.153113 
666 9.028320 0.000000 2.070312 99.978528 0.000000 3.931405 -0.001116 
667 8.652344 0.000000 1.669271 104.024170 0.000000 2.951041 -0.082974 
668 8.437500 0.000000 1.669271 105.702699 0.000000 3.106855 -0.118271 
669 8.652344 0.000000 1.468750 104.064820 0.000000 2.872307 -0.083774 
670 8.974609 0.000000 1.769531 100.679710 0.000000 2.966654 -0.014520 
671 8.867188 0.000000 1.769531 102.393267 0.000000 2.772784 -0.049207 
672 8.974609 0.000000 1.669271 98.106775 0.000000 3.252307 0.036448 
673 9.082031 0.000000 1.769531 92.841007 0.000000 3.677338 0.136702 
674 9.028320 0.000000 1.919922 101.254818 0.000000 1.195044 -0.025397 
675 8.974609 0.000000 1.919922 102.319393 0.000000 1.463113 -0.047140 
676 9.028320 0.000000 1.869792 99.546967 0.000000 2.546719 0.008392 
677 9.082031 0.000000 1.919922 97.157578 0.000000 1.979944 0.055648 
678 9.055176 0.000000 1.995117 110.764101 0.000000 0.006626 -0.226869 
679 9.028320 0.000000 1.995117 111.062204 0.000000 -0.105552 -0.233482 
680 9.055176 0.000000 1.970052 105.017283 0.000000 0.316712 -0.102873 
681 9.082031 0.000000 1.995117 110.720430 0.000000 0.154058 -0.225904 
682 9.055176 0.000000 2.020182 111.459161 0.000000 -0.030133 -0.242315 
683 9.511719 0.000000 1.669271 98.229736 0.000000 5.611677 0.031943 
684 9.511719 0.000000 1.468750 97.765098 0.000000 5.170955 0.041525 
685 9.726562 0.000000 1.669271 98.610031 0.000000 5.921064 0.024100 
686 9.189453 0.000000 1.769531 85.161075 0.000000 4.467140 0.272764 
687 9.189453 0.000000 1.669271 88.019949 0.000000 4.238096 0.223453 
688 9.296875 0.000000 1.769531 97.211137 0.000000 5.262283 0.052230 
689 9.135742 0.000000 1.919922 87.693011 0.000000 3.362911 0.229863 
690 9.135742 0.000000 1.869792 86.596283 0.000000 4.326387 0.248237 
691 9.189453 0.000000 1.919922 83.320111 0.000000 4.882272 0.303392 
692 9.108887 0.000000 1.995117 107.420491 0.000000 0.436947 -0.153935 
693 9.108887 0.000000 1.970052 98.150360 0.000000 1.217525 0.036502 
694 9.135742 0.000000 1.995117 96.617816 0.000000 0.649924 0.066458 
695 9.108887 0.000000 2.020182 109.305497 0.000000 0.321084 -0.194779 
696 9.028320 0.000000 2.120443 99.962397 0.000000 4.919457 -0.001668 
697 8.974609 0.000000 2.120443 100.228851 0.000000 4.849634 -0.006934 
698 9.082031 0.000000 2.120443 99.656728 0.000000 5.018314 0.004335 
699 9.028320 0.000000 2.170573 99.954950 0.000000 5.574271 -0.002206 
700 9.055176 0.000000 2.045247 113.030037 0.000000 -0.042150 -0.277579 
701 9.028320 0.000000 2.045247 112.816860 0.000000 -0.082330 -0.272765 
702 9.082031 0.000000 2.045247 99.546005 0.000000 3.160018 0.008061 
703 9.055176 0.000000 2.070312 99.749409 0.000000 3.921053 0.003468 
704 9.068604 0.000000 2.007650 111.115396 0.000000 0.065044 -0.234664 
705 9.055176 0.000000 2.007650 111.730812 0.000000 -0.033905 -0.248378 
706 9.068604 0.000000 1.995117 110.659805 0.000000 0.071019 -0.224560 
707 9.082031 0.000000 2.007650 111.749484 0.000000 0.073248 -0.248795 
708 9.068604 0.000000 2.020182 112.089248 0.000000 0.011427 -0.256400 
709 -36.250000 0.000000 -37.833333 98.108307 0.000000 19.274736 0.000324 
710 -50.000000 0.000000 -37.833333 98.115566 0.000000 19.276089 0.000177 
711 -36.250000 0.000000 -50.666667 98.111018 0.000000 19.270927 0.000286 
712 46.250000 0.000000 -37.833333 98.120835 0.000000 19.169562 0.000483 
713 46.250000 0.000000 -50.666667 98.117414 0.000000 19.212320 0.000386 
714 60.000000 0.000000 -37.833333 98.128368 0.000000 19.177709 0.000304 
715 -8.750000 0.000000 39.166667 98.187290 0.000000 19.238366 -0.001086 
716 -22.500000 0.000000 39.166667 98.165203 0.000000 19.263876 -0.000750 
717 -8.750000 0.000000 52.000000 98.163589 0.000000 19.246624 -0.000652 
718 -36.250000 0.000000 39.166667 98.149188 0.000000 19.272786 -0.000470 
719 -50.000000 0.000000 39.166667 98.139840 0.000000 19.275006 -0.000295 
720 -36.250000 0.000000 52.000000 98.145296 0.000000 19.268851 -0.000379 
721 -15.625000 0.000000 -18.583333 98.029574 0.000000 19.308420 0.001739 
722 -22.500000 0.000000 -18.583333 98.067312 0.000000 19.311444 0.000987 
723 -15.625000 0.000000 -25.000000 98.045645 0.000000 19.284294 0.001517 
724 46.250000 0.000000 39.166667 98.183618 0.000000 19.053139 -0.000305 
725 60.000000 0.000000 39.166667 98.184796 0.000000 19.011290 -0.000168 
726 46.250000 0.000000 52.000000 98.160798 0.000000 19.162010 -0.000272 
727 25.625000 0.000000 -18.583333 98.083119 0.000000 18.836996 0.002487 
728 25.625000 0.000000 -25.000000 98.062186 0.000000 19.009531 0.002245 
729 32.500000 0.000000 -18.583333 98.135673 0.000000 18.898144 0.001225 
730 -1.875000 0.000000 19.916667 98.360265 0.000000 19.137273 -0.004098 
731 -8.750000 0.000000 19.916667 98.279397 0.000000 19.238814 -0.002897 
732 -1.875000 0.000000 26.333333 98.309269 0.000000 19.184519 -0.003276 
733 -15.625000 0.000000 19.916667 98.242351 0.000000 19.302183 -0.002413 
734 -22.500000 0.000000 19.916667 98.181600 0.000000 19.287281 -0.001163 
735 -15.625000 0.000000 26.333333 98.203184 0.000000 19.262920 -0.001493 
736 -5.312500 0.000000 -8.958333 97.760398 0.000000 19.304015 0.007026 
737 -8.750000 0.000000 -8.958333 97.961317 0.000000 19.291780 0.003141 
738 -5.312500 0.000000 -12.166667 97.912189 0.000000 19.202530 0.004447 
739 25.625000 0.000000 19.916667 98.357048 0.000000 18.472228 -0.001533 
740 32.500000 0.000000 19.916667 98.334551 0.000000 18.367849 -0.000706 
741 25.625000 0.000000 26.333333 98.258841 0.000000 18.865548 -0.001071 
742 15.312500 0.000000 -8.958333 98.026499 0.000000 17.723522 0.007668 
743 15.312500 0.000000 -12.166667 98.037880 0.000000 18.370375 0.005110 
744 18.750000 0.000000 -8.958333 98.177142 0.000000 17.876700 0.004167 
745 1.562500 0.000000 10.291667 98.918814 0.000000 18.752801 -0.013660 
746 -1.875000 0.000000 10.291667 98.694190 0.000000 19.124581 -0.010629 
747 1.562500 0.000000 13.500000 98.751189 0.000000 18.917781 -0.010968 
748 -5.312500 0.000000 10.291667 98.504050 0.000000 19.312082 -0.007600 
749 -8.750000 0.000000 10.291667 98.349703 0.000000 19.336438 -0.004656 
750 -5.312500 0.000000 13.500000 98.422648 0.000000 19.227258 -0.005671 
751 -3.593750 0.000000 -4.145833 97.429557 0.000000 19.449395 0.012920 
752 -5.312500 0.000000 -4.145833 97.758763 0.000000 19.369412 0.006805 
753 -3.593750 0.000000 -5.750000 97.654341 0.000000 19.174777 0.009596 
754 15.312500 0.000000 10.291667 98.775897 0.000000 16.972735 -0.004475 
755 18.750000 0.000000 10.291667 98.688547 0.000000 16.762329 -0.002041 
756 15.312500 0.000000 13.500000 98.556560 0.000000 17.923034 -0.003463 
757 3.281250 0.000000 5.479167 100.795417 0.000000 17.408051 -0.046276 
758 1.562500 0.000000 5.479167 100.396237 0.000000 18.664396 -0.042776 
759 3.281250 0.000000 7.083333 99.861120 0.000000 17.974608 -0.029533 
760 -0.156250 0.000000 5.479167 99.624966 0.000000 19.272023 -0.029654 
761 -1.875000 0.000000 5.479167 99.141154 0.000000 19.573729 -0.021210 
762 -0.156250 0.000000 7.083333 99.236595 0.000000 19.061976 -0.021126 
763 -3.593750 0.000000 5.479167 98.671306 0.000000 19.565943 -0.011885 
764 -5.312500 0.000000 5.479167 98.426524 0.000000 19.453826 -0.006623 
765 -3.593750 0.000000 7.083333 98.636711 0.000000 19.362980 -0.010413 
766 -0.585938 0.000000 1.067708 97.128720 0.000000 23.170094 0.002916 
767 -1.015625 0.000000 1.067708 97.183153 0.000000 22.108993 0.006663 
768 -0.585938 0.000000 1.468750 98.207316 0.000000 22.469517 -0.014956 
769 0.273438 0.000000 -1.338542 93.605020 0.000000 16.163429 0.097684 
770 -0.156250 0.000000 -1.338542 94.007752 0.000000 17.667226 0.085041 
771 0.273438 0.000000 -1.739583 93.960142 0.000000 17.416642 0.086815 
772 0.488281 0.000000 -0.736979 89.435970 0.000000 6.481217 0.195920 
773 0.273438 0.000000 -0.736979 88.804086 0.000000 9.907978 0.201567 
774 0.488281 0.000000 -0.937500 91.573116 0.000000 11.244807 0.148792 
775 0.917969 0.000000 0.065104 -0.778375 0.000000 0.148977 0.999937 
776 1.132812 0.000000 0.065104 -0.499568 0.000000 0.193586 0.999971 
777 1.347656 0.000000 0.466146 113.028030 0.000000 17.955732 -0.309774 
778 1.347656 0.000000 0.265625 -0.121469 0.000000 0.162258 0.999996 
779 1.347656 0.000000 0.666667 113.145503 0.000000 16.962323 -0.308963 
780 1.347656 0.000000 -0.736979 93.957373 0.000000 -8.717562 0.109602 
781 1.347656 0.000000 -0.937500 93.538570 0.000000 8.106251 0.118482 
782 1.347656 0.000000 -0.536458 93.772155 0.000000 -8.985591 0.112604 
783 1.347656 0.000000 -0.335938 -0.819264 0.000000 0.511834 0.999907 
784 1.562500 0.000000 -0.335938 -0.480848 0.000000 0.297620 0.999968 
785 1.347656 0.000000 -0.135417 -0.315891 0.000000 0.399280 0.999974 
786 -0.585938 0.000000 -1.338542 94.165825 0.000000 19.000052 0.077180 
787 -1.015625 0.000000 -1.338542 95.210030 0.000000 19.383501 0.055933 
788 -0.585938 0.000000 -1.739583 94.939728 0.000000 18.871649 0.063031 
789 2.851562 0.000000 1.067708 110.460233 0.000000 11.751938 -0.233957 
790 3.281250 0.000000 1.067708 110.128197 0.000000 8.948222 -0.220829 
791 2.851562 0.000000 1.468750 108.280284 0.000000 14.264987 -0.192811 
792 2.851562 0.000000 -1.338542 90.779298 0.000000 10.459706 0.164971 
793 2.851562 0.000000 -1.739583 92.078894 0.000000 12.630734 0.136194 
794 3.281250 0.000000 -1.338542 91.652069 0.000000 8.981302 0.151923 
795 1.777344 0.000000 -0.335938 0.115566 0.000000 0.087385 0.999998 
796 1.992188 0.000000 -0.335938 92.125523 0.000000 -4.131633 0.149582 
797 1.777344 0.000000 -0.135417 0.298548 0.000000 0.485088 0.999968 
798 5.859375 0.000000 3.072917 101.824052 0.000000 11.459882 -0.049947 
799 5.000000 0.000000 3.072917 102.538337 0.000000 12.423930 -0.066846 
800 5.859375 0.000000 3.875000 101.723145 0.000000 13.187422 -0.052151 
801 3.710938 0.000000 1.067708 108.714009 0.000000 6.726558 -0.186398 
802 3.710938 0.000000 1.468750 107.445865 0.000000 9.820076 -0.164105 
803 3.710938 0.000000 -1.338542 93.076565 0.000000 7.776382 0.127628 
804 3.710938 0.000000 -1.739583 93.563808 0.000000 10.414371 0.113735 
805 4.785156 0.000000 0.466146 106.830485 0.000000 0.308834 -0.141285 
806 4.785156 0.000000 0.265625 106.884537 0.000000 0.327521 -0.142441 
807 4.785156 0.000000 0.666667 106.903300 0.000000 0.239060 -0.142837 
808 6.289062 0.000000 1.067708 100.296900 0.000000 1.700226 -0.006236 
809 6.289062 0.000000 1.468750 101.187064 0.000000 5.186139 -0.026572 
810 4.785156 0.000000 -0.736979 106.759286 0.000000 1.321572 -0.139929 
811 4.785156 0.000000 -0.937500 106.617884 0.000000 1.867876 -0.137086 
812 4.785156 0.000000 -0.536458 106.240574 0.000000 3.793954 -0.130145 
813 6.289062 0.000000 -1.338542 99.315500 0.000000 12.239915 -0.001338 
814 6.289062 0.000000 -1.739583 98.261089 0.000000 12.056791 0.019939 
815 6.718750 0.000000 -1.338542 98.176918 0.000000 12.168528 0.021322 
816 13.593750 0.000000 -4.145833 98.348696 0.000000 15.237587 0.009535 
817 13.593750 0.000000 -5.750000 98.149221 0.000000 16.422542 0.009703 
818 15.312500 0.000000 -4.145833 98.425387 0.000000 15.454539 0.007360 
819 13.593750 0.000000 5.479167 99.322211 0.000000 13.696374 -0.005249 
820 15.312500 0.000000 5.479167 99.347679 0.000000 13.387498 -0.004919 
821 13.593750 0.000000 7.083333 99.118728 0.000000 15.271236 -0.005773 
822 8.007812 0.000000 1.067708 106.976754 0.000000 1.775189 -0.144718 
823 7.148438 0.000000 1.869792 100.108715 0.000000 7.769934 -0.008213 
824 6.718750 0.000000 1.869792 100.621392 0.000000 7.308677 -0.017808 
825 7.148438 0.000000 2.270833 100.255801 0.000000 8.788776 -0.012847 
826 6.933594 0.000000 0.065104 9.502285 0.000000 -1.345316 0.990790 
827 6.718750 0.000000 0.065104 8.129878 0.000000 -1.050491 0.993280 
828 7.148438 0.000000 0.065104 12.680926 0.000000 -1.914622 0.983553 
829 7.148438 0.000000 -1.338542 97.415621 0.000000 11.793488 0.037111 
830 7.148438 0.000000 -1.739583 97.172604 0.000000 11.627316 0.042229 
831 7.578125 0.000000 -1.338542 96.837503 0.000000 11.256868 0.049578 
832 7.363281 0.000000 -0.335938 100.090082 0.000000 13.624849 -0.020366 
833 7.363281 0.000000 -0.536458 100.306519 0.000000 13.137256 -0.023399 
834 7.363281 0.000000 -0.135417 15.837905 0.000000 -0.401340 0.974900 
835 9.511719 0.000000 -0.335938 93.514386 0.000000 16.299630 0.098938 
836 9.511719 0.000000 -0.536458 95.525946 0.000000 11.230925 0.074866 
837 9.082031 0.000000 0.065104 91.147805 0.000000 2.478523 0.168593 
838 8.867188 0.000000 0.065104 95.292251 0.000000 -1.378180 0.091749 
839 9.082031 0.000000 0.265625 86.779517 0.000000 -8.396638 0.239881 
840 9.511719 0.000000 0.466146 94.814326 0.000000 2.552732 0.100373 
841 9.296875 0.000000 0.466146 93.331306 0.000000 1.496585 0.128703 
842 9.511719 0.000000 0.666667 95.749287 0.000000 2.889502 0.082372 
843 10.585938 0.000000 1.067708 98.488630 0.000000 5.670165 0.026784 
844 11.015625 0.000000 1.067708 98.745583 0.000000 6.361172 0.020885 
845 10.585938 0.000000 1.468750 98.989747 0.000000 6.212336 0.016244 
846 10.585938 0.000000 1.869792 99.286592 0.000000 7.031956 0.009272 
847 11.015625 0.000000 1.869792 99.444021 0.000000 7.278508 0.005791 
848 10.585938 0.000000 2.270833 99.582557 0.000000 7.925340 0.002050 
849 10.371094 0.000000 0.466146 96.385234 0.000000 7.325809 0.065622 
850 10.585938 0.000000 0.466146 96.583761 0.000000 8.651739 0.059672 
851 10.371094 0.000000 0.666667 97.327291 0.000000 5.756052 0.049427 
852 10.048828 0.000000 0.165365 94.122470 0.000000 4.618742 0.111963 
853 10.156250 0.000000 0.165365 95.484782 0.000000 3.247951 0.087211 
854 10.048828 0.000000 0.265625 93.861787 0.000000 9.501404 0.109969 
855 10.371094 0.000000 -0.335938 97.031443 0.000000 7.945072 0.052177 
856 10.371094 0.000000 -0.536458 97.391081 0.000000 7.298663 0.046171 
857 10.585938 0.000000 -0.335938 97.763283 0.000000 7.483561 0.038634 
858 8.007812 0.000000 2.671875 100.553477 0.000000 9.650298 -0.020413 
859 7.578125 0.000000 2.671875 100.589495 0.000000 9.649482 -0.021136 
860 8.007812 0.000000 3.072917 100.768824 0.000000 10.336274 -0.026119 
861 8.652344 0.000000 2.471354 100.841616 0.000000 8.024373 -0.023342 
862 8.437500 0.000000 2.471354 101.027847 0.000000 8.427333 -0.027765 
863 8.652344 0.000000 2.671875 100.632479 0.000000 8.759300 -0.020362 
864 10.585938 0.000000 2.671875 99.636702 0.000000 9.003323 -0.000853 
865 11.015625 0.000000 2.671875 99.761335 0.000000 8.966171 -0.003272 
866 10.585938 0.000000 3.072917 99.901117 0.000000 9.813889 -0.007655 
867 9.511719 0.000000 2.471354 99.818969 0.000000 7.901199 -0.002626 
868 9.726562 0.000000 2.471354 99.650722 0.000000 8.160719 0.000314 
869 9.511719 0.000000 2.671875 99.802659 0.000000 8.686638 -0.003603 
870 9.135742 0.000000 2.120443 99.375752 0.000000 5.143374 0.009801 
871 9.189453 0.000000 2.120443 99.179010 0.000000 5.445535 0.013387 
872 9.135742 0.000000 2.170573 99.560002 0.000000 5.731819 0.005495 
873 9.108887 0.000000 2.045247 99.195881 0.000000 3.183418 0.015004 
874 9.135742 0.000000 2.045247 98.777081 0.000000 3.316248 0.023209 
875 9.108887 0.000000 2.070312 99.294905 0.000000 4.050204 0.012412 
876 4.140625 0.000000 3.072917 103.284573 0.000000 14.049290 -0.086509 
877 3.281250 0.000000 3.072917 103.691586 0.000000 15.829627 -0.100252 
878 4.140625 0.000000 3.875000 102.350445 0.000000 15.249128 -0.070815 
879 2.421875 0.000000 3.072917 103.071570 0.000000 17.695932 -0.093689 
880 1.562500 0.000000 3.072917 102.116068 0.000000 19.137198 -0.079392 
881 2.421875 0.000000 3.875000 102.106629 0.000000 17.892114 -0.074589 
882 0.058594 0.000000 -0.736979 89.210663 0.000000 13.432740 0.186102 
883 -0.156250 0.000000 -0.736979 90.409619 0.000000 16.201767 0.156360 
884 0.058594 0.000000 -0.937500 91.509929 0.000000 15.101200 0.139789 
885 1.347656 0.000000 0.065104 -0.189261 0.000000 0.318684 0.999986 
886 1.562500 0.000000 0.065104 0.146653 0.000000 0.448126 0.999978 
887 1.777344 0.000000 0.065104 0.573866 0.000000 0.609323 0.999930 
888 1.992188 0.000000 0.065104 1.382911 0.000000 0.973511 0.999714 
889 2.207031 0.000000 0.065104 2.988479 0.000000 1.451048 0.998896 
890 2.207031 0.000000 -0.135417 2.533345 0.000000 0.781610 0.999297 
891 2.421875 0.000000 0.065104 5.552925 0.000000 1.962471 0.996531 
892 2.207031 0.000000 -0.335938 90.558320 0.000000 -2.656315 0.179213 
893 2.421875 0.000000 -0.335938 4.735281 0.000000 0.307619 0.997748 
894 6.289062 0.000000 1.869792 101.465174 0.000000 7.284556 -0.034825 
895 5.859375 0.000000 1.869792 102.178335 0.000000 7.384068 -0.049494 
896 6.289062 0.000000 2.270833 101.460743 0.000000 8.825883 -0.037218 
897 5.429688 0.000000 1.869792 103.017199 0.000000 7.851052 -0.067418 
898 5.000000 0.000000 1.869792 103.866702 0.000000 8.557813 -0.086153 
899 5.429688 0.000000 2.270833 102.456448 0.000000 9.454443 -0.058671 
900 7.363281 0.000000 0.065104 16.853021 0.000000 -1.677649 0.971316 
901 7.578125 0.000000 0.065104 20.339385 0.000000 -0.395848 0.958615 
902 7.363281 0.000000 0.265625 101.793386 0.000000 -8.436861 -0.043307 
903 7.363281 0.000000 0.466146 98.105952 0.000000 1.048094 0.037412 
904 7.578125 0.000000 0.466146 98.786320 0.000000 -2.887538 0.023293 
905 7.363281 0.000000 0.666667 74.349077 0.000000 17.191396 0.417667 
906 8.007812 0.000000 -1.338542 96.503122 0.000000 11.043290 0.056519 
907 8.007812 0.000000 -1.739583 96.780836 0.000000 11.410961 0.050326 
908 8.437500 0.000000 -1.338542 96.742555 0.000000 10.648332 0.052749 
909 7.792969 0.000000 0.065104 22.750901 0.000000 0.055896 0.948239 
910 8.007812 0.000000 0.065104 23.625896 0.000000 0.592541 0.944147 
911 7.792969 0.000000 0.265625 101.513389 0.000000 -8.697975 -0.038062 
912 7.792969 0.000000 0.466146 106.016018 0.000000 -6.486810 -0.128147 
913 8.007812 0.000000 0.466146 105.758767 0.000000 -8.077562 -0.125016 
914 7.792969 0.000000 0.666667 105.384128 0.000000 -1.455659 -0.110793 
915 8.867188 0.000000 -1.338542 97.002919 0.000000 10.300045 0.048434 
916 8.867188 0.000000 -1.739583 97.188855 0.000000 11.229935 0.042822 
917 9.296875 0.000000 -1.338542 97.192403 0.000000 10.252661 0.044852 
918 9.082031 0.000000 0.466146 86.382566 0.000000 -4.338300 0.251923 
919 8.867188 0.000000 0.466146 93.854216 0.000000 -4.432703 0.117174 
920 9.082031 0.000000 0.666667 86.464621 0.000000 -1.352832 0.252204 
921 7.148438 0.000000 2.671875 100.714873 0.000000 9.828803 -0.024009 
922 6.718750 0.000000 2.671875 100.898342 0.000000 9.879485 -0.027808 
923 7.148438 0.000000 3.072917 100.719364 0.000000 10.699885 -0.025888 
924 6.289062 0.000000 2.671875 101.304509 0.000000 10.090866 -0.036443 
925 5.859375 0.000000 2.671875 101.749819 0.000000 10.434403 -0.046190 
926 6.289062 0.000000 3.072917 101.367652 0.000000 11.164395 -0.040004 
927 0.703125 0.000000 3.072917 101.050902 0.000000 20.196480 -0.061918 
928 -0.156250 0.000000 3.072917 100.042292 0.000000 20.554514 -0.043095 
929 0.703125 0.000000 3.875000 100.728732 0.000000 19.571042 -0.052930 
930 -1.015625 0.000000 3.072917 99.314563 0.000000 20.415650 -0.028018 
931 -1.875000 0.000000 3.072917 98.851248 0.000000 20.193350 -0.017934 
932 -1.015625 0.000000 3.875000 99.479139 0.000000 20.042603 -0.029780 
933 4.570312 0.000000 1.869792 104.289941 0.000000 9.287099 -0.096264 
934 4.140625 0.000000 1.869792 105.403393 0.000000 10.297334 -0.121591 
935 4.570312 0.000000 2.270833 103.715596 0.000000 10.914819 -0.087606 
936 3.710938 0.000000 1.869792 106.241210 0.000000 11.769708 -0.142572 
937 3.281250 0.000000 1.869792 106.638427 0.000000 13.473802 -0.155330 
938 3.710938 0.000000 2.270833 105.158183 0.000000 13.191812 -0.123227 
939 9.726562 0.000000 -1.338542 97.332553 0.000000 9.651253 0.043323 
940 9.726562 0.000000 -1.739583 97.533050 0.000000 10.603139 0.037488 
941 10.156250 0.000000 -1.338542 97.680266 0.000000 9.402959 0.037015 
942 10.585938 0.000000 -1.338542 98.014641 0.000000 9.141624 0.030956 
943 10.585938 0.000000 -1.739583 98.034573 0.000000 10.312702 0.028287 
944 11.015625 0.000000 -1.338542 98.365313 0.000000 9.210803 0.023943 
945 5.429688 0.000000 2.671875 102.269111 0.000000 10.860895 -0.057693 
946 5.000000 0.000000 2.671875 102.886409 0.000000 11.443505 -0.071657 
947 5.429688 0.000000 3.072917 102.339231 0.000000 11.949258 -0.061610 
948 4.570312 0.000000 2.671875 103.453407 0.000000 12.256570 -0.085283 
949 4.140625 0.000000 2.671875 103.975785 0.000000 13.158232 -0.098410 
950 4.570312 0.000000 3.072917 103.113143 0.000000 13.248838 -0.080785 
1 11 62 60 61 
2 62 10 24 60 
3 60 24 14 63 
4 61 60 63 6 
5 24 66 64 65 
6 66 23 40 64 
7 64 40 27 67 
8 65 64 67 14 
9 40 70 68 69 
10 69 68 71 27 
11 6 63 92 93 
12 63 14 36 92 
13 92 36 19 94 
14 93 92 94 20 
15 14 67 95 96 
16 67 27 52 95 
17 95 52 35 97 
18 96 95 97 36 
19 27 71 98 99 
20 99 98 100 52 
21 68 112 110 111 
22 112 56 80 110 
23 110 80 43 113 
24 111 110 113 71 
25 80 116 114 115 
26 115 114 117 43 
27 124 126 103 127 
28 125 124 127 101 
29 71 113 133 134 
30 113 43 102 133 
31 133 102 76 135 
32 134 133 135 98 
33 43 117 136 137 
34 136 125 101 138 
35 137 136 138 102 
36 114 141 139 140 
37 141 106 129 139 
38 139 129 83 142 
39 140 139 142 117 
40 12 145 143 144 
41 145 7 146 143 
42 143 146 13 25 
43 144 143 25 10 
44 25 149 147 148 
45 149 13 150 147 
46 147 150 26 41 
47 148 147 41 23 
48 41 153 151 152 
49 153 26 154 151 
50 151 154 42 57 
51 152 151 57 39 
52 39 157 155 156 
53 157 57 158 155 
54 155 158 55 81 
55 156 155 81 56 
56 81 161 159 160 
57 161 55 162 159 
58 106 169 167 168 
59 169 130 170 167 
60 168 167 171 129 
61 130 181 180 170 
62 181 105 182 180 
63 180 182 131 183 
64 170 180 183 128 
65 83 132 184 185 
66 132 109 186 184 
67 184 186 124 187 
68 185 184 187 125 
69 129 171 188 189 
70 171 128 190 188 
71 188 190 132 191 
72 189 188 191 83 
73 167 194 192 193 
74 194 170 195 192 
75 192 195 128 196 
76 193 192 196 171 
77 163 202 200 201 
78 202 166 203 200 
79 200 203 105 181 
80 56 206 204 205 
81 206 81 160 204 
82 205 204 116 80 
83 116 209 207 208 
84 209 79 164 207 
85 207 164 106 141 
86 208 207 141 114 
87 164 212 210 211 
88 212 163 201 210 
89 210 201 130 169 
90 211 210 169 106 
91 201 215 213 214 
92 215 200 216 213 
93 213 216 181 217 
94 214 213 217 130 
95 128 183 218 190 
96 183 131 219 218 
97 218 219 109 220 
98 190 218 220 132 
99 221 222 121 223 
100 126 221 223 103 
101 109 179 224 186 
102 179 59 225 224 
103 224 225 126 226 
104 186 224 226 124 
105 131 228 227 219 
106 228 176 229 227 
107 227 229 179 230 
108 219 227 230 109 
109 232 197 233 231 
110 231 233 177 234 
111 203 231 234 105 
112 57 236 235 158 
113 236 42 237 235 
114 235 237 58 89 
115 158 235 89 55 
116 55 239 238 162 
117 239 89 240 238 
118 159 243 241 242 
119 243 162 244 241 
120 241 244 82 198 
121 242 241 198 107 
122 107 247 245 246 
123 247 198 248 245 
124 245 248 197 232 
125 246 245 232 166 
126 166 251 249 250 
127 251 232 252 249 
128 249 252 231 253 
129 250 249 253 203 
130 59 257 258 225 
131 257 175 259 258 
132 258 259 221 260 
133 225 258 260 126 
134 178 263 261 262 
135 263 254 264 261 
136 261 264 257 265 
137 262 261 265 59 
138 162 270 269 244 
139 270 238 271 269 
140 269 271 173 267 
141 244 269 267 82 
142 82 274 272 273 
143 274 267 275 272 
144 272 275 266 276 
145 273 272 276 199 
146 172 286 285 256 
147 286 174 287 285 
148 285 287 91 288 
149 256 285 288 175 
150 254 290 289 264 
151 290 256 291 289 
152 289 291 175 292 
153 264 289 292 257 
154 173 294 293 268 
155 294 88 295 293 
156 293 295 174 286 
157 268 293 286 172 
158 267 297 296 275 
159 297 173 298 296 
160 296 298 268 299 
161 275 296 299 266 
162 174 307 306 287 
163 307 281 308 306 
164 306 308 284 309 
165 287 306 309 91 
166 89 311 310 240 
167 311 58 312 310 
168 88 314 313 295 
169 314 282 315 313 
170 313 315 281 307 
171 295 313 307 174 
172 281 321 320 308 
173 321 283 322 320 
174 284 323 327 328 
175 323 5 329 327 
176 327 329 304 330 
177 328 327 330 303 
178 308 333 331 332 
179 333 320 334 331 
180 331 334 323 335 
181 332 331 335 284 
182 336 338 283 321 
183 315 336 321 281 
184 7 340 339 146 
185 340 16 341 339 
186 339 341 15 32 
187 146 339 32 13 
188 13 343 342 150 
189 343 32 344 342 
190 342 344 31 48 
191 150 342 48 26 
192 26 346 345 154 
193 346 48 347 345 
194 345 347 47 85 
195 154 345 85 42 
196 42 349 348 237 
197 349 85 350 348 
198 348 350 84 278 
199 237 348 278 58 
200 58 352 351 312 
201 352 278 353 351 
202 310 356 354 355 
203 356 312 357 354 
204 354 357 90 337 
205 355 354 337 282 
206 282 360 358 359 
207 360 337 361 358 
208 358 361 336 362 
209 359 358 362 315 
210 283 364 363 322 
211 364 316 365 363 
212 5 366 367 329 
213 366 319 368 367 
214 367 368 324 369 
215 329 367 369 304 
216 322 372 370 371 
217 372 363 373 370 
218 370 373 366 374 
219 371 370 374 5 
220 375 377 316 364 
221 338 375 364 283 
222 312 379 378 357 
223 379 351 380 378 
224 378 380 317 376 
225 357 378 376 90 
226 90 383 381 382 
227 383 376 384 381 
228 381 384 375 385 
229 382 381 385 338 
230 15 387 386 33 
231 387 17 388 386 
232 386 388 8 389 
233 33 386 389 18 
234 31 391 390 49 
235 391 33 392 390 
236 390 392 18 393 
237 49 390 393 34 
238 395 49 396 394 
239 394 396 34 397 
240 316 407 406 365 
241 407 318 408 406 
242 406 408 280 409 
243 365 406 409 319 
244 363 411 410 373 
245 411 365 412 410 
246 410 412 319 413 
247 373 410 413 366 
248 317 415 414 377 
249 415 277 416 414 
250 414 416 318 407 
251 377 414 407 316 
252 376 418 417 384 
253 418 317 419 417 
254 417 419 377 420 
255 384 417 420 375 
256 18 389 421 45 
257 389 8 422 421 
258 421 422 29 423 
259 45 421 423 28 
260 34 393 424 73 
261 393 18 425 424 
262 424 425 45 426 
263 73 424 426 44 
264 397 34 428 427 
265 427 428 73 429 
266 280 439 440 441 
267 439 405 442 440 
268 440 442 433 443 
269 441 440 443 325 
270 408 446 444 445 
271 446 436 447 444 
272 444 447 439 448 
273 445 444 448 280 
274 278 450 449 353 
275 450 84 451 449 
276 277 453 452 416 
277 453 403 454 452 
278 416 457 455 456 
279 457 452 458 455 
280 455 458 437 459 
281 456 455 459 318 
282 403 465 464 454 
283 465 279 466 464 
284 464 466 404 467 
285 467 404 469 468 
286 468 469 87 470 
287 454 473 471 472 
288 473 464 474 471 
289 471 474 467 475 
290 472 471 475 402 
291 85 477 476 350 
292 477 47 478 476 
293 476 478 86 399 
294 350 476 399 84 
295 84 480 479 451 
296 480 399 481 479 
297 279 483 482 466 
298 483 461 484 482 
299 466 482 485 404 
300 86 487 486 400 
301 487 394 488 486 
302 486 488 397 489 
303 400 486 489 50 
304 491 400 492 490 
305 490 492 50 493 
306 461 495 494 484 
307 495 398 496 494 
308 404 485 501 469 
309 469 501 503 87 
310 482 506 504 505 
311 506 484 507 504 
312 504 507 460 508 
313 505 504 508 485 
314 460 514 512 513 
315 514 497 515 512 
316 512 515 509 516 
317 513 512 516 502 
318 50 489 517 431 
319 489 397 518 517 
320 517 518 427 519 
321 431 517 519 119 
322 493 50 521 520 
323 520 521 431 522 
324 524 490 525 523 
325 523 525 493 526 
326 399 532 531 481 
327 532 86 533 531 
328 531 533 400 491 
329 398 535 534 496 
330 535 491 536 534 
331 534 536 490 524 
332 494 539 537 538 
333 539 496 540 537 
334 537 540 462 528 
335 538 537 528 497 
336 497 543 541 542 
337 543 528 544 541 
338 542 541 545 515 
339 462 547 546 529 
340 547 524 548 546 
341 546 548 523 549 
342 529 546 549 510 
343 528 551 550 544 
344 551 462 552 550 
345 550 552 529 553 
346 544 550 553 527 
347 463 511 554 555 
348 511 401 556 554 
349 554 556 499 557 
350 555 554 557 498 
351 509 530 558 559 
352 530 510 560 558 
353 558 560 401 561 
354 559 558 561 511 
355 515 545 562 563 
356 545 527 564 562 
357 562 564 530 565 
358 563 562 565 509 
359 541 568 566 567 
360 568 544 569 566 
361 566 569 527 570 
362 567 566 570 545 
363 21 46 571 572 
364 46 28 573 571 
365 571 573 30 574 
366 572 571 574 9 
367 37 74 575 576 
368 74 44 577 575 
369 575 577 46 578 
370 576 575 578 21 
371 53 120 579 580 
372 120 72 581 579 
373 579 581 74 582 
374 580 579 582 37 
375 118 432 583 584 
376 432 119 585 583 
377 583 585 72 586 
378 584 583 586 120 
379 587 589 432 590 
380 588 587 590 118 
381 557 499 597 596 
382 596 597 430 598 
383 77 302 599 600 
384 302 118 584 599 
385 599 584 120 601 
386 600 599 601 53 
387 602 588 118 604 
388 603 602 604 302 
389 605 607 587 608 
390 606 605 608 588 
391 87 503 614 615 
392 503 463 555 614 
393 614 555 498 593 
394 615 614 593 434 
395 593 618 616 617 
396 618 498 619 616 
397 522 431 621 620 
398 620 621 119 622 
399 589 620 622 432 
400 598 430 624 623 
401 623 624 589 625 
402 607 623 625 587 
403 594 627 626 612 
404 627 596 628 626 
405 626 628 598 629 
406 612 626 629 500 
407 632 594 633 630 
408 630 633 612 634 
409 433 637 635 636 
410 637 434 592 635 
411 635 592 301 638 
412 636 635 638 435 
413 592 641 639 640 
414 641 591 610 639 
415 639 610 595 642 
416 640 639 642 301 
417 591 645 643 644 
418 644 643 646 610 
419 595 613 647 648 
420 613 500 649 647 
421 647 649 607 650 
422 648 647 650 605 
423 634 612 653 651 
424 651 653 500 654 
425 652 651 654 613 
426 657 630 658 655 
427 655 658 634 659 
428 610 646 660 661 
429 660 652 613 662 
430 661 660 662 595 
431 643 665 663 664 
432 664 663 666 646 
433 434 669 667 668 
434 669 593 617 667 
435 667 617 591 641 
436 668 667 641 592 
437 617 672 670 671 
438 672 616 673 670 
439 670 673 611 645 
440 671 670 645 591 
441 645 676 674 675 
442 676 611 677 674 
443 674 677 631 665 
444 675 674 665 643 
445 665 680 678 679 
446 680 631 681 678 
447 679 678 682 663 
448 498 684 683 619 
449 684 557 685 683 
450 683 685 596 627 
451 619 683 627 594 
452 616 687 686 673 
453 687 619 688 686 
454 686 688 594 632 
455 673 686 632 611 
456 611 690 689 677 
457 690 632 691 689 
458 689 691 630 657 
459 677 689 657 631 
460 631 693 692 681 
461 693 657 694 692 
462 692 694 655 695 
463 681 692 695 656 
464 646 666 696 697 
465 666 609 698 696 
466 696 698 652 699 
467 697 696 699 660 
468 663 682 700 701 
469 682 656 702 700 
470 700 702 609 703 
471 701 700 703 666 
472 678 706 704 705 
473 706 681 707 704 
474 704 707 656 708 
475 705 704 708 682 
476 1 711 709 710 
477 711 12 144 709 
478 709 144 10 62 
479 710 709 62 11 
480 16 713 712 341 
481 713 2 714 712 
482 712 714 17 387 
483 341 712 387 15 
484 19 38 715 716 
485 38 21 572 715 
486 715 572 9 717 
487 716 715 717 22 
488 20 94 718 719 
489 94 19 716 718 
490 718 716 22 720 
491 719 718 720 4 
492 10 723 721 722 
493 723 25 148 721 
494 721 148 23 66 
495 722 721 66 24 
496 28 423 724 573 
497 423 29 725 724 
498 724 725 3 726 
499 573 724 726 30 
500 32 728 727 344 
501 728 15 729 727 
502 727 729 33 391 
503 344 727 391 31 
504 35 54 730 731 
505 54 37 576 730 
506 730 576 21 732 
507 731 730 732 38 
508 36 97 733 734 
509 97 35 731 733 
510 733 731 38 735 
511 734 733 735 19 
512 23 738 736 737 
513 738 41 152 736 
514 736 152 39 70 
515 737 736 70 40 
516 44 426 739 577 
517 426 45 740 739 
518 739 740 28 741 
519 577 739 741 46 
520 48 743 742 347 
521 743 31 744 742 
522 742 744 49 395 
523 347 742 395 47 
524 51 78 745 746 
525 78 53 580 745 
526 745 580 37 747 
527 746 745 747 54 
528 52 100 748 749 
529 100 51 746 748 
530 748 746 54 750 
531 749 748 750 35 
532 70 753 751 752 
533 753 39 156 751 
534 751 156 56 112 
535 752 751 112 68 
536 72 429 754 581 
537 429 73 755 754 
538 754 755 44 756 
539 581 754 756 74 
540 75 123 757 758 
541 123 77 600 757 
542 757 600 53 759 
543 758 757 759 78 
544 76 104 760 761 
545 104 75 758 760 
546 760 758 78 762 
547 761 760 762 51 
548 98 135 763 764 
549 135 76 761 763 
550 763 761 51 765 
551 764 763 765 100 
552 117 142 766 767 
553 142 83 185 766 
554 766 185 125 768 
555 767 766 768 136 
556 160 771 769 770 
557 771 159 242 769 
558 769 242 107 165 
559 770 769 165 79 
560 165 774 772 773 
561 774 107 246 772 
562 772 246 166 202 
563 773 772 202 163 
564 105 234 775 182 
565 234 177 776 775 
566 775 776 176 228 
567 182 775 228 131 
568 176 778 777 229 
569 778 178 262 777 
570 777 262 59 779 
571 229 777 779 179 
572 198 781 780 248 
573 781 82 273 780 
574 780 273 199 782 
575 248 780 782 197 
576 197 782 783 233 
577 782 199 784 783 
578 783 784 108 785 
579 233 783 785 177 
580 204 788 786 787 
581 788 160 770 786 
582 786 770 79 209 
583 787 786 209 116 
584 175 288 789 259 
585 288 91 790 789 
586 789 790 222 791 
587 259 789 791 221 
588 238 793 792 271 
589 793 240 794 792 
590 792 794 88 294 
591 271 792 294 173 
592 199 276 795 784 
593 276 266 796 795 
594 795 796 255 797 
595 784 795 797 108 
596 798 603 302 800 
597 799 798 800 77 
598 91 309 801 790 
599 309 284 328 801 
600 801 328 303 802 
601 790 801 802 222 
602 240 804 803 794 
603 804 310 355 803 
604 803 355 282 314 
605 794 803 314 88 
606 320 806 805 334 
607 806 322 371 805 
608 805 371 5 807 
609 334 805 807 323 
610 319 409 808 368 
611 409 280 441 808 
612 808 441 325 809 
613 368 808 809 324 
614 337 811 810 361 
615 811 90 382 810 
616 810 382 338 812 
617 361 810 812 336 
618 351 814 813 380 
619 814 353 815 813 
620 813 815 277 415 
621 380 813 415 317 
622 47 817 816 478 
623 817 395 818 816 
624 816 818 394 487 
625 478 816 487 86 
626 119 519 819 585 
627 519 427 820 819 
628 819 820 429 821 
629 585 819 821 72 
630 405 470 822 442 
631 470 87 615 822 
632 822 615 434 637 
633 442 822 637 433 
634 325 443 823 824 
635 443 433 636 823 
636 823 636 435 825 
637 824 823 825 300 
638 318 459 826 827 
639 459 437 828 826 
640 826 828 436 446 
641 827 826 446 408 
642 353 830 829 815 
643 830 449 831 829 
644 829 831 403 453 
645 815 829 453 277 
646 452 833 832 458 
647 833 454 472 832 
648 832 472 402 834 
649 458 832 834 437 
650 484 836 835 507 
651 836 494 538 835 
652 835 538 497 514 
653 507 835 514 460 
654 485 508 837 838 
655 508 460 513 837 
656 837 513 502 839 
657 838 837 839 501 
658 502 516 840 841 
659 516 509 559 840 
660 840 559 511 842 
661 841 840 842 463 
662 401 526 843 556 
663 526 493 844 843 
664 843 844 520 845 
665 556 843 845 499 
666 499 845 846 597 
667 845 520 847 846 
668 846 847 522 848 
669 597 846 848 430 
670 510 549 849 560 
671 549 523 850 849 
672 849 850 526 851 
673 560 849 851 401 
674 527 553 852 564 
675 553 529 853 852 
676 852 853 510 854 
677 564 852 854 530 
678 496 856 855 540 
679 856 534 857 855 
680 855 857 524 547 
681 540 855 547 462 
682 435 638 858 859 
683 638 301 606 858 
684 858 606 588 860 
685 859 858 860 602 
686 301 642 861 862 
687 642 595 648 861 
688 861 648 605 863 
689 862 861 863 606 
690 430 848 864 624 
691 848 522 865 864 
692 864 865 620 866 
693 624 864 866 589 
694 500 629 867 649 
695 629 598 868 867 
696 867 868 623 869 
697 649 867 869 607 
698 609 659 870 698 
699 659 634 871 870 
700 870 871 651 872 
701 698 870 872 652 
702 656 695 873 702 
703 695 655 874 873 
704 873 874 659 875 
705 702 873 875 609 
706 121 305 876 877 
707 876 799 77 878 
708 877 876 878 123 
709 103 223 879 880 
710 223 121 877 879 
711 879 877 123 881 
712 880 879 881 75 
713 79 884 882 883 
714 884 165 773 882 
715 882 773 163 212 
716 883 882 212 164 
717 177 785 885 776 
718 785 108 886 885 
719 885 886 178 778 
720 776 885 778 176 
721 108 797 887 886 
722 797 255 888 887 
723 887 888 254 263 
724 886 887 263 178 
725 255 890 889 888 
726 890 172 891 889 
727 889 891 256 290 
728 888 889 290 254 
729 266 299 892 796 
730 299 268 893 892 
731 892 893 172 890 
732 796 892 890 255 
733 324 809 894 895 
734 809 325 824 894 
735 894 824 300 896 
736 895 894 896 326 
737 304 369 897 898 
738 369 324 895 897 
739 897 895 326 899 
740 898 897 899 122 
741 437 834 900 828 
742 834 402 901 900 
743 900 901 438 902 
744 828 900 902 436 
745 436 902 903 447 
746 902 438 904 903 
747 903 904 405 905 
748 447 903 905 439 
749 449 907 906 831 
750 907 451 908 906 
751 906 908 279 465 
752 831 906 465 403 
753 402 475 909 901 
754 475 467 910 909 
755 909 910 468 911 
756 901 909 911 438 
757 438 911 912 904 
758 911 468 913 912 
759 912 913 470 914 
760 904 912 914 405 
761 451 916 915 908 
762 916 479 917 915 
763 915 917 461 483 
764 908 915 483 279 
765 501 839 918 919 
766 839 502 841 918 
767 918 841 463 920 
768 919 918 920 503 
769 300 825 921 922 
770 825 435 859 921 
771 921 859 602 923 
772 922 921 923 603 
773 326 896 924 925 
774 896 300 922 924 
775 924 922 603 926 
776 925 924 926 798 
777 101 127 927 928 
778 127 103 880 927 
779 927 880 75 929 
780 928 927 929 104 
781 102 138 930 931 
782 138 101 928 930 
783 930 928 104 932 
784 931 930 932 76 
785 303 330 933 934 
786 330 304 898 933 
787 933 898 122 935 
788 934 933 935 305 
789 222 802 936 937 
790 802 303 934 936 
791 936 934 305 938 
792 937 936 938 121 
793 479 940 939 917 
794 940 481 941 939 
795 939 941 398 495 
796 917 939 495 461 
797 481 943 942 941 
798 943 531 944 942 
799 942 944 491 535 
800 941 942 535 398 
801 122 899 945 946 
802 899 326 925 945 
803 945 925 798 947 
804 946 945 947 799 
805 305 935 948 949 
806 935 122 946 948 
807 948 946 799 950 
808 949 948 950 876 
