2 0.000000 100.000000 5791.461216
950 808 
1 -50.000000 0.000000 -50.666667 93.989420 0.000000 -34.202920 -0.000385 
2 60.000000 0.000000 -50.666667 94.084257 0.000000 -33.910073 -0.000174 
3 60.000000 0.000000 52.000000 93.969134 0.000000 -34.144760 0.000394 
4 -50.000000 0.000000 52.000000 93.958504 0.000000 -34.205525 0.000178 
5 5.000000 0.000000 0.666667 96.096415 0.000000 -3.388542 0.075400 
6 -50.000000 0.000000 0.666667 93.975091 0.000000 -34.220657 -0.000237 
7 5.000000 0.000000 -50.666667 94.043550 0.000000 -34.129294 -0.000900 
8 60.000000 0.000000 0.666667 94.212844 0.000000 -33.485348 0.000267 
9 5.000000 0.000000 52.000000 93.936785 0.000000 -34.166008 0.000856 
10 -22.500000 0.000000 -25.000000 94.047582 0.000000 -34.208256 -0.001515 
11 -50.000000 0.000000 -25.000000 93.989496 0.000000 -34.212677 -0.000453 
12 -22.500000 0.000000 -50.666667 94.013208 0.000000 -34.187359 -0.000726 
13 5.000000 0.000000 -25.000000 94.282438 0.000000 -33.909242 -0.003901 
14 -22.500000 0.000000 0.666667 93.981028 0.000000 -34.325749 -0.001069 
15 32.500000 0.000000 -25.000000 94.391036 0.000000 -33.135063 -0.000760 
16 32.500000 0.000000 -50.666667 94.054757 0.000000 -34.038277 -0.000490 
17 60.000000 0.000000 -25.000000 95.700452 0.000000 -29.450660 -0.002592 
18 32.500000 0.000000 0.666667 94.790396 0.000000 -31.684187 0.001089 
19 -22.500000 0.000000 26.333333 93.925743 0.000000 -34.213813 0.000737 
20 -50.000000 0.000000 26.333333 93.960429 0.000000 -34.213913 0.000085 
21 5.000000 0.000000 26.333333 93.795437 0.000000 -34.051542 0.004291 
22 -22.500000 0.000000 52.000000 93.945470 0.000000 -34.196537 0.000485 
23 -8.750000 0.000000 -12.166667 94.340681 0.000000 -34.292989 -0.007617 
24 -22.500000 0.000000 -12.166667 94.063231 0.000000 -34.284827 -0.002334 
25 -8.750000 0.000000 -25.000000 94.184671 0.000000 -34.164908 -0.003799 
26 5.000000 0.000000 -12.166667 95.139864 0.000000 -33.093415 -0.014677 
27 -8.750000 0.000000 0.666667 93.924292 0.000000 -34.520491 -0.001344 
28 32.500000 0.000000 26.333333 93.966404 0.000000 -33.978390 0.001578 
29 60.000000 0.000000 26.333333 93.997012 0.000000 -34.053009 0.000495 
30 32.500000 0.000000 52.000000 93.953226 0.000000 -34.141673 0.000714 
31 18.750000 0.000000 -12.166667 95.328410 0.000000 -30.846618 -0.003902 
32 18.750000 0.000000 -25.000000 94.329870 0.000000 -33.552188 -0.002387 
33 32.500000 0.000000 -12.166667 97.119400 0.000000 -25.549301 -0.008494 
34 18.750000 0.000000 0.666667 96.050303 0.000000 -27.441977 0.002128 
35 -8.750000 0.000000 13.500000 93.721819 0.000000 -34.267522 0.004196 
36 -22.500000 0.000000 13.500000 93.908760 0.000000 -34.279752 0.000604 
37 5.000000 0.000000 13.500000 93.551069 0.000000 -33.600913 0.011918 
38 -8.750000 0.000000 26.333333 93.836717 0.000000 -34.189652 0.002574 
39 -1.875000 0.000000 -5.750000 95.420282 0.000000 -34.594013 -0.030178 
40 -8.750000 0.000000 -5.750000 94.249625 0.000000 -34.434743 -0.006874 
41 -1.875000 0.000000 -12.166667 94.689173 0.000000 -33.997079 -0.012184 
42 5.000000 0.000000 -5.750000 97.055162 0.000000 -30.501227 -0.035003 
43 -1.875000 0.000000 0.666667 92.224511 0.000000 -35.595231 0.022762 
44 18.750000 0.000000 13.500000 93.928993 0.000000 -33.332545 0.006629 
45 32.500000 0.000000 13.500000 94.054780 0.000000 -33.593766 0.002516 
46 18.750000 0.000000 26.333333 93.873821 0.000000 -33.946997 0.003531 
47 11.875000 0.000000 -5.750000 96.809147 0.000000 -26.717679 -0.008585 
48 11.875000 0.000000 -12.166667 95.083862 0.000000 -32.040119 -0.006751 
49 18.750000 0.000000 -5.750000 98.241418 0.000000 -22.324252 -0.014975 
50 11.875000 0.000000 0.666667 97.239492 0.000000 -18.826749 0.019003 
51 -1.875000 0.000000 7.083333 93.124988 0.000000 -34.004869 0.017141 
52 -8.750000 0.000000 7.083333 93.726868 0.000000 -34.374528 0.003367 
53 5.000000 0.000000 7.083333 92.569317 0.000000 -32.108563 0.039996 
54 -1.875000 0.000000 13.500000 93.489325 0.000000 -34.077941 0.009844 
55 1.562500 0.000000 -2.541667 100.097156 0.000000 -33.988437 -0.117465 
56 -1.875000 0.000000 -2.541667 95.027059 0.000000 -35.732292 -0.030694 
57 1.562500 0.000000 -5.750000 96.822675 0.000000 -33.277697 -0.048204 
58 5.000000 0.000000 -2.541667 99.379465 0.000000 -23.303020 -0.041931 
59 1.562500 0.000000 0.666667 84.166381 0.000000 3.817274 0.290145 
60 -36.250000 0.000000 -12.166667 93.998541 0.000000 -34.228171 -0.000729 
61 -50.000000 0.000000 -12.166667 93.984074 0.000000 -34.218174 -0.000389 
62 -36.250000 0.000000 -25.000000 94.006743 0.000000 -34.214586 -0.000791 
63 -36.250000 0.000000 0.666667 93.978302 0.000000 -34.235016 -0.000396 
64 -15.625000 0.000000 -5.750000 94.081706 0.000000 -34.339518 -0.003057 
65 -22.500000 0.000000 -5.750000 94.030969 0.000000 -34.315210 -0.001936 
66 -15.625000 0.000000 -12.166667 94.127524 0.000000 -34.277003 -0.003490 
67 -15.625000 0.000000 0.666667 93.981399 0.000000 -34.363502 -0.001335 
68 -5.312500 0.000000 -2.541667 94.288800 0.000000 -34.830109 -0.010351 
69 -8.750000 0.000000 -2.541667 94.109061 0.000000 -34.518726 -0.004806 
70 -5.312500 0.000000 -5.750000 94.557611 0.000000 -34.565253 -0.013590 
71 -5.312500 0.000000 0.666667 93.743676 0.000000 -34.858851 -0.000302 
72 11.875000 0.000000 7.083333 93.809873 0.000000 -31.452030 0.021048 
73 18.750000 0.000000 7.083333 94.223749 0.000000 -32.095089 0.009179 
74 11.875000 0.000000 13.500000 93.603190 0.000000 -33.250471 0.013285 
75 1.562500 0.000000 3.875000 90.970496 0.000000 -32.286494 0.068195 
76 -1.875000 0.000000 3.875000 92.480020 0.000000 -34.451670 0.026053 
77 5.000000 0.000000 3.875000 91.700844 0.000000 -28.808671 0.076102 
78 1.562500 0.000000 7.083333 92.626612 0.000000 -33.248672 0.031484 
79 -0.156250 0.000000 -0.937500 95.010993 0.000000 -40.648499 -0.067939 
80 -1.875000 0.000000 -0.937500 93.690969 0.000000 -36.295993 -0.009540 
81 -0.156250 0.000000 -2.541667 96.782327 0.000000 -36.097437 -0.066984 
82 1.562500 0.000000 -0.937500 107.298332 0.000000 -30.552462 -0.244639 
83 -0.156250 0.000000 0.666667 83.834675 0.000000 -31.937741 0.195173 
84 8.437500 0.000000 -2.541667 98.271655 0.000000 -20.107194 -0.006162 
85 8.437500 0.000000 -5.750000 96.723631 0.000000 -28.287437 -0.015564 
86 11.875000 0.000000 -2.541667 98.263190 0.000000 -19.305670 -0.002836 
87 8.437500 0.000000 0.666667 96.428410 0.000000 -18.047861 0.037584 
88 3.281250 0.000000 -0.937500 113.883095 0.000000 -3.714032 -0.298315 
89 3.281250 0.000000 -2.541667 102.054658 0.000000 -27.957958 -0.119680 
90 5.000000 0.000000 -0.937500 95.732915 0.000000 -3.297171 0.082434 
91 3.281250 0.000000 0.666667 85.903726 0.000000 -1.620897 0.261792 
92 -36.250000 0.000000 13.500000 93.958628 0.000000 -34.228516 0.000018 
93 -50.000000 0.000000 13.500000 93.966115 0.000000 -34.218650 -0.000055 
94 -36.250000 0.000000 26.333333 93.950165 0.000000 -34.216771 0.000258 
95 -15.625000 0.000000 7.083333 93.896144 0.000000 -34.323582 0.000541 
96 -22.500000 0.000000 7.083333 93.934761 0.000000 -34.309755 -0.000090 
97 -15.625000 0.000000 13.500000 93.867738 0.000000 -34.268286 0.001453 
98 -5.312500 0.000000 3.875000 93.519828 0.000000 -34.477575 0.006534 
99 -8.750000 0.000000 3.875000 93.792246 0.000000 -34.444950 0.001656 
100 -5.312500 0.000000 7.083333 93.468059 0.000000 -34.358857 0.008319 
101 -0.156250 0.000000 2.270833 90.392516 0.000000 -33.554288 0.070330 
102 -1.875000 0.000000 2.270833 92.120343 0.000000 -34.862659 0.029844 
103 1.562500 0.000000 2.270833 88.536153 0.000000 -30.710880 0.121819 
104 -0.156250 0.000000 3.875000 91.684019 0.000000 -33.699098 0.045841 
105 0.703125 0.000000 -0.135417 -0.710516 0.000000 -0.256208 0.999943 
106 -0.156250 0.000000 -0.135417 81.175382 0.000000 -47.171553 0.118540 
107 0.703125 0.000000 -0.937500 102.062360 0.000000 -39.613758 -0.198598 
108 1.562500 0.000000 -0.135417 0.534149 0.000000 -0.105528 0.999970 
109 0.703125 0.000000 0.666667 81.130614 0.000000 -11.925394 0.327561 
110 -3.593750 0.000000 -0.937500 93.957138 0.000000 -35.424325 -0.008283 
111 -5.312500 0.000000 -0.937500 94.027501 0.000000 -34.980589 -0.006481 
112 -3.593750 0.000000 -2.541667 94.491927 0.000000 -35.217792 -0.016902 
113 -3.593750 0.000000 0.666667 93.397322 0.000000 -35.265708 0.003327 
114 -1.015625 0.000000 -0.135417 90.844970 0.000000 -37.469835 0.034320 
115 -1.875000 0.000000 -0.135417 92.782256 0.000000 -36.121449 0.008669 
116 -1.015625 0.000000 -0.937500 93.285799 0.000000 -37.604369 -0.011633 
117 -1.015625 0.000000 0.666667 89.944313 0.000000 -35.702795 0.063533 
118 8.437500 0.000000 3.875000 93.366886 0.000000 -27.968358 0.050040 
119 11.875000 0.000000 3.875000 94.379683 0.000000 -28.535927 0.027818 
120 8.437500 0.000000 7.083333 93.102732 0.000000 -31.358100 0.034855 
121 3.281250 0.000000 2.270833 88.158171 0.000000 -26.461530 0.152792 
122 5.000000 0.000000 2.270833 90.704462 0.000000 -24.344266 0.118006 
123 3.281250 0.000000 3.875000 90.637032 0.000000 -30.411604 0.086006 
124 0.703125 0.000000 1.468750 87.837733 0.000000 -29.836464 0.139432 
125 -0.156250 0.000000 1.468750 88.320270 0.000000 -33.074056 0.110564 
126 1.562500 0.000000 1.468750 87.336206 0.000000 -27.309888 0.162656 
127 0.703125 0.000000 2.270833 89.245576 0.000000 -32.204034 0.099813 
128 0.273438 0.000000 0.265625 47.426615 0.000000 20.080506 0.734749 
129 -0.156250 0.000000 0.265625 75.936754 0.000000 -34.290409 0.305778 
130 0.273438 0.000000 -0.135417 97.752959 0.000000 -67.394753 -0.409769 
131 0.703125 0.000000 0.265625 71.461211 0.000000 18.068405 0.456683 
132 0.273438 0.000000 0.666667 79.921630 0.000000 -22.732867 0.309575 
133 -3.593750 0.000000 2.270833 93.095889 0.000000 -34.962034 0.011081 
134 -5.312500 0.000000 2.270833 93.567211 0.000000 -34.711620 0.004028 
135 -3.593750 0.000000 3.875000 93.142926 0.000000 -34.521003 0.013270 
136 -1.015625 0.000000 1.468750 90.788564 0.000000 -34.599012 0.056035 
137 -1.875000 0.000000 1.468750 92.097219 0.000000 -35.146648 0.028282 
138 -1.015625 0.000000 2.270833 91.478012 0.000000 -34.266855 0.045756 
139 -0.585938 0.000000 0.265625 87.252927 0.000000 -36.960634 0.102084 
140 -1.015625 0.000000 0.265625 90.033543 0.000000 -36.615119 0.055329 
141 -0.585938 0.000000 -0.135417 88.826534 0.000000 -39.246039 0.056960 
142 -0.585938 0.000000 0.666667 87.971006 0.000000 -35.097827 0.102924 
143 -8.750000 0.000000 -37.833333 94.066648 0.000000 -34.153433 -0.001499 
144 -22.500000 0.000000 -37.833333 94.029554 0.000000 -34.191411 -0.001061 
145 -8.750000 0.000000 -50.666667 94.029822 0.000000 -34.165021 -0.000886 
146 5.000000 0.000000 -37.833333 94.100819 0.000000 -34.074598 -0.001604 
147 -1.875000 0.000000 -18.583333 94.444055 0.000000 -34.029066 -0.007766 
148 -8.750000 0.000000 -18.583333 94.232139 0.000000 -34.173550 -0.004753 
149 -1.875000 0.000000 -25.000000 94.230847 0.000000 -34.056340 -0.003929 
150 5.000000 0.000000 -18.583333 94.578650 0.000000 -33.688241 -0.008002 
151 1.562500 0.000000 -8.958333 95.639257 0.000000 -33.455267 -0.026612 
152 -1.875000 0.000000 -8.958333 94.954195 0.000000 -34.056005 -0.017611 
153 1.562500 0.000000 -12.166667 94.978971 0.000000 -33.632305 -0.015214 
154 5.000000 0.000000 -8.958333 95.899421 0.000000 -32.320679 -0.024133 
155 -0.156250 0.000000 -4.145833 96.506481 0.000000 -34.685545 -0.051659 
156 -1.875000 0.000000 -4.145833 95.415198 0.000000 -35.026164 -0.033089 
157 -0.156250 0.000000 -5.750000 96.153702 0.000000 -34.165862 -0.041284 
158 1.562500 0.000000 -4.145833 98.042165 0.000000 -33.366185 -0.072557 
159 0.703125 0.000000 -1.739583 99.278482 0.000000 -37.102957 -0.123285 
160 -0.156250 0.000000 -1.739583 96.121447 0.000000 -37.487230 -0.064462 
161 0.703125 0.000000 -2.541667 98.224800 0.000000 -35.504890 -0.090871 
162 1.562500 0.000000 -1.739583 102.521987 0.000000 -34.592484 -0.170740 
163 0.273438 0.000000 -0.536458 98.509401 0.000000 -47.793535 -0.198832 
164 -0.156250 0.000000 -0.536458 91.970337 0.000000 -43.957263 -0.039078 
165 0.273438 0.000000 -0.937500 98.013162 0.000000 -41.559693 -0.133379 
166 0.703125 0.000000 -0.536458 114.082112 0.000000 -34.438571 -0.420074 
167 0.058594 0.000000 0.065104 30.196133 0.000000 -27.185250 0.834916 
168 -0.156250 0.000000 0.065104 73.361140 0.000000 -41.443316 0.290059 
169 0.058594 0.000000 -0.135417 76.620710 0.000000 -77.017119 -0.180237 
170 0.273438 0.000000 0.065104 0.309821 0.000000 -0.362484 0.999977 
171 0.058594 0.000000 0.265625 61.124876 0.000000 -20.944076 0.582510 
172 2.421875 0.000000 -0.135417 5.401030 0.000000 0.716660 0.997032 
173 2.421875 0.000000 -0.937500 111.793597 0.000000 -21.513215 -0.296063 
174 3.281250 0.000000 -0.135417 13.292951 0.000000 1.286678 0.982164 
175 2.421875 0.000000 0.666667 82.827366 0.000000 -0.881656 0.313885 
176 1.132812 0.000000 0.265625 -0.268732 0.000000 -0.410467 0.999976 
177 1.132812 0.000000 -0.135417 -0.085979 0.000000 -0.175870 0.999996 
178 1.562500 0.000000 0.265625 0.610988 0.000000 -0.210762 0.999958 
179 1.132812 0.000000 0.666667 82.818602 0.000000 8.798460 0.306367 
180 0.488281 0.000000 0.065104 -0.738405 0.000000 -0.409502 0.999929 
181 0.488281 0.000000 -0.135417 -0.996016 0.000000 -0.402393 0.999885 
182 0.703125 0.000000 0.065104 -0.677225 0.000000 -0.403898 0.999938 
183 0.488281 0.000000 0.265625 60.638320 0.000000 19.854712 0.592878 
184 0.273438 0.000000 1.067708 86.113840 0.000000 -29.203083 0.173159 
185 -0.156250 0.000000 1.067708 87.441646 0.000000 -32.490742 0.129831 
186 0.703125 0.000000 1.067708 86.002217 0.000000 -25.677085 0.194431 
187 0.273438 0.000000 1.468750 88.306266 0.000000 -31.470412 0.121162 
188 0.058594 0.000000 0.466146 75.252258 0.000000 -25.399483 0.369196 
189 -0.156250 0.000000 0.466146 80.546884 0.000000 -32.183573 0.247642 
190 0.273438 0.000000 0.466146 71.677346 0.000000 -13.757461 0.467309 
191 0.058594 0.000000 0.666667 81.439215 0.000000 -28.098243 0.257814 
192 0.166016 0.000000 0.165365 32.780432 0.000000 14.830342 0.870550 
193 0.058594 0.000000 0.165365 24.426972 0.000000 8.164599 0.933666 
194 0.166016 0.000000 0.065104 30.801978 0.000000 1.293872 0.904956 
195 0.273438 0.000000 0.165365 44.678261 0.000000 15.771015 0.775513 
196 0.166016 0.000000 0.265625 41.778365 0.000000 18.660847 0.790634 
197 1.132812 0.000000 -0.536458 113.850000 0.000000 -23.153806 -0.349792 
198 1.132812 0.000000 -0.937500 105.159546 0.000000 -35.267237 -0.230231 
199 1.562500 0.000000 -0.536458 113.402542 0.000000 -17.030293 -0.315017 
200 0.488281 0.000000 -0.335938 111.199977 0.000000 -46.938385 -0.456865 
201 0.273438 0.000000 -0.335938 104.489629 0.000000 -59.127851 -0.441419 
202 0.488281 0.000000 -0.536458 104.375162 0.000000 -45.068597 -0.292535 
203 0.703125 0.000000 -0.335938 113.752252 0.000000 -36.588266 -0.427828 
204 -1.015625 0.000000 -1.739583 95.029620 0.000000 -36.931358 -0.039455 
205 -1.875000 0.000000 -1.739583 94.511628 0.000000 -36.123213 -0.023733 
206 -1.015625 0.000000 -2.541667 95.558925 0.000000 -35.939473 -0.042315 
207 -0.585938 0.000000 -0.536458 91.802090 0.000000 -39.682297 -0.000231 
208 -1.015625 0.000000 -0.536458 92.125020 0.000000 -37.823640 0.008235 
209 -0.585938 0.000000 -0.937500 93.365857 0.000000 -38.803831 -0.022292 
210 0.058594 0.000000 -0.335938 90.164527 0.000000 -52.601947 -0.089661 
211 -0.156250 0.000000 -0.335938 88.221530 0.000000 -46.130276 0.008896 
212 0.058594 0.000000 -0.536458 94.007421 0.000000 -46.673378 -0.101580 
213 0.380859 0.000000 -0.235677 108.030419 0.000000 -53.708011 -0.455512 
214 0.273438 0.000000 -0.235677 102.255665 0.000000 -61.754549 -0.426985 
215 0.380859 0.000000 -0.335938 108.439504 0.000000 -52.841738 -0.455138 
216 0.488281 0.000000 -0.235677 109.917974 0.000000 -49.994846 -0.458145 
217 0.380859 0.000000 -0.135417 -0.738198 0.000000 -0.447581 0.999925 
218 0.488281 0.000000 0.466146 63.471908 0.000000 20.664392 0.554430 
219 0.703125 0.000000 0.466146 73.620459 0.000000 15.708674 0.433327 
220 0.488281 0.000000 0.666667 79.931845 0.000000 -16.889063 0.332566 
221 2.421875 0.000000 1.468750 86.036638 0.000000 -24.606747 0.199220 
222 3.281250 0.000000 1.468750 85.962967 0.000000 -21.157847 0.216271 
223 2.421875 0.000000 2.270833 87.913362 0.000000 -28.683071 0.144852 
224 1.132812 0.000000 1.067708 86.358631 0.000000 -23.122051 0.200756 
225 1.562500 0.000000 1.067708 86.235244 0.000000 -21.616330 0.209622 
226 1.132812 0.000000 1.468750 87.626416 0.000000 -28.426482 0.151355 
227 0.917969 0.000000 0.466146 78.921606 0.000000 11.560751 0.363773 
228 0.917969 0.000000 0.265625 -0.575878 0.000000 -0.301581 0.999958 
229 1.132812 0.000000 0.466146 82.031953 0.000000 8.390062 0.320037 
230 0.917969 0.000000 0.666667 80.635206 0.000000 11.727846 0.336042 
231 0.917969 0.000000 -0.335938 114.331748 0.000000 -28.270854 -0.387099 
232 0.917969 0.000000 -0.536458 114.169966 0.000000 -28.301260 -0.383574 
233 1.132812 0.000000 -0.335938 114.054515 0.000000 -22.991145 -0.353703 
234 0.917969 0.000000 -0.135417 -0.407991 0.000000 -0.186830 0.999980 
235 3.281250 0.000000 -4.145833 98.927865 0.000000 -30.794678 -0.073503 
236 3.281250 0.000000 -5.750000 97.159349 0.000000 -31.818335 -0.045235 
237 5.000000 0.000000 -4.145833 98.596397 0.000000 -28.053291 -0.050824 
238 2.421875 0.000000 -1.739583 104.825759 0.000000 -29.769991 -0.187469 
239 2.421875 0.000000 -2.541667 101.742265 0.000000 -31.305485 -0.133152 
240 3.281250 0.000000 -1.739583 105.272192 0.000000 -24.025506 -0.165946 
241 1.132812 0.000000 -1.338542 102.299331 0.000000 -36.491452 -0.179678 
242 0.703125 0.000000 -1.338542 100.078982 0.000000 -38.261849 -0.147977 
243 1.132812 0.000000 -1.739583 100.935875 0.000000 -36.078626 -0.148972 
244 1.562500 0.000000 -1.338542 104.323726 0.000000 -34.182505 -0.205188 
245 0.917969 0.000000 -0.736979 106.542466 0.000000 -36.106549 -0.265498 
246 0.703125 0.000000 -0.736979 104.332802 0.000000 -39.956757 -0.248188 
247 0.917969 0.000000 -0.937500 103.782300 0.000000 -37.590511 -0.218381 
248 1.132812 0.000000 -0.736979 107.984552 0.000000 -31.878741 -0.267692 
249 0.810547 0.000000 -0.436198 114.206498 0.000000 -31.876864 -0.405926 
250 0.703125 0.000000 -0.436198 113.763913 0.000000 -36.126930 -0.424738 
251 0.810547 0.000000 -0.536458 114.002320 0.000000 -32.504435 -0.405307 
252 0.917969 0.000000 -0.436198 114.073801 0.000000 -29.461648 -0.388082 
253 0.810547 0.000000 -0.335938 113.950873 0.000000 -34.286896 -0.416039 
254 1.992188 0.000000 0.265625 2.266181 0.000000 0.637135 0.999446 
255 1.992188 0.000000 -0.135417 1.805099 0.000000 0.180481 0.999671 
256 2.421875 0.000000 0.265625 5.618624 0.000000 1.146736 0.996712 
257 1.992188 0.000000 0.666667 83.538485 0.000000 0.965111 0.302039 
258 1.992188 0.000000 1.067708 85.552618 0.000000 -20.418393 0.226384 
259 2.421875 0.000000 1.067708 84.520078 0.000000 -18.749378 0.250482 
260 1.992188 0.000000 1.468750 86.593336 0.000000 -26.018619 0.182463 
261 1.777344 0.000000 0.466146 84.036772 0.000000 2.102702 0.293340 
262 1.562500 0.000000 0.466146 84.273831 0.000000 3.158084 0.288795 
263 1.777344 0.000000 0.265625 1.266467 0.000000 0.135149 0.999838 
264 1.992188 0.000000 0.466146 83.513535 0.000000 0.498013 0.302524 
265 1.777344 0.000000 0.666667 84.016171 0.000000 2.300447 0.293599 
266 1.992188 0.000000 -0.536458 114.822617 0.000000 -12.082604 -0.333022 
267 1.992188 0.000000 -0.937500 109.444216 0.000000 -26.157143 -0.266223 
268 2.421875 0.000000 -0.536458 116.714181 0.000000 -9.918713 -0.372058 
269 1.992188 0.000000 -1.338542 106.276499 0.000000 -31.282883 -0.227331 
270 1.992188 0.000000 -1.739583 104.073626 0.000000 -32.603242 -0.189429 
271 2.421875 0.000000 -1.338542 108.013795 0.000000 -27.854654 -0.244286 
272 1.777344 0.000000 -0.736979 114.035755 0.000000 -12.777209 -0.316741 
273 1.562500 0.000000 -0.736979 113.592197 0.000000 -15.351776 -0.313886 
274 1.777344 0.000000 -0.937500 108.313453 0.000000 -28.389487 -0.253777 
275 1.992188 0.000000 -0.736979 114.898068 0.000000 -12.072032 -0.334730 
276 1.777344 0.000000 -0.536458 113.825275 0.000000 -14.580995 -0.316880 
277 6.718750 0.000000 -0.937500 96.660735 0.000000 -10.868563 0.053858 
278 6.718750 0.000000 -2.541667 98.206996 0.000000 -21.846864 -0.012190 
279 8.437500 0.000000 -0.937500 98.249689 0.000000 -8.521535 0.027438 
280 6.718750 0.000000 0.666667 97.903553 0.000000 -14.439534 0.020639 
281 4.140625 0.000000 -0.135417 19.264880 0.000000 -1.872455 0.962536 
282 4.140625 0.000000 -0.937500 102.434370 0.000000 -1.440060 -0.049487 
283 5.000000 0.000000 -0.135417 13.853264 0.000000 -3.646973 0.979479 
284 4.140625 0.000000 0.666667 91.615730 0.000000 -1.974995 0.160266 
285 2.851562 0.000000 0.265625 9.150261 0.000000 1.476592 0.991409 
286 2.851562 0.000000 -0.135417 9.127628 0.000000 1.321333 0.991494 
287 3.281250 0.000000 0.265625 11.894631 0.000000 1.573102 0.985604 
288 2.851562 0.000000 0.666667 83.497759 0.000000 -0.637942 0.302772 
289 2.207031 0.000000 0.466146 82.909465 0.000000 -1.370665 0.312414 
290 2.207031 0.000000 0.265625 3.843777 0.000000 0.899058 0.998442 
291 2.421875 0.000000 0.466146 82.813502 0.000000 -0.551639 0.314162 
292 2.207031 0.000000 0.666667 83.110048 0.000000 0.492704 0.309248 
293 2.851562 0.000000 -0.536458 116.723518 0.000000 -6.675018 -0.366894 
294 2.851562 0.000000 -0.937500 116.345248 0.000000 -5.345658 -0.356479 
295 3.281250 0.000000 -0.536458 112.565430 0.000000 -3.917488 -0.268632 
296 2.207031 0.000000 -0.736979 115.995953 0.000000 -11.371983 -0.358438 
297 2.207031 0.000000 -0.937500 110.582383 0.000000 -23.979752 -0.280349 
298 2.421875 0.000000 -0.736979 116.832609 0.000000 -8.995454 -0.373078 
299 2.207031 0.000000 -0.536458 115.611577 0.000000 -11.083782 -0.348889 
300 6.718750 0.000000 2.270833 91.753947 0.000000 -24.547655 0.097863 
301 8.437500 0.000000 2.270833 94.365777 0.000000 -23.075136 0.056264 
302 6.718750 0.000000 3.875000 92.873832 0.000000 -28.395744 0.056813 
303 4.140625 0.000000 1.468750 88.570980 0.000000 -18.886610 0.179848 
304 5.000000 0.000000 1.468750 92.832939 0.000000 -18.828124 0.102755 
305 4.140625 0.000000 2.270833 89.234868 0.000000 -24.702852 0.142691 
306 3.710938 0.000000 0.265625 14.638902 0.000000 0.232259 0.978565 
307 3.710938 0.000000 -0.135417 17.676349 0.000000 -0.047973 0.968754 
308 4.140625 0.000000 0.265625 14.318274 0.000000 -1.355481 0.979315 
309 3.710938 0.000000 0.666667 88.787368 0.000000 -1.828816 0.211346 
310 4.140625 0.000000 -1.739583 102.004690 0.000000 -19.843122 -0.079871 
311 4.140625 0.000000 -2.541667 101.007760 0.000000 -25.006535 -0.082789 
312 5.000000 0.000000 -1.739583 98.736328 0.000000 -18.772529 -0.010127 
313 3.710938 0.000000 -0.536458 107.789976 0.000000 -2.645813 -0.162568 
314 3.710938 0.000000 -0.937500 107.617096 0.000000 -2.105485 -0.158587 
315 4.140625 0.000000 -0.536458 102.543275 0.000000 -2.084412 -0.051947 
316 5.859375 0.000000 -0.135417 0.583556 0.000000 2.636353 0.999271 
317 5.859375 0.000000 -0.937500 92.697529 0.000000 -9.268456 0.132126 
318 6.718750 0.000000 -0.135417 1.048885 0.000000 0.219236 0.999885 
319 5.859375 0.000000 0.666667 102.312030 0.000000 -11.562335 -0.060144 
320 4.570312 0.000000 0.265625 11.314017 0.000000 -1.980899 0.986807 
321 4.570312 0.000000 -0.135417 19.704126 0.000000 -3.767238 0.959756 
322 5.000000 0.000000 0.265625 0.175390 0.000000 1.642547 0.999727 
323 4.570312 0.000000 0.666667 94.580206 0.000000 -2.170417 0.104987 
324 5.859375 0.000000 1.468750 94.150772 0.000000 -21.866159 0.065750 
325 6.718750 0.000000 1.468750 92.627736 0.000000 -22.943924 0.089368 
326 5.859375 0.000000 2.270833 91.987391 0.000000 -24.598900 0.093321 
327 4.570312 0.000000 1.067708 91.568165 0.000000 -12.643071 0.145542 
328 4.140625 0.000000 1.067708 89.059898 0.000000 -13.252066 0.189272 
329 5.000000 0.000000 1.067708 95.691852 0.000000 -11.960369 0.070002 
330 4.570312 0.000000 1.468750 90.791016 0.000000 -18.595722 0.141119 
331 4.355469 0.000000 0.466146 92.929935 0.000000 -4.068796 0.134747 
332 4.140625 0.000000 0.466146 91.614991 0.000000 -2.181105 0.160194 
333 4.355469 0.000000 0.265625 92.994045 0.000000 -1.348331 0.135029 
334 4.570312 0.000000 0.466146 94.574641 0.000000 -2.368222 0.105003 
335 4.355469 0.000000 0.666667 93.012108 0.000000 -1.437902 0.134668 
336 4.570312 0.000000 -0.536458 97.748432 0.000000 -2.333396 0.043980 
337 4.570312 0.000000 -0.937500 97.181302 0.000000 -2.555087 0.054927 
338 5.000000 0.000000 -0.536458 91.808655 0.000000 -1.675119 0.156836 
339 18.750000 0.000000 -37.833333 94.114852 0.000000 -33.970426 -0.001160 
340 18.750000 0.000000 -50.666667 94.050444 0.000000 -34.085356 -0.000730 
341 32.500000 0.000000 -37.833333 94.128260 0.000000 -33.855064 -0.000629 
342 11.875000 0.000000 -18.583333 94.544697 0.000000 -33.307892 -0.004812 
343 11.875000 0.000000 -25.000000 94.301824 0.000000 -33.738166 -0.003110 
344 18.750000 0.000000 -18.583333 94.564786 0.000000 -32.921949 -0.002635 
345 8.437500 0.000000 -8.958333 95.751780 0.000000 -31.241747 -0.014445 
346 8.437500 0.000000 -12.166667 95.172006 0.000000 -32.507701 -0.011446 
347 11.875000 0.000000 -8.958333 95.691646 0.000000 -30.379003 -0.007977 
348 6.718750 0.000000 -4.145833 98.029596 0.000000 -26.522542 -0.031325 
349 6.718750 0.000000 -5.750000 96.921526 0.000000 -29.235538 -0.024850 
350 8.437500 0.000000 -4.145833 97.642608 0.000000 -25.284359 -0.017338 
351 5.859375 0.000000 -1.739583 97.730425 0.000000 -18.681524 0.009976 
352 5.859375 0.000000 -2.541667 98.498123 0.000000 -22.490386 -0.020770 
353 6.718750 0.000000 -1.739583 98.499274 0.000000 -18.533173 -0.004559 
354 4.570312 0.000000 -1.338542 99.006553 0.000000 -14.841560 -0.002257 
355 4.140625 0.000000 -1.338542 102.380547 0.000000 -15.510503 -0.072235 
356 4.570312 0.000000 -1.739583 100.397969 0.000000 -19.082091 -0.044388 
357 5.000000 0.000000 -1.338542 96.274298 0.000000 -15.099797 0.050326 
358 4.355469 0.000000 -0.736979 99.394415 0.000000 -1.744757 0.011771 
359 4.140625 0.000000 -0.736979 102.538271 0.000000 -2.032125 -0.051823 
360 4.355469 0.000000 -0.937500 99.989797 0.000000 -2.266338 -0.000310 
361 4.570312 0.000000 -0.736979 97.726311 0.000000 -2.249328 0.044451 
362 4.355469 0.000000 -0.536458 100.131575 0.000000 -3.639347 -0.003958 
363 5.429688 0.000000 0.265625 -7.705449 0.000000 0.428608 0.994044 
364 5.429688 0.000000 -0.135417 3.026544 0.000000 1.938484 0.998708 
365 5.859375 0.000000 0.265625 -5.452635 0.000000 0.862799 0.996952 
366 5.429688 0.000000 0.666667 102.219217 0.000000 -8.589836 -0.052255 
367 5.429688 0.000000 1.067708 97.831833 0.000000 -16.838335 0.014540 
368 5.859375 0.000000 1.067708 96.764792 0.000000 -19.750521 0.024649 
369 5.429688 0.000000 1.468750 94.134868 0.000000 -20.434859 0.072104 
370 5.214844 0.000000 0.466146 100.740247 0.000000 -6.640203 -0.019269 
371 5.000000 0.000000 0.466146 96.005535 0.000000 -2.753231 0.077536 
372 5.214844 0.000000 0.265625 -6.322107 0.000000 0.743630 0.995948 
373 5.429688 0.000000 0.466146 102.237716 0.000000 -8.166129 -0.051924 
374 5.214844 0.000000 0.666667 99.114366 0.000000 -5.650632 0.014441 
375 5.429688 0.000000 -0.536458 85.443029 0.000000 0.423933 0.269931 
376 5.429688 0.000000 -0.937500 89.907240 0.000000 -9.141895 0.183311 
377 5.859375 0.000000 -0.536458 89.539352 0.000000 2.709422 0.197536 
378 5.429688 0.000000 -1.338542 95.577837 0.000000 -15.404482 0.062758 
379 5.429688 0.000000 -1.739583 97.946851 0.000000 -18.706359 0.005649 
380 5.859375 0.000000 -1.338542 96.133968 0.000000 -15.728656 0.051087 
381 5.214844 0.000000 -0.736979 85.870421 0.000000 0.216762 0.262622 
382 5.000000 0.000000 -0.736979 91.432735 0.000000 -1.528321 0.163772 
383 5.214844 0.000000 -0.937500 89.395403 0.000000 -9.432880 0.191948 
384 5.429688 0.000000 -0.736979 84.967835 0.000000 1.660421 0.277771 
385 5.214844 0.000000 -0.536458 85.217181 0.000000 0.490797 0.273779 
386 46.250000 0.000000 -12.166667 98.272224 0.000000 -22.358698 -0.015734 
387 46.250000 0.000000 -25.000000 94.713484 0.000000 -32.182834 -0.000638 
388 60.000000 0.000000 -12.166667 95.422000 0.000000 -30.191466 -0.001688 
389 46.250000 0.000000 0.666667 94.382051 0.000000 -32.979562 0.000438 
390 25.625000 0.000000 -5.750000 89.116139 0.000000 -47.379685 -0.018652 
391 25.625000 0.000000 -12.166667 95.873942 0.000000 -29.040350 -0.003515 
392 32.500000 0.000000 -5.750000 97.381942 0.000000 -24.702738 -0.009347 
393 25.625000 0.000000 0.666667 95.233600 0.000000 -30.276334 0.001390 
394 15.312500 0.000000 -2.541667 97.816327 0.000000 -22.371110 -0.006850 
395 15.312500 0.000000 -5.750000 97.292029 0.000000 -24.911752 -0.008633 
396 18.750000 0.000000 -2.541667 96.286667 0.000000 -27.255540 -0.001399 
397 15.312500 0.000000 0.666667 96.962363 0.000000 -24.521677 -0.000301 
398 10.156250 0.000000 -0.937500 96.902344 0.000000 -13.775478 0.042017 
399 10.156250 0.000000 -2.541667 97.925930 0.000000 -19.487406 0.003075 
400 11.875000 0.000000 -0.937500 89.442456 0.000000 -38.434500 0.052284 
401 10.156250 0.000000 0.666667 93.487352 0.000000 -18.265371 0.092649 
402 7.578125 0.000000 -0.135417 103.725937 0.000000 8.778908 -0.083614 
403 7.578125 0.000000 -0.937500 100.397674 0.000000 -10.540510 -0.019080 
404 8.437500 0.000000 -0.135417 102.796194 0.000000 5.437616 -0.059663 
405 7.578125 0.000000 0.666667 84.529826 0.000000 -14.745364 0.263728 
406 6.289062 0.000000 0.265625 -2.503098 0.000000 0.715796 0.999322 
407 6.289062 0.000000 -0.135417 0.480817 0.000000 1.368053 0.999790 
408 6.718750 0.000000 0.265625 96.256004 0.000000 -13.015112 0.056539 
409 6.289062 0.000000 0.666667 100.784088 0.000000 -13.147260 -0.033028 
410 5.644531 0.000000 0.466146 102.584078 0.000000 -10.770498 -0.063950 
411 5.644531 0.000000 0.265625 -6.840051 0.000000 0.860021 0.995247 
412 5.859375 0.000000 0.466146 102.245163 0.000000 -11.470040 -0.058564 
413 5.644531 0.000000 0.666667 102.602774 0.000000 -10.099054 -0.062932 
414 6.289062 0.000000 -0.536458 92.477057 0.000000 5.603514 0.141659 
415 6.289062 0.000000 -0.937500 94.902130 0.000000 -9.833272 0.089689 
416 6.718750 0.000000 -0.536458 95.245162 0.000000 6.250548 0.088929 
417 5.644531 0.000000 -0.736979 86.751443 0.000000 3.040376 0.246494 
418 5.644531 0.000000 -0.937500 91.301470 0.000000 -9.124042 0.158079 
419 5.859375 0.000000 -0.736979 89.204608 0.000000 4.359903 0.202353 
420 5.644531 0.000000 -0.536458 87.205723 0.000000 2.052878 0.239095 
421 46.250000 0.000000 13.500000 94.065679 0.000000 -33.808553 0.000863 
422 60.000000 0.000000 13.500000 94.047908 0.000000 -33.918560 0.000452 
423 46.250000 0.000000 26.333333 93.990824 0.000000 -34.017399 0.000854 
424 25.625000 0.000000 7.083333 94.292000 0.000000 -32.722816 0.003824 
425 32.500000 0.000000 7.083333 94.244975 0.000000 -33.092913 0.002274 
426 25.625000 0.000000 13.500000 94.033156 0.000000 -33.475275 0.003717 
427 15.312500 0.000000 3.875000 94.768158 0.000000 -29.763418 0.013314 
428 18.750000 0.000000 3.875000 94.765327 0.000000 -30.696094 0.007728 
429 15.312500 0.000000 7.083333 94.063539 0.000000 -31.719675 0.014591 
430 10.156250 0.000000 2.270833 94.346543 0.000000 -24.290088 0.050872 
431 11.875000 0.000000 2.270833 95.230476 0.000000 -25.179720 0.029714 
432 10.156250 0.000000 3.875000 93.950634 0.000000 -28.147506 0.038100 
433 7.578125 0.000000 1.468750 58.468486 0.000000 4.609121 0.656019 
434 8.437500 0.000000 1.468750 97.903805 0.000000 -23.227299 -0.012466 
435 7.578125 0.000000 2.270833 92.023277 0.000000 -23.840620 0.096334 
436 7.148438 0.000000 0.265625 89.805976 0.000000 -18.190498 0.160399 
437 7.148438 0.000000 -0.135417 5.069023 0.000000 -1.027126 0.997325 
438 7.578125 0.000000 0.265625 91.542899 0.000000 -17.012211 0.133048 
439 7.148438 0.000000 0.666667 77.945587 0.000000 -8.659687 0.384950 
440 7.148438 0.000000 1.067708 89.836882 0.000000 -21.234179 0.147844 
441 6.718750 0.000000 1.067708 93.189971 0.000000 -21.929277 0.083474 
442 7.578125 0.000000 1.067708 77.741428 0.000000 -8.425486 0.388528 
443 7.148438 0.000000 1.468750 91.272493 0.000000 -22.402136 0.116748 
444 6.933594 0.000000 0.466146 94.753486 0.000000 -15.262956 0.078882 
445 6.718750 0.000000 0.466146 97.830017 0.000000 -13.910324 0.023579 
446 6.933594 0.000000 0.265625 96.158595 0.000000 -14.799098 0.053451 
447 7.148438 0.000000 0.466146 86.561248 0.000000 -13.261577 0.233128 
448 6.933594 0.000000 0.666667 96.174217 0.000000 -14.512993 0.053989 
449 7.578125 0.000000 -1.739583 98.450391 0.000000 -17.538647 -0.000008 
450 7.578125 0.000000 -2.541667 98.375859 0.000000 -21.082948 -0.012230 
451 8.437500 0.000000 -1.739583 98.651322 0.000000 -16.353104 0.000049 
452 7.148438 0.000000 -0.536458 98.654800 0.000000 7.497006 0.021103 
453 7.148438 0.000000 -0.937500 98.697678 0.000000 -11.100554 0.013555 
454 7.578125 0.000000 -0.536458 104.435122 0.000000 7.774525 -0.096714 
455 6.933594 0.000000 -0.335938 97.311301 0.000000 3.372981 0.051913 
456 6.718750 0.000000 -0.335938 95.426222 0.000000 5.191651 0.086688 
457 6.933594 0.000000 -0.536458 96.946831 0.000000 7.524060 0.054470 
458 7.148438 0.000000 -0.335938 99.778641 0.000000 4.429936 0.002460 
459 6.933594 0.000000 -0.135417 2.199767 0.000000 -0.574236 0.999483 
460 9.296875 0.000000 -0.135417 81.029697 0.000000 -7.328164 0.338049 
461 9.296875 0.000000 -0.937500 95.968144 0.000000 -11.437919 0.065929 
462 10.156250 0.000000 -0.135417 94.144292 0.000000 -10.394322 0.102881 
463 9.296875 0.000000 0.666667 81.550080 0.000000 -22.594150 0.283909 
464 8.007812 0.000000 -0.536458 104.668822 0.000000 11.507193 -0.108798 
465 8.007812 0.000000 -0.937500 100.124796 0.000000 -9.290311 -0.011128 
466 8.437500 0.000000 -0.536458 100.210117 0.000000 13.081820 -0.021320 
467 8.007812 0.000000 -0.135417 104.834346 0.000000 10.576196 -0.110210 
468 8.007812 0.000000 0.265625 92.363811 0.000000 -14.501210 0.125864 
469 8.437500 0.000000 0.265625 105.388366 0.000000 -17.301838 -0.140606 
470 8.007812 0.000000 0.666667 95.888153 0.000000 -20.285660 0.039395 
471 7.792969 0.000000 -0.335938 105.361966 0.000000 9.591075 -0.119313 
472 7.578125 0.000000 -0.335938 104.673414 0.000000 7.798429 -0.101734 
473 7.792969 0.000000 -0.536458 104.828052 0.000000 10.917302 -0.110811 
474 8.007812 0.000000 -0.335938 104.855846 0.000000 10.907137 -0.111371 
475 7.792969 0.000000 -0.135417 106.343165 0.000000 8.362607 -0.137880 
476 10.156250 0.000000 -4.145833 97.217393 0.000000 -24.514240 -0.005217 
477 10.156250 0.000000 -5.750000 96.814035 0.000000 -27.274877 -0.011688 
478 11.875000 0.000000 -4.145833 97.564008 0.000000 -23.392307 -0.006594 
479 9.296875 0.000000 -1.739583 98.067361 0.000000 -16.019540 0.012617 
480 9.296875 0.000000 -2.541667 97.999890 0.000000 -19.649487 0.000992 
481 10.156250 0.000000 -1.739583 97.841455 0.000000 -16.703830 0.014803 
482 8.867188 0.000000 -0.536458 92.066358 0.000000 -3.564544 0.151108 
483 8.867188 0.000000 -0.937500 96.474918 0.000000 -9.722967 0.059805 
484 9.296875 0.000000 -0.536458 92.079563 0.000000 -10.810642 0.140448 
485 8.867188 0.000000 -0.135417 88.782493 0.000000 -0.888285 0.211688 
486 13.593750 0.000000 -0.937500 94.404431 0.000000 -32.622212 0.002359 
487 13.593750 0.000000 -2.541667 98.566564 0.000000 -19.239018 -0.008551 
488 15.312500 0.000000 -0.937500 98.804482 0.000000 -21.730415 -0.023454 
489 13.593750 0.000000 0.666667 97.383074 0.000000 -22.162776 0.002535 
490 11.015625 0.000000 -0.135417 90.704549 0.000000 -34.097699 0.061003 
491 11.015625 0.000000 -0.937500 95.904658 0.000000 -18.069349 0.047580 
492 11.875000 0.000000 -0.135417 97.838193 0.000000 -19.526527 0.004640 
493 11.015625 0.000000 0.666667 96.239939 0.000000 -17.644861 0.042653 
494 9.726562 0.000000 -0.536458 94.846787 0.000000 -14.194547 0.080260 
495 9.726562 0.000000 -0.937500 96.481424 0.000000 -12.940188 0.052389 
496 10.156250 0.000000 -0.536458 95.088429 0.000000 -16.332667 0.069143 
497 9.726562 0.000000 -0.135417 86.050164 0.000000 -6.425434 0.255408 
498 9.296875 0.000000 1.468750 77.168337 0.000000 -23.494845 0.349304 
499 10.156250 0.000000 1.468750 94.143859 0.000000 -21.057582 0.069351 
500 9.296875 0.000000 2.270833 93.725694 0.000000 -24.932420 0.059387 
501 8.867188 0.000000 0.265625 100.995531 0.000000 -21.010420 -0.064154 
502 9.296875 0.000000 0.265625 112.569024 0.000000 -30.538325 -0.360437 
503 8.867188 0.000000 0.666667 95.391699 0.000000 -21.944002 0.041888 
504 9.082031 0.000000 -0.335938 85.226832 0.000000 8.710468 0.266051 
505 8.867188 0.000000 -0.335938 89.466418 0.000000 10.297569 0.188972 
506 9.082031 0.000000 -0.536458 91.075758 0.000000 -7.320861 0.165161 
507 9.296875 0.000000 -0.335938 79.153838 0.000000 4.695971 0.371262 
508 9.082031 0.000000 -0.135417 82.156201 0.000000 -2.474672 0.324423 
509 9.726562 0.000000 0.265625 87.418673 0.000000 -40.983945 0.067829 
510 10.156250 0.000000 0.265625 88.765257 0.000000 -27.323234 0.137417 
511 9.726562 0.000000 0.666667 92.530962 0.000000 -20.662851 0.101107 
512 9.511719 0.000000 0.065104 104.495320 0.000000 -32.794256 -0.199474 
513 9.296875 0.000000 0.065104 102.522490 0.000000 -34.165915 -0.167817 
514 9.511719 0.000000 -0.135417 81.698993 0.000000 -4.147038 0.330808 
515 9.726562 0.000000 0.065104 104.064665 0.000000 -30.862087 -0.178192 
516 9.511719 0.000000 0.265625 115.183472 0.000000 -28.399612 -0.407377 
517 13.593750 0.000000 2.270833 95.592121 0.000000 -26.692222 0.014967 
518 15.312500 0.000000 2.270833 95.508796 0.000000 -27.858150 0.010199 
519 13.593750 0.000000 3.875000 94.663731 0.000000 -29.207904 0.018568 
520 11.015625 0.000000 1.468750 95.432963 0.000000 -21.692812 0.042197 
521 11.875000 0.000000 1.468750 96.059009 0.000000 -22.535656 0.026481 
522 11.015625 0.000000 2.270833 94.861210 0.000000 -24.608801 0.039576 
523 10.585938 0.000000 0.265625 93.697726 0.000000 -18.881222 0.086424 
524 10.585938 0.000000 -0.135417 97.090783 0.000000 -10.141130 0.047054 
525 11.015625 0.000000 0.265625 96.369503 0.000000 -16.852880 0.042890 
526 10.585938 0.000000 0.666667 95.047571 0.000000 -17.191060 0.067043 
527 9.941406 0.000000 0.065104 99.985707 0.000000 -20.079208 -0.040032 
528 9.941406 0.000000 -0.135417 88.206183 0.000000 17.867181 0.190043 
529 10.156250 0.000000 0.065104 94.195280 0.000000 -12.013284 0.098293 
530 9.941406 0.000000 0.265625 86.353024 0.000000 -34.592456 0.134652 
531 11.015625 0.000000 -1.739583 97.929817 0.000000 -17.145388 0.011579 
532 11.015625 0.000000 -2.541667 98.028633 0.000000 -19.439681 0.001249 
533 11.875000 0.000000 -1.739583 98.192750 0.000000 -17.581497 0.004907 
534 10.585938 0.000000 -0.536458 91.384650 0.000000 -24.340770 0.105637 
535 10.585938 0.000000 -0.937500 96.772240 0.000000 -14.995343 0.041027 
536 11.015625 0.000000 -0.536458 98.718799 0.000000 -11.054197 0.013240 
537 9.941406 0.000000 -0.335938 93.784164 0.000000 -21.636102 0.073641 
538 9.726562 0.000000 -0.335938 93.322944 0.000000 -19.442593 0.091281 
539 9.941406 0.000000 -0.536458 95.359534 0.000000 -14.958895 0.068279 
540 10.156250 0.000000 -0.335938 92.040850 0.000000 -25.322129 0.088727 
541 9.833984 0.000000 -0.035156 93.929067 0.000000 -3.808892 0.116282 
542 9.726562 0.000000 -0.035156 96.837606 0.000000 -20.203030 0.021432 
543 9.833984 0.000000 -0.135417 88.392336 0.000000 4.010360 0.217071 
544 9.941406 0.000000 -0.035156 95.458098 0.000000 -7.594115 0.083008 
545 9.833984 0.000000 0.065104 106.513887 0.000000 -24.540130 -0.194743 
546 10.371094 0.000000 0.065104 95.558179 0.000000 -12.503509 0.071230 
547 10.371094 0.000000 -0.135417 96.087256 0.000000 -10.397936 0.065912 
548 10.585938 0.000000 0.065104 88.931281 0.000000 -29.196573 0.123879 
549 10.371094 0.000000 0.265625 91.437584 0.000000 -22.202594 0.114621 
550 10.048828 0.000000 -0.035156 88.553265 0.000000 15.184481 0.192775 
551 10.048828 0.000000 -0.135417 91.070208 0.000000 -12.085994 0.156015 
552 10.156250 0.000000 -0.035156 93.904449 0.000000 -11.109465 0.105853 
553 10.048828 0.000000 0.065104 92.368851 0.000000 -13.527787 0.128499 
554 9.726562 0.000000 1.067708 93.301316 0.000000 -19.485318 0.091519 
555 9.296875 0.000000 1.067708 74.536578 0.000000 -21.450475 0.398418 
556 10.156250 0.000000 1.067708 94.216571 0.000000 -19.215524 0.075400 
557 9.726562 0.000000 1.468750 93.293429 0.000000 -21.107610 0.085080 
558 9.941406 0.000000 0.466146 90.990406 0.000000 -22.153135 0.122998 
559 9.726562 0.000000 0.466146 90.922854 0.000000 -25.718166 0.107161 
560 10.156250 0.000000 0.466146 92.169052 0.000000 -19.521688 0.112377 
561 9.941406 0.000000 0.666667 92.823111 0.000000 -19.301525 0.101132 
562 9.833984 0.000000 0.165365 110.960138 0.000000 -29.295639 -0.317039 
563 9.726562 0.000000 0.165365 110.629287 0.000000 -35.674964 -0.351154 
564 9.941406 0.000000 0.165365 93.299950 0.000000 -15.779654 0.104612 
565 9.833984 0.000000 0.265625 86.311419 0.000000 -38.198892 0.109118 
566 9.887695 0.000000 0.014974 98.853442 0.000000 -15.739534 -0.001974 
567 9.833984 0.000000 0.014974 103.117889 0.000000 -21.528438 -0.109677 
568 9.887695 0.000000 -0.035156 97.092769 0.000000 -11.692560 0.043628 
569 9.941406 0.000000 0.014974 99.393546 0.000000 -20.167448 -0.028580 
570 9.887695 0.000000 0.065104 101.184982 0.000000 -21.301043 -0.069213 
571 18.750000 0.000000 39.166667 93.928512 0.000000 -34.104027 0.001435 
572 5.000000 0.000000 39.166667 93.912376 0.000000 -34.138628 0.001502 
573 32.500000 0.000000 39.166667 93.952226 0.000000 -34.093997 0.001058 
574 18.750000 0.000000 52.000000 93.942896 0.000000 -34.149904 0.000852 
575 11.875000 0.000000 19.916667 93.794034 0.000000 -33.804674 0.005992 
576 5.000000 0.000000 19.916667 93.727223 0.000000 -33.933543 0.006372 
577 18.750000 0.000000 19.916667 93.887730 0.000000 -33.768444 0.004479 
578 11.875000 0.000000 26.333333 93.825102 0.000000 -33.981880 0.004208 
579 8.437500 0.000000 10.291667 93.478858 0.000000 -32.800172 0.018585 
580 5.000000 0.000000 10.291667 93.251567 0.000000 -33.133147 0.020634 
581 11.875000 0.000000 10.291667 93.647228 0.000000 -32.659048 0.016358 
582 8.437500 0.000000 13.500000 93.627880 0.000000 -33.417476 0.011709 
583 10.156250 0.000000 5.479167 93.607190 0.000000 -30.086226 0.033251 
584 8.437500 0.000000 5.479167 93.234471 0.000000 -30.115658 0.040038 
585 11.875000 0.000000 5.479167 94.075251 0.000000 -30.442069 0.022313 
586 10.156250 0.000000 7.083333 93.614949 0.000000 -31.430601 0.024836 
587 9.296875 0.000000 3.072917 93.880235 0.000000 -26.538510 0.048221 
588 8.437500 0.000000 3.072917 93.661925 0.000000 -26.586754 0.052059 
589 10.156250 0.000000 3.072917 94.175347 0.000000 -26.646164 0.042099 
590 9.296875 0.000000 3.875000 93.766141 0.000000 -28.062869 0.042039 
591 8.867188 0.000000 1.869792 96.055259 0.000000 -26.647559 0.006329 
592 8.437500 0.000000 1.869792 98.334631 0.000000 -25.007596 -0.029508 
593 8.867188 0.000000 1.468750 95.173662 0.000000 -24.907608 0.032159 
594 9.296875 0.000000 1.869792 91.624445 0.000000 -23.989366 0.102947 
595 8.867188 0.000000 2.270833 94.451720 0.000000 -24.984036 0.045467 
596 9.726562 0.000000 1.869792 93.623856 0.000000 -23.044637 0.070352 
597 10.156250 0.000000 1.869792 94.209853 0.000000 -22.869756 0.060148 
598 9.726562 0.000000 2.270833 93.915459 0.000000 -24.449768 0.058210 
599 6.718750 0.000000 5.479167 92.780764 0.000000 -30.403301 0.046737 
600 5.000000 0.000000 5.479167 92.291466 0.000000 -31.041892 0.051869 
601 6.718750 0.000000 7.083333 92.779385 0.000000 -31.632238 0.039139 
602 7.578125 0.000000 3.072917 92.773859 0.000000 -26.584106 0.068630 
603 6.718750 0.000000 3.072917 92.013957 0.000000 -26.585295 0.082665 
604 7.578125 0.000000 3.875000 93.146028 0.000000 -28.175807 0.052994 
605 8.867188 0.000000 2.671875 93.984716 0.000000 -25.730642 0.050481 
606 8.437500 0.000000 2.671875 93.645474 0.000000 -25.309670 0.058995 
607 9.296875 0.000000 2.671875 93.972058 0.000000 -25.613346 0.051321 
608 8.867188 0.000000 3.072917 93.764879 0.000000 -26.457098 0.050817 
609 9.082031 0.000000 2.070312 94.210591 0.000000 -26.284233 0.043350 
610 8.867188 0.000000 2.070312 107.587960 0.000000 -4.795354 -0.159816 
611 9.082031 0.000000 1.869792 89.061116 0.000000 -28.277462 0.126850 
612 9.296875 0.000000 2.070312 92.924448 0.000000 -24.773837 0.075130 
613 9.082031 0.000000 2.270833 93.941263 0.000000 -25.217623 0.053911 
614 8.867188 0.000000 1.067708 92.951113 0.000000 -23.312189 0.081663 
615 8.437500 0.000000 1.067708 97.018808 0.000000 -20.656299 0.016067 
616 9.082031 0.000000 1.669271 86.383052 0.000000 -26.418605 0.184003 
617 8.867188 0.000000 1.669271 95.587380 0.000000 -25.176102 0.022922 
618 9.082031 0.000000 1.468750 83.958063 0.000000 -25.158479 0.231809 
619 9.296875 0.000000 1.669271 91.127326 0.000000 -22.735479 0.117891 
620 11.015625 0.000000 3.072917 94.543372 0.000000 -26.970418 0.033415 
621 11.875000 0.000000 3.072917 94.763443 0.000000 -27.242200 0.027775 
622 11.015625 0.000000 3.875000 94.181576 0.000000 -28.293053 0.032933 
623 9.726562 0.000000 2.671875 94.155389 0.000000 -25.587241 0.048006 
624 10.156250 0.000000 2.671875 94.360415 0.000000 -25.616542 0.043990 
625 9.726562 0.000000 3.072917 94.032871 0.000000 -26.608907 0.044979 
626 9.511719 0.000000 2.070312 93.443820 0.000000 -24.092203 0.068782 
627 9.511719 0.000000 1.869792 92.921205 0.000000 -23.128989 0.083070 
628 9.726562 0.000000 2.070312 93.820730 0.000000 -23.819595 0.063030 
629 9.511719 0.000000 2.270833 93.834867 0.000000 -24.710511 0.058441 
630 9.189453 0.000000 1.970052 77.526342 0.000000 -28.723930 0.316460 
631 9.082031 0.000000 1.970052 99.973196 0.000000 -18.983141 -0.035500 
632 9.189453 0.000000 1.869792 77.538461 0.000000 -26.434523 0.328900 
633 9.296875 0.000000 1.970052 92.279528 0.000000 -24.516576 0.088343 
634 9.189453 0.000000 2.070312 93.017354 0.000000 -25.894207 0.067726 
635 8.007812 0.000000 1.869792 68.614380 0.000000 -2.434836 0.528614 
636 7.578125 0.000000 1.869792 90.416951 0.000000 -21.786228 0.135014 
637 8.007812 0.000000 1.468750 87.431869 0.000000 -15.105639 0.212749 
638 8.007812 0.000000 2.270833 92.573063 0.000000 -22.690544 0.091537 
639 8.652344 0.000000 2.070312 105.223167 0.000000 -4.489961 -0.109207 
640 8.437500 0.000000 2.070312 101.385319 0.000000 -2.424008 -0.028486 
641 8.652344 0.000000 1.869792 97.307462 0.000000 -25.609777 -0.012460 
642 8.652344 0.000000 2.270833 94.652061 0.000000 -24.004386 0.046478 
643 8.974609 0.000000 1.970052 103.505749 0.000000 -14.934455 -0.093648 
644 8.867188 0.000000 1.970052 103.639203 0.000000 -14.642725 -0.095549 
645 8.974609 0.000000 1.869792 95.348654 0.000000 -27.788051 0.013646 
646 8.974609 0.000000 2.070312 95.409843 0.000000 -24.961819 0.027387 
647 9.082031 0.000000 2.471354 94.081967 0.000000 -25.402208 0.050331 
648 8.867188 0.000000 2.471354 94.055459 0.000000 -25.239537 0.051654 
649 9.296875 0.000000 2.471354 93.923648 0.000000 -25.275088 0.053952 
650 9.082031 0.000000 2.671875 94.054028 0.000000 -25.653132 0.049576 
651 9.189453 0.000000 2.170573 93.590456 0.000000 -25.375179 0.059693 
652 9.082031 0.000000 2.170573 93.973967 0.000000 -25.466258 0.052036 
653 9.296875 0.000000 2.170573 93.452230 0.000000 -24.803173 0.065148 
654 9.189453 0.000000 2.270833 93.811696 0.000000 -25.211565 0.056374 
655 9.135742 0.000000 2.020182 99.629703 0.000000 -13.059980 -0.009664 
656 9.082031 0.000000 2.020182 107.306919 0.000000 -9.132364 -0.159817 
657 9.135742 0.000000 1.970052 82.123928 0.000000 -29.980163 0.235685 
658 9.189453 0.000000 2.020182 91.784136 0.000000 -26.476929 0.087464 
659 9.135742 0.000000 2.070312 93.473307 0.000000 -26.332169 0.056936 
660 8.974609 0.000000 2.170573 94.550977 0.000000 -25.284308 0.042082 
661 8.867188 0.000000 2.170573 94.947679 0.000000 -24.709845 0.037436 
662 8.974609 0.000000 2.270833 94.210433 0.000000 -25.177810 0.049047 
663 9.028320 0.000000 2.020182 107.984414 0.000000 -7.321645 -0.171424 
664 8.974609 0.000000 2.020182 108.537675 0.000000 -4.436301 -0.180011 
665 9.028320 0.000000 1.970052 102.366122 0.000000 -17.479296 -0.078435 
666 9.028320 0.000000 2.070312 94.863526 0.000000 -25.687894 0.034104 
667 8.652344 0.000000 1.669271 96.911830 0.000000 -23.931440 0.003538 
668 8.437500 0.000000 1.669271 98.271002 0.000000 -23.847289 -0.022588 
669 8.652344 0.000000 1.468750 96.925314 0.000000 -23.481398 0.005411 
670 8.974609 0.000000 1.769531 94.593713 0.000000 -26.780673 0.033483 
671 8.867188 0.000000 1.769531 95.781184 0.000000 -25.514181 0.017499 
672 8.974609 0.000000 1.669271 92.110329 0.000000 -26.039109 0.083765 
673 9.082031 0.000000 1.769531 87.125590 0.000000 -26.989040 0.168072 
674 9.028320 0.000000 1.919922 95.062665 0.000000 -29.363900 0.010085 
675 8.974609 0.000000 1.919922 95.737616 0.000000 -28.431100 0.002598 
676 9.028320 0.000000 1.869792 93.645262 0.000000 -28.173399 0.043682 
677 9.082031 0.000000 1.919922 91.345834 0.000000 -29.729617 0.077209 
678 9.055176 0.000000 1.995117 106.807180 0.000000 -9.855818 -0.150491 
679 9.028320 0.000000 1.995117 106.968288 0.000000 -9.279809 -0.152833 
680 9.055176 0.000000 1.970052 99.864326 0.000000 -21.549128 -0.043725 
681 9.082031 0.000000 1.995117 106.959508 0.000000 -9.019142 -0.152168 
682 9.055176 0.000000 2.020182 107.597879 0.000000 -8.431391 -0.164839 
683 9.511719 0.000000 1.669271 92.689086 0.000000 -22.319941 0.091055 
684 9.511719 0.000000 1.468750 92.552950 0.000000 -21.239632 0.098283 
685 9.726562 0.000000 1.669271 93.336557 0.000000 -22.005079 0.080406 
686 9.189453 0.000000 1.769531 79.544326 0.000000 -25.561397 0.301932 
687 9.189453 0.000000 1.669271 82.438047 0.000000 -25.607782 0.254821 
688 9.296875 0.000000 1.769531 91.254472 0.000000 -23.330316 0.112832 
689 9.135742 0.000000 1.919922 82.131361 0.000000 -28.824715 0.242358 
690 9.135742 0.000000 1.869792 80.918994 0.000000 -27.002926 0.272296 
691 9.189453 0.000000 1.919922 77.635032 0.000000 -27.140233 0.323621 
692 9.108887 0.000000 1.995117 103.378632 0.000000 -11.056136 -0.080938 
693 9.108887 0.000000 1.970052 93.053420 0.000000 -24.972191 0.071745 
694 9.135742 0.000000 1.995117 92.331423 0.000000 -9.131693 0.139152 
695 9.108887 0.000000 2.020182 105.456956 0.000000 -8.895258 -0.120030 
696 9.028320 0.000000 2.120443 94.405580 0.000000 -25.552022 0.043468 
697 8.974609 0.000000 2.120443 94.755156 0.000000 -25.267453 0.038302 
698 9.082031 0.000000 2.120443 94.030734 0.000000 -25.726988 0.049634 
699 9.028320 0.000000 2.170573 94.216654 0.000000 -25.427024 0.047669 
700 9.055176 0.000000 2.045247 109.480627 0.000000 -5.079511 -0.201181 
701 9.028320 0.000000 2.045247 109.073287 0.000000 -5.028872 -0.192227 
702 9.082031 0.000000 2.045247 94.562128 0.000000 -26.590385 0.035096 
703 9.055176 0.000000 2.070312 94.535644 0.000000 -26.041734 0.038484 
704 9.068604 0.000000 2.007650 107.276749 0.000000 -9.128461 -0.159163 
705 9.055176 0.000000 2.007650 107.913870 0.000000 -8.151919 -0.171186 
706 9.068604 0.000000 1.995117 106.732303 0.000000 -10.060991 -0.149301 
707 9.082031 0.000000 2.007650 108.060634 0.000000 -7.952980 -0.174035 
708 9.068604 0.000000 2.020182 108.370934 0.000000 -7.515194 -0.180074 
709 -36.250000 0.000000 -37.833333 94.004766 0.000000 -34.204013 -0.000681 
710 -50.000000 0.000000 -37.833333 93.990764 0.000000 -34.207065 -0.000439 
711 -36.250000 0.000000 -50.666667 93.999206 0.000000 -34.198355 -0.000538 
712 46.250000 0.000000 -37.833333 94.168787 0.000000 -33.695862 -0.000317 
713 46.250000 0.000000 -50.666667 94.064084 0.000000 -33.983931 -0.000296 
714 60.000000 0.000000 -37.833333 94.261843 0.000000 -33.416879 -0.000198 
715 -8.750000 0.000000 39.166667 93.918764 0.000000 -34.178256 0.001111 
716 -22.500000 0.000000 39.166667 93.936119 0.000000 -34.200517 0.000633 
717 -8.750000 0.000000 52.000000 93.938523 0.000000 -34.183819 0.000702 
718 -36.250000 0.000000 39.166667 93.950055 0.000000 -34.207921 0.000321 
719 -50.000000 0.000000 39.166667 93.958351 0.000000 -34.209110 0.000157 
720 -36.250000 0.000000 52.000000 93.952871 0.000000 -34.203027 0.000301 
721 -15.625000 0.000000 -18.583333 94.142498 0.000000 -34.247908 -0.003573 
722 -22.500000 0.000000 -18.583333 94.095608 0.000000 -34.285958 -0.002951 
723 -15.625000 0.000000 -25.000000 94.116103 0.000000 -34.210453 -0.002820 
724 46.250000 0.000000 39.166667 93.968711 0.000000 -34.100902 0.000701 
725 60.000000 0.000000 39.166667 93.977150 0.000000 -34.112992 0.000460 
726 46.250000 0.000000 52.000000 93.962642 0.000000 -34.141097 0.000541 
727 25.625000 0.000000 -18.583333 94.687506 0.000000 -32.414065 -0.001640 
728 25.625000 0.000000 -25.000000 94.301682 0.000000 -33.407303 -0.000886 
729 32.500000 0.000000 -18.583333 94.913372 0.000000 -31.674844 -0.001184 
730 -1.875000 0.000000 19.916667 93.744479 0.000000 -34.092297 0.004969 
731 -8.750000 0.000000 19.916667 93.813076 0.000000 -34.192292 0.002999 
732 -1.875000 0.000000 26.333333 93.802433 0.000000 -34.131327 0.003616 
733 -15.625000 0.000000 19.916667 93.855221 0.000000 -34.247823 0.001828 
734 -22.500000 0.000000 19.916667 93.923939 0.000000 -34.227192 0.000679 
735 -15.625000 0.000000 26.333333 93.904121 0.000000 -34.203109 0.001216 
736 -5.312500 0.000000 -8.958333 94.535661 0.000000 -34.294798 -0.011312 
737 -8.750000 0.000000 -8.958333 94.356115 0.000000 -34.399025 -0.008637 
738 -5.312500 0.000000 -12.166667 94.534643 0.000000 -34.229864 -0.010848 
739 25.625000 0.000000 19.916667 93.936501 0.000000 -33.780030 0.003484 
740 32.500000 0.000000 19.916667 93.995520 0.000000 -33.855724 0.001863 
741 25.625000 0.000000 26.333333 93.940896 0.000000 -33.966003 0.002142 
742 15.312500 0.000000 -8.958333 95.846021 0.000000 -29.447408 -0.005361 
743 15.312500 0.000000 -12.166667 95.230515 0.000000 -31.448743 -0.005787 
744 18.750000 0.000000 -8.958333 96.294077 0.000000 -28.056656 -0.005973 
745 1.562500 0.000000 10.291667 93.232030 0.000000 -33.629868 0.017682 
746 -1.875000 0.000000 10.291667 93.329263 0.000000 -34.049696 0.013027 
747 1.562500 0.000000 13.500000 93.493507 0.000000 -33.842691 0.011364 
748 -5.312500 0.000000 10.291667 93.597720 0.000000 -34.210310 0.006912 
749 -8.750000 0.000000 10.291667 93.708603 0.000000 -34.317057 0.004104 
750 -5.312500 0.000000 13.500000 93.638159 0.000000 -34.192149 0.006279 
751 -3.593750 0.000000 -4.145833 94.752865 0.000000 -34.813795 -0.019011 
752 -5.312500 0.000000 -4.145833 94.421006 0.000000 -34.621234 -0.011396 
753 -3.593750 0.000000 -5.750000 94.836308 0.000000 -34.568392 -0.018890 
754 15.312500 0.000000 10.291667 93.893732 0.000000 -32.757813 0.011089 
755 18.750000 0.000000 10.291667 93.965355 0.000000 -32.823405 0.009314 
756 15.312500 0.000000 13.500000 93.775481 0.000000 -33.250006 0.010060 
757 3.281250 0.000000 5.479167 91.891817 0.000000 -31.955394 0.053475 
758 1.562500 0.000000 5.479167 92.007528 0.000000 -32.902393 0.045205 
759 3.281250 0.000000 7.083333 92.386822 0.000000 -32.704868 0.039507 
760 -0.156250 0.000000 5.479167 92.291727 0.000000 -33.784702 0.034083 
761 -1.875000 0.000000 5.479167 92.770309 0.000000 -34.252385 0.022044 
762 -0.156250 0.000000 7.083333 92.753802 0.000000 -33.804732 0.025397 
763 -3.593750 0.000000 5.479167 93.247737 0.000000 -34.292661 0.012887 
764 -5.312500 0.000000 5.479167 93.461916 0.000000 -34.439433 0.007880 
765 -3.593750 0.000000 7.083333 93.347181 0.000000 -34.204446 0.011636 
766 -0.585938 0.000000 1.067708 88.626124 0.000000 -34.356930 0.096501 
767 -1.015625 0.000000 1.067708 90.155161 0.000000 -35.164894 0.063548 
768 -0.585938 0.000000 1.468750 89.520124 0.000000 -34.175834 0.081816 
769 0.273438 0.000000 -1.338542 97.861889 0.000000 -39.007585 -0.109854 
770 -0.156250 0.000000 -1.338542 96.063106 0.000000 -38.743154 -0.072915 
771 0.273438 0.000000 -1.739583 97.261089 0.000000 -37.471632 -0.086384 
772 0.488281 0.000000 -0.736979 101.360807 0.000000 -42.702138 -0.209749 
773 0.273438 0.000000 -0.736979 98.170118 0.000000 -43.846710 -0.155991 
774 0.488281 0.000000 -0.937500 100.049975 0.000000 -40.977775 -0.168918 
775 0.917969 0.000000 0.065104 -0.428041 0.000000 -0.338448 0.999970 
776 1.132812 0.000000 0.065104 -0.130090 0.000000 -0.314955 0.999988 
777 1.347656 0.000000 0.466146 83.707931 0.000000 5.550465 0.296217 
778 1.347656 0.000000 0.265625 0.156304 0.000000 -0.373284 0.999984 
779 1.347656 0.000000 0.666667 83.518344 0.000000 7.412877 0.296974 
780 1.347656 0.000000 -0.736979 113.592124 0.000000 -16.904984 -0.318895 
781 1.347656 0.000000 -0.937500 106.268283 0.000000 -32.923542 -0.237691 
782 1.347656 0.000000 -0.536458 113.475913 0.000000 -20.066846 -0.327946 
783 1.347656 0.000000 -0.335938 -0.262064 0.000000 0.017782 0.999993 
784 1.562500 0.000000 -0.335938 0.215519 0.000000 -0.177776 0.999992 
785 1.347656 0.000000 -0.135417 0.209519 0.000000 -0.157547 0.999993 
786 -0.585938 0.000000 -1.338542 94.545325 0.000000 -37.837570 -0.037050 
787 -1.015625 0.000000 -1.338542 94.294981 0.000000 -37.320609 -0.028437 
788 -0.585938 0.000000 -1.739583 95.362737 0.000000 -37.236548 -0.048061 
789 2.851562 0.000000 1.067708 83.589201 0.000000 -16.852633 0.272883 
790 3.281250 0.000000 1.067708 84.630403 0.000000 -15.189813 0.260696 
791 2.851562 0.000000 1.468750 85.317707 0.000000 -22.763047 0.220273 
792 2.851562 0.000000 -1.338542 108.238236 0.000000 -23.582818 -0.227167 
793 2.851562 0.000000 -1.739583 105.499614 0.000000 -26.948465 -0.185639 
794 3.281250 0.000000 -1.338542 107.501847 0.000000 -19.875764 -0.195169 
795 1.777344 0.000000 -0.335938 0.920483 0.000000 -0.235017 0.999910 
796 1.992188 0.000000 -0.335938 114.544447 0.000000 -11.475480 -0.325212 
797 1.777344 0.000000 -0.135417 0.977668 0.000000 0.121228 0.999903 
798 5.859375 0.000000 3.072917 91.516735 0.000000 -26.623478 0.091588 
799 5.000000 0.000000 3.072917 90.879202 0.000000 -26.997044 0.101213 
800 5.859375 0.000000 3.875000 92.219668 0.000000 -28.492151 0.068373 
801 3.710938 0.000000 1.067708 86.424580 0.000000 -13.936064 0.233658 
802 3.710938 0.000000 1.468750 87.056413 0.000000 -19.877949 0.202605 
803 3.710938 0.000000 -1.338542 105.178552 0.000000 -17.053229 -0.135334 
804 3.710938 0.000000 -1.739583 103.957746 0.000000 -21.547621 -0.127151 
805 4.785156 0.000000 0.466146 96.214257 0.000000 -4.430655 0.072319 
806 4.785156 0.000000 0.265625 96.166008 0.000000 -2.914793 0.074360 
807 4.785156 0.000000 0.666667 96.146275 0.000000 -1.734513 0.075289 
808 6.289062 0.000000 1.067708 95.192000 0.000000 -21.289193 0.048525 
809 6.289062 0.000000 1.468750 93.630390 0.000000 -22.790853 0.071393 
810 4.785156 0.000000 -0.736979 95.497696 0.000000 -2.374263 0.087455 
811 4.785156 0.000000 -0.937500 95.705734 0.000000 -3.190524 0.083023 
812 4.785156 0.000000 -0.536458 96.290803 0.000000 -5.812438 0.069430 
813 6.289062 0.000000 -1.338542 96.831710 0.000000 -15.932012 0.036979 
814 6.289062 0.000000 -1.739583 98.036471 0.000000 -18.683675 0.003977 
815 6.718750 0.000000 -1.338542 97.852548 0.000000 -15.979231 0.016954 
816 13.593750 0.000000 -4.145833 97.978299 0.000000 -22.433422 -0.010301 
817 13.593750 0.000000 -5.750000 96.966245 0.000000 -25.919431 -0.007427 
818 15.312500 0.000000 -4.145833 98.340953 0.000000 -21.463124 -0.013161 
819 13.593750 0.000000 5.479167 94.222727 0.000000 -30.640115 0.018326 
820 15.312500 0.000000 5.479167 94.356498 0.000000 -30.967731 0.013785 
821 13.593750 0.000000 7.083333 94.001570 0.000000 -31.618815 0.016396 
822 8.007812 0.000000 1.067708 97.537109 0.000000 -21.333343 0.003140 
823 7.148438 0.000000 1.869792 91.564793 0.000000 -23.002885 0.108676 
824 6.718750 0.000000 1.869792 92.113234 0.000000 -23.791505 0.094912 
825 7.148438 0.000000 2.270833 91.745067 0.000000 -24.296811 0.099251 
826 6.933594 0.000000 0.065104 0.930131 0.000000 -0.788571 0.999851 
827 6.718750 0.000000 0.065104 -0.096742 0.000000 -0.029632 0.999999 
828 7.148438 0.000000 0.065104 4.022542 0.000000 -2.089341 0.997945 
829 7.148438 0.000000 -1.338542 98.873887 0.000000 -15.619999 -0.002003 
830 7.148438 0.000000 -1.739583 98.603578 0.000000 -18.110162 -0.005064 
831 7.578125 0.000000 -1.338542 99.324090 0.000000 -15.074558 -0.009252 
832 7.363281 0.000000 -0.335938 102.401663 0.000000 5.842366 -0.052023 
833 7.363281 0.000000 -0.536458 101.628196 0.000000 8.665489 -0.040338 
834 7.363281 0.000000 -0.135417 8.418093 0.000000 -1.205413 0.992768 
835 9.511719 0.000000 -0.335938 91.504698 0.000000 -16.982175 0.133850 
836 9.511719 0.000000 -0.536458 93.719987 0.000000 -13.000049 0.104756 
837 9.082031 0.000000 0.065104 104.446215 0.000000 -33.520556 -0.203264 
838 8.867188 0.000000 0.065104 106.187444 0.000000 -28.980870 -0.211566 
839 9.082031 0.000000 0.265625 99.931191 0.000000 -22.825896 -0.050726 
840 9.511719 0.000000 0.466146 92.566510 0.000000 -27.807519 0.065818 
841 9.296875 0.000000 0.466146 95.278356 0.000000 -26.732819 0.020739 
842 9.511719 0.000000 0.666667 92.763211 0.000000 -21.380045 0.093788 
843 10.585938 0.000000 1.067708 94.988521 0.000000 -19.043033 0.061454 
844 11.015625 0.000000 1.067708 95.790991 0.000000 -19.700887 0.043596 
845 10.585938 0.000000 1.468750 94.861356 0.000000 -21.261753 0.054926 
846 10.585938 0.000000 1.869792 94.757440 0.000000 -23.140153 0.048556 
847 11.015625 0.000000 1.869792 95.211268 0.000000 -23.371071 0.038861 
848 10.585938 0.000000 2.270833 94.717291 0.000000 -24.595345 0.042370 
849 10.371094 0.000000 0.466146 93.655219 0.000000 -17.938506 0.090691 
850 10.585938 0.000000 0.466146 94.786112 0.000000 -16.966984 0.072771 
851 10.371094 0.000000 0.666667 94.329431 0.000000 -17.569861 0.079326 
852 10.048828 0.000000 0.165365 93.754289 0.000000 -13.912952 0.101656 
853 10.156250 0.000000 0.165365 88.322204 0.000000 -33.134613 0.110129 
854 10.048828 0.000000 0.265625 87.188178 0.000000 -31.146469 0.142812 
855 10.371094 0.000000 -0.335938 86.225168 0.000000 -35.029737 0.133814 
856 10.371094 0.000000 -0.536458 93.894877 0.000000 -18.897330 0.082664 
857 10.585938 0.000000 -0.335938 97.313308 0.000000 -11.502010 0.039782 
858 8.007812 0.000000 2.671875 92.904639 0.000000 -25.152411 0.073608 
859 7.578125 0.000000 2.671875 92.504224 0.000000 -25.435071 0.079603 
860 8.007812 0.000000 3.072917 93.145622 0.000000 -26.548406 0.061908 
861 8.652344 0.000000 2.471354 94.073214 0.000000 -24.958129 0.052732 
862 8.437500 0.000000 2.471354 93.832983 0.000000 -24.431164 0.059849 
863 8.652344 0.000000 2.671875 93.789657 0.000000 -25.552337 0.055058 
864 10.585938 0.000000 2.671875 94.456487 0.000000 -25.627957 0.042118 
865 11.015625 0.000000 2.671875 94.730521 0.000000 -25.907663 0.035492 
866 10.585938 0.000000 3.072917 94.384878 0.000000 -26.711134 0.037801 
867 9.511719 0.000000 2.471354 94.020681 0.000000 -25.117057 0.052924 
868 9.726562 0.000000 2.471354 94.101721 0.000000 -25.037177 0.051801 
869 9.511719 0.000000 2.671875 93.937956 0.000000 -25.534025 0.052367 
870 9.135742 0.000000 2.120443 93.673345 0.000000 -25.775819 0.056091 
871 9.189453 0.000000 2.120443 93.398983 0.000000 -25.581089 0.062224 
872 9.135742 0.000000 2.170573 93.781320 0.000000 -25.550863 0.055222 
873 9.108887 0.000000 2.045247 93.913871 0.000000 -26.989679 0.045174 
874 9.135742 0.000000 2.045247 93.288101 0.000000 -27.113500 0.056219 
875 9.108887 0.000000 2.070312 93.851987 0.000000 -26.402649 0.049470 
876 4.140625 0.000000 3.072917 90.212015 0.000000 -27.661352 0.109664 
877 3.281250 0.000000 3.072917 89.724834 0.000000 -28.970156 0.111018 
878 4.140625 0.000000 3.875000 91.027192 0.000000 -29.457171 0.084633 
879 2.421875 0.000000 3.072917 89.603526 0.000000 -30.514464 0.104008 
880 1.562500 0.000000 3.072917 89.996732 0.000000 -31.856672 0.088574 
881 2.421875 0.000000 3.875000 90.786542 0.000000 -31.392542 0.077231 
882 0.058594 0.000000 -0.736979 95.539206 0.000000 -43.389730 -0.101041 
883 -0.156250 0.000000 -0.736979 93.928164 0.000000 -42.113405 -0.059604 
884 0.058594 0.000000 -0.937500 96.265226 0.000000 -41.353679 -0.097712 
885 1.347656 0.000000 0.065104 0.197012 0.000000 -0.263336 0.999989 
886 1.562500 0.000000 0.065104 0.568857 0.000000 -0.141455 0.999966 
887 1.777344 0.000000 0.065104 1.076319 0.000000 0.226674 0.999879 
888 1.992188 0.000000 0.065104 1.973013 0.000000 0.568722 0.999578 
889 2.207031 0.000000 0.065104 3.578038 0.000000 0.964208 0.998627 
890 2.207031 0.000000 -0.135417 3.410506 0.000000 0.432539 0.998818 
891 2.421875 0.000000 0.065104 5.559097 0.000000 1.273756 0.996747 
892 2.207031 0.000000 -0.335938 115.984859 0.000000 -9.316671 -0.353929 
893 2.421875 0.000000 -0.335938 4.997651 0.000000 0.347432 0.997490 
894 6.289062 0.000000 1.869792 92.646092 0.000000 -23.739571 0.085313 
895 5.859375 0.000000 1.869792 92.849404 0.000000 -23.308624 0.083570 
896 6.289062 0.000000 2.270833 92.257850 0.000000 -24.666222 0.088007 
897 5.429688 0.000000 1.869792 92.476834 0.000000 -22.716741 0.093198 
898 5.000000 0.000000 1.869792 91.573887 0.000000 -22.157840 0.112325 
899 5.429688 0.000000 2.270833 91.298818 0.000000 -24.374216 0.107042 
900 7.363281 0.000000 0.065104 8.698376 0.000000 -2.655318 0.991729 
901 7.578125 0.000000 0.065104 13.387485 0.000000 -1.855005 0.981733 
902 7.363281 0.000000 0.265625 91.637808 0.000000 -17.985037 0.127905 
903 7.363281 0.000000 0.466146 90.907745 0.000000 -14.659766 0.152087 
904 7.578125 0.000000 0.466146 88.670727 0.000000 -17.398940 0.183478 
905 7.363281 0.000000 0.666667 65.789054 0.000000 -3.133202 0.566198 
906 8.007812 0.000000 -1.338542 99.160697 0.000000 -14.016549 -0.002931 
907 8.007812 0.000000 -1.739583 98.732518 0.000000 -16.808594 -0.003064 
908 8.437500 0.000000 -1.338542 98.557080 0.000000 -13.472412 0.010500 
909 7.792969 0.000000 0.065104 17.122528 0.000000 -1.709314 0.970390 
910 8.007812 0.000000 0.065104 19.263178 0.000000 -1.320743 0.962719 
911 7.792969 0.000000 0.265625 89.594665 0.000000 -16.639949 0.169591 
912 7.792969 0.000000 0.466146 94.917960 0.000000 -18.737881 0.063947 
913 8.007812 0.000000 0.466146 95.363244 0.000000 -19.838489 0.051229 
914 7.792969 0.000000 0.666667 95.076917 0.000000 -21.173913 0.051205 
915 8.867188 0.000000 -1.338542 97.851609 0.000000 -13.466493 0.024372 
916 8.867188 0.000000 -1.739583 98.422567 0.000000 -15.872736 0.006105 
917 9.296875 0.000000 -1.338542 97.387682 0.000000 -14.024495 0.031895 
918 9.082031 0.000000 0.466146 91.236951 0.000000 -24.065998 0.109665 
919 8.867188 0.000000 0.466146 97.189458 0.000000 -21.483678 0.009266 
920 9.082031 0.000000 0.666667 85.846179 0.000000 -22.723757 0.211406 
921 7.148438 0.000000 2.671875 92.291453 0.000000 -25.556947 0.082913 
922 6.718750 0.000000 2.671875 91.947243 0.000000 -25.478927 0.089653 
923 7.148438 0.000000 3.072917 92.238306 0.000000 -26.692141 0.077962 
924 6.289062 0.000000 2.671875 91.709771 0.000000 -25.599961 0.093396 
925 5.859375 0.000000 2.671875 91.472098 0.000000 -25.774085 0.096855 
926 6.289062 0.000000 3.072917 91.716005 0.000000 -26.680222 0.087634 
927 0.703125 0.000000 3.072917 90.590752 0.000000 -32.801751 0.071736 
928 -0.156250 0.000000 3.072917 91.183999 0.000000 -33.598512 0.055662 
929 0.703125 0.000000 3.875000 91.290396 0.000000 -33.103092 0.057025 
930 -1.015625 0.000000 3.072917 91.832632 0.000000 -34.199188 0.039718 
931 -1.875000 0.000000 3.072917 92.291357 0.000000 -34.613691 0.028420 
932 -1.015625 0.000000 3.875000 92.072343 0.000000 -34.133507 0.035759 
933 4.570312 0.000000 1.869792 89.936791 0.000000 -22.044039 0.142543 
934 4.140625 0.000000 1.869792 88.884627 0.000000 -22.545818 0.159121 
935 4.570312 0.000000 2.270833 89.951549 0.000000 -24.258636 0.132024 
936 3.710938 0.000000 1.869792 87.881667 0.000000 -23.310429 0.173344 
937 3.281250 0.000000 1.869792 87.133612 0.000000 -24.443771 0.181024 
938 3.710938 0.000000 2.270833 88.632122 0.000000 -25.505973 0.149379 
939 9.726562 0.000000 -1.338542 97.325325 0.000000 -14.783525 0.030923 
940 9.726562 0.000000 -1.739583 97.933005 0.000000 -16.312651 0.014302 
941 10.156250 0.000000 -1.338542 97.586608 0.000000 -15.067182 0.024983 
942 10.585938 0.000000 -1.338542 97.637379 0.000000 -15.539107 0.022548 
943 10.585938 0.000000 -1.739583 97.811274 0.000000 -17.079002 0.014126 
944 11.015625 0.000000 -1.338542 97.623176 0.000000 -16.234088 0.020617 
945 5.429688 0.000000 2.671875 91.182533 0.000000 -25.738579 0.102327 
946 5.000000 0.000000 2.671875 90.826956 0.000000 -25.741083 0.108786 
947 5.429688 0.000000 3.072917 91.370662 0.000000 -26.686288 0.093924 
948 4.570312 0.000000 2.671875 90.317189 0.000000 -25.872913 0.117340 
949 4.140625 0.000000 2.671875 89.780494 0.000000 -26.371983 0.124398 
950 4.570312 0.000000 3.072917 90.641959 0.000000 -27.219755 0.104312 
1 11 62 60 61 
2 62 10 24 60 
3 60 24 14 63 
4 61 60 63 6 
5 24 66 64 65 
6 66 23 40 64 
7 64 40 27 67 
8 65 64 67 14 
9 40 70 68 69 
10 69 68 71 27 
11 6 63 92 93 
12 63 14 36 92 
13 92 36 19 94 
14 93 92 94 20 
15 14 67 95 96 
16 67 27 52 95 
17 95 52 35 97 
18 96 95 97 36 
19 27 71 98 99 
20 99 98 100 52 
21 68 112 110 111 
22 112 56 80 110 
23 110 80 43 113 
24 111 110 113 71 
25 80 116 114 115 
26 115 114 117 43 
27 124 126 103 127 
28 125 124 127 101 
29 71 113 133 134 
30 113 43 102 133 
31 133 102 76 135 
32 134 133 135 98 
33 43 117 136 137 
34 136 125 101 138 
35 137 136 138 102 
36 114 141 139 140 
37 141 106 129 139 
38 139 129 83 142 
39 140 139 142 117 
40 12 145 143 144 
41 145 7 146 143 
42 143 146 13 25 
43 144 143 25 10 
44 25 149 147 148 
45 149 13 150 147 
46 147 150 26 41 
47 148 147 41 23 
48 41 153 151 152 
49 153 26 154 151 
50 151 154 42 57 
51 152 151 57 39 
52 39 157 155 156 
53 157 57 158 155 
54 155 158 55 81 
55 156 155 81 56 
56 81 161 159 160 
57 161 55 162 159 
58 106 169 167 168 
59 169 130 170 167 
60 168 167 171 129 
61 130 181 180 170 
62 181 105 182 180 
63 180 182 131 183 
64 170 180 183 128 
65 83 132 184 185 
66 132 109 186 184 
67 184 186 124 187 
68 185 184 187 125 
69 129 171 188 189 
70 171 128 190 188 
71 188 190 132 191 
72 189 188 191 83 
73 167 194 192 193 
74 194 170 195 192 
75 192 195 128 196 
76 193 192 196 171 
77 163 202 200 201 
78 202 166 203 200 
79 200 203 105 181 
80 56 206 204 205 
81 206 81 160 204 
82 205 204 116 80 
83 116 209 207 208 
84 209 79 164 207 
85 207 164 106 141 
86 208 207 141 114 
87 164 212 210 211 
88 212 163 201 210 
89 210 201 130 169 
90 211 210 169 106 
91 201 215 213 214 
92 215 200 216 213 
93 213 216 181 217 
94 214 213 217 130 
95 128 183 218 190 
96 183 131 219 218 
97 218 219 109 220 
98 190 218 220 132 
99 221 222 121 223 
100 126 221 223 103 
101 109 179 224 186 
102 179 59 225 224 
103 224 225 126 226 
104 186 224 226 124 
105 131 228 227 219 
106 228 176 229 227 
107 227 229 179 230 
108 219 227 230 109 
109 232 197 233 231 
110 231 233 177 234 
111 203 231 234 105 
112 57 236 235 158 
113 236 42 237 235 
114 235 237 58 89 
115 158 235 89 55 
116 55 239 238 162 
117 239 89 240 238 
118 159 243 241 242 
119 243 162 244 241 
120 241 244 82 198 
121 242 241 198 107 
122 107 247 245 246 
123 247 198 248 245 
124 245 248 197 232 
125 246 245 232 166 
126 166 251 249 250 
127 251 232 252 249 
128 249 252 231 253 
129 250 249 253 203 
130 59 257 258 225 
131 257 175 259 258 
132 258 259 221 260 
133 225 258 260 126 
134 178 263 261 262 
135 263 254 264 261 
136 261 264 257 265 
137 262 261 265 59 
138 162 270 269 244 
139 270 238 271 269 
140 269 271 173 267 
141 244 269 267 82 
142 82 274 272 273 
143 274 267 275 272 
144 272 275 266 276 
145 273 272 276 199 
146 172 286 285 256 
147 286 174 287 285 
148 285 287 91 288 
149 256 285 288 175 
150 254 290 289 264 
151 290 256 291 289 
152 289 291 175 292 
153 264 289 292 257 
154 173 294 293 268 
155 294 88 295 293 
156 293 295 174 286 
157 268 293 286 172 
158 267 297 296 275 
159 297 173 298 296 
160 296 298 268 299 
161 275 296 299 266 
162 174 307 306 287 
163 307 281 308 306 
164 306 308 284 309 
165 287 306 309 91 
166 89 311 310 240 
167 311 58 312 310 
168 88 314 313 295 
169 314 282 315 313 
170 313 315 281 307 
171 295 313 307 174 
172 281 321 320 308 
173 321 283 322 320 
174 284 323 327 328 
175 323 5 329 327 
176 327 329 304 330 
177 328 327 330 303 
178 308 333 331 332 
179 333 320 334 331 
180 331 334 323 335 
181 332 331 335 284 
182 336 338 283 321 
183 315 336 321 281 
184 7 340 339 146 
185 340 16 341 339 
186 339 341 15 32 
187 146 339 32 13 
188 13 343 342 150 
189 343 32 344 342 
190 342 344 31 48 
191 150 342 48 26 
192 26 346 345 154 
193 346 48 347 345 
194 345 347 47 85 
195 154 345 85 42 
196 42 349 348 237 
197 349 85 350 348 
198 348 350 84 278 
199 237 348 278 58 
200 58 352 351 312 
201 352 278 353 351 
202 310 356 354 355 
203 356 312 357 354 
204 354 357 90 337 
205 355 354 337 282 
206 282 360 358 359 
207 360 337 361 358 
208 358 361 336 362 
209 359 358 362 315 
210 283 364 363 322 
211 364 316 365 363 
212 5 366 367 329 
213 366 319 368 367 
214 367 368 324 369 
215 329 367 369 304 
216 322 372 370 371 
217 372 363 373 370 
218 370 373 366 374 
219 371 370 374 5 
220 375 377 316 364 
221 338 375 364 283 
222 312 379 378 357 
223 379 351 380 378 
224 378 380 317 376 
225 357 378 376 90 
226 90 383 381 382 
227 383 376 384 381 
228 381 384 375 385 
229 382 381 385 338 
230 15 387 386 33 
231 387 17 388 386 
232 386 388 8 389 
233 33 386 389 18 
234 31 391 390 49 
235 391 33 392 390 
236 390 392 18 393 
237 49 390 393 34 
238 395 49 396 394 
239 394 396 34 397 
240 316 407 406 365 
241 407 318 408 406 
242 406 408 280 409 
243 365 406 409 319 
244 363 411 410 373 
245 411 365 412 410 
246 410 412 319 413 
247 373 410 413 366 
248 317 415 414 377 
249 415 277 416 414 
250 414 416 318 407 
251 377 414 407 316 
252 376 418 417 384 
253 418 317 419 417 
254 417 419 377 420 
255 384 417 420 375 
256 18 389 421 45 
257 389 8 422 421 
258 421 422 29 423 
259 45 421 423 28 
260 34 393 424 73 
261 393 18 425 424 
262 424 425 45 426 
263 73 424 426 44 
264 397 34 428 427 
265 427 428 73 429 
266 280 439 440 441 
267 439 405 442 440 
268 440 442 433 443 
269 441 440 443 325 
270 408 446 444 445 
271 446 436 447 444 
272 444 447 439 448 
273 445 444 448 280 
274 278 450 449 353 
275 450 84 451 449 
276 277 453 452 416 
277 453 403 454 452 
278 416 457 455 456 
279 457 452 458 455 
280 455 458 437 459 
281 456 455 459 318 
282 403 465 464 454 
283 465 279 466 464 
284 464 466 404 467 
285 467 404 469 468 
286 468 469 87 470 
287 454 473 471 472 
288 473 464 474 471 
289 471 474 467 475 
290 472 471 475 402 
291 85 477 476 350 
292 477 47 478 476 
293 476 478 86 399 
294 350 476 399 84 
295 84 480 479 451 
296 480 399 481 479 
297 279 483 482 466 
298 483 461 484 482 
299 466 482 485 404 
300 86 487 486 400 
301 487 394 488 486 
302 486 488 397 489 
303 400 486 489 50 
304 491 400 492 490 
305 490 492 50 493 
306 461 495 494 484 
307 495 398 496 494 
308 404 485 501 469 
309 469 501 503 87 
310 482 506 504 505 
311 506 484 507 504 
312 504 507 460 508 
313 505 504 508 485 
314 460 514 512 513 
315 514 497 515 512 
316 512 515 509 516 
317 513 512 516 502 
318 50 489 517 431 
319 489 397 518 517 
320 517 518 427 519 
321 431 517 519 119 
322 493 50 521 520 
323 520 521 431 522 
324 524 490 525 523 
325 523 525 493 526 
326 399 532 531 481 
327 532 86 533 531 
328 531 533 400 491 
329 398 535 534 496 
330 535 491 536 534 
331 534 536 490 524 
332 494 539 537 538 
333 539 496 540 537 
334 537 540 462 528 
335 538 537 528 497 
336 497 543 541 542 
337 543 528 544 541 
338 542 541 545 515 
339 462 547 546 529 
340 547 524 548 546 
341 546 548 523 549 
342 529 546 549 510 
343 528 551 550 544 
344 551 462 552 550 
345 550 552 529 553 
346 544 550 553 527 
347 463 511 554 555 
348 511 401 556 554 
349 554 556 499 557 
350 555 554 557 498 
351 509 530 558 559 
352 530 510 560 558 
353 558 560 401 561 
354 559 558 561 511 
355 515 545 562 563 
356 545 527 564 562 
357 562 564 530 565 
358 563 562 565 509 
359 541 568 566 567 
360 568 544 569 566 
361 566 569 527 570 
362 567 566 570 545 
363 21 46 571 572 
364 46 28 573 571 
365 571 573 30 574 
366 572 571 574 9 
367 37 74 575 576 
368 74 44 577 575 
369 575 577 46 578 
370 576 575 578 21 
371 53 120 579 580 
372 120 72 581 579 
373 579 581 74 582 
374 580 579 582 37 
375 118 432 583 584 
376 432 119 585 583 
377 583 585 72 586 
378 584 583 586 120 
379 587 589 432 590 
380 588 587 590 118 
381 557 499 597 596 
382 596 597 430 598 
383 77 302 599 600 
384 302 118 584 599 
385 599 584 120 601 
386 600 599 601 53 
387 602 588 118 604 
388 603 602 604 302 
389 605 607 587 608 
390 606 605 608 588 
391 87 503 614 615 
392 503 463 555 614 
393 614 555 498 593 
394 615 614 593 434 
395 593 618 616 617 
396 618 498 619 616 
397 522 431 621 620 
398 620 621 119 622 
399 589 620 622 432 
400 598 430 624 623 
401 623 624 589 625 
402 607 623 625 587 
403 594 627 626 612 
404 627 596 628 626 
405 626 628 598 629 
406 612 626 629 500 
407 632 594 633 630 
408 630 633 612 634 
409 433 637 635 636 
410 637 434 592 635 
411 635 592 301 638 
412 636 635 638 435 
413 592 641 639 640 
414 641 591 610 639 
415 639 610 595 642 
416 640 639 642 301 
417 591 645 643 644 
418 644 643 646 610 
419 595 613 647 648 
420 613 500 649 647 
421 647 649 607 650 
422 648 647 650 605 
423 634 612 653 651 
424 651 653 500 654 
425 652 651 654 613 
426 657 630 658 655 
427 655 658 634 659 
428 610 646 660 661 
429 660 652 613 662 
430 661 660 662 595 
431 643 665 663 664 
432 664 663 666 646 
433 434 669 667 668 
434 669 593 617 667 
435 667 617 591 641 
436 668 667 641 592 
437 617 672 670 671 
438 672 616 673 670 
439 670 673 611 645 
440 671 670 645 591 
441 645 676 674 675 
442 676 611 677 674 
443 674 677 631 665 
444 675 674 665 643 
445 665 680 678 679 
446 680 631 681 678 
447 679 678 682 663 
448 498 684 683 619 
449 684 557 685 683 
450 683 685 596 627 
451 619 683 627 594 
452 616 687 686 673 
453 687 619 688 686 
454 686 688 594 632 
455 673 686 632 611 
456 611 690 689 677 
457 690 632 691 689 
458 689 691 630 657 
459 677 689 657 631 
460 631 693 692 681 
461 693 657 694 692 
462 692 694 655 695 
463 681 692 695 656 
464 646 666 696 697 
465 666 609 698 696 
466 696 698 652 699 
467 697 696 699 660 
468 663 682 700 701 
469 682 656 702 700 
470 700 702 609 703 
471 701 700 703 666 
472 678 706 704 705 
473 706 681 707 704 
474 704 707 656 708 
475 705 704 708 682 
476 1 711 709 710 
477 711 12 144 709 
478 709 144 10 62 
479 710 709 62 11 
480 16 713 712 341 
481 713 2 714 712 
482 712 714 17 387 
483 341 712 387 15 
484 19 38 715 716 
485 38 21 572 715 
486 715 572 9 717 
487 716 715 717 22 
488 20 94 718 719 
489 94 19 716 718 
490 718 716 22 720 
491 719 718 720 4 
492 10 723 721 722 
493 723 25 148 721 
494 721 148 23 66 
495 722 721 66 24 
496 28 423 724 573 
497 423 29 725 724 
498 724 725 3 726 
499 573 724 726 30 
500 32 728 727 344 
501 728 15 729 727 
502 727 729 33 391 
503 344 727 391 31 
504 35 54 730 731 
505 54 37 576 730 
506 730 576 21 732 
507 731 730 732 38 
508 36 97 733 734 
509 97 35 731 733 
510 733 731 38 735 
511 734 733 735 19 
512 23 738 736 737 
513 738 41 152 736 
514 736 152 39 70 
515 737 736 70 40 
516 44 426 739 577 
517 426 45 740 739 
518 739 740 28 741 
519 577 739 741 46 
520 48 743 742 347 
521 743 31 744 742 
522 742 744 49 395 
523 347 742 395 47 
524 51 78 745 746 
525 78 53 580 745 
526 745 580 37 747 
527 746 745 747 54 
528 52 100 748 749 
529 100 51 746 748 
530 748 746 54 750 
531 749 748 750 35 
532 70 753 751 752 
533 753 39 156 751 
534 751 156 56 112 
535 752 751 112 68 
536 72 429 754 581 
537 429 73 755 754 
538 754 755 44 756 
539 581 754 756 74 
540 75 123 757 758 
541 123 77 600 757 
542 757 600 53 759 
543 758 757 759 78 
544 76 104 760 761 
545 104 75 758 760 
546 760 758 78 762 
547 761 760 762 51 
548 98 135 763 764 
549 135 76 761 763 
550 763 761 51 765 
551 764 763 765 100 
552 117 142 766 767 
553 142 83 185 766 
554 766 185 125 768 
555 767 766 768 136 
556 160 771 769 770 
557 771 159 242 769 
558 769 242 107 165 
559 770 769 165 79 
560 165 774 772 773 
561 774 107 246 772 
562 772 246 166 202 
563 773 772 202 163 
564 105 234 775 182 
565 234 177 776 775 
566 775 776 176 228 
567 182 775 228 131 
568 176 778 777 229 
569 778 178 262 777 
570 777 262 59 779 
571 229 777 779 179 
572 198 781 780 248 
573 781 82 273 780 
574 780 273 199 782 
575 248 780 782 197 
576 197 782 783 233 
577 782 199 784 783 
578 783 784 108 785 
579 233 783 785 177 
580 204 788 786 787 
581 788 160 770 786 
582 786 770 79 209 
583 787 786 209 116 
584 175 288 789 259 
585 288 91 790 789 
586 789 790 222 791 
587 259 789 791 221 
588 238 793 792 271 
589 793 240 794 792 
590 792 794 88 294 
591 271 792 294 173 
592 199 276 795 784 
593 276 266 796 795 
594 795 796 255 797 
595 784 795 797 108 
596 798 603 302 800 
597 799 798 800 77 
598 91 309 801 790 
599 309 284 328 801 
600 801 328 303 802 
601 790 801 802 222 
602 240 804 803 794 
603 804 310 355 803 
604 803 355 282 314 
605 794 803 314 88 
606 320 806 805 334 
607 806 322 371 805 
608 805 371 5 807 
609 334 805 807 323 
610 319 409 808 368 
611 409 280 441 808 
612 808 441 325 809 
613 368 808 809 324 
614 337 811 810 361 
615 811 90 382 810 
616 810 382 338 812 
617 361 810 812 336 
618 351 814 813 380 
619 814 353 815 813 
620 813 815 277 415 
621 380 813 415 317 
622 47 817 816 478 
623 817 395 818 816 
624 816 818 394 487 
625 478 816 487 86 
626 119 519 819 585 
627 519 427 820 819 
628 819 820 429 821 
629 585 819 821 72 
630 405 470 822 442 
631 470 87 615 822 
632 822 615 434 637 
633 442 822 637 433 
634 325 443 823 824 
635 443 433 636 823 
636 823 636 435 825 
637 824 823 825 300 
638 318 459 826 827 
639 459 437 828 826 
640 826 828 436 446 
641 827 826 446 408 
642 353 830 829 815 
643 830 449 831 829 
644 829 831 403 453 
645 815 829 453 277 
646 452 833 832 458 
647 833 454 472 832 
648 832 472 402 834 
649 458 832 834 437 
650 484 836 835 507 
651 836 494 538 835 
652 835 538 497 514 
653 507 835 514 460 
654 485 508 837 838 
655 508 460 513 837 
656 837 513 502 839 
657 838 837 839 501 
658 502 516 840 841 
659 516 509 559 840 
660 840 559 511 842 
661 841 840 842 463 
662 401 526 843 556 
663 526 493 844 843 
664 843 844 520 845 
665 556 843 845 499 
666 499 845 846 597 
667 845 520 847 846 
668 846 847 522 848 
669 597 846 848 430 
670 510 549 849 560 
671 549 523 850 849 
672 849 850 526 851 
673 560 849 851 401 
674 527 553 852 564 
675 553 529 853 852 
676 852 853 510 854 
677 564 852 854 530 
678 496 856 855 540 
679 856 534 857 855 
680 855 857 524 547 
681 540 855 547 462 
682 435 638 858 859 
683 638 301 606 858 
684 858 606 588 860 
685 859 858 860 602 
686 301 642 861 862 
687 642 595 648 861 
688 861 648 605 863 
689 862 861 863 606 
690 430 848 864 624 
691 848 522 865 864 
692 864 865 620 866 
693 624 864 866 589 
694 500 629 867 649 
695 629 598 868 867 
696 867 868 623 869 
697 649 867 869 607 
698 609 659 870 698 
699 659 634 871 870 
700 870 871 651 872 
701 698 870 872 652 
702 656 695 873 702 
703 695 655 874 873 
704 873 874 659 875 
705 702 873 875 609 
706 121 305 876 877 
707 876 799 77 878 
708 877 876 878 123 
709 103 223 879 880 
710 223 121 877 879 
711 879 877 123 881 
712 880 879 881 75 
713 79 884 882 883 
714 884 165 773 882 
715 882 773 163 212 
716 883 882 212 164 
717 177 785 885 776 
718 785 108 886 885 
719 885 886 178 778 
720 776 885 778 176 
721 108 797 887 886 
722 797 255 888 887 
723 887 888 254 263 
724 886 887 263 178 
725 255 890 889 888 
726 890 172 891 889 
727 889 891 256 290 
728 888 889 290 254 
729 266 299 892 796 
730 299 268 893 892 
731 892 893 172 890 
732 796 892 890 255 
733 324 809 894 895 
734 809 325 824 894 
735 894 824 300 896 
736 895 894 896 326 
737 304 369 897 898 
738 369 324 895 897 
739 897 895 326 899 
740 898 897 899 122 
741 437 834 900 828 
742 834 402 901 900 
743 900 901 438 902 
744 828 900 902 436 
745 436 902 903 447 
746 902 438 904 903 
747 903 904 405 905 
748 447 903 905 439 
749 449 907 906 831 
750 907 451 908 906 
751 906 908 279 465 
752 831 906 465 403 
753 402 475 909 901 
754 475 467 910 909 
755 909 910 468 911 
756 901 909 911 438 
757 438 911 912 904 
758 911 468 913 912 
759 912 913 470 914 
760 904 912 914 405 
761 451 916 915 908 
762 916 479 917 915 
763 915 917 461 483 
764 908 915 483 279 
765 501 839 918 919 
766 839 502 841 918 
767 918 841 463 920 
768 919 918 920 503 
769 300 825 921 922 
770 825 435 859 921 
771 921 859 602 923 
772 922 921 923 603 
773 326 896 924 925 
774 896 300 922 924 
775 924 922 603 926 
776 925 924 926 798 
777 101 127 927 928 
778 127 103 880 927 
779 927 880 75 929 
780 928 927 929 104 
781 102 138 930 931 
782 138 101 928 930 
783 930 928 104 932 
784 931 930 932 76 
785 303 330 933 934 
786 330 304 898 933 
787 933 898 122 935 
788 934 933 935 305 
789 222 802 936 937 
790 802 303 934 936 
791 936 934 305 938 
792 937 936 938 121 
793 479 940 939 917 
794 940 481 941 939 
795 939 941 398 495 
796 917 939 495 461 
797 481 943 942 941 
798 943 531 944 942 
799 942 944 491 535 
800 941 942 535 398 
801 122 899 945 946 
802 899 326 925 945 
803 945 925 798 947 
804 946 945 947 799 
805 305 935 948 949 
806 935 122 946 948 
807 948 946 799 950 
808 949 948 950 876 
