2 0.000000 100.000000 5791.461216
950 808 
1 -50.000000 0.000000 -50.666667 98.134279 0.000000 -19.272164 -0.000175 
2 60.000000 0.000000 -50.666667 98.148470 0.000000 -19.184021 -0.000115 
3 60.000000 0.000000 52.000000 98.123369 0.000000 -19.234847 0.000183 
4 -50.000000 0.000000 52.000000 98.119210 0.000000 -19.272412 0.000119 
5 5.000000 0.000000 0.666667 100.564657 0.000000 -2.819950 -0.012120 
6 -50.000000 0.000000 0.666667 98.126298 0.000000 -19.280362 -0.000050 
7 5.000000 0.000000 -50.666667 98.156275 0.000000 -19.239836 -0.000483 
8 60.000000 0.000000 0.666667 98.314553 0.000000 -18.280463 0.000007 
9 5.000000 0.000000 52.000000 98.107013 0.000000 -19.250261 0.000444 
10 -22.500000 0.000000 -25.000000 98.159234 0.000000 -19.276819 -0.000683 
11 -50.000000 0.000000 -25.000000 98.133762 0.000000 -19.276942 -0.000184 
12 -22.500000 0.000000 -50.666667 98.144796 0.000000 -19.265377 -0.000356 
13 5.000000 0.000000 -25.000000 98.266639 0.000000 -19.141754 -0.002274 
14 -22.500000 0.000000 0.666667 98.120894 0.000000 -19.332880 -0.000147 
15 32.500000 0.000000 -25.000000 98.214120 0.000000 -18.935292 -0.000456 
16 32.500000 0.000000 -50.666667 98.152796 0.000000 -19.207698 -0.000291 
17 60.000000 0.000000 -25.000000 98.243876 0.000000 -18.685960 -0.000102 
18 32.500000 0.000000 0.666667 98.626695 0.000000 -16.550948 -0.000116 
19 -22.500000 0.000000 26.333333 98.100158 0.000000 -19.274460 0.000485 
20 -50.000000 0.000000 26.333333 98.119564 0.000000 -19.276557 0.000097 
21 5.000000 0.000000 26.333333 98.030868 0.000000 -19.183973 0.002192 
22 -22.500000 0.000000 52.000000 98.112120 0.000000 -19.267143 0.000279 
23 -8.750000 0.000000 -12.166667 98.301213 0.000000 -19.344632 -0.003734 
24 -22.500000 0.000000 -12.166667 98.164623 0.000000 -19.315333 -0.000938 
25 -8.750000 0.000000 -25.000000 98.224233 0.000000 -19.258534 -0.001889 
26 5.000000 0.000000 -12.166667 98.669405 0.000000 -18.758708 -0.008754 
27 -8.750000 0.000000 0.666667 98.033035 0.000000 -19.413481 0.001264 
28 32.500000 0.000000 26.333333 98.115370 0.000000 -19.130871 0.000738 
29 60.000000 0.000000 26.333333 98.135806 0.000000 -19.162732 0.000215 
30 32.500000 0.000000 52.000000 98.114856 0.000000 -19.235438 0.000347 
31 18.750000 0.000000 -12.166667 98.483768 0.000000 -18.028110 -0.002407 
32 18.750000 0.000000 -25.000000 98.249443 0.000000 -19.008044 -0.001426 
33 32.500000 0.000000 -12.166667 98.497329 0.000000 -17.440143 -0.000588 
34 18.750000 0.000000 0.666667 99.019126 0.000000 -13.847987 0.000345 
35 -8.750000 0.000000 13.500000 97.975411 0.000000 -19.298899 0.002837 
36 -22.500000 0.000000 13.500000 98.087762 0.000000 -19.306973 0.000603 
37 5.000000 0.000000 13.500000 97.929712 0.000000 -18.935049 0.005124 
38 -8.750000 0.000000 26.333333 98.053239 0.000000 -19.258555 0.001467 
39 -1.875000 0.000000 -5.750000 98.806577 0.000000 -19.631689 -0.014814 
40 -8.750000 0.000000 -5.750000 98.220700 0.000000 -19.409611 -0.002404 
41 -1.875000 0.000000 -12.166667 98.460107 0.000000 -19.200727 -0.006306 
42 5.000000 0.000000 -5.750000 99.509248 0.000000 -17.455783 -0.020679 
43 -1.875000 0.000000 0.666667 96.449232 0.000000 -19.804859 0.030531 
44 18.750000 0.000000 13.500000 98.061104 0.000000 -18.737049 0.003294 
45 32.500000 0.000000 13.500000 98.151975 0.000000 -18.847578 0.001096 
46 18.750000 0.000000 26.333333 98.068027 0.000000 -19.123358 0.001696 
47 11.875000 0.000000 -5.750000 98.930626 0.000000 -15.959132 -0.004196 
48 11.875000 0.000000 -12.166667 98.497597 0.000000 -18.341772 -0.003820 
49 18.750000 0.000000 -5.750000 98.972450 0.000000 -15.079610 -0.002294 
50 11.875000 0.000000 0.666667 98.831528 0.000000 -10.405620 0.012405 
51 -1.875000 0.000000 7.083333 97.636150 0.000000 -19.074219 0.010336 
52 -8.750000 0.000000 7.083333 97.963926 0.000000 -19.340234 0.002902 
53 5.000000 0.000000 7.083333 97.423141 0.000000 -18.168355 0.017864 
54 -1.875000 0.000000 13.500000 97.829947 0.000000 -19.194860 0.006086 
55 1.562500 0.000000 -2.541667 101.240469 0.000000 -19.825977 -0.064270 
56 -1.875000 0.000000 -2.541667 98.342100 0.000000 -20.355763 -0.008553 
57 1.562500 0.000000 -5.750000 99.523623 0.000000 -18.934285 -0.026346 
58 5.000000 0.000000 -2.541667 100.728814 0.000000 -13.459073 -0.032744 
59 1.562500 0.000000 0.666667 95.163395 0.000000 6.976308 0.089526 
60 -36.250000 0.000000 -12.166667 98.136319 0.000000 -19.284820 -0.000264 
61 -50.000000 0.000000 -12.166667 98.130817 0.000000 -19.279460 -0.000135 
62 -36.250000 0.000000 -25.000000 98.141179 0.000000 -19.278431 -0.000335 
63 -36.250000 0.000000 0.666667 98.126004 0.000000 -19.287350 -0.000071 
64 -15.625000 0.000000 -5.750000 98.164997 0.000000 -19.351661 -0.001085 
65 -22.500000 0.000000 -5.750000 98.146666 0.000000 -19.329585 -0.000640 
66 -15.625000 0.000000 -12.166667 98.194707 0.000000 -19.319868 -0.001546 
67 -15.625000 0.000000 0.666667 98.109825 0.000000 -19.358687 -0.000030 
68 -5.312500 0.000000 -2.541667 98.165961 0.000000 -19.656184 -0.002292 
69 -8.750000 0.000000 -2.541667 98.128449 0.000000 -19.432125 -0.000680 
70 -5.312500 0.000000 -5.750000 98.366350 0.000000 -19.534073 -0.005752 
71 -5.312500 0.000000 0.666667 97.845326 0.000000 -19.609381 0.004176 
72 11.875000 0.000000 7.083333 97.897198 0.000000 -17.689170 0.010323 
73 18.750000 0.000000 7.083333 98.155868 0.000000 -17.877891 0.004581 
74 11.875000 0.000000 13.500000 97.855488 0.000000 -18.712860 0.007413 
75 1.562500 0.000000 3.875000 96.695869 0.000000 -17.890995 0.032982 
76 -1.875000 0.000000 3.875000 97.158770 0.000000 -19.230733 0.019035 
77 5.000000 0.000000 3.875000 97.199850 0.000000 -16.608408 0.027635 
78 1.562500 0.000000 7.083333 97.446944 0.000000 -18.676362 0.015529 
79 -0.156250 0.000000 -0.937500 96.897634 0.000000 -24.721728 -0.000032 
80 -1.875000 0.000000 -0.937500 97.276594 0.000000 -20.562725 0.011444 
81 -0.156250 0.000000 -2.541667 99.270889 0.000000 -20.884588 -0.029088 
82 1.562500 0.000000 -0.937500 106.159772 0.000000 -19.902652 -0.166601 
83 -0.156250 0.000000 0.666667 89.771306 0.000000 -15.249408 0.170857 
84 8.437500 0.000000 -2.541667 99.586728 0.000000 -11.631415 -0.005281 
85 8.437500 0.000000 -5.750000 99.087944 0.000000 -16.434277 -0.008851 
86 11.875000 0.000000 -2.541667 99.011175 0.000000 -11.958038 0.005379 
87 8.437500 0.000000 0.666667 99.547912 0.000000 -13.190200 -0.008377 
88 3.281250 0.000000 -0.937500 110.683102 0.000000 -2.927688 -0.225932 
89 3.281250 0.000000 -2.541667 102.366535 0.000000 -16.289739 -0.074426 
90 5.000000 0.000000 -0.937500 101.255409 0.000000 -1.825121 -0.025599 
91 3.281250 0.000000 0.666667 96.551302 0.000000 -0.298361 0.067776 
92 -36.250000 0.000000 13.500000 98.116894 0.000000 -19.283377 0.000123 
93 -50.000000 0.000000 13.500000 98.122044 0.000000 -19.279062 0.000038 
94 -36.250000 0.000000 26.333333 98.113625 0.000000 -19.277377 0.000210 
95 -15.625000 0.000000 7.083333 98.069411 0.000000 -19.332612 0.000864 
96 -22.500000 0.000000 7.083333 98.098755 0.000000 -19.322916 0.000326 
97 -15.625000 0.000000 13.500000 98.060533 0.000000 -19.302080 0.001156 
98 -5.312500 0.000000 3.875000 97.783690 0.000000 -19.368246 0.006322 
99 -8.750000 0.000000 3.875000 97.980709 0.000000 -19.373529 0.002445 
100 -5.312500 0.000000 7.083333 97.805648 0.000000 -19.315319 0.006097 
101 -0.156250 0.000000 2.270833 95.854849 0.000000 -18.108008 0.048395 
102 -1.875000 0.000000 2.270833 96.747531 0.000000 -19.355921 0.026526 
103 1.562500 0.000000 2.270833 95.376398 0.000000 -16.477068 0.063185 
104 -0.156250 0.000000 3.875000 96.835178 0.000000 -18.667335 0.027448 
105 0.703125 0.000000 -0.135417 -0.806971 0.000000 -0.106934 0.999934 
106 -0.156250 0.000000 -0.135417 82.704050 0.000000 -28.489318 0.234840 
107 0.703125 0.000000 -0.937500 102.029413 0.000000 -26.056189 -0.108893 
108 1.562500 0.000000 -0.135417 0.381829 0.000000 0.061717 0.999985 
109 0.703125 0.000000 0.666667 90.667412 0.000000 0.126091 0.177940 
110 -3.593750 0.000000 -0.937500 97.822146 0.000000 -19.969684 0.003204 
111 -5.312500 0.000000 -0.937500 98.004513 0.000000 -19.747175 0.000516 
112 -3.593750 0.000000 -2.541667 98.174271 0.000000 -19.896801 -0.003407 
113 -3.593750 0.000000 0.666667 97.523227 0.000000 -19.785954 0.009774 
114 -1.015625 0.000000 -0.135417 94.557580 0.000000 -21.082102 0.061441 
115 -1.875000 0.000000 -0.135417 96.671552 0.000000 -20.293590 0.024278 
116 -1.015625 0.000000 -0.937500 96.412329 0.000000 -21.583329 0.023882 
117 -1.015625 0.000000 0.666667 94.443875 0.000000 -19.457738 0.070175 
118 8.437500 0.000000 3.875000 97.652723 0.000000 -16.188451 0.020188 
119 11.875000 0.000000 3.875000 97.968144 0.000000 -16.018545 0.014565 
120 8.437500 0.000000 7.083333 97.542257 0.000000 -17.737199 0.017090 
121 3.281250 0.000000 2.270833 95.627974 0.000000 -14.886316 0.063369 
122 5.000000 0.000000 2.270833 96.629251 0.000000 -14.556952 0.045088 
123 3.281250 0.000000 3.875000 96.586794 0.000000 -17.164683 0.037636 
124 0.703125 0.000000 1.468750 94.600168 0.000000 -14.782202 0.083229 
125 -0.156250 0.000000 1.468750 93.966061 0.000000 -17.297031 0.087119 
126 1.562500 0.000000 1.468750 95.218934 0.000000 -13.676467 0.074631 
127 0.703125 0.000000 2.270833 95.367764 0.000000 -17.195113 0.060932 
128 0.273438 0.000000 0.265625 62.917255 0.000000 30.940811 0.508409 
129 -0.156250 0.000000 0.265625 81.679468 0.000000 -16.116880 0.306871 
130 0.273438 0.000000 -0.135417 88.545585 0.000000 -56.999307 -0.108924 
131 0.703125 0.000000 0.265625 84.899731 0.000000 23.681169 0.223124 
132 0.273438 0.000000 0.666667 87.857636 0.000000 -7.282100 0.222801 
133 -3.593750 0.000000 2.270833 97.441105 0.000000 -19.571322 0.012219 
134 -5.312500 0.000000 2.270833 97.780170 0.000000 -19.506557 0.005853 
135 -3.593750 0.000000 3.875000 97.566605 0.000000 -19.313453 0.010775 
136 -1.015625 0.000000 1.468750 95.643001 0.000000 -18.748406 0.050091 
137 -1.875000 0.000000 1.468750 96.580416 0.000000 -19.475067 0.029295 
138 -1.015625 0.000000 2.270833 96.410510 0.000000 -18.731091 0.035416 
139 -0.585938 0.000000 0.265625 91.602755 0.000000 -19.993693 0.120919 
140 -1.015625 0.000000 0.265625 94.177590 0.000000 -20.222008 0.072165 
141 -0.585938 0.000000 -0.135417 92.252369 0.000000 -22.262872 0.099386 
142 -0.585938 0.000000 0.666667 92.875466 0.000000 -18.552126 0.102997 
143 -8.750000 0.000000 -37.833333 98.168155 0.000000 -19.250886 -0.000758 
144 -22.500000 0.000000 -37.833333 98.151966 0.000000 -19.267844 -0.000506 
145 -8.750000 0.000000 -50.666667 98.151735 0.000000 -19.255386 -0.000453 
146 5.000000 0.000000 -37.833333 98.180402 0.000000 -19.216077 -0.000865 
147 -1.875000 0.000000 -18.583333 98.374668 0.000000 -19.209744 -0.004659 
148 -8.750000 0.000000 -18.583333 98.249363 0.000000 -19.270307 -0.002428 
149 -1.875000 0.000000 -25.000000 98.247885 0.000000 -19.209986 -0.002167 
150 5.000000 0.000000 -18.583333 98.431124 0.000000 -19.038459 -0.005115 
151 1.562500 0.000000 -8.958333 99.011424 0.000000 -18.978714 -0.016345 
152 -1.875000 0.000000 -8.958333 98.599769 0.000000 -19.262060 -0.009294 
153 1.562500 0.000000 -12.166667 98.612075 0.000000 -19.026559 -0.008635 
154 5.000000 0.000000 -8.958333 99.115818 0.000000 -18.356089 -0.016089 
155 -0.156250 0.000000 -4.145833 99.296392 0.000000 -19.781912 -0.025110 
156 -1.875000 0.000000 -4.145833 98.721621 0.000000 -19.894951 -0.014177 
157 -0.156250 0.000000 -5.750000 99.203585 0.000000 -19.409877 -0.021809 
158 1.562500 0.000000 -4.145833 100.219077 0.000000 -19.134652 -0.041000 
159 0.703125 0.000000 -1.739583 100.645946 0.000000 -22.170031 -0.062112 
160 -0.156250 0.000000 -1.739583 98.392303 0.000000 -21.987575 -0.016450 
161 0.703125 0.000000 -2.541667 100.078172 0.000000 -20.641251 -0.044170 
162 1.562500 0.000000 -1.739583 102.784213 0.000000 -20.677571 -0.099216 
163 0.273438 0.000000 -0.536458 96.976871 0.000000 -33.869159 -0.055163 
164 -0.156250 0.000000 -0.536458 93.360377 0.000000 -27.438829 0.053095 
165 0.273438 0.000000 -0.937500 98.825637 0.000000 -26.470778 -0.046721 
166 0.703125 0.000000 -0.536458 109.055630 0.000000 -31.469888 -0.288348 
167 0.058594 0.000000 0.065104 38.128924 0.000000 -6.073168 0.850930 
168 -0.156250 0.000000 0.065104 77.582564 0.000000 -21.948101 0.349923 
169 0.058594 0.000000 -0.135417 66.326413 0.000000 -61.272159 0.184653 
170 0.273438 0.000000 0.065104 0.260904 0.000000 -0.041603 0.999993 
171 0.058594 0.000000 0.265625 70.124555 0.000000 -3.173430 0.507248 
172 2.421875 0.000000 -0.135417 5.482360 0.000000 0.850137 0.996922 
173 2.421875 0.000000 -0.937500 108.538350 0.000000 -13.498369 -0.196278 
174 3.281250 0.000000 -0.135417 13.901009 0.000000 1.244606 0.980521 
175 2.421875 0.000000 0.666667 94.599777 0.000000 1.600262 0.104832 
176 1.132812 0.000000 0.265625 -0.343236 0.000000 -0.290495 0.999980 
177 1.132812 0.000000 -0.135417 -0.235004 0.000000 -0.041791 0.999994 
178 1.562500 0.000000 0.265625 0.544769 0.000000 -0.058437 0.999970 
179 1.132812 0.000000 0.666667 94.116368 0.000000 12.058069 0.099671 
180 0.488281 0.000000 0.065104 -0.838327 0.000000 -0.197948 0.999926 
181 0.488281 0.000000 -0.135417 -1.039879 0.000000 -0.223862 0.999887 
182 0.703125 0.000000 0.065104 -0.779744 0.000000 -0.235442 0.999934 
183 0.488281 0.000000 0.265625 75.270915 0.000000 28.019360 0.354920 
184 0.273438 0.000000 1.067708 92.756415 0.000000 -13.579129 0.121185 
185 -0.156250 0.000000 1.067708 93.187108 0.000000 -16.365533 0.104833 
186 0.703125 0.000000 1.067708 93.498472 0.000000 -11.095782 0.113492 
187 0.273438 0.000000 1.468750 94.477553 0.000000 -15.926172 0.082035 
188 0.058594 0.000000 0.466146 82.827663 0.000000 -8.598283 0.306565 
189 -0.156250 0.000000 0.466146 86.532267 0.000000 -14.947574 0.228874 
190 0.273438 0.000000 0.466146 81.354919 0.000000 1.123342 0.338012 
191 0.058594 0.000000 0.666667 88.296053 0.000000 -11.740199 0.206597 
192 0.166016 0.000000 0.165365 48.523411 0.000000 29.139441 0.679637 
193 0.058594 0.000000 0.165365 39.805600 0.000000 24.918648 0.779458 
194 0.166016 0.000000 0.065104 45.117944 0.000000 19.549948 0.758217 
195 0.273438 0.000000 0.165365 59.927763 0.000000 28.472224 0.559800 
196 0.166016 0.000000 0.265625 57.494002 0.000000 30.934899 0.573747 
197 1.132812 0.000000 -0.536458 110.773661 0.000000 -20.585427 -0.269456 
198 1.132812 0.000000 -0.937500 104.624040 0.000000 -23.315505 -0.148980 
199 1.562500 0.000000 -0.536458 110.739619 0.000000 -14.317800 -0.246826 
200 0.488281 0.000000 -0.335938 104.058288 0.000000 -42.369681 -0.262332 
201 0.273438 0.000000 -0.335938 95.650881 0.000000 -52.079774 -0.186139 
202 0.488281 0.000000 -0.536458 101.707717 0.000000 -34.012922 -0.150134 
203 0.703125 0.000000 -0.335938 108.629441 0.000000 -32.989626 -0.288867 
204 -1.015625 0.000000 -1.739583 98.029768 0.000000 -21.301646 -0.006360 
205 -1.875000 0.000000 -1.739583 97.905799 0.000000 -20.551946 -0.000793 
206 -1.015625 0.000000 -2.541667 98.550047 0.000000 -20.573354 -0.013537 
207 -0.585938 0.000000 -0.536458 94.646938 0.000000 -23.158296 0.050565 
208 -1.015625 0.000000 -0.536458 95.480980 0.000000 -21.594653 0.041705 
209 -0.585938 0.000000 -0.937500 96.038413 0.000000 -22.714390 0.026068 
210 0.058594 0.000000 -0.335938 88.482505 0.000000 -36.526145 0.083669 
211 -0.156250 0.000000 -0.335938 89.364405 0.000000 -28.885357 0.117964 
212 0.058594 0.000000 -0.536458 94.020016 0.000000 -30.897729 0.020557 
213 0.380859 0.000000 -0.235677 99.999632 0.000000 -47.837754 -0.228838 
214 0.273438 0.000000 -0.235677 92.924351 0.000000 -54.156997 -0.156792 
215 0.380859 0.000000 -0.335938 100.500407 0.000000 -47.171232 -0.232546 
216 0.488281 0.000000 -0.235677 102.573391 0.000000 -44.533710 -0.250455 
217 0.380859 0.000000 -0.135417 -0.745247 0.000000 -0.257057 0.999938 
218 0.488281 0.000000 0.466146 77.971170 0.000000 27.751620 0.315034 
219 0.703125 0.000000 0.466146 86.656666 0.000000 21.339759 0.203524 
220 0.488281 0.000000 0.666667 88.827243 0.000000 -2.961662 0.210095 
221 2.421875 0.000000 1.468750 94.939484 0.000000 -12.950536 0.081878 
222 3.281250 0.000000 1.468750 94.860005 0.000000 -11.878411 0.086048 
223 2.421875 0.000000 2.270833 95.363724 0.000000 -15.639100 0.066118 
224 1.132812 0.000000 1.067708 94.503424 0.000000 -9.829532 0.097248 
225 1.562500 0.000000 1.067708 94.976950 0.000000 -9.544847 0.088827 
226 1.132812 0.000000 1.468750 94.952468 0.000000 -14.039389 0.078692 
227 0.917969 0.000000 0.466146 91.026599 0.000000 16.399917 0.144520 
228 0.917969 0.000000 0.265625 -0.675595 0.000000 -0.182071 0.999951 
229 1.132812 0.000000 0.466146 93.481465 0.000000 12.620476 0.110194 
230 0.917969 0.000000 0.666667 92.470143 0.000000 15.538374 0.120783 
231 0.917969 0.000000 -0.335938 110.335198 0.000000 -25.794001 -0.283919 
232 0.917969 0.000000 -0.536458 110.389932 0.000000 -25.427287 -0.283248 
233 1.132812 0.000000 -0.335938 110.834715 0.000000 -20.818610 -0.271775 
234 0.917969 0.000000 -0.135417 -0.535772 0.000000 -0.065875 0.999971 
235 3.281250 0.000000 -4.145833 100.706481 0.000000 -17.695090 -0.045491 
236 3.281250 0.000000 -5.750000 99.647103 0.000000 -18.119477 -0.025786 
237 5.000000 0.000000 -4.145833 100.405467 0.000000 -16.109711 -0.034078 
238 2.421875 0.000000 -1.739583 103.927377 0.000000 -17.684061 -0.111363 
239 2.421875 0.000000 -2.541667 102.227888 0.000000 -18.229993 -0.078287 
240 3.281250 0.000000 -1.739583 104.287358 0.000000 -14.184755 -0.107706 
241 1.132812 0.000000 -1.338542 102.628096 0.000000 -22.552352 -0.104113 
242 0.703125 0.000000 -1.338542 100.996050 0.000000 -23.586015 -0.075650 
243 1.132812 0.000000 -1.739583 101.777586 0.000000 -21.616350 -0.082594 
244 1.562500 0.000000 -1.338542 104.001351 0.000000 -20.971897 -0.125610 
245 0.917969 0.000000 -0.736979 105.267166 0.000000 -25.691209 -0.174121 
246 0.703125 0.000000 -0.736979 103.258228 0.000000 -28.044083 -0.144873 
247 0.917969 0.000000 -0.937500 103.476833 0.000000 -24.876746 -0.132631 
248 1.132812 0.000000 -0.736979 106.609391 0.000000 -22.758362 -0.188351 
249 0.810547 0.000000 -0.436198 109.706075 0.000000 -28.956295 -0.287389 
250 0.703125 0.000000 -0.436198 108.781343 0.000000 -32.458814 -0.288696 
251 0.810547 0.000000 -0.536458 109.737327 0.000000 -28.951932 -0.288050 
252 0.917969 0.000000 -0.436198 110.221969 0.000000 -26.291031 -0.284010 
253 0.810547 0.000000 -0.335938 109.225074 0.000000 -30.860573 -0.288249 
254 1.992188 0.000000 0.265625 2.243679 0.000000 0.759258 0.999439 
255 1.992188 0.000000 -0.135417 1.605527 0.000000 0.286888 0.999734 
256 2.421875 0.000000 0.265625 5.851110 0.000000 1.358640 0.996392 
257 1.992188 0.000000 0.666667 94.878741 0.000000 3.638369 0.098479 
258 1.992188 0.000000 1.067708 94.942166 0.000000 -9.542936 0.089492 
259 2.421875 0.000000 1.067708 94.510555 0.000000 -9.251715 0.098216 
260 1.992188 0.000000 1.468750 95.049194 0.000000 -13.267193 0.078963 
261 1.777344 0.000000 0.466146 95.117495 0.000000 5.140187 0.092624 
262 1.562500 0.000000 0.466146 95.227325 0.000000 6.719577 0.088660 
263 1.777344 0.000000 0.265625 1.210011 0.000000 0.278732 0.999846 
264 1.992188 0.000000 0.466146 94.864502 0.000000 3.331007 0.098963 
265 1.777344 0.000000 0.666667 95.106214 0.000000 5.242608 0.092732 
266 1.992188 0.000000 -0.536458 111.146448 0.000000 -9.699299 -0.244761 
267 1.992188 0.000000 -0.937500 107.349605 0.000000 -16.722086 -0.180357 
268 2.421875 0.000000 -0.536458 112.002947 0.000000 -7.564988 -0.260189 
269 1.992188 0.000000 -1.338542 105.131257 0.000000 -19.029223 -0.141469 
270 1.992188 0.000000 -1.739583 103.722510 0.000000 -19.424364 -0.113566 
271 2.421875 0.000000 -1.338542 106.091178 0.000000 -16.801240 -0.153762 
272 1.777344 0.000000 -0.736979 110.889355 0.000000 -10.882613 -0.241488 
273 1.562500 0.000000 -0.736979 110.825735 0.000000 -13.410669 -0.246219 
274 1.777344 0.000000 -0.937500 106.744382 0.000000 -18.311833 -0.172969 
275 1.992188 0.000000 -0.736979 111.170690 0.000000 -9.641659 -0.245188 
276 1.777344 0.000000 -0.536458 110.790845 0.000000 -11.878238 -0.241570 
277 6.718750 0.000000 -0.937500 99.123538 0.000000 -4.079797 0.015788 
278 6.718750 0.000000 -2.541667 99.752095 0.000000 -12.541630 -0.010777 
279 8.437500 0.000000 -0.937500 99.266492 0.000000 -3.064848 0.013677 
280 6.718750 0.000000 0.666667 100.159047 0.000000 -13.059375 -0.020238 
281 4.140625 0.000000 -0.135417 18.193639 0.000000 -1.104887 0.966777 
282 4.140625 0.000000 -0.937500 104.528093 0.000000 -1.079513 -0.092729 
283 5.000000 0.000000 -0.135417 9.956243 0.000000 -2.894908 0.989249 
284 4.140625 0.000000 0.666667 99.244039 0.000000 -1.167154 0.014926 
285 2.851562 0.000000 0.265625 9.993796 0.000000 1.642412 0.989743 
286 2.851562 0.000000 -0.135417 9.919028 0.000000 1.352230 0.989978 
287 3.281250 0.000000 0.265625 12.914721 0.000000 1.577570 0.983072 
288 2.851562 0.000000 0.666667 95.160265 0.000000 0.872593 0.094376 
289 2.207031 0.000000 0.466146 94.519056 0.000000 1.698366 0.106326 
290 2.207031 0.000000 0.265625 3.896190 0.000000 1.061635 0.998369 
291 2.421875 0.000000 0.466146 94.605444 0.000000 1.749827 0.104675 
292 2.207031 0.000000 0.666667 94.625957 0.000000 2.926475 0.103736 
293 2.851562 0.000000 -0.536458 112.126614 0.000000 -4.984692 -0.259722 
294 2.851562 0.000000 -0.937500 111.891210 0.000000 -4.238438 -0.253761 
295 3.281250 0.000000 -0.536458 109.976514 0.000000 -2.930471 -0.210342 
296 2.207031 0.000000 -0.736979 111.562208 0.000000 -8.694508 -0.252172 
297 2.207031 0.000000 -0.937500 107.892142 0.000000 -15.213291 -0.187216 
298 2.421875 0.000000 -0.736979 112.078152 0.000000 -7.007244 -0.261061 
299 2.207031 0.000000 -0.536458 111.431969 0.000000 -8.765601 -0.249392 
300 6.718750 0.000000 2.270833 96.401736 0.000000 -14.900624 0.048468 
301 8.437500 0.000000 2.270833 98.289748 0.000000 -13.687439 0.015178 
302 6.718750 0.000000 3.875000 97.711720 0.000000 -16.594452 0.017704 
303 4.140625 0.000000 1.468750 95.975352 0.000000 -11.220029 0.066284 
304 5.000000 0.000000 1.468750 98.351887 0.000000 -11.624445 0.019178 
305 4.140625 0.000000 2.270833 96.049020 0.000000 -14.381345 0.056776 
306 3.710938 0.000000 0.265625 15.570252 0.000000 0.391428 0.975741 
307 3.710938 0.000000 -0.135417 17.652382 0.000000 0.169607 0.968836 
308 4.140625 0.000000 0.265625 15.348912 0.000000 -0.857290 0.976368 
309 3.710938 0.000000 0.666667 97.948802 0.000000 -0.813903 0.040537 
310 4.140625 0.000000 -1.739583 102.454069 0.000000 -11.707773 -0.063391 
311 4.140625 0.000000 -2.541667 101.752362 0.000000 -14.517412 -0.056430 
312 5.000000 0.000000 -1.739583 100.936765 0.000000 -10.900679 -0.030706 
313 3.710938 0.000000 -0.536458 107.409208 0.000000 -1.960226 -0.154058 
314 3.710938 0.000000 -0.937500 107.317166 0.000000 -1.642631 -0.151967 
315 4.140625 0.000000 -0.536458 104.590254 0.000000 -1.449780 -0.094122 
316 5.859375 0.000000 -0.135417 1.154149 0.000000 1.336781 0.999688 
317 5.859375 0.000000 -0.937500 98.210609 0.000000 -3.084973 0.034516 
318 6.718750 0.000000 -0.135417 3.053472 0.000000 -0.066704 0.999067 
319 5.859375 0.000000 0.666667 103.971160 0.000000 -10.497218 -0.092019 
320 4.570312 0.000000 0.265625 12.886346 0.000000 -1.103277 0.983272 
321 4.570312 0.000000 -0.135417 17.025461 0.000000 -2.359740 0.970457 
322 5.000000 0.000000 0.265625 3.286373 0.000000 2.291068 0.998395 
323 4.570312 0.000000 0.666667 100.758636 0.000000 -1.449934 -0.015441 
324 5.859375 0.000000 1.468750 98.555141 0.000000 -14.187466 0.008560 
325 6.718750 0.000000 1.468750 96.840055 0.000000 -14.787114 0.040334 
326 5.859375 0.000000 2.270833 97.107859 0.000000 -14.944439 0.034673 
327 4.570312 0.000000 1.067708 97.679449 0.000000 -7.742466 0.039878 
328 4.140625 0.000000 1.067708 96.597521 0.000000 -8.050481 0.060411 
329 5.000000 0.000000 1.067708 100.426542 0.000000 -7.047298 -0.013515 
330 4.570312 0.000000 1.468750 97.256840 0.000000 -11.276958 0.041394 
331 4.355469 0.000000 0.466146 99.819540 0.000000 -2.809653 0.002817 
332 4.140625 0.000000 0.466146 99.246368 0.000000 -1.311994 0.014844 
333 4.355469 0.000000 0.265625 99.825470 0.000000 -0.818244 0.003421 
334 4.570312 0.000000 0.466146 100.756363 0.000000 -1.590041 -0.015437 
335 4.355469 0.000000 0.666667 99.837095 0.000000 -0.884248 0.003177 
336 4.570312 0.000000 -0.536458 102.159523 0.000000 -1.400986 -0.043853 
337 4.570312 0.000000 -0.937500 101.904456 0.000000 -1.485143 -0.038672 
338 5.000000 0.000000 -0.536458 98.343105 0.000000 -0.452924 0.032843 
339 18.750000 0.000000 -37.833333 98.178158 0.000000 -19.175803 -0.000666 
340 18.750000 0.000000 -50.666667 98.156007 0.000000 -19.222537 -0.000411 
341 32.500000 0.000000 -37.833333 98.170040 0.000000 -19.144397 -0.000386 
342 11.875000 0.000000 -18.583333 98.352683 0.000000 -18.881798 -0.002977 
343 11.875000 0.000000 -25.000000 98.260888 0.000000 -19.069533 -0.001885 
344 18.750000 0.000000 -18.583333 98.308483 0.000000 -18.770356 -0.001688 
345 8.437500 0.000000 -8.958333 98.864924 0.000000 -17.873705 -0.009374 
346 8.437500 0.000000 -12.166667 98.628245 0.000000 -18.489070 -0.006938 
347 11.875000 0.000000 -8.958333 98.685952 0.000000 -17.598195 -0.004861 
348 6.718750 0.000000 -4.145833 100.005416 0.000000 -15.268989 -0.023423 
349 6.718750 0.000000 -5.750000 99.322552 0.000000 -16.835251 -0.014839 
350 8.437500 0.000000 -4.145833 99.461338 0.000000 -14.815423 -0.011205 
351 5.859375 0.000000 -1.739583 100.154137 0.000000 -10.337398 -0.013771 
352 5.859375 0.000000 -2.541667 100.090951 0.000000 -12.910472 -0.018488 
353 6.718750 0.000000 -1.739583 100.148573 0.000000 -10.172711 -0.013322 
354 4.570312 0.000000 -1.338542 101.315814 0.000000 -8.989350 -0.034570 
355 4.140625 0.000000 -1.338542 102.959203 0.000000 -9.375429 -0.068850 
356 4.570312 0.000000 -1.739583 101.807691 0.000000 -11.239303 -0.049113 
357 5.000000 0.000000 -1.338542 100.162159 0.000000 -8.952860 -0.011261 
358 4.355469 0.000000 -0.736979 102.901660 0.000000 -1.152387 -0.059008 
359 4.140625 0.000000 -0.736979 104.587326 0.000000 -1.419829 -0.094052 
360 4.355469 0.000000 -0.937500 103.183123 0.000000 -1.463008 -0.064890 
361 4.570312 0.000000 -0.736979 102.147890 0.000000 -1.355275 -0.043603 
362 4.355469 0.000000 -0.536458 103.245763 0.000000 -2.162452 -0.066436 
363 5.429688 0.000000 0.265625 -3.602552 0.000000 0.030302 0.998702 
364 5.429688 0.000000 -0.135417 1.743972 0.000000 0.773658 0.999636 
365 5.859375 0.000000 0.265625 -1.794470 0.000000 0.045894 0.999678 
366 5.429688 0.000000 0.666667 104.364312 0.000000 -7.869608 -0.095384 
367 5.429688 0.000000 1.067708 101.682260 0.000000 -11.446399 -0.047030 
368 5.859375 0.000000 1.067708 100.284654 0.000000 -13.756782 -0.024626 
369 5.429688 0.000000 1.468750 98.956928 0.000000 -13.007024 0.003834 
370 5.214844 0.000000 0.466146 103.432622 0.000000 -6.118319 -0.073574 
371 5.000000 0.000000 0.466146 101.200030 0.000000 -2.043936 -0.024562 
372 5.214844 0.000000 0.265625 -2.487182 0.000000 0.919697 0.999297 
373 5.429688 0.000000 0.466146 104.398900 0.000000 -7.594164 -0.095680 
374 5.214844 0.000000 0.666667 102.291359 0.000000 -5.137451 -0.048992 
375 5.429688 0.000000 -0.536458 95.599375 0.000000 3.265338 0.085010 
376 5.429688 0.000000 -0.937500 98.066711 0.000000 -3.684539 0.036934 
377 5.859375 0.000000 -0.536458 97.132670 0.000000 5.397605 0.053611 
378 5.429688 0.000000 -1.338542 99.798872 0.000000 -8.335484 -0.002930 
379 5.429688 0.000000 -1.739583 100.485257 0.000000 -10.600855 -0.020967 
380 5.859375 0.000000 -1.338542 99.638512 0.000000 -8.069521 0.000705 
381 5.214844 0.000000 -0.736979 95.121376 0.000000 1.897569 0.094832 
382 5.000000 0.000000 -0.736979 98.063604 0.000000 -0.325714 0.038342 
383 5.214844 0.000000 -0.937500 98.587151 0.000000 -5.122831 0.025433 
384 5.429688 0.000000 -0.736979 95.326460 0.000000 3.757261 0.089875 
385 5.214844 0.000000 -0.536458 95.043441 0.000000 2.311997 0.096140 
386 46.250000 0.000000 -12.166667 98.742081 0.000000 -16.137626 -0.001042 
387 46.250000 0.000000 -25.000000 98.219534 0.000000 -18.835524 -0.000185 
388 60.000000 0.000000 -12.166667 99.306813 0.000000 -13.254060 -0.003751 
389 46.250000 0.000000 0.666667 98.420499 0.000000 -17.714428 -0.000040 
390 25.625000 0.000000 -5.750000 99.221146 0.000000 -13.654268 -0.003127 
391 25.625000 0.000000 -12.166667 98.442787 0.000000 -17.812903 -0.000828 
392 32.500000 0.000000 -5.750000 99.580317 0.000000 -11.820939 -0.005597 
393 25.625000 0.000000 0.666667 98.801859 0.000000 -15.500428 -0.000207 
394 15.312500 0.000000 -2.541667 99.391719 0.000000 -11.672786 -0.001497 
395 15.312500 0.000000 -5.750000 98.862195 0.000000 -15.649678 -0.001865 
396 18.750000 0.000000 -2.541667 99.489677 0.000000 -11.905705 -0.003994 
397 15.312500 0.000000 0.666667 99.270015 0.000000 -12.466498 -0.000995 
398 10.156250 0.000000 -0.937500 97.367093 0.000000 -7.332132 0.046589 
399 10.156250 0.000000 -2.541667 98.905734 0.000000 -11.828150 0.007775 
400 11.875000 0.000000 -0.937500 98.021530 0.000000 -12.070357 0.024609 
401 10.156250 0.000000 0.666667 96.585603 0.000000 -9.673020 0.057765 
402 7.578125 0.000000 -0.135417 104.431973 0.000000 10.309118 -0.101231 
403 7.578125 0.000000 -0.937500 100.943355 0.000000 -4.131349 -0.020663 
404 8.437500 0.000000 -0.135417 104.317325 0.000000 7.268334 -0.093493 
405 7.578125 0.000000 0.666667 88.832675 0.000000 -8.949363 0.202866 
406 6.289062 0.000000 0.265625 0.519231 0.000000 0.102770 0.999972 
407 6.289062 0.000000 -0.135417 1.948030 0.000000 0.655055 0.999578 
408 6.718750 0.000000 0.265625 98.825724 0.000000 -12.421842 0.007917 
409 6.289062 0.000000 0.666667 102.489454 0.000000 -11.948112 -0.064685 
410 5.644531 0.000000 0.466146 104.374289 0.000000 -9.740331 -0.098887 
411 5.644531 0.000000 0.265625 -2.872774 0.000000 0.074857 0.999174 
412 5.859375 0.000000 0.466146 103.888738 0.000000 -10.490084 -0.090291 
413 5.644531 0.000000 0.666667 104.440206 0.000000 -9.257160 -0.099345 
414 6.289062 0.000000 -0.536458 98.039896 0.000000 7.587244 0.033061 
415 6.289062 0.000000 -0.937500 98.600954 0.000000 -3.313472 0.026687 
416 6.718750 0.000000 -0.536458 99.178037 0.000000 8.279962 0.009516 
417 5.644531 0.000000 -0.736979 96.109416 0.000000 5.171075 0.073624 
418 5.644531 0.000000 -0.937500 98.054815 0.000000 -3.154130 0.037530 
419 5.859375 0.000000 -0.736979 96.980778 0.000000 6.359664 0.055428 
420 5.644531 0.000000 -0.536458 96.295580 0.000000 4.651888 0.070552 
421 46.250000 0.000000 13.500000 98.168191 0.000000 -18.957457 0.000362 
422 60.000000 0.000000 13.500000 98.164708 0.000000 -19.023371 0.000180 
423 46.250000 0.000000 26.333333 98.130436 0.000000 -19.146044 0.000385 
424 25.625000 0.000000 7.083333 98.246150 0.000000 -18.170982 0.001751 
425 32.500000 0.000000 7.083333 98.250482 0.000000 -18.377047 0.000913 
426 25.625000 0.000000 13.500000 98.127448 0.000000 -18.790224 0.001793 
427 15.312500 0.000000 3.875000 98.299215 0.000000 -16.395366 0.006846 
428 18.750000 0.000000 3.875000 98.394781 0.000000 -16.781411 0.003685 
429 15.312500 0.000000 7.083333 98.043225 0.000000 -17.745554 0.007262 
430 10.156250 0.000000 2.270833 97.575798 0.000000 -14.117700 0.027965 
431 11.875000 0.000000 2.270833 98.164727 0.000000 -14.011568 0.016736 
432 10.156250 0.000000 3.875000 97.809577 0.000000 -16.112518 0.017367 
433 7.578125 0.000000 1.468750 63.045750 0.000000 12.703687 0.586385 
434 8.437500 0.000000 1.468750 101.724847 0.000000 -15.345966 -0.058344 
435 7.578125 0.000000 2.270833 96.356266 0.000000 -14.171027 0.051465 
436 7.148438 0.000000 0.265625 93.562568 0.000000 -15.793467 0.099661 
437 7.148438 0.000000 -0.135417 7.340562 0.000000 -0.922025 0.994527 
438 7.578125 0.000000 0.265625 96.421779 0.000000 -14.918117 0.048029 
439 7.148438 0.000000 0.666667 81.377231 0.000000 -5.186467 0.335085 
440 7.148438 0.000000 1.067708 93.932057 0.000000 -14.150514 0.097653 
441 6.718750 0.000000 1.067708 96.935906 0.000000 -15.060369 0.037662 
442 7.578125 0.000000 1.067708 82.259344 0.000000 -0.947053 0.323250 
443 7.148438 0.000000 1.468750 95.549176 0.000000 -14.149515 0.067015 
444 6.933594 0.000000 0.466146 97.577181 0.000000 -13.753358 0.028954 
445 6.718750 0.000000 0.466146 100.088591 0.000000 -12.779409 -0.018104 
446 6.933594 0.000000 0.265625 98.809101 0.000000 -13.386484 0.005756 
447 7.148438 0.000000 0.466146 89.976655 0.000000 -12.110289 0.175754 
448 6.933594 0.000000 0.666667 98.811767 0.000000 -13.231781 0.006115 
449 7.578125 0.000000 -1.739583 99.575366 0.000000 -9.727484 -0.000988 
450 7.578125 0.000000 -2.541667 99.756576 0.000000 -12.108476 -0.009799 
451 8.437500 0.000000 -1.739583 99.597102 0.000000 -9.012105 -0.000080 
452 7.148438 0.000000 -0.536458 101.069990 0.000000 9.269041 -0.030106 
453 7.148438 0.000000 -0.937500 100.074878 0.000000 -4.371134 -0.003409 
454 7.578125 0.000000 -0.536458 104.907756 0.000000 9.643966 -0.109864 
455 6.933594 0.000000 -0.335938 100.221156 0.000000 6.568378 -0.008742 
456 6.718750 0.000000 -0.335938 99.269532 0.000000 7.619035 0.008751 
457 6.933594 0.000000 -0.536458 100.031150 0.000000 9.217061 -0.009119 
458 7.148438 0.000000 -0.335938 101.738731 0.000000 7.248186 -0.040331 
459 6.933594 0.000000 -0.135417 4.387610 0.000000 -0.767578 0.998016 
460 9.296875 0.000000 -0.135417 88.213039 0.000000 -0.186408 0.221843 
461 9.296875 0.000000 -0.937500 97.488740 0.000000 -4.774358 0.047315 
462 10.156250 0.000000 -0.135417 95.030587 0.000000 -4.550978 0.094848 
463 9.296875 0.000000 0.666667 81.455872 0.000000 -14.856231 0.314423 
464 8.007812 0.000000 -0.536458 105.111109 0.000000 12.393914 -0.120195 
465 8.007812 0.000000 -0.937500 100.655502 0.000000 -3.569795 -0.014427 
466 8.437500 0.000000 -0.536458 102.073551 0.000000 13.728049 -0.060747 
467 8.007812 0.000000 -0.135417 105.203469 0.000000 11.706652 -0.120482 
468 8.007812 0.000000 0.265625 96.683641 0.000000 -13.282450 0.047585 
469 8.437500 0.000000 0.265625 107.472657 0.000000 -15.895860 -0.180305 
470 8.007812 0.000000 0.666667 100.322193 0.000000 -15.234114 -0.029662 
471 7.792969 0.000000 -0.335938 105.587155 0.000000 10.964298 -0.126886 
472 7.578125 0.000000 -0.335938 105.075576 0.000000 9.674076 -0.113446 
473 7.792969 0.000000 -0.536458 105.236060 0.000000 11.885979 -0.121590 
474 8.007812 0.000000 -0.335938 105.227931 0.000000 11.957511 -0.121590 
475 7.792969 0.000000 -0.135417 106.252959 0.000000 10.122906 -0.139216 
476 10.156250 0.000000 -4.145833 98.929056 0.000000 -14.734103 -0.000405 
477 10.156250 0.000000 -5.750000 99.088929 0.000000 -15.969720 -0.007365 
478 11.875000 0.000000 -4.145833 99.016694 0.000000 -14.392367 -0.001145 
479 9.296875 0.000000 -1.739583 99.021274 0.000000 -8.813492 0.011711 
480 9.296875 0.000000 -2.541667 99.170054 0.000000 -11.620182 0.003027 
481 10.156250 0.000000 -1.739583 98.654508 0.000000 -9.550900 0.017607 
482 8.867188 0.000000 -0.536458 95.542627 0.000000 0.940134 0.087072 
483 8.867188 0.000000 -0.937500 98.099845 0.000000 -3.889656 0.036129 
484 9.296875 0.000000 -0.536458 95.397732 0.000000 -2.358665 0.089371 
485 8.867188 0.000000 -0.135417 94.180215 0.000000 3.915697 0.111475 
486 13.593750 0.000000 -0.937500 96.406831 0.000000 -24.618912 0.009963 
487 13.593750 0.000000 -2.541667 99.247932 0.000000 -11.817082 0.001020 
488 15.312500 0.000000 -0.937500 94.931818 0.000000 -37.290517 -0.040263 
489 13.593750 0.000000 0.666667 99.238761 0.000000 -11.498052 0.001946 
490 11.015625 0.000000 -0.135417 98.326368 0.000000 -6.381509 0.029120 
491 11.015625 0.000000 -0.937500 97.792999 0.000000 -9.770088 0.034107 
492 11.875000 0.000000 -0.135417 97.907410 0.000000 -21.773717 -0.005996 
493 11.015625 0.000000 0.666667 98.232697 0.000000 -9.964243 0.025105 
494 9.726562 0.000000 -0.536458 95.303659 0.000000 -4.855176 0.089364 
495 9.726562 0.000000 -0.937500 97.292842 0.000000 -6.116372 0.049669 
496 10.156250 0.000000 -0.536458 95.380913 0.000000 -8.344531 0.083285 
497 9.726562 0.000000 -0.135417 93.886844 0.000000 9.468006 0.109562 
498 9.296875 0.000000 1.468750 79.881815 0.000000 -14.767042 0.340083 
499 10.156250 0.000000 1.468750 96.987072 0.000000 -12.119966 0.044661 
500 9.296875 0.000000 2.270833 97.201356 0.000000 -15.076469 0.032460 
501 8.867188 0.000000 0.265625 97.738874 0.000000 -17.069774 0.015574 
502 9.296875 0.000000 0.265625 100.818328 0.000000 -24.421749 -0.076076 
503 8.867188 0.000000 0.666667 95.897309 0.000000 -15.406696 0.056634 
504 9.082031 0.000000 -0.335938 92.339562 0.000000 11.146573 0.134916 
505 8.867188 0.000000 -0.335938 95.027591 0.000000 11.973963 0.082638 
506 9.082031 0.000000 -0.536458 95.129047 0.000000 -0.913413 0.094963 
507 9.296875 0.000000 -0.335938 87.252270 0.000000 7.312356 0.233357 
508 9.082031 0.000000 -0.135417 89.488208 0.000000 2.916151 0.198336 
509 9.726562 0.000000 0.265625 93.655018 0.000000 -14.788546 0.101004 
510 10.156250 0.000000 0.265625 95.798032 0.000000 -11.038931 0.070088 
511 9.726562 0.000000 0.666667 95.367453 0.000000 -10.513044 0.079452 
512 9.511719 0.000000 0.065104 101.475281 0.000000 -22.388019 -0.079846 
513 9.296875 0.000000 0.065104 97.948616 0.000000 -24.472761 -0.019285 
514 9.511719 0.000000 -0.135417 89.715045 0.000000 5.790285 0.191768 
515 9.726562 0.000000 0.065104 102.685518 0.000000 -18.897082 -0.090142 
516 9.511719 0.000000 0.265625 107.058475 0.000000 -25.275127 -0.210035 
517 13.593750 0.000000 2.270833 98.462327 0.000000 -14.543143 0.009367 
518 15.312500 0.000000 2.270833 98.544379 0.000000 -14.965105 0.006505 
519 13.593750 0.000000 3.875000 98.191943 0.000000 -16.217121 0.009535 
520 11.015625 0.000000 1.468750 97.979335 0.000000 -12.190641 0.025144 
521 11.875000 0.000000 1.468750 98.460172 0.000000 -12.480605 0.014983 
522 11.015625 0.000000 2.270833 97.915312 0.000000 -13.957067 0.021779 
523 10.585938 0.000000 0.265625 97.597836 0.000000 -10.255066 0.036950 
524 10.585938 0.000000 -0.135417 97.450882 0.000000 -5.538415 0.047265 
525 11.015625 0.000000 0.265625 98.413709 0.000000 -10.411612 0.020634 
526 10.585938 0.000000 0.666667 97.562536 0.000000 -9.539316 0.039055 
527 9.941406 0.000000 0.065104 100.084117 0.000000 -12.728402 -0.017884 
528 9.941406 0.000000 -0.135417 96.133995 0.000000 21.633148 0.029026 
529 10.156250 0.000000 0.065104 93.687040 0.000000 -21.142965 0.077571 
530 9.941406 0.000000 0.265625 94.500421 0.000000 -12.575763 0.091152 
531 11.015625 0.000000 -1.739583 98.645414 0.000000 -10.272873 0.016355 
532 11.015625 0.000000 -2.541667 98.840761 0.000000 -12.078310 0.008462 
533 11.875000 0.000000 -1.739583 98.926969 0.000000 -10.504345 0.010311 
534 10.585938 0.000000 -0.536458 95.565265 0.000000 -12.478152 0.071158 
535 10.585938 0.000000 -0.937500 97.589432 0.000000 -8.496598 0.040411 
536 11.015625 0.000000 -0.536458 95.351234 0.000000 -18.136847 0.057920 
537 9.941406 0.000000 -0.335938 92.429120 0.000000 -10.072571 0.135540 
538 9.726562 0.000000 -0.335938 92.963134 0.000000 -5.774364 0.132451 
539 9.941406 0.000000 -0.536458 95.264748 0.000000 -6.464458 0.088284 
540 10.156250 0.000000 -0.335938 92.052015 0.000000 -16.024451 0.126964 
541 9.833984 0.000000 -0.035156 98.657231 0.000000 5.156497 0.024016 
542 9.726562 0.000000 -0.035156 99.359032 0.000000 -6.563801 0.008470 
543 9.833984 0.000000 -0.135417 95.792740 0.000000 13.622025 0.063819 
544 9.941406 0.000000 -0.035156 97.907145 0.000000 -0.317938 0.041409 
545 9.833984 0.000000 0.065104 104.571537 0.000000 -18.379888 -0.127303 
546 10.371094 0.000000 0.065104 96.025121 0.000000 -18.391327 0.044094 
547 10.371094 0.000000 -0.135417 96.641044 0.000000 -5.335552 0.063204 
548 10.585938 0.000000 0.065104 97.162472 0.000000 -16.448710 0.028889 
549 10.371094 0.000000 0.265625 96.888771 0.000000 -10.514391 0.050201 
550 10.048828 0.000000 -0.035156 94.192967 0.000000 20.721031 0.069832 
551 10.048828 0.000000 -0.135417 93.429918 0.000000 -3.714126 0.125706 
552 10.156250 0.000000 -0.035156 94.618533 0.000000 -5.112241 0.102120 
553 10.048828 0.000000 0.065104 92.565153 0.000000 -7.302059 0.137837 
554 9.726562 0.000000 1.067708 95.920570 0.000000 -11.173127 0.067441 
555 9.296875 0.000000 1.067708 76.597845 0.000000 -13.480833 0.395104 
556 10.156250 0.000000 1.067708 96.881614 0.000000 -10.859554 0.049602 
557 9.726562 0.000000 1.468750 96.199778 0.000000 -12.379094 0.059236 
558 9.941406 0.000000 0.466146 95.578234 0.000000 -10.160103 0.076157 
559 9.726562 0.000000 0.466146 94.835408 0.000000 -11.078850 0.088350 
560 10.156250 0.000000 0.466146 96.353496 0.000000 -9.638222 0.062311 
561 9.941406 0.000000 0.666667 96.007119 0.000000 -10.000382 0.068263 
562 9.833984 0.000000 0.165365 106.710279 0.000000 -25.654426 -0.204523 
563 9.726562 0.000000 0.165365 105.536044 0.000000 -27.445433 -0.189111 
564 9.941406 0.000000 0.165365 92.935515 0.000000 -17.195491 0.106731 
565 9.833984 0.000000 0.265625 94.109553 0.000000 -13.621441 0.095785 
566 9.887695 0.000000 0.014974 100.023560 0.000000 -7.914828 -0.006736 
567 9.833984 0.000000 0.014974 102.941277 0.000000 -13.000792 -0.076593 
568 9.887695 0.000000 -0.035156 99.235344 0.000000 -3.694778 0.013870 
569 9.941406 0.000000 0.014974 99.556438 0.000000 -13.606980 -0.009663 
570 9.887695 0.000000 0.065104 101.289386 0.000000 -13.407435 -0.043930 
571 18.750000 0.000000 39.166667 98.100534 0.000000 -19.214319 0.000710 
572 5.000000 0.000000 39.166667 98.093260 0.000000 -19.234536 0.000774 
573 32.500000 0.000000 39.166667 98.112484 0.000000 -19.206129 0.000507 
574 18.750000 0.000000 52.000000 98.109747 0.000000 -19.240947 0.000426 
575 11.875000 0.000000 19.916667 98.012460 0.000000 -19.042888 0.003093 
576 5.000000 0.000000 19.916667 97.982010 0.000000 -19.118537 0.003401 
577 18.750000 0.000000 19.916667 98.060877 0.000000 -19.012265 0.002260 
578 11.875000 0.000000 26.333333 98.044409 0.000000 -19.145368 0.002075 
579 8.437500 0.000000 10.291667 97.815794 0.000000 -18.504239 0.008966 
580 5.000000 0.000000 10.291667 97.717299 0.000000 -18.681928 0.010232 
581 11.875000 0.000000 10.291667 97.881457 0.000000 -18.394596 0.008086 
582 8.437500 0.000000 13.500000 97.938200 0.000000 -18.837834 0.005324 
583 10.156250 0.000000 5.479167 97.721910 0.000000 -17.013137 0.016098 
584 8.437500 0.000000 5.479167 97.631688 0.000000 -17.184137 0.017276 
585 11.875000 0.000000 5.479167 98.009461 0.000000 -17.166230 0.009947 
586 10.156250 0.000000 7.083333 97.850751 0.000000 -17.782807 0.010900 
587 9.296875 0.000000 3.072917 97.696514 0.000000 -15.496819 0.021524 
588 8.437500 0.000000 3.072917 97.798706 0.000000 -15.668727 0.018990 
589 10.156250 0.000000 3.072917 97.769898 0.000000 -15.428938 0.020299 
590 9.296875 0.000000 3.875000 97.818532 0.000000 -16.195209 0.016925 
591 8.867188 0.000000 1.869792 99.676724 0.000000 -17.852578 -0.025416 
592 8.437500 0.000000 1.869792 102.195780 0.000000 -16.504396 -0.071637 
593 8.867188 0.000000 1.468750 98.449985 0.000000 -16.314868 0.004143 
594 9.296875 0.000000 1.869792 94.912586 0.000000 -14.768927 0.077348 
595 8.867188 0.000000 2.270833 98.048505 0.000000 -15.397223 0.014942 
596 9.726562 0.000000 1.869792 96.833781 0.000000 -13.698049 0.043558 
597 10.156250 0.000000 1.869792 97.297465 0.000000 -13.272592 0.035704 
598 9.726562 0.000000 2.270833 97.281402 0.000000 -14.453958 0.032741 
599 6.718750 0.000000 5.479167 97.540949 0.000000 -17.397047 0.018311 
600 5.000000 0.000000 5.479167 97.340763 0.000000 -17.657864 0.021298 
601 6.718750 0.000000 7.083333 97.422302 0.000000 -17.916577 0.018789 
602 7.578125 0.000000 3.072917 97.226617 0.000000 -15.671685 0.030138 
603 6.718750 0.000000 3.072917 96.841548 0.000000 -15.689507 0.037555 
604 7.578125 0.000000 3.875000 97.722946 0.000000 -16.423992 0.018048 
605 8.867188 0.000000 2.671875 97.784470 0.000000 -15.368645 0.020200 
606 8.437500 0.000000 2.671875 97.647355 0.000000 -15.045522 0.023863 
607 9.296875 0.000000 2.671875 97.561772 0.000000 -15.156637 0.025198 
608 8.867188 0.000000 3.072917 97.726425 0.000000 -15.511063 0.020895 
609 9.082031 0.000000 2.070312 97.448193 0.000000 -16.964049 0.021607 
610 8.867188 0.000000 2.070312 110.768322 0.000000 -3.381242 -0.228105 
611 9.082031 0.000000 1.869792 92.189336 0.000000 -18.606943 0.115491 
612 9.296875 0.000000 2.070312 96.317949 0.000000 -15.215355 0.049135 
613 9.082031 0.000000 2.270833 97.478174 0.000000 -15.448271 0.025936 
614 8.867188 0.000000 1.067708 95.340336 0.000000 -15.725302 0.066294 
615 8.437500 0.000000 1.067708 100.563733 0.000000 -14.237525 -0.031577 
616 9.082031 0.000000 1.669271 89.400845 0.000000 -17.026913 0.171757 
617 8.867188 0.000000 1.669271 98.970873 0.000000 -16.503069 -0.006759 
618 9.082031 0.000000 1.468750 86.809288 0.000000 -16.191872 0.220197 
619 9.296875 0.000000 1.669271 94.304936 0.000000 -13.913992 0.091298 
620 11.015625 0.000000 3.072917 97.930868 0.000000 -15.432947 0.017137 
621 11.875000 0.000000 3.072917 98.065785 0.000000 -15.309631 0.014872 
622 11.015625 0.000000 3.875000 97.902133 0.000000 -16.041795 0.015783 
623 9.726562 0.000000 2.671875 97.613493 0.000000 -14.988347 0.024696 
624 10.156250 0.000000 2.671875 97.706386 0.000000 -14.879121 0.023207 
625 9.726562 0.000000 3.072917 97.714583 0.000000 -15.453642 0.021305 
626 9.511719 0.000000 2.070312 96.802213 0.000000 -14.475566 0.041979 
627 9.511719 0.000000 1.869792 96.152421 0.000000 -13.847440 0.056296 
628 9.726562 0.000000 2.070312 97.046278 0.000000 -14.100196 0.038320 
629 9.511719 0.000000 2.270833 97.245991 0.000000 -14.761938 0.032530 
630 9.189453 0.000000 1.970052 80.449664 0.000000 -18.955747 0.316853 
631 9.082031 0.000000 1.970052 103.024621 0.000000 -12.957579 -0.078197 
632 9.189453 0.000000 1.869792 80.520977 0.000000 -16.793221 0.323436 
633 9.296875 0.000000 1.970052 95.634507 0.000000 -15.121596 0.062538 
634 9.189453 0.000000 2.070312 96.333677 0.000000 -16.416085 0.045033 
635 8.007812 0.000000 1.869792 73.255476 0.000000 6.700276 0.458874 
636 7.578125 0.000000 1.869792 94.721012 0.000000 -12.852940 0.086273 
637 8.007812 0.000000 1.468750 91.857291 0.000000 -6.588256 0.151883 
638 8.007812 0.000000 2.270833 96.815151 0.000000 -13.044769 0.045666 
639 8.652344 0.000000 2.070312 108.842811 0.000000 -3.134493 -0.185658 
640 8.437500 0.000000 2.070312 105.514239 0.000000 -1.661590 -0.113602 
641 8.652344 0.000000 1.869792 101.027848 0.000000 -17.027208 -0.049655 
642 8.652344 0.000000 2.270833 98.385163 0.000000 -14.634499 0.010619 
643 8.974609 0.000000 1.970052 106.747941 0.000000 -10.386119 -0.150299 
644 8.867188 0.000000 1.970052 107.030899 0.000000 -10.173227 -0.155911 
645 8.974609 0.000000 1.869792 98.766117 0.000000 -18.605404 -0.010091 
646 8.974609 0.000000 2.070312 98.547035 0.000000 -16.098463 0.002932 
647 9.082031 0.000000 2.471354 97.671058 0.000000 -15.328868 0.022539 
648 8.867188 0.000000 2.471354 97.737436 0.000000 -15.212062 0.021599 
649 9.296875 0.000000 2.471354 97.472430 0.000000 -15.083932 0.027160 
650 9.082031 0.000000 2.671875 97.731456 0.000000 -15.262863 0.021561 
651 9.189453 0.000000 2.170573 96.982771 0.000000 -15.716926 0.034732 
652 9.082031 0.000000 2.170573 97.481471 0.000000 -15.892966 0.024478 
653 9.296875 0.000000 2.170573 96.836813 0.000000 -15.110526 0.039430 
654 9.189453 0.000000 2.270833 97.323928 0.000000 -15.369298 0.029184 
655 9.135742 0.000000 2.020182 102.620548 0.000000 -8.828816 -0.060892 
656 9.082031 0.000000 2.020182 110.240150 0.000000 -6.306833 -0.219267 
657 9.135742 0.000000 1.970052 85.101394 0.000000 -20.091329 0.235409 
658 9.189453 0.000000 2.020182 95.129552 0.000000 -17.078357 0.065870 
659 9.135742 0.000000 2.070312 96.760910 0.000000 -16.896913 0.035182 
660 8.974609 0.000000 2.170573 98.003613 0.000000 -15.863972 0.014363 
661 8.867188 0.000000 2.170573 98.438804 0.000000 -15.486948 0.006996 
662 8.974609 0.000000 2.270833 97.786429 0.000000 -15.498026 0.019763 
663 9.028320 0.000000 2.020182 110.947442 0.000000 -5.111559 -0.233546 
664 8.974609 0.000000 2.020182 111.530536 0.000000 -3.121146 -0.244880 
665 9.028320 0.000000 1.970052 105.537123 0.000000 -12.068539 -0.128373 
666 9.028320 0.000000 2.070312 98.040085 0.000000 -16.573236 0.011347 
667 8.652344 0.000000 1.669271 100.537859 0.000000 -15.749549 -0.035591 
668 8.437500 0.000000 1.669271 102.058689 0.000000 -15.745220 -0.066389 
669 8.652344 0.000000 1.468750 100.521791 0.000000 -15.415850 -0.034228 
670 8.974609 0.000000 1.769531 97.871471 0.000000 -17.626764 0.011047 
671 8.867188 0.000000 1.769531 99.247833 0.000000 -16.856574 -0.013428 
672 8.974609 0.000000 1.669271 95.301929 0.000000 -16.965675 0.062971 
673 9.082031 0.000000 1.769531 90.185420 0.000000 -17.500675 0.156032 
674 9.028320 0.000000 1.919922 98.429221 0.000000 -19.991326 -0.008796 
675 8.974609 0.000000 1.919922 99.256921 0.000000 -19.282052 -0.022373 
676 9.028320 0.000000 1.869792 96.872258 0.000000 -18.734622 0.026478 
677 9.082031 0.000000 1.919922 94.548320 0.000000 -20.001603 0.066055 
678 9.055176 0.000000 1.995117 109.758743 0.000000 -6.829610 -0.209363 
679 9.028320 0.000000 1.995117 109.954567 0.000000 -6.464637 -0.213180 
680 9.055176 0.000000 1.970052 103.028699 0.000000 -14.839427 -0.083512 
681 9.082031 0.000000 1.995117 109.875070 0.000000 -6.206922 -0.211106 
682 9.055176 0.000000 2.020182 110.525003 0.000000 -5.850539 -0.225001 
683 9.511719 0.000000 1.669271 95.794398 0.000000 -13.343139 0.064539 
684 9.511719 0.000000 1.468750 95.482160 0.000000 -12.608828 0.072417 
685 9.726562 0.000000 1.669271 96.384745 0.000000 -12.955770 0.054213 
686 9.189453 0.000000 1.769531 82.465135 0.000000 -16.224522 0.293627 
687 9.189453 0.000000 1.669271 85.379698 0.000000 -16.288120 0.244500 
688 9.296875 0.000000 1.769531 94.488186 0.000000 -14.304837 0.086735 
689 9.135742 0.000000 1.919922 85.169661 0.000000 -18.948444 0.238709 
690 9.135742 0.000000 1.869792 83.943843 0.000000 -17.342681 0.265266 
691 9.189453 0.000000 1.919922 80.670029 0.000000 -17.286175 0.319353 
692 9.108887 0.000000 1.995117 106.356720 0.000000 -7.536977 -0.136856 
693 9.108887 0.000000 1.970052 96.114527 0.000000 -16.948694 0.047474 
694 9.135742 0.000000 1.995117 95.253874 0.000000 -6.138051 0.088902 
695 9.108887 0.000000 2.020182 108.414870 0.000000 -6.074129 -0.179068 
696 9.028320 0.000000 2.120443 97.725797 0.000000 -16.197156 0.018732 
697 8.974609 0.000000 2.120443 98.071378 0.000000 -16.030998 0.012501 
698 9.082031 0.000000 2.120443 97.363055 0.000000 -16.273488 0.025561 
699 9.028320 0.000000 2.170573 97.725041 0.000000 -15.919087 0.019640 
700 9.055176 0.000000 2.045247 112.349375 0.000000 -3.530920 -0.263485 
701 9.028320 0.000000 2.045247 111.991626 0.000000 -3.511533 -0.255446 
702 9.082031 0.000000 2.045247 97.695716 0.000000 -17.405198 0.015261 
703 9.055176 0.000000 2.070312 97.744269 0.000000 -16.810004 0.016348 
704 9.068604 0.000000 2.007650 110.209723 0.000000 -6.308194 -0.218598 
705 9.055176 0.000000 2.007650 110.844944 0.000000 -5.659886 -0.231864 
706 9.068604 0.000000 1.995117 109.681169 0.000000 -6.952793 -0.207830 
707 9.082031 0.000000 2.007650 110.972735 0.000000 -5.491561 -0.234511 
708 9.068604 0.000000 2.020182 111.288296 0.000000 -5.204819 -0.241218 
709 -36.250000 0.000000 -37.833333 98.140896 0.000000 -19.273164 -0.000309 
710 -50.000000 0.000000 -37.833333 98.134688 0.000000 -19.274228 -0.000191 
711 -36.250000 0.000000 -50.666667 98.138631 0.000000 -19.270235 -0.000253 
712 46.250000 0.000000 -37.833333 98.165932 0.000000 -19.117639 -0.000203 
713 46.250000 0.000000 -50.666667 98.149833 0.000000 -19.195523 -0.000186 
714 60.000000 0.000000 -37.833333 98.166951 0.000000 -19.087594 -0.000109 
715 -8.750000 0.000000 39.166667 98.097368 0.000000 -19.256243 0.000610 
716 -22.500000 0.000000 39.166667 98.106732 0.000000 -19.268618 0.000379 
717 -8.750000 0.000000 52.000000 98.108285 0.000000 -19.260111 0.000381 
718 -36.250000 0.000000 39.166667 98.114273 0.000000 -19.273110 0.000214 
719 -50.000000 0.000000 39.166667 98.118867 0.000000 -19.274150 0.000120 
720 -36.250000 0.000000 52.000000 98.116132 0.000000 -19.270856 0.000186 
721 -15.625000 0.000000 -18.583333 98.203503 0.000000 -19.299084 -0.001638 
722 -22.500000 0.000000 -18.583333 98.187084 0.000000 -19.323273 -0.001409 
723 -15.625000 0.000000 -25.000000 98.192384 0.000000 -19.279260 -0.001343 
724 46.250000 0.000000 39.166667 98.121472 0.000000 -19.207229 0.000326 
725 60.000000 0.000000 39.166667 98.126565 0.000000 -19.211906 0.000208 
726 46.250000 0.000000 52.000000 98.119776 0.000000 -19.233924 0.000257 
727 25.625000 0.000000 -18.583333 98.288240 0.000000 -18.677384 -0.000942 
728 25.625000 0.000000 -25.000000 98.193603 0.000000 -19.000218 -0.000299 
729 32.500000 0.000000 -18.583333 98.277950 0.000000 -18.596614 -0.000439 
730 -1.875000 0.000000 19.916667 97.994934 0.000000 -19.205325 0.002815 
731 -8.750000 0.000000 19.916667 98.033390 0.000000 -19.260529 0.001849 
732 -1.875000 0.000000 26.333333 98.035353 0.000000 -19.226879 0.001940 
733 -15.625000 0.000000 19.916667 98.061036 0.000000 -19.288520 0.001199 
734 -22.500000 0.000000 19.916667 98.098030 0.000000 -19.280690 0.000503 
735 -15.625000 0.000000 26.333333 98.088611 0.000000 -19.267851 0.000737 
736 -5.312500 0.000000 -8.958333 98.360741 0.000000 -19.345635 -0.004909 
737 -8.750000 0.000000 -8.958333 98.311485 0.000000 -19.418347 -0.004222 
738 -5.312500 0.000000 -12.166667 98.415238 0.000000 -19.330153 -0.005921 
739 25.625000 0.000000 19.916667 98.094406 0.000000 -19.011711 0.001604 
740 32.500000 0.000000 19.916667 98.126175 0.000000 -19.044313 0.000857 
741 25.625000 0.000000 26.333333 98.101391 0.000000 -19.128641 0.001021 
742 15.312500 0.000000 -8.958333 98.584808 0.000000 -17.429988 -0.002277 
743 15.312500 0.000000 -12.166667 98.536412 0.000000 -18.144462 -0.003865 
744 18.750000 0.000000 -8.958333 98.643808 0.000000 -17.114869 -0.002352 
745 1.562500 0.000000 10.291667 97.708726 0.000000 -18.932487 0.009457 
746 -1.875000 0.000000 10.291667 97.747308 0.000000 -19.162851 0.007825 
747 1.562500 0.000000 13.500000 97.884277 0.000000 -19.055132 0.005557 
748 -5.312500 0.000000 10.291667 97.910769 0.000000 -19.241993 0.004323 
749 -8.750000 0.000000 10.291667 97.961682 0.000000 -19.322227 0.003016 
750 -5.312500 0.000000 13.500000 97.926943 0.000000 -19.254576 0.003958 
751 -3.593750 0.000000 -4.145833 98.382451 0.000000 -19.677694 -0.006632 
752 -5.312500 0.000000 -4.145833 98.262451 0.000000 -19.555585 -0.003793 
753 -3.593750 0.000000 -5.750000 98.516772 0.000000 -19.584184 -0.008909 
754 15.312500 0.000000 10.291667 98.016071 0.000000 -18.409845 0.005393 
755 18.750000 0.000000 10.291667 98.035768 0.000000 -18.378503 0.005122 
756 15.312500 0.000000 13.500000 97.962354 0.000000 -18.702580 0.005359 
757 3.281250 0.000000 5.479167 97.139324 0.000000 -18.041183 0.023847 
758 1.562500 0.000000 5.479167 97.167691 0.000000 -18.416197 0.021928 
759 3.281250 0.000000 7.083333 97.278814 0.000000 -18.435220 0.019698 
760 -0.156250 0.000000 5.479167 97.189176 0.000000 -18.911549 0.019662 
761 -1.875000 0.000000 5.479167 97.430847 0.000000 -19.178411 0.013942 
762 -0.156250 0.000000 7.083333 97.433852 0.000000 -18.983666 0.014626 
763 -3.593750 0.000000 5.479167 97.666709 0.000000 -19.221890 0.009173 
764 -5.312500 0.000000 5.479167 97.770464 0.000000 -19.370754 0.006571 
765 -3.593750 0.000000 7.083333 97.739055 0.000000 -19.215854 0.007783 
766 -0.585938 0.000000 1.067708 93.740834 0.000000 -18.203530 0.088129 
767 -1.015625 0.000000 1.067708 94.889424 0.000000 -19.109273 0.063083 
768 -0.585938 0.000000 1.468750 94.716782 0.000000 -18.276925 0.069469 
769 0.273438 0.000000 -1.338542 99.401623 0.000000 -23.713361 -0.044301 
770 -0.156250 0.000000 -1.338542 98.226588 0.000000 -23.069105 -0.018065 
771 0.273438 0.000000 -1.739583 99.069703 0.000000 -22.222912 -0.030866 
772 0.488281 0.000000 -0.736979 100.708083 0.000000 -29.280954 -0.099949 
773 0.273438 0.000000 -0.736979 98.197868 0.000000 -29.099734 -0.048962 
774 0.488281 0.000000 -0.937500 100.386006 0.000000 -26.605756 -0.078522 
775 0.917969 0.000000 0.065104 -0.534481 0.000000 -0.205097 0.999967 
776 1.132812 0.000000 0.065104 -0.238802 0.000000 -0.173691 0.999991 
777 1.347656 0.000000 0.466146 94.768873 0.000000 9.393182 0.093063 
778 1.347656 0.000000 0.265625 0.081337 0.000000 -0.229432 0.999994 
779 1.347656 0.000000 0.666667 94.665013 0.000000 10.458557 0.092915 
780 1.347656 0.000000 -0.736979 110.924907 0.000000 -14.939410 -0.252752 
781 1.347656 0.000000 -0.937500 105.464318 0.000000 -21.654389 -0.159164 
782 1.347656 0.000000 -0.536458 110.786166 0.000000 -17.328726 -0.257386 
783 1.347656 0.000000 -0.335938 -0.432748 0.000000 0.161196 0.999979 
784 1.562500 0.000000 -0.335938 0.017930 0.000000 -0.042109 1.000000 
785 1.347656 0.000000 -0.135417 0.061393 0.000000 -0.000208 1.000000 
786 -0.585938 0.000000 -1.338542 97.180541 0.000000 -22.013105 0.007137 
787 -1.015625 0.000000 -1.338542 97.323423 0.000000 -21.515550 0.006523 
788 -0.585938 0.000000 -1.739583 98.008929 0.000000 -21.615471 -0.007298 
789 2.851562 0.000000 1.067708 93.803664 0.000000 -8.789187 0.112362 
790 3.281250 0.000000 1.067708 94.418584 0.000000 -8.396719 0.101463 
791 2.851562 0.000000 1.468750 94.428862 0.000000 -12.335850 0.093102 
792 2.851562 0.000000 -1.338542 105.949957 0.000000 -14.145966 -0.142550 
793 2.851562 0.000000 -1.739583 104.340886 0.000000 -15.976265 -0.114226 
794 3.281250 0.000000 -1.338542 105.617101 0.000000 -11.883038 -0.129618 
795 1.777344 0.000000 -0.335938 0.708837 0.000000 -0.146827 0.999948 
796 1.992188 0.000000 -0.335938 111.067768 0.000000 -9.608220 -0.242837 
797 1.777344 0.000000 -0.135417 0.804680 0.000000 0.232900 0.999930 
798 5.859375 0.000000 3.072917 96.814463 0.000000 -15.717110 0.037993 
799 5.000000 0.000000 3.072917 96.645106 0.000000 -15.790681 0.041038 
800 5.859375 0.000000 3.875000 97.381066 0.000000 -16.565833 0.024250 
801 3.710938 0.000000 1.067708 95.252174 0.000000 -8.126258 0.086099 
802 3.710938 0.000000 1.468750 95.353876 0.000000 -11.521721 0.077489 
803 3.710938 0.000000 -1.338542 104.283945 0.000000 -10.189195 -0.097896 
804 3.710938 0.000000 -1.739583 103.546035 0.000000 -12.709080 -0.088330 
805 4.785156 0.000000 0.466146 101.697428 0.000000 -3.127350 -0.035215 
806 4.785156 0.000000 0.265625 101.680627 0.000000 -2.020477 -0.034303 
807 4.785156 0.000000 0.666667 101.672361 0.000000 -1.190051 -0.033869 
808 6.289062 0.000000 1.067708 98.710154 0.000000 -14.802532 0.003719 
809 6.289062 0.000000 1.468750 97.882197 0.000000 -14.797126 0.020012 
810 4.785156 0.000000 -0.736979 101.130889 0.000000 -1.335247 -0.022924 
811 4.785156 0.000000 -0.937500 101.241020 0.000000 -1.768513 -0.025287 
812 4.785156 0.000000 -0.536458 101.555894 0.000000 -3.108623 -0.032326 
813 6.289062 0.000000 -1.338542 99.518385 0.000000 -8.069320 0.003098 
814 6.289062 0.000000 -1.739583 100.097285 0.000000 -10.244443 -0.012442 
815 6.718750 0.000000 -1.338542 99.806297 0.000000 -8.118727 -0.002721 
816 13.593750 0.000000 -4.145833 99.058142 0.000000 -14.291725 -0.001677 
817 13.593750 0.000000 -5.750000 98.866718 0.000000 -15.826021 -0.002509 
818 15.312500 0.000000 -4.145833 99.116808 0.000000 -14.006401 -0.002032 
819 13.593750 0.000000 5.479167 98.049019 0.000000 -17.121267 0.009325 
820 15.312500 0.000000 5.479167 98.152247 0.000000 -17.227061 0.006936 
821 13.593750 0.000000 7.083333 98.012534 0.000000 -17.742038 0.007876 
822 8.007812 0.000000 1.067708 101.869449 0.000000 -14.661338 -0.059234 
823 7.148438 0.000000 1.869792 95.974728 0.000000 -14.018270 0.059234 
824 6.718750 0.000000 1.869792 96.599228 0.000000 -14.790035 0.044984 
825 7.148438 0.000000 2.270833 96.231303 0.000000 -14.622291 0.052572 
826 6.933594 0.000000 0.065104 3.494797 0.000000 -1.037990 0.998671 
827 6.718750 0.000000 0.065104 2.348044 0.000000 -0.381006 0.999434 
828 7.148438 0.000000 0.065104 6.654604 0.000000 -2.020635 0.995163 
829 7.148438 0.000000 -1.338542 100.190409 0.000000 -7.960422 -0.010149 
830 7.148438 0.000000 -1.739583 99.945631 0.000000 -10.023913 -0.008961 
831 7.578125 0.000000 -1.338542 100.226336 0.000000 -7.697421 -0.010457 
832 7.363281 0.000000 -0.335938 103.494865 0.000000 8.265761 -0.077951 
833 7.363281 0.000000 -0.536458 103.008818 0.000000 10.163246 -0.071411 
834 7.363281 0.000000 -0.135417 10.681754 0.000000 -0.989752 0.988492 
835 9.511719 0.000000 -0.335938 93.875391 0.000000 -2.757791 0.117981 
836 9.511719 0.000000 -0.536458 95.485771 0.000000 -3.503029 0.087020 
837 9.082031 0.000000 0.065104 97.931710 0.000000 -24.241819 -0.017829 
838 8.867188 0.000000 0.065104 101.901421 0.000000 -21.846009 -0.086115 
839 9.082031 0.000000 0.265625 92.762219 0.000000 -18.174794 0.106485 
840 9.511719 0.000000 0.466146 94.086811 0.000000 -12.166958 0.099964 
841 9.296875 0.000000 0.466146 93.455544 0.000000 -13.211213 0.109153 
842 9.511719 0.000000 0.666667 94.667348 0.000000 -11.076002 0.091542 
843 10.585938 0.000000 1.067708 97.488046 0.000000 -10.706188 0.038146 
844 11.015625 0.000000 1.067708 98.073878 0.000000 -11.078447 0.025878 
845 10.585938 0.000000 1.468750 97.603962 0.000000 -12.140077 0.032609 
846 10.585938 0.000000 1.869792 97.666163 0.000000 -13.261990 0.028544 
847 11.015625 0.000000 1.869792 98.041975 0.000000 -13.276084 0.021152 
848 10.585938 0.000000 2.270833 97.865681 0.000000 -14.182083 0.022118 
849 10.371094 0.000000 0.466146 97.051126 0.000000 -9.442922 0.049191 
850 10.585938 0.000000 0.466146 97.599558 0.000000 -9.331634 0.038725 
851 10.371094 0.000000 0.666667 97.139210 0.000000 -9.596730 0.047188 
852 10.048828 0.000000 0.165365 94.036244 0.000000 -15.036504 0.093109 
853 10.156250 0.000000 0.165365 95.162240 0.000000 -13.772032 0.075448 
854 10.048828 0.000000 0.265625 95.130830 0.000000 -11.638199 0.081468 
855 10.371094 0.000000 -0.335938 91.768151 0.000000 -22.634341 0.106629 
856 10.371094 0.000000 -0.536458 95.507967 0.000000 -10.331592 0.077149 
857 10.585938 0.000000 -0.335938 97.623052 0.000000 -5.841319 0.043562 
858 8.007812 0.000000 2.671875 97.133484 0.000000 -14.819393 0.034547 
859 7.578125 0.000000 2.671875 96.904588 0.000000 -15.110520 0.038117 
860 8.007812 0.000000 3.072917 97.452937 0.000000 -15.646680 0.025811 
861 8.652344 0.000000 2.471354 97.911477 0.000000 -15.010781 0.018802 
862 8.437500 0.000000 2.471354 97.821951 0.000000 -14.566533 0.021868 
863 8.652344 0.000000 2.671875 97.732287 0.000000 -15.228212 0.021650 
864 10.585938 0.000000 2.671875 97.718004 0.000000 -14.725455 0.023435 
865 11.015625 0.000000 2.671875 97.908890 0.000000 -14.806283 0.019462 
866 10.585938 0.000000 3.072917 97.869768 0.000000 -15.373240 0.018517 
867 9.511719 0.000000 2.471354 97.506522 0.000000 -14.924218 0.026975 
868 9.726562 0.000000 2.471354 97.504653 0.000000 -14.736082 0.027569 
869 9.511719 0.000000 2.671875 97.462316 0.000000 -15.035173 0.027504 
870 9.135742 0.000000 2.120443 97.026830 0.000000 -16.245699 0.032187 
871 9.189453 0.000000 2.120443 96.766035 0.000000 -16.001278 0.038029 
872 9.135742 0.000000 2.170573 97.182253 0.000000 -15.926956 0.030194 
873 9.108887 0.000000 2.045247 97.182765 0.000000 -17.674935 0.024311 
874 9.135742 0.000000 2.045247 96.608473 0.000000 -17.727404 0.035254 
875 9.108887 0.000000 2.070312 97.116278 0.000000 -17.021582 0.027869 
876 4.140625 0.000000 3.072917 96.466736 0.000000 -15.863350 0.044252 
877 3.281250 0.000000 3.072917 96.307538 0.000000 -16.338992 0.045790 
878 4.140625 0.000000 3.875000 96.838946 0.000000 -16.804757 0.033982 
879 2.421875 0.000000 3.072917 96.098687 0.000000 -16.946458 0.047786 
880 1.562500 0.000000 3.072917 96.154442 0.000000 -17.519885 0.044738 
881 2.421875 0.000000 3.875000 96.703565 0.000000 -17.521051 0.034143 
882 0.058594 0.000000 -0.736979 96.406394 0.000000 -27.719894 -0.006259 
883 -0.156250 0.000000 -0.736979 95.595115 0.000000 -25.959124 0.018770 
884 0.058594 0.000000 -0.937500 97.621198 0.000000 -25.737484 -0.019232 
885 1.347656 0.000000 0.065104 0.090344 0.000000 -0.101281 0.999998 
886 1.562500 0.000000 0.065104 0.462635 0.000000 0.031318 0.999978 
887 1.777344 0.000000 0.065104 0.958696 0.000000 0.347391 0.999896 
888 1.992188 0.000000 0.065104 1.853368 0.000000 0.703647 0.999607 
889 2.207031 0.000000 0.065104 3.502032 0.000000 1.132887 0.998645 
890 2.207031 0.000000 -0.135417 3.244477 0.000000 0.545666 0.998918 
891 2.421875 0.000000 0.065104 5.712284 0.000000 1.513589 0.996508 
892 2.207031 0.000000 -0.335938 111.562955 0.000000 -7.588329 -0.250388 
893 2.421875 0.000000 -0.335938 5.059085 0.000000 0.342128 0.997429 
894 6.289062 0.000000 1.869792 97.303570 0.000000 -14.824220 0.031226 
895 5.859375 0.000000 1.869792 97.721707 0.000000 -14.556141 0.023859 
896 6.289062 0.000000 2.270833 97.076370 0.000000 -15.020715 0.035056 
897 5.429688 0.000000 1.869792 97.772913 0.000000 -14.015565 0.024402 
898 5.000000 0.000000 1.869792 97.430890 0.000000 -13.439457 0.032660 
899 5.429688 0.000000 2.270833 96.797880 0.000000 -14.722645 0.041341 
900 7.363281 0.000000 0.065104 11.215086 0.000000 -2.366927 0.986862 
901 7.578125 0.000000 0.065104 15.565292 0.000000 -1.450189 0.975562 
902 7.363281 0.000000 0.265625 96.241669 0.000000 -15.560617 0.049541 
903 7.363281 0.000000 0.466146 94.614991 0.000000 -10.199605 0.094397 
904 7.578125 0.000000 0.466146 93.154973 0.000000 -13.361040 0.114363 
905 7.363281 0.000000 0.666667 69.504502 0.000000 2.872489 0.516087 
906 8.007812 0.000000 -1.338542 99.960441 0.000000 -7.053855 -0.004185 
907 8.007812 0.000000 -1.739583 99.727044 0.000000 -9.252862 -0.003110 
908 8.437500 0.000000 -1.338542 99.503256 0.000000 -6.741822 0.005365 
909 7.792969 0.000000 0.065104 18.890190 0.000000 -1.206412 0.964171 
910 8.007812 0.000000 0.065104 20.592903 0.000000 -0.798480 0.957529 
911 7.792969 0.000000 0.265625 94.481006 0.000000 -14.664909 0.085828 
912 7.792969 0.000000 0.466146 99.700379 0.000000 -15.420844 -0.017797 
913 8.007812 0.000000 0.466146 99.805477 0.000000 -16.697917 -0.023995 
914 7.792969 0.000000 0.666667 99.655716 0.000000 -15.638262 -0.017582 
915 8.867188 0.000000 -1.338542 98.970292 0.000000 -6.737800 0.015948 
916 8.867188 0.000000 -1.739583 99.388935 0.000000 -8.644760 0.004711 
917 9.296875 0.000000 -1.338542 98.503721 0.000000 -7.048749 0.024733 
918 9.082031 0.000000 0.466146 88.687566 0.000000 -17.305653 0.183503 
919 8.867188 0.000000 0.466146 95.709515 0.000000 -15.954197 0.058515 
920 9.082031 0.000000 0.666667 86.069466 0.000000 -15.287641 0.235833 
921 7.148438 0.000000 2.671875 96.834386 0.000000 -15.227976 0.039121 
922 6.718750 0.000000 2.671875 96.691016 0.000000 -15.224363 0.041907 
923 7.148438 0.000000 3.072917 96.867104 0.000000 -15.798129 0.036718 
924 6.289062 0.000000 2.671875 96.693111 0.000000 -15.309894 0.041605 
925 5.859375 0.000000 2.671875 96.704421 0.000000 -15.392300 0.041133 
926 6.289062 0.000000 3.072917 96.772355 0.000000 -15.775961 0.038623 
927 0.703125 0.000000 3.072917 96.311109 0.000000 -17.916724 0.040316 
928 -0.156250 0.000000 3.072917 96.477606 0.000000 -18.404083 0.035336 
929 0.703125 0.000000 3.875000 96.739366 0.000000 -18.317883 0.030595 
930 -1.015625 0.000000 3.072917 96.768037 0.000000 -18.865181 0.028005 
931 -1.875000 0.000000 3.072917 96.976092 0.000000 -19.268743 0.022435 
932 -1.015625 0.000000 3.875000 96.987197 0.000000 -18.955131 0.023419 
933 4.570312 0.000000 1.869792 96.427322 0.000000 -13.186404 0.052789 
934 4.140625 0.000000 1.869792 96.045945 0.000000 -13.275227 0.059894 
935 4.570312 0.000000 2.270833 96.298119 0.000000 -14.300648 0.052216 
936 3.710938 0.000000 1.869792 95.616687 0.000000 -13.426964 0.067717 
937 3.281250 0.000000 1.869792 95.236004 0.000000 -13.766376 0.074059 
938 3.710938 0.000000 2.270833 95.864198 0.000000 -14.589941 0.059719 
939 9.726562 0.000000 -1.338542 98.214336 0.000000 -7.796439 0.029316 
940 9.726562 0.000000 -1.739583 98.803208 0.000000 -9.132166 0.015453 
941 10.156250 0.000000 -1.338542 98.253303 0.000000 -8.319285 0.027708 
942 10.585938 0.000000 -1.338542 98.276029 0.000000 -9.017109 0.026051 
943 10.585938 0.000000 -1.739583 98.569465 0.000000 -10.051969 0.018302 
944 11.015625 0.000000 -1.338542 98.379113 0.000000 -9.628877 0.022883 
945 5.429688 0.000000 2.671875 96.699574 0.000000 -15.291502 0.041536 
946 5.000000 0.000000 2.671875 96.673485 0.000000 -15.172739 0.042403 
947 5.429688 0.000000 3.072917 96.899783 0.000000 -15.656164 0.036532 
948 4.570312 0.000000 2.671875 96.517457 0.000000 -15.061076 0.045754 
949 4.140625 0.000000 2.671875 96.329592 0.000000 -15.194903 0.048972 
950 4.570312 0.000000 3.072917 96.688117 0.000000 -15.746490 0.040346 
1 11 62 60 61 
2 62 10 24 60 
3 60 24 14 63 
4 61 60 63 6 
5 24 66 64 65 
6 66 23 40 64 
7 64 40 27 67 
8 65 64 67 14 
9 40 70 68 69 
10 69 68 71 27 
11 6 63 92 93 
12 63 14 36 92 
13 92 36 19 94 
14 93 92 94 20 
15 14 67 95 96 
16 67 27 52 95 
17 95 52 35 97 
18 96 95 97 36 
19 27 71 98 99 
20 99 98 100 52 
21 68 112 110 111 
22 112 56 80 110 
23 110 80 43 113 
24 111 110 113 71 
25 80 116 114 115 
26 115 114 117 43 
27 124 126 103 127 
28 125 124 127 101 
29 71 113 133 134 
30 113 43 102 133 
31 133 102 76 135 
32 134 133 135 98 
33 43 117 136 137 
34 136 125 101 138 
35 137 136 138 102 
36 114 141 139 140 
37 141 106 129 139 
38 139 129 83 142 
39 140 139 142 117 
40 12 145 143 144 
41 145 7 146 143 
42 143 146 13 25 
43 144 143 25 10 
44 25 149 147 148 
45 149 13 150 147 
46 147 150 26 41 
47 148 147 41 23 
48 41 153 151 152 
49 153 26 154 151 
50 151 154 42 57 
51 152 151 57 39 
52 39 157 155 156 
53 157 57 158 155 
54 155 158 55 81 
55 156 155 81 56 
56 81 161 159 160 
57 161 55 162 159 
58 106 169 167 168 
59 169 130 170 167 
60 168 167 171 129 
61 130 181 180 170 
62 181 105 182 180 
63 180 182 131 183 
64 170 180 183 128 
65 83 132 184 185 
66 132 109 186 184 
67 184 186 124 187 
68 185 184 187 125 
69 129 171 188 189 
70 171 128 190 188 
71 188 190 132 191 
72 189 188 191 83 
73 167 194 192 193 
74 194 170 195 192 
75 192 195 128 196 
76 193 192 196 171 
77 163 202 200 201 
78 202 166 203 200 
79 200 203 105 181 
80 56 206 204 205 
81 206 81 160 204 
82 205 204 116 80 
83 116 209 207 208 
84 209 79 164 207 
85 207 164 106 141 
86 208 207 141 114 
87 164 212 210 211 
88 212 163 201 210 
89 210 201 130 169 
90 211 210 169 106 
91 201 215 213 214 
92 215 200 216 213 
93 213 216 181 217 
94 214 213 217 130 
95 128 183 218 190 
96 183 131 219 218 
97 218 219 109 220 
98 190 218 220 132 
99 221 222 121 223 
100 126 221 223 103 
101 109 179 224 186 
102 179 59 225 224 
103 224 225 126 226 
104 186 224 226 124 
105 131 228 227 219 
106 228 176 229 227 
107 227 229 179 230 
108 219 227 230 109 
109 232 197 233 231 
110 231 233 177 234 
111 203 231 234 105 
112 57 236 235 158 
113 236 42 237 235 
114 235 237 58 89 
115 158 235 89 55 
116 55 239 238 162 
117 239 89 240 238 
118 159 243 241 242 
119 243 162 244 241 
120 241 244 82 198 
121 242 241 198 107 
122 107 247 245 246 
123 247 198 248 245 
124 245 248 197 232 
125 246 245 232 166 
126 166 251 249 250 
127 251 232 252 249 
128 249 252 231 253 
129 250 249 253 203 
130 59 257 258 225 
131 257 175 259 258 
132 258 259 221 260 
133 225 258 260 126 
134 178 263 261 262 
135 263 254 264 261 
136 261 264 257 265 
137 262 261 265 59 
138 162 270 269 244 
139 270 238 271 269 
140 269 271 173 267 
141 244 269 267 82 
142 82 274 272 273 
143 274 267 275 272 
144 272 275 266 276 
145 273 272 276 199 
146 172 286 285 256 
147 286 174 287 285 
148 285 287 91 288 
149 256 285 288 175 
150 254 290 289 264 
151 290 256 291 289 
152 289 291 175 292 
153 264 289 292 257 
154 173 294 293 268 
155 294 88 295 293 
156 293 295 174 286 
157 268 293 286 172 
158 267 297 296 275 
159 297 173 298 296 
160 296 298 268 299 
161 275 296 299 266 
162 174 307 306 287 
163 307 281 308 306 
164 306 308 284 309 
165 287 306 309 91 
166 89 311 310 240 
167 311 58 312 310 
168 88 314 313 295 
169 314 282 315 313 
170 313 315 281 307 
171 295 313 307 174 
172 281 321 320 308 
173 321 283 322 320 
174 284 323 327 328 
175 323 5 329 327 
176 327 329 304 330 
177 328 327 330 303 
178 308 333 331 332 
179 333 320 334 331 
180 331 334 323 335 
181 332 331 335 284 
182 336 338 283 321 
183 315 336 321 281 
184 7 340 339 146 
185 340 16 341 339 
186 339 341 15 32 
187 146 339 32 13 
188 13 343 342 150 
189 343 32 344 342 
190 342 344 31 48 
191 150 342 48 26 
192 26 346 345 154 
193 346 48 347 345 
194 345 347 47 85 
195 154 345 85 42 
196 42 349 348 237 
197 349 85 350 348 
198 348 350 84 278 
199 237 348 278 58 
200 58 352 351 312 
201 352 278 353 351 
202 310 356 354 355 
203 356 312 357 354 
204 354 357 90 337 
205 355 354 337 282 
206 282 360 358 359 
207 360 337 361 358 
208 358 361 336 362 
209 359 358 362 315 
210 283 364 363 322 
211 364 316 365 363 
212 5 366 367 329 
213 366 319 368 367 
214 367 368 324 369 
215 329 367 369 304 
216 322 372 370 371 
217 372 363 373 370 
218 370 373 366 374 
219 371 370 374 5 
220 375 377 316 364 
221 338 375 364 283 
222 312 379 378 357 
223 379 351 380 378 
224 378 380 317 376 
225 357 378 376 90 
226 90 383 381 382 
227 383 376 384 381 
228 381 384 375 385 
229 382 381 385 338 
230 15 387 386 33 
231 387 17 388 386 
232 386 388 8 389 
233 33 386 389 18 
234 31 391 390 49 
235 391 33 392 390 
236 390 392 18 393 
237 49 390 393 34 
238 395 49 396 394 
239 394 396 34 397 
240 316 407 406 365 
241 407 318 408 406 
242 406 408 280 409 
243 365 406 409 319 
244 363 411 410 373 
245 411 365 412 410 
246 410 412 319 413 
247 373 410 413 366 
248 317 415 414 377 
249 415 277 416 414 
250 414 416 318 407 
251 377 414 407 316 
252 376 418 417 384 
253 418 317 419 417 
254 417 419 377 420 
255 384 417 420 375 
256 18 389 421 45 
257 389 8 422 421 
258 421 422 29 423 
259 45 421 423 28 
260 34 393 424 73 
261 393 18 425 424 
262 424 425 45 426 
263 73 424 426 44 
264 397 34 428 427 
265 427 428 73 429 
266 280 439 440 441 
267 439 405 442 440 
268 440 442 433 443 
269 441 440 443 325 
270 408 446 444 445 
271 446 436 447 444 
272 444 447 439 448 
273 445 444 448 280 
274 278 450 449 353 
275 450 84 451 449 
276 277 453 452 416 
277 453 403 454 452 
278 416 457 455 456 
279 457 452 458 455 
280 455 458 437 459 
281 456 455 459 318 
282 403 465 464 454 
283 465 279 466 464 
284 464 466 404 467 
285 467 404 469 468 
286 468 469 87 470 
287 454 473 471 472 
288 473 464 474 471 
289 471 474 467 475 
290 472 471 475 402 
291 85 477 476 350 
292 477 47 478 476 
293 476 478 86 399 
294 350 476 399 84 
295 84 480 479 451 
296 480 399 481 479 
297 279 483 482 466 
298 483 461 484 482 
299 466 482 485 404 
300 86 487 486 400 
301 487 394 488 486 
302 486 488 397 489 
303 400 486 489 50 
304 491 400 492 490 
305 490 492 50 493 
306 461 495 494 484 
307 495 398 496 494 
308 404 485 501 469 
309 469 501 503 87 
310 482 506 504 505 
311 506 484 507 504 
312 504 507 460 508 
313 505 504 508 485 
314 460 514 512 513 
315 514 497 515 512 
316 512 515 509 516 
317 513 512 516 502 
318 50 489 517 431 
319 489 397 518 517 
320 517 518 427 519 
321 431 517 519 119 
322 493 50 521 520 
323 520 521 431 522 
324 524 490 525 523 
325 523 525 493 526 
326 399 532 531 481 
327 532 86 533 531 
328 531 533 400 491 
329 398 535 534 496 
330 535 491 536 534 
331 534 536 490 524 
332 494 539 537 538 
333 539 496 540 537 
334 537 540 462 528 
335 538 537 528 497 
336 497 543 541 542 
337 543 528 544 541 
338 542 541 545 515 
339 462 547 546 529 
340 547 524 548 546 
341 546 548 523 549 
342 529 546 549 510 
343 528 551 550 544 
344 551 462 552 550 
345 550 552 529 553 
346 544 550 553 527 
347 463 511 554 555 
348 511 401 556 554 
349 554 556 499 557 
350 555 554 557 498 
351 509 530 558 559 
352 530 510 560 558 
353 558 560 401 561 
354 559 558 561 511 
355 515 545 562 563 
356 545 527 564 562 
357 562 564 530 565 
358 563 562 565 509 
359 541 568 566 567 
360 568 544 569 566 
361 566 569 527 570 
362 567 566 570 545 
363 21 46 571 572 
364 46 28 573 571 
365 571 573 30 574 
366 572 571 574 9 
367 37 74 575 576 
368 74 44 577 575 
369 575 577 46 578 
370 576 575 578 21 
371 53 120 579 580 
372 120 72 581 579 
373 579 581 74 582 
374 580 579 582 37 
375 118 432 583 584 
376 432 119 585 583 
377 583 585 72 586 
378 584 583 586 120 
379 587 589 432 590 
380 588 587 590 118 
381 557 499 597 596 
382 596 597 430 598 
383 77 302 599 600 
384 302 118 584 599 
385 599 584 120 601 
386 600 599 601 53 
387 602 588 118 604 
388 603 602 604 302 
389 605 607 587 608 
390 606 605 608 588 
391 87 503 614 615 
392 503 463 555 614 
393 614 555 498 593 
394 615 614 593 434 
395 593 618 616 617 
396 618 498 619 616 
397 522 431 621 620 
398 620 621 119 622 
399 589 620 622 432 
400 598 430 624 623 
401 623 624 589 625 
402 607 623 625 587 
403 594 627 626 612 
404 627 596 628 626 
405 626 628 598 629 
406 612 626 629 500 
407 632 594 633 630 
408 630 633 612 634 
409 433 637 635 636 
410 637 434 592 635 
411 635 592 301 638 
412 636 635 638 435 
413 592 641 639 640 
414 641 591 610 639 
415 639 610 595 642 
416 640 639 642 301 
417 591 645 643 644 
418 644 643 646 610 
419 595 613 647 648 
420 613 500 649 647 
421 647 649 607 650 
422 648 647 650 605 
423 634 612 653 651 
424 651 653 500 654 
425 652 651 654 613 
426 657 630 658 655 
427 655 658 634 659 
428 610 646 660 661 
429 660 652 613 662 
430 661 660 662 595 
431 643 665 663 664 
432 664 663 666 646 
433 434 669 667 668 
434 669 593 617 667 
435 667 617 591 641 
436 668 667 641 592 
437 617 672 670 671 
438 672 616 673 670 
439 670 673 611 645 
440 671 670 645 591 
441 645 676 674 675 
442 676 611 677 674 
443 674 677 631 665 
444 675 674 665 643 
445 665 680 678 679 
446 680 631 681 678 
447 679 678 682 663 
448 498 684 683 619 
449 684 557 685 683 
450 683 685 596 627 
451 619 683 627 594 
452 616 687 686 673 
453 687 619 688 686 
454 686 688 594 632 
455 673 686 632 611 
456 611 690 689 677 
457 690 632 691 689 
458 689 691 630 657 
459 677 689 657 631 
460 631 693 692 681 
461 693 657 694 692 
462 692 694 655 695 
463 681 692 695 656 
464 646 666 696 697 
465 666 609 698 696 
466 696 698 652 699 
467 697 696 699 660 
468 663 682 700 701 
469 682 656 702 700 
470 700 702 609 703 
471 701 700 703 666 
472 678 706 704 705 
473 706 681 707 704 
474 704 707 656 708 
475 705 704 708 682 
476 1 711 709 710 
477 711 12 144 709 
478 709 144 10 62 
479 710 709 62 11 
480 16 713 712 341 
481 713 2 714 712 
482 712 714 17 387 
483 341 712 387 15 
484 19 38 715 716 
485 38 21 572 715 
486 715 572 9 717 
487 716 715 717 22 
488 20 94 718 719 
489 94 19 716 718 
490 718 716 22 720 
491 719 718 720 4 
492 10 723 721 722 
493 723 25 148 721 
494 721 148 23 66 
495 722 721 66 24 
496 28 423 724 573 
497 423 29 725 724 
498 724 725 3 726 
499 573 724 726 30 
500 32 728 727 344 
501 728 15 729 727 
502 727 729 33 391 
503 344 727 391 31 
504 35 54 730 731 
505 54 37 576 730 
506 730 576 21 732 
507 731 730 732 38 
508 36 97 733 734 
509 97 35 731 733 
510 733 731 38 735 
511 734 733 735 19 
512 23 738 736 737 
513 738 41 152 736 
514 736 152 39 70 
515 737 736 70 40 
516 44 426 739 577 
517 426 45 740 739 
518 739 740 28 741 
519 577 739 741 46 
520 48 743 742 347 
521 743 31 744 742 
522 742 744 49 395 
523 347 742 395 47 
524 51 78 745 746 
525 78 53 580 745 
526 745 580 37 747 
527 746 745 747 54 
528 52 100 748 749 
529 100 51 746 748 
530 748 746 54 750 
531 749 748 750 35 
532 70 753 751 752 
533 753 39 156 751 
534 751 156 56 112 
535 752 751 112 68 
536 72 429 754 581 
537 429 73 755 754 
538 754 755 44 756 
539 581 754 756 74 
540 75 123 757 758 
541 123 77 600 757 
542 757 600 53 759 
543 758 757 759 78 
544 76 104 760 761 
545 104 75 758 760 
546 760 758 78 762 
547 761 760 762 51 
548 98 135 763 764 
549 135 76 761 763 
550 763 761 51 765 
551 764 763 765 100 
552 117 142 766 767 
553 142 83 185 766 
554 766 185 125 768 
555 767 766 768 136 
556 160 771 769 770 
557 771 159 242 769 
558 769 242 107 165 
559 770 769 165 79 
560 165 774 772 773 
561 774 107 246 772 
562 772 246 166 202 
563 773 772 202 163 
564 105 234 775 182 
565 234 177 776 775 
566 775 776 176 228 
567 182 775 228 131 
568 176 778 777 229 
569 778 178 262 777 
570 777 262 59 779 
571 229 777 779 179 
572 198 781 780 248 
573 781 82 273 780 
574 780 273 199 782 
575 248 780 782 197 
576 197 782 783 233 
577 782 199 784 783 
578 783 784 108 785 
579 233 783 785 177 
580 204 788 786 787 
581 788 160 770 786 
582 786 770 79 209 
583 787 786 209 116 
584 175 288 789 259 
585 288 91 790 789 
586 789 790 222 791 
587 259 789 791 221 
588 238 793 792 271 
589 793 240 794 792 
590 792 794 88 294 
591 271 792 294 173 
592 199 276 795 784 
593 276 266 796 795 
594 795 796 255 797 
595 784 795 797 108 
596 798 603 302 800 
597 799 798 800 77 
598 91 309 801 790 
599 309 284 328 801 
600 801 328 303 802 
601 790 801 802 222 
602 240 804 803 794 
603 804 310 355 803 
604 803 355 282 314 
605 794 803 314 88 
606 320 806 805 334 
607 806 322 371 805 
608 805 371 5 807 
609 334 805 807 323 
610 319 409 808 368 
611 409 280 441 808 
612 808 441 325 809 
613 368 808 809 324 
614 337 811 810 361 
615 811 90 382 810 
616 810 382 338 812 
617 361 810 812 336 
618 351 814 813 380 
619 814 353 815 813 
620 813 815 277 415 
621 380 813 415 317 
622 47 817 816 478 
623 817 395 818 816 
624 816 818 394 487 
625 478 816 487 86 
626 119 519 819 585 
627 519 427 820 819 
628 819 820 429 821 
629 585 819 821 72 
630 405 470 822 442 
631 470 87 615 822 
632 822 615 434 637 
633 442 822 637 433 
634 325 443 823 824 
635 443 433 636 823 
636 823 636 435 825 
637 824 823 825 300 
638 318 459 826 827 
639 459 437 828 826 
640 826 828 436 446 
641 827 826 446 408 
642 353 830 829 815 
643 830 449 831 829 
644 829 831 403 453 
645 815 829 453 277 
646 452 833 832 458 
647 833 454 472 832 
648 832 472 402 834 
649 458 832 834 437 
650 484 836 835 507 
651 836 494 538 835 
652 835 538 497 514 
653 507 835 514 460 
654 485 508 837 838 
655 508 460 513 837 
656 837 513 502 839 
657 838 837 839 501 
658 502 516 840 841 
659 516 509 559 840 
660 840 559 511 842 
661 841 840 842 463 
662 401 526 843 556 
663 526 493 844 843 
664 843 844 520 845 
665 556 843 845 499 
666 499 845 846 597 
667 845 520 847 846 
668 846 847 522 848 
669 597 846 848 430 
670 510 549 849 560 
671 549 523 850 849 
672 849 850 526 851 
673 560 849 851 401 
674 527 553 852 564 
675 553 529 853 852 
676 852 853 510 854 
677 564 852 854 530 
678 496 856 855 540 
679 856 534 857 855 
680 855 857 524 547 
681 540 855 547 462 
682 435 638 858 859 
683 638 301 606 858 
684 858 606 588 860 
685 859 858 860 602 
686 301 642 861 862 
687 642 595 648 861 
688 861 648 605 863 
689 862 861 863 606 
690 430 848 864 624 
691 848 522 865 864 
692 864 865 620 866 
693 624 864 866 589 
694 500 629 867 649 
695 629 598 868 867 
696 867 868 623 869 
697 649 867 869 607 
698 609 659 870 698 
699 659 634 871 870 
700 870 871 651 872 
701 698 870 872 652 
702 656 695 873 702 
703 695 655 874 873 
704 873 874 659 875 
705 702 873 875 609 
706 121 305 876 877 
707 876 799 77 878 
708 877 876 878 123 
709 103 223 879 880 
710 223 121 877 879 
711 879 877 123 881 
712 880 879 881 75 
713 79 884 882 883 
714 884 165 773 882 
715 882 773 163 212 
716 883 882 212 164 
717 177 785 885 776 
718 785 108 886 885 
719 885 886 178 778 
720 776 885 778 176 
721 108 797 887 886 
722 797 255 888 887 
723 887 888 254 263 
724 886 887 263 178 
725 255 890 889 888 
726 890 172 891 889 
727 889 891 256 290 
728 888 889 290 254 
729 266 299 892 796 
730 299 268 893 892 
731 892 893 172 890 
732 796 892 890 255 
733 324 809 894 895 
734 809 325 824 894 
735 894 824 300 896 
736 895 894 896 326 
737 304 369 897 898 
738 369 324 895 897 
739 897 895 326 899 
740 898 897 899 122 
741 437 834 900 828 
742 834 402 901 900 
743 900 901 438 902 
744 828 900 902 436 
745 436 902 903 447 
746 902 438 904 903 
747 903 904 405 905 
748 447 903 905 439 
749 449 907 906 831 
750 907 451 908 906 
751 906 908 279 465 
752 831 906 465 403 
753 402 475 909 901 
754 475 467 910 909 
755 909 910 468 911 
756 901 909 911 438 
757 438 911 912 904 
758 911 468 913 912 
759 912 913 470 914 
760 904 912 914 405 
761 451 916 915 908 
762 916 479 917 915 
763 915 917 461 483 
764 908 915 483 279 
765 501 839 918 919 
766 839 502 841 918 
767 918 841 463 920 
768 919 918 920 503 
769 300 825 921 922 
770 825 435 859 921 
771 921 859 602 923 
772 922 921 923 603 
773 326 896 924 925 
774 896 300 922 924 
775 924 922 603 926 
776 925 924 926 798 
777 101 127 927 928 
778 127 103 880 927 
779 927 880 75 929 
780 928 927 929 104 
781 102 138 930 931 
782 138 101 928 930 
783 930 928 104 932 
784 931 930 932 76 
785 303 330 933 934 
786 330 304 898 933 
787 933 898 122 935 
788 934 933 935 305 
789 222 802 936 937 
790 802 303 934 936 
791 936 934 305 938 
792 937 936 938 121 
793 479 940 939 917 
794 940 481 941 939 
795 939 941 398 495 
796 917 939 495 461 
797 481 943 942 941 
798 943 531 944 942 
799 942 944 491 535 
800 941 942 535 398 
801 122 899 945 946 
802 899 326 925 945 
803 945 925 798 947 
804 946 945 947 799 
805 305 935 948 949 
806 935 122 946 948 
807 948 946 799 950 
808 949 948 950 876 
