2 0.000000 100.000000 150.000000
883 742 
1 -50.121888 0.000000 -55.677985 99.619470 0.000000 8.715574 0.015424 
2 72.906265 0.000000 -55.677985 99.619470 0.000000 8.715574 0.015424 
3 72.906265 0.000000 59.346946 99.619470 0.000000 8.715574 0.015424 
4 -50.121888 0.000000 59.346946 99.619470 0.000000 8.715574 0.015424 
5 11.392189 0.000000 1.834480 101.195043 0.000000 4.944077 -0.021137 
6 -50.121888 0.000000 1.834480 99.619470 0.000000 8.715574 0.015424 
7 11.392189 0.000000 -55.677985 99.619470 0.000000 8.715574 0.015424 
8 72.906265 0.000000 1.834480 99.870118 0.000000 5.923510 0.006142 
9 11.392189 0.000000 59.346946 99.619470 0.000000 8.715574 0.015424 
10 42.149227 0.000000 -26.921753 99.619470 0.000000 8.715574 0.015424 
11 11.392189 0.000000 -26.921753 99.619470 0.000000 8.715574 0.015424 
12 42.149227 0.000000 -55.677985 99.619470 0.000000 8.715574 0.015424 
13 72.906265 0.000000 -26.921753 99.738015 0.000000 8.771063 0.013094 
14 42.149227 0.000000 1.834480 99.831561 0.000000 6.490920 0.007637 
15 -19.364850 0.000000 -26.921753 99.619470 0.000000 8.715574 0.015424 
16 -50.121888 0.000000 -26.921753 99.619470 0.000000 8.715574 0.015424 
17 -19.364850 0.000000 -55.677985 99.619470 0.000000 8.715574 0.015424 
18 -19.364850 0.000000 1.834480 99.619470 0.000000 8.715574 0.015424 
19 42.149227 0.000000 30.590713 99.619470 0.000000 8.715574 0.015424 
20 11.392189 0.000000 30.590713 99.619470 0.000000 8.715574 0.015424 
21 72.906265 0.000000 30.590713 99.839807 0.000000 8.216282 0.010051 
22 42.149227 0.000000 59.346946 99.619470 0.000000 8.715574 0.015424 
23 26.770708 0.000000 -12.543636 99.619470 0.000000 8.715574 0.015424 
24 11.392189 0.000000 -12.543636 99.619470 0.000000 8.715574 0.015424 
25 26.770708 0.000000 -26.921753 99.619470 0.000000 8.715574 0.015424 
26 42.149227 0.000000 -12.543636 99.876283 0.000000 8.591660 0.009952 
27 26.770708 0.000000 1.834480 99.720509 0.000000 7.431293 0.011228 
28 -19.364850 0.000000 30.590713 99.619470 0.000000 8.715574 0.015424 
29 -50.121888 0.000000 30.590713 99.619470 0.000000 8.715574 0.015424 
30 -19.364850 0.000000 59.346946 99.619470 0.000000 8.715574 0.015424 
31 -3.986330 0.000000 -12.543636 99.619470 0.000000 8.715574 0.015424 
32 -19.364850 0.000000 -12.543636 99.619470 0.000000 8.715574 0.015424 
33 -3.986330 0.000000 -26.921753 99.619470 0.000000 8.715574 0.015424 
34 -3.986330 0.000000 1.834480 99.619470 0.000000 8.715574 0.015424 
35 26.770708 0.000000 16.212597 99.619470 0.000000 8.715574 0.015424 
36 11.392189 0.000000 16.212597 99.619470 0.000000 8.715574 0.015424 
37 42.149227 0.000000 16.212597 100.023831 0.000000 7.774030 0.005598 
38 26.770708 0.000000 30.590713 99.619470 0.000000 8.715574 0.015424 
39 19.081448 0.000000 -5.354578 99.137720 0.000000 7.662673 0.023579 
40 11.392189 0.000000 -5.354578 99.619470 0.000000 8.715574 0.015424 
41 19.081448 0.000000 -12.543636 99.619470 0.000000 8.715574 0.015424 
42 26.770708 0.000000 -5.354578 99.483266 0.000000 7.776525 0.016625 
43 19.081448 0.000000 1.834480 99.907972 0.000000 8.566509 0.009263 
44 -3.986330 0.000000 16.212597 99.619470 0.000000 8.715574 0.015424 
45 -19.364850 0.000000 16.212597 99.619470 0.000000 8.715574 0.015424 
46 -3.986330 0.000000 30.590713 99.619470 0.000000 8.715574 0.015424 
47 3.702929 0.000000 -5.354578 99.619470 0.000000 8.715574 0.015424 
48 -3.986330 0.000000 -5.354578 99.619470 0.000000 8.715574 0.015424 
49 3.702929 0.000000 -12.543636 99.619470 0.000000 8.715574 0.015424 
50 3.702929 0.000000 1.834480 99.619470 0.000000 8.715574 0.015424 
51 19.081448 0.000000 9.023539 99.619470 0.000000 8.715574 0.015424 
52 11.392189 0.000000 9.023539 99.619470 0.000000 8.715574 0.015424 
53 26.770708 0.000000 9.023539 100.171731 0.000000 7.345090 0.001961 
54 19.081448 0.000000 16.212597 99.619470 0.000000 8.715574 0.015424 
55 15.236819 0.000000 -1.760049 99.079449 0.000000 6.866654 0.023577 
56 11.392189 0.000000 -1.760049 98.964503 0.000000 7.185375 0.026436 
57 15.236819 0.000000 -5.354578 99.619470 0.000000 8.715574 0.015424 
58 19.081448 0.000000 -1.760049 99.595646 0.000000 7.883301 0.014491 
59 15.236819 0.000000 1.834480 99.999772 0.000000 7.130235 0.005115 
60 3.702929 0.000000 9.023539 99.619470 0.000000 8.715574 0.015424 
61 -3.986330 0.000000 9.023539 99.619470 0.000000 8.715574 0.015424 
62 3.702929 0.000000 16.212597 99.619470 0.000000 8.715574 0.015424 
63 7.547559 0.000000 -1.760049 99.619470 0.000000 8.715574 0.015424 
64 3.702929 0.000000 -1.760049 99.619470 0.000000 8.715574 0.015424 
65 7.547559 0.000000 -5.354578 99.619470 0.000000 8.715574 0.015424 
66 7.547559 0.000000 1.834480 99.619470 0.000000 8.715574 0.015424 
67 15.236819 0.000000 5.429010 99.619470 0.000000 8.715574 0.015424 
68 11.392189 0.000000 5.429010 99.619470 0.000000 8.715574 0.015424 
69 19.081448 0.000000 5.429010 100.266886 0.000000 7.202701 -0.000157 
70 15.236819 0.000000 9.023539 99.619470 0.000000 8.715574 0.015424 
71 13.314504 0.000000 0.037216 99.666088 0.000000 0.000000 0.006712 
72 11.392189 0.000000 0.037216 99.619470 0.000000 0.000000 0.007654 
73 13.314504 0.000000 -1.760049 98.805476 0.000000 6.560836 0.028848 
74 15.236819 0.000000 0.037216 100.195715 0.000000 9.521230 0.005174 
75 13.314504 0.000000 1.834480 100.620043 0.000000 5.792782 -0.009001 
76 57.527746 0.000000 -12.543636 99.738497 0.000000 8.495750 0.012597 
77 57.527746 0.000000 -26.921753 99.619470 0.000000 8.715574 0.015424 
78 72.906265 0.000000 -12.543636 99.678990 0.000000 8.451822 0.013738 
79 57.527746 0.000000 1.834480 99.910356 0.000000 5.506773 0.004848 
80 34.459968 0.000000 -5.354578 100.078984 0.000000 7.965299 0.004787 
81 34.459968 0.000000 -12.543636 99.296746 0.000000 8.025160 0.020878 
82 42.149227 0.000000 -5.354578 99.842207 0.000000 7.743963 0.009234 
83 34.459968 0.000000 1.834480 99.750704 0.000000 7.453538 0.010647 
84 22.926078 0.000000 -1.760049 99.497029 0.000000 7.704273 0.016226 
85 22.926078 0.000000 -5.354578 99.262406 0.000000 7.654488 0.020983 
86 26.770708 0.000000 -1.760049 100.406642 0.000000 6.856791 -0.003436 
87 22.926078 0.000000 1.834480 99.501099 0.000000 8.849845 0.018104 
88 17.159133 0.000000 0.037216 99.820133 0.000000 9.292005 0.012378 
89 17.159133 0.000000 -1.760049 99.390910 0.000000 7.377806 0.017899 
90 19.081448 0.000000 0.037216 99.332413 0.000000 9.897837 0.023643 
91 17.159133 0.000000 1.834480 99.362401 0.000000 8.873465 0.021012 
92 7.547559 0.000000 5.429010 99.619470 0.000000 8.715574 0.015424 
93 3.702929 0.000000 5.429010 99.619470 0.000000 8.715574 0.015424 
94 7.547559 0.000000 9.023539 99.619470 0.000000 8.715574 0.015424 
95 13.314504 0.000000 3.631745 100.281568 0.000000 7.282673 -0.000335 
96 11.392189 0.000000 3.631745 99.619470 0.000000 8.715574 0.015424 
97 15.236819 0.000000 3.631745 100.512563 0.000000 6.595261 -0.005893 
98 13.314504 0.000000 5.429010 99.619470 0.000000 8.715574 0.015424 
99 14.275661 0.000000 0.935848 99.801812 0.000000 7.549122 0.009752 
100 13.314504 0.000000 0.935848 99.619470 0.000000 0.000000 0.007654 
101 14.275661 0.000000 0.037216 99.497128 0.000000 7.779811 0.016345 
102 15.236819 0.000000 0.935848 99.462476 0.000000 9.322059 0.019791 
103 14.275661 0.000000 1.834480 100.272613 0.000000 6.361690 -0.001411 
104 26.770708 0.000000 -41.299869 99.619470 0.000000 8.715574 0.015424 
105 11.392189 0.000000 -41.299869 99.619470 0.000000 8.715574 0.015424 
106 26.770708 0.000000 -55.677985 99.619470 0.000000 8.715574 0.015424 
107 42.149227 0.000000 -41.299869 99.619470 0.000000 8.715574 0.015424 
108 19.081448 0.000000 -19.732694 99.619470 0.000000 8.715574 0.015424 
109 11.392189 0.000000 -19.732694 99.619470 0.000000 8.715574 0.015424 
110 19.081448 0.000000 -26.921753 99.619470 0.000000 8.715574 0.015424 
111 26.770708 0.000000 -19.732694 99.619470 0.000000 8.715574 0.015424 
112 15.236819 0.000000 -8.949107 99.619470 0.000000 8.715574 0.015424 
113 11.392189 0.000000 -8.949107 99.619470 0.000000 8.715574 0.015424 
114 15.236819 0.000000 -12.543636 99.619470 0.000000 8.715574 0.015424 
115 19.081448 0.000000 -8.949107 99.619470 0.000000 8.715574 0.015424 
116 13.314504 0.000000 -3.557313 99.619470 0.000000 8.715574 0.015424 
117 11.392189 0.000000 -3.557313 99.619470 0.000000 8.715574 0.015424 
118 13.314504 0.000000 -5.354578 99.619470 0.000000 8.715574 0.015424 
119 15.236819 0.000000 -3.557313 98.931168 0.000000 7.208137 0.027166 
120 14.275661 0.000000 -0.861416 99.262676 0.000000 6.812306 0.019710 
121 13.314504 0.000000 -0.861416 99.031647 0.000000 6.514273 0.024075 
122 14.275661 0.000000 -1.760049 98.910837 0.000000 6.668142 0.026800 
123 15.236819 0.000000 -0.861416 99.345168 0.000000 7.162905 0.018518 
124 57.527746 0.000000 16.212597 99.578059 0.000000 8.172884 0.015330 
125 72.906265 0.000000 16.212597 99.671307 0.000000 7.858648 0.012902 
126 57.527746 0.000000 30.590713 99.619470 0.000000 8.715574 0.015424 
127 34.459968 0.000000 9.023539 99.463517 0.000000 7.520439 0.016626 
128 42.149227 0.000000 9.023539 99.660384 0.000000 6.823159 0.011568 
129 34.459968 0.000000 16.212597 99.619470 0.000000 8.715574 0.015424 
130 22.926078 0.000000 5.429010 99.962761 0.000000 6.457829 0.004939 
131 26.770708 0.000000 5.429010 99.747904 0.000000 6.605139 0.009487 
132 22.926078 0.000000 9.023539 99.619470 0.000000 8.715574 0.015424 
133 17.159133 0.000000 3.631745 100.250808 0.000000 6.902161 -0.000258 
134 19.081448 0.000000 3.631745 99.620762 0.000000 7.361674 0.013159 
135 17.159133 0.000000 5.429010 100.055828 0.000000 7.773153 0.004950 
136 16.197976 0.000000 0.935848 99.677613 0.000000 9.157235 0.015044 
137 16.197976 0.000000 0.037216 99.924200 0.000000 8.883269 0.009495 
138 17.159133 0.000000 0.935848 99.898940 0.000000 9.486026 0.011141 
139 16.197976 0.000000 1.834480 99.744349 0.000000 8.189505 0.011953 
140 14.756240 0.000000 0.486532 99.802778 0.000000 0.000000 0.003956 
141 14.275661 0.000000 0.486532 99.771538 0.000000 0.000000 0.004585 
142 14.756240 0.000000 0.037216 99.804214 0.000000 0.000000 0.003927 
143 15.236819 0.000000 0.486532 99.950191 0.000000 9.386673 0.009903 
144 14.756240 0.000000 0.935848 99.693222 0.000000 8.884097 0.014216 
145 9.469874 0.000000 0.037216 99.619470 0.000000 0.000000 0.007654 
146 7.547559 0.000000 0.037216 99.619470 0.000000 0.000000 0.007654 
147 9.469874 0.000000 -1.760049 99.619470 0.000000 8.715574 0.015424 
148 9.469874 0.000000 1.834480 100.236134 0.000000 7.250890 0.000530 
149 12.353346 0.000000 0.935848 99.619470 0.000000 0.000000 0.007654 
150 11.392189 0.000000 0.935848 99.619470 0.000000 0.000000 0.007654 
151 12.353346 0.000000 0.037216 99.619470 0.000000 0.000000 0.007654 
152 12.353346 0.000000 1.834480 100.893821 0.000000 5.365498 -0.014851 
153 13.795082 0.000000 0.486532 99.674491 0.000000 0.000000 0.006542 
154 13.314504 0.000000 0.486532 99.639384 0.000000 0.000000 0.007251 
155 13.795082 0.000000 0.037216 99.627176 0.000000 7.489959 0.013224 
156 13.795082 0.000000 0.935848 99.890246 0.000000 6.977833 0.007113 
157 17.159133 0.000000 -3.557313 99.015652 0.000000 7.197729 0.025390 
158 17.159133 0.000000 -5.354578 99.619470 0.000000 8.715574 0.015424 
159 19.081448 0.000000 -3.557313 99.182047 0.000000 7.358762 0.022183 
160 16.197976 0.000000 -0.861416 99.699658 0.000000 8.149226 0.012799 
161 16.197976 0.000000 -1.760049 99.243621 0.000000 7.115333 0.020542 
162 17.159133 0.000000 -0.861416 99.798406 0.000000 8.426448 0.011253 
163 14.756240 0.000000 -0.412100 99.492342 0.000000 7.619603 0.016189 
164 14.275661 0.000000 -0.412100 99.321637 0.000000 6.966218 0.018714 
165 14.756240 0.000000 -0.861416 99.278824 0.000000 7.002259 0.019649 
166 15.236819 0.000000 -0.412100 99.600950 0.000000 7.888897 0.014391 
167 14.515950 0.000000 0.261874 99.785378 0.000000 0.000000 0.004306 
168 14.275661 0.000000 0.261874 99.769642 0.000000 0.000000 0.004623 
169 14.515950 0.000000 0.037216 99.841926 0.000000 8.737455 0.010910 
170 14.756240 0.000000 0.261874 99.802467 0.000000 0.000000 0.003962 
171 14.515950 0.000000 0.486532 99.786126 0.000000 0.000000 0.004291 
172 9.469874 0.000000 3.631745 99.619470 0.000000 8.715574 0.015424 
173 7.547559 0.000000 3.631745 99.619470 0.000000 8.715574 0.015424 
174 9.469874 0.000000 5.429010 99.619470 0.000000 8.715574 0.015424 
175 10.431031 0.000000 0.935848 99.619470 0.000000 0.000000 0.007654 
176 9.469874 0.000000 0.935848 99.619470 0.000000 0.000000 0.007654 
177 10.431031 0.000000 0.037216 99.619470 0.000000 0.000000 0.007654 
178 10.431031 0.000000 1.834480 100.501985 0.000000 6.497020 -0.005810 
179 -34.743369 0.000000 -12.543636 99.619470 0.000000 8.715574 0.015424 
180 -50.121888 0.000000 -12.543636 99.619470 0.000000 8.715574 0.015424 
181 -34.743369 0.000000 -26.921753 99.619470 0.000000 8.715574 0.015424 
182 -34.743369 0.000000 1.834480 99.619470 0.000000 8.715574 0.015424 
183 -11.675590 0.000000 -5.354578 99.619470 0.000000 8.715574 0.015424 
184 -19.364850 0.000000 -5.354578 99.619470 0.000000 8.715574 0.015424 
185 -11.675590 0.000000 -12.543636 99.619470 0.000000 8.715574 0.015424 
186 -11.675590 0.000000 1.834480 99.619470 0.000000 8.715574 0.015424 
187 -0.141701 0.000000 -1.760049 99.619470 0.000000 8.715574 0.015424 
188 -3.986330 0.000000 -1.760049 99.619470 0.000000 8.715574 0.015424 
189 -0.141701 0.000000 -5.354578 99.619470 0.000000 8.715574 0.015424 
190 -0.141701 0.000000 1.834480 99.619470 0.000000 8.715574 0.015424 
191 5.625244 0.000000 0.037216 99.619470 0.000000 8.715574 0.015424 
192 3.702929 0.000000 0.037216 99.619470 0.000000 8.715574 0.015424 
193 5.625244 0.000000 -1.760049 99.619470 0.000000 8.715574 0.015424 
194 5.625244 0.000000 1.834480 99.619470 0.000000 8.715574 0.015424 
195 8.508716 0.000000 0.935848 99.619470 0.000000 0.000000 0.007654 
196 7.547559 0.000000 0.935848 99.619470 0.000000 0.000000 0.007654 
197 8.508716 0.000000 0.037216 99.619470 0.000000 0.000000 0.007654 
198 8.508716 0.000000 1.834480 99.619470 0.000000 8.715574 0.015424 
199 -34.743369 0.000000 16.212597 99.619470 0.000000 8.715574 0.015424 
200 -50.121888 0.000000 16.212597 99.619470 0.000000 8.715574 0.015424 
201 -34.743369 0.000000 30.590713 99.619470 0.000000 8.715574 0.015424 
202 -11.675590 0.000000 9.023539 99.619470 0.000000 8.715574 0.015424 
203 -19.364850 0.000000 9.023539 99.619470 0.000000 8.715574 0.015424 
204 -11.675590 0.000000 16.212597 99.619470 0.000000 8.715574 0.015424 
205 -0.141701 0.000000 5.429010 99.619470 0.000000 8.715574 0.015424 
206 -3.986330 0.000000 5.429010 99.619470 0.000000 8.715574 0.015424 
207 -0.141701 0.000000 9.023539 99.619470 0.000000 8.715574 0.015424 
208 5.625244 0.000000 3.631745 99.619470 0.000000 8.715574 0.015424 
209 3.702929 0.000000 3.631745 99.619470 0.000000 8.715574 0.015424 
210 5.625244 0.000000 5.429010 99.619470 0.000000 8.715574 0.015424 
211 6.586402 0.000000 0.935848 99.619470 0.000000 8.715574 0.015424 
212 5.625244 0.000000 0.935848 99.619470 0.000000 8.715574 0.015424 
213 6.586402 0.000000 0.037216 99.619470 0.000000 0.000000 0.007654 
214 6.586402 0.000000 1.834480 99.619470 0.000000 8.715574 0.015424 
215 -3.986330 0.000000 -41.299869 99.619470 0.000000 8.715574 0.015424 
216 -19.364850 0.000000 -41.299869 99.619470 0.000000 8.715574 0.015424 
217 -3.986330 0.000000 -55.677985 99.619470 0.000000 8.715574 0.015424 
218 3.702929 0.000000 -19.732694 99.619470 0.000000 8.715574 0.015424 
219 -3.986330 0.000000 -19.732694 99.619470 0.000000 8.715574 0.015424 
220 3.702929 0.000000 -26.921753 99.619470 0.000000 8.715574 0.015424 
221 7.547559 0.000000 -8.949107 99.619470 0.000000 8.715574 0.015424 
222 3.702929 0.000000 -8.949107 99.619470 0.000000 8.715574 0.015424 
223 7.547559 0.000000 -12.543636 99.619470 0.000000 8.715574 0.015424 
224 9.469874 0.000000 -3.557313 99.619470 0.000000 8.715574 0.015424 
225 7.547559 0.000000 -3.557313 99.619470 0.000000 8.715574 0.015424 
226 9.469874 0.000000 -5.354578 99.619470 0.000000 8.715574 0.015424 
227 8.508716 0.000000 -0.861416 99.311964 0.000000 8.055460 0.020614 
228 7.547559 0.000000 -0.861416 99.619470 0.000000 8.715574 0.015424 
229 8.508716 0.000000 -1.760049 99.619470 0.000000 8.715574 0.015424 
230 9.469874 0.000000 -0.861416 98.743163 0.000000 6.573664 0.030169 
231 8.028138 0.000000 0.486532 99.619470 0.000000 0.000000 0.007654 
232 7.547559 0.000000 0.486532 99.619470 0.000000 0.000000 0.007654 
233 8.028138 0.000000 0.037216 99.619470 0.000000 0.000000 0.007654 
234 8.508716 0.000000 0.486532 99.619470 0.000000 0.000000 0.007654 
235 8.028138 0.000000 0.935848 100.557750 0.000000 5.971839 -0.007562 
236 1.780614 0.000000 0.037216 99.619470 0.000000 8.715574 0.015424 
237 -0.141701 0.000000 0.037216 99.619470 0.000000 8.715574 0.015424 
238 1.780614 0.000000 -1.760049 99.619470 0.000000 8.715574 0.015424 
239 1.780614 0.000000 1.834480 99.619470 0.000000 8.715574 0.015424 
240 4.664087 0.000000 0.935848 99.619470 0.000000 8.715574 0.015424 
241 3.702929 0.000000 0.935848 99.619470 0.000000 8.715574 0.015424 
242 4.664087 0.000000 0.037216 99.619470 0.000000 8.715574 0.015424 
243 4.664087 0.000000 1.834480 99.619470 0.000000 8.715574 0.015424 
244 5.625244 0.000000 -3.557313 99.619470 0.000000 8.715574 0.015424 
245 3.702929 0.000000 -3.557313 99.619470 0.000000 8.715574 0.015424 
246 5.625244 0.000000 -5.354578 99.619470 0.000000 8.715574 0.015424 
247 6.586402 0.000000 -0.861416 99.619470 0.000000 8.715574 0.015424 
248 5.625244 0.000000 -0.861416 99.619470 0.000000 8.715574 0.015424 
249 6.586402 0.000000 -1.760049 99.619470 0.000000 8.715574 0.015424 
250 6.105823 0.000000 0.486532 99.619470 0.000000 0.000000 0.007654 
251 5.625244 0.000000 0.486532 99.619470 0.000000 8.715574 0.015424 
252 6.105823 0.000000 0.037216 99.619470 0.000000 0.000000 0.007654 
253 6.586402 0.000000 0.486532 99.619470 0.000000 0.000000 0.007654 
254 6.105823 0.000000 0.935848 99.619470 0.000000 8.715574 0.015424 
255 4.664087 0.000000 -0.861416 99.619470 0.000000 8.715574 0.015424 
256 3.702929 0.000000 -0.861416 99.619470 0.000000 8.715574 0.015424 
257 4.664087 0.000000 -1.760049 99.619470 0.000000 8.715574 0.015424 
258 6.105823 0.000000 -0.412100 99.619470 0.000000 8.715574 0.015424 
259 5.625244 0.000000 -0.412100 99.619470 0.000000 8.715574 0.015424 
260 6.105823 0.000000 -0.861416 99.619470 0.000000 8.715574 0.015424 
261 6.586402 0.000000 -0.412100 99.619470 0.000000 8.715574 0.015424 
262 7.066980 0.000000 0.486532 99.619470 0.000000 0.000000 0.007654 
263 7.066980 0.000000 0.037216 99.619470 0.000000 0.000000 0.007654 
264 7.066980 0.000000 0.935848 100.065042 0.000000 7.661246 0.004589 
265 6.346112 0.000000 0.261874 99.619470 0.000000 0.000000 0.007654 
266 6.105823 0.000000 0.261874 99.619470 0.000000 0.000000 0.007654 
267 6.346112 0.000000 0.037216 99.619470 0.000000 0.000000 0.007654 
268 6.586402 0.000000 0.261874 99.619470 0.000000 0.000000 0.007654 
269 6.346112 0.000000 0.486532 99.619470 0.000000 0.000000 0.007654 
270 5.144665 0.000000 0.486532 99.619470 0.000000 8.715574 0.015424 
271 4.664087 0.000000 0.486532 99.619470 0.000000 8.715574 0.015424 
272 5.144665 0.000000 0.037216 99.619470 0.000000 8.715574 0.015424 
273 5.144665 0.000000 0.935848 99.619470 0.000000 8.715574 0.015424 
274 5.865533 0.000000 0.261874 99.619470 0.000000 8.715574 0.015424 
275 5.625244 0.000000 0.261874 99.619470 0.000000 8.715574 0.015424 
276 5.865533 0.000000 0.037216 99.619470 0.000000 8.715574 0.015424 
277 5.865533 0.000000 0.486532 99.619470 0.000000 8.715574 0.015424 
278 15.717397 0.000000 0.486532 99.936761 0.000000 9.210773 0.009844 
279 15.717397 0.000000 0.037216 100.071789 0.000000 9.112319 0.006914 
280 16.197976 0.000000 0.486532 99.996741 0.000000 9.262844 0.008720 
281 15.717397 0.000000 0.935848 99.590305 0.000000 9.277102 0.017067 
282 14.996529 0.000000 0.261874 99.804214 0.000000 0.000000 0.003927 
283 14.996529 0.000000 0.037216 100.014472 0.000000 8.916038 0.007719 
284 15.236819 0.000000 0.261874 99.988453 0.000000 9.086704 0.008560 
285 14.996529 0.000000 0.486532 99.804214 0.000000 0.000000 0.003927 
286 14.275661 0.000000 2.733113 100.617457 0.000000 6.181084 -0.008494 
287 13.314504 0.000000 2.733113 100.712347 0.000000 6.074366 -0.010496 
288 15.236819 0.000000 2.733113 100.401266 0.000000 6.487620 -0.003818 
289 14.275661 0.000000 3.631745 100.214076 0.000000 7.321871 0.001076 
290 14.756240 0.000000 1.385164 99.989862 0.000000 7.373057 0.005671 
291 14.275661 0.000000 1.385164 100.050800 0.000000 6.771200 0.003581 
292 15.236819 0.000000 1.385164 99.917111 0.000000 7.992624 0.008110 
293 14.756240 0.000000 1.834480 99.979295 0.000000 6.934753 0.005250 
294 14.996529 0.000000 0.711190 99.723056 0.000000 9.091522 0.013988 
295 14.756240 0.000000 0.711190 99.800578 0.000000 0.000000 0.004000 
296 15.236819 0.000000 0.711190 99.545547 0.000000 9.273795 0.017983 
297 14.996529 0.000000 0.935848 99.718957 0.000000 8.606373 0.013190 
298 14.876385 0.000000 0.374203 99.802591 0.000000 0.000000 0.003960 
299 14.756240 0.000000 0.374203 99.803263 0.000000 0.000000 0.003946 
300 14.876385 0.000000 0.261874 99.800977 0.000000 0.000000 0.003992 
301 14.996529 0.000000 0.374203 99.804214 0.000000 0.000000 0.003927 
302 14.876385 0.000000 0.486532 99.801047 0.000000 0.000000 0.003991 
303 15.717397 0.000000 -0.412100 99.798235 0.000000 8.114015 0.010728 
304 15.717397 0.000000 -0.861416 99.469918 0.000000 7.536098 0.016519 
305 16.197976 0.000000 -0.412100 100.040117 0.000000 8.858871 0.007095 
306 15.477108 0.000000 0.261874 100.028412 0.000000 9.098645 0.007770 
307 15.477108 0.000000 0.037216 100.402077 0.000000 9.664278 0.001284 
308 15.717397 0.000000 0.261874 99.960305 0.000000 9.096164 0.009150 
309 15.477108 0.000000 0.486532 99.927308 0.000000 9.201828 0.010019 
310 15.116674 0.000000 0.374203 99.804214 0.000000 0.000000 0.003927 
311 15.116674 0.000000 0.261874 100.061988 0.000000 9.613913 0.008067 
312 15.236819 0.000000 0.374203 99.866666 0.000000 9.023297 0.010924 
313 15.116674 0.000000 0.486532 99.714870 0.000000 9.441184 0.014823 
314 16.197976 0.000000 2.733113 100.169192 0.000000 6.854969 0.001314 
315 17.159133 0.000000 2.733113 99.850087 0.000000 7.484691 0.008672 
316 16.197976 0.000000 3.631745 100.435606 0.000000 6.662438 -0.004274 
317 15.717397 0.000000 1.385164 99.612443 0.000000 8.730965 0.015596 
318 16.197976 0.000000 1.385164 99.472191 0.000000 8.988452 0.018956 
319 15.717397 0.000000 1.834480 99.780175 0.000000 7.617163 0.010298 
320 15.477108 0.000000 0.711190 99.668534 0.000000 9.586904 0.016061 
321 15.717397 0.000000 0.711190 99.715624 0.000000 9.216631 0.014376 
322 15.477108 0.000000 0.935848 99.725466 0.000000 9.157491 0.014063 
323 15.116674 0.000000 0.598861 99.327162 0.000000 10.080451 0.024134 
324 14.996529 0.000000 0.598861 99.804214 0.000000 0.000000 0.003927 
325 15.236819 0.000000 0.598861 99.591679 0.000000 9.573429 0.017617 
326 15.116674 0.000000 0.711190 99.363288 0.000000 9.739265 0.022675 
327 15.056602 0.000000 0.430368 99.804214 0.000000 0.000000 0.003927 
328 14.996529 0.000000 0.430368 99.804214 0.000000 0.000000 0.003927 
329 15.056602 0.000000 0.374203 99.804214 0.000000 0.000000 0.003927 
330 15.116674 0.000000 0.430368 99.804214 0.000000 0.000000 0.003927 
331 15.056602 0.000000 0.486532 99.804214 0.000000 0.000000 0.003927 
332 15.356963 0.000000 0.374203 99.998062 0.000000 9.214599 0.008603 
333 15.356963 0.000000 0.261874 100.099469 0.000000 9.265035 0.006637 
334 15.477108 0.000000 0.374203 99.942465 0.000000 9.053872 0.009435 
335 15.356963 0.000000 0.486532 99.910689 0.000000 9.243293 0.010436 
336 21.003763 0.000000 0.037216 99.372440 0.000000 9.767527 0.022543 
337 21.003763 0.000000 -1.760049 99.473190 0.000000 7.788430 0.016851 
338 22.926078 0.000000 0.037216 99.480310 0.000000 8.976359 0.018766 
339 21.003763 0.000000 1.834480 99.460421 0.000000 8.421343 0.018175 
340 18.120291 0.000000 0.935848 100.280618 0.000000 9.590104 0.003590 
341 18.120291 0.000000 0.037216 99.603551 0.000000 9.641422 0.017507 
342 19.081448 0.000000 0.935848 99.407720 0.000000 10.532122 0.023432 
343 18.120291 0.000000 1.834480 99.450302 0.000000 8.942334 0.019323 
344 16.678555 0.000000 0.486532 99.933287 0.000000 9.498898 0.010464 
345 16.678555 0.000000 0.037216 99.863487 0.000000 9.288261 0.011485 
346 17.159133 0.000000 0.486532 100.015866 0.000000 9.830292 0.009434 
347 16.678555 0.000000 0.935848 99.872839 0.000000 9.363135 0.011437 
348 15.957687 0.000000 0.261874 99.926646 0.000000 8.968283 0.009600 
349 15.957687 0.000000 0.037216 100.040841 0.000000 9.030662 0.007392 
350 16.197976 0.000000 0.261874 99.857386 0.000000 8.979811 0.011034 
351 15.957687 0.000000 0.486532 99.856184 0.000000 8.948093 0.011000 
352 15.597253 0.000000 0.374203 99.965527 0.000000 9.130927 0.009109 
353 15.597253 0.000000 0.261874 100.027952 0.000000 9.149637 0.007874 
354 15.717397 0.000000 0.374203 99.980335 0.000000 9.211648 0.008958 
355 15.597253 0.000000 0.486532 99.907450 0.000000 9.134956 0.010299 
356 15.957687 0.000000 0.711190 99.723506 0.000000 8.959612 0.013734 
357 16.197976 0.000000 0.711190 99.829889 0.000000 9.043359 0.011712 
358 15.957687 0.000000 0.935848 99.547495 0.000000 9.443661 0.018272 
359 15.837542 0.000000 0.374203 99.926543 0.000000 9.109778 0.009863 
360 15.837542 0.000000 0.261874 99.967694 0.000000 9.126702 0.009057 
361 15.957687 0.000000 0.374203 99.888280 0.000000 8.949031 0.010347 
362 15.837542 0.000000 0.486532 99.879596 0.000000 9.080398 0.010766 
363 15.597253 0.000000 0.598861 99.814978 0.000000 9.205935 0.012321 
364 15.477108 0.000000 0.598861 99.814495 0.000000 9.310440 0.012529 
365 15.717397 0.000000 0.598861 99.876831 0.000000 9.229836 0.011102 
366 15.597253 0.000000 0.711190 99.677920 0.000000 9.359295 0.015423 
367 15.657325 0.000000 0.430368 99.910160 0.000000 9.085728 0.010152 
368 15.597253 0.000000 0.430368 99.938778 0.000000 9.132350 0.009656 
369 15.657325 0.000000 0.374203 99.935948 0.000000 9.080096 0.009617 
370 15.717397 0.000000 0.430368 99.956325 0.000000 9.202621 0.009430 
371 15.657325 0.000000 0.486532 99.885611 0.000000 9.096145 0.010672 
372 15.837542 0.000000 0.598861 99.835057 0.000000 9.115479 0.011741 
373 15.957687 0.000000 0.598861 99.792571 0.000000 8.917025 0.012243 
374 15.837542 0.000000 0.711190 99.748747 0.000000 9.156157 0.013583 
375 16.678555 0.000000 1.385164 99.286890 0.000000 9.512081 0.023805 
376 17.159133 0.000000 1.385164 99.596031 0.000000 9.129723 0.016669 
377 16.678555 0.000000 1.834480 99.370966 0.000000 8.709909 0.020536 
378 16.438265 0.000000 0.711190 99.885163 0.000000 9.266729 0.011002 
379 16.438265 0.000000 0.486532 99.919307 0.000000 9.280817 0.010332 
380 16.678555 0.000000 0.711190 99.926361 0.000000 9.389445 0.010395 
381 16.438265 0.000000 0.935848 99.772880 0.000000 9.296435 0.013354 
382 16.077831 0.000000 0.598861 99.798387 0.000000 8.904773 0.012101 
383 16.077831 0.000000 0.486532 99.828421 0.000000 8.899181 0.011478 
384 16.197976 0.000000 0.598861 99.969459 0.000000 9.268093 0.009285 
385 16.077831 0.000000 0.711190 99.731518 0.000000 8.909870 0.013479 
386 18.120291 0.000000 -0.861416 99.650818 0.000000 8.247427 0.013964 
387 18.120291 0.000000 -1.760049 99.580521 0.000000 7.808983 0.014681 
388 19.081448 0.000000 -0.861416 99.504394 0.000000 8.359553 0.017162 
389 16.678555 0.000000 -0.412100 99.867578 0.000000 8.833127 0.010559 
390 16.678555 0.000000 -0.861416 99.932743 0.000000 8.464978 0.008583 
391 17.159133 0.000000 -0.412100 99.760458 0.000000 8.863329 0.012802 
392 16.438265 0.000000 0.261874 99.940472 0.000000 9.324932 0.009984 
393 16.438265 0.000000 0.037216 99.912512 0.000000 9.113735 0.010157 
394 16.678555 0.000000 0.261874 99.863828 0.000000 9.383929 0.011661 
395 16.318121 0.000000 0.598861 99.938854 0.000000 9.295119 0.009960 
396 16.318121 0.000000 0.486532 99.956819 0.000000 9.326326 0.009653 
397 16.438265 0.000000 0.598861 99.908577 0.000000 9.260940 0.010513 
398 16.318121 0.000000 0.711190 99.881579 0.000000 9.256391 0.011055 
399 16.318121 0.000000 0.374203 99.968541 0.000000 9.341632 0.009444 
400 16.197976 0.000000 0.374203 99.947705 0.000000 9.183531 0.009570 
401 16.318121 0.000000 0.261874 99.910905 0.000000 9.175435 0.010304 
402 16.438265 0.000000 0.374203 99.931227 0.000000 9.320663 0.010164 
403 16.258048 0.000000 0.542697 99.978271 0.000000 9.329805 0.009223 
404 16.197976 0.000000 0.542697 99.984881 0.000000 9.266961 0.008969 
405 16.258048 0.000000 0.486532 99.982499 0.000000 9.311425 0.009102 
406 16.318121 0.000000 0.542697 99.945991 0.000000 9.299435 0.009823 
407 16.258048 0.000000 0.598861 99.936633 0.000000 9.253908 0.009927 
408 17.639712 0.000000 0.486532 100.051328 0.000000 9.548153 0.008156 
409 17.639712 0.000000 0.037216 100.034419 0.000000 10.090258 0.009583 
410 18.120291 0.000000 0.486532 99.860954 0.000000 10.210335 0.013379 
411 17.639712 0.000000 0.935848 100.106010 0.000000 9.267679 0.006510 
412 16.918844 0.000000 0.711190 99.872118 0.000000 9.335912 0.011400 
413 16.918844 0.000000 0.486532 99.869534 0.000000 9.425689 0.011625 
414 17.159133 0.000000 0.711190 99.942824 0.000000 9.649281 0.010564 
415 16.918844 0.000000 0.935848 99.873088 0.000000 9.294106 0.011300 
416 16.558410 0.000000 0.598861 99.899407 0.000000 9.316544 0.010805 
417 16.558410 0.000000 0.486532 99.901586 0.000000 9.328056 0.010783 
418 16.678555 0.000000 0.598861 99.925371 0.000000 9.425205 0.010484 
419 16.558410 0.000000 0.711190 99.868595 0.000000 9.245638 0.011300 
420 16.918844 0.000000 0.261874 99.864578 0.000000 9.464073 0.011800 
421 16.918844 0.000000 0.037216 99.812212 0.000000 9.233084 0.012429 
422 17.159133 0.000000 0.261874 99.910887 0.000000 9.600206 0.011119 
423 16.798699 0.000000 0.598861 99.881947 0.000000 9.335300 0.011198 
424 16.798699 0.000000 0.486532 99.889213 0.000000 9.384553 0.011143 
425 16.918844 0.000000 0.598861 99.898174 0.000000 9.434313 0.011056 
426 16.798699 0.000000 0.711190 99.898012 0.000000 9.348361 0.010895 
427 16.798699 0.000000 0.374203 99.893734 0.000000 9.413922 0.011108 
428 16.678555 0.000000 0.374203 99.873142 0.000000 9.397439 0.011497 
429 16.798699 0.000000 0.261874 99.899334 0.000000 9.479408 0.011120 
430 16.918844 0.000000 0.374203 99.867012 0.000000 9.462201 0.011747 
431 21.003763 0.000000 3.631745 99.427142 0.000000 6.847110 0.016374 
432 22.926078 0.000000 3.631745 99.802983 0.000000 6.386674 0.008080 
433 21.003763 0.000000 5.429010 100.108581 0.000000 6.563903 0.002140 
434 18.120291 0.000000 2.733113 99.314878 0.000000 8.310710 0.020989 
435 19.081448 0.000000 2.733113 99.065889 0.000000 8.450093 0.026405 
436 18.120291 0.000000 3.631745 100.030764 0.000000 7.115579 0.004468 
437 17.639712 0.000000 1.385164 99.661437 0.000000 9.057120 0.015188 
438 18.120291 0.000000 1.385164 100.040338 0.000000 8.777973 0.006946 
439 17.639712 0.000000 1.834480 99.262795 0.000000 9.113233 0.023528 
440 17.399423 0.000000 0.711190 99.886569 0.000000 9.607193 0.011630 
441 17.399423 0.000000 0.486532 100.240914 0.000000 9.943901 0.005090 
442 17.639712 0.000000 0.711190 100.132625 0.000000 9.179522 0.005806 
443 17.399423 0.000000 0.935848 99.801790 0.000000 9.443558 0.013045 
444 17.038989 0.000000 0.598861 99.845787 0.000000 9.273186 0.011818 
445 17.038989 0.000000 0.486532 99.853719 0.000000 9.315890 0.011737 
446 17.159133 0.000000 0.598861 99.978520 0.000000 9.713581 0.009963 
447 17.038989 0.000000 0.711190 99.985971 0.000000 9.637931 0.009661 
448 16.858772 0.000000 0.542697 99.878767 0.000000 9.389507 0.011366 
449 16.798699 0.000000 0.542697 99.883867 0.000000 9.355970 0.011198 
450 16.858772 0.000000 0.486532 99.884813 0.000000 9.434502 0.011329 
451 16.918844 0.000000 0.542697 99.902531 0.000000 9.477133 0.011050 
452 16.858772 0.000000 0.598861 99.900459 0.000000 9.411110 0.010965 
453 17.639712 0.000000 -0.412100 99.702656 0.000000 8.795350 0.013862 
454 17.639712 0.000000 -0.861416 99.745691 0.000000 8.391988 0.012270 
455 18.120291 0.000000 -0.412100 99.716828 0.000000 9.219764 0.014357 
456 17.399423 0.000000 0.261874 100.191027 0.000000 10.100902 0.006419 
457 17.399423 0.000000 0.037216 99.808716 0.000000 9.594957 0.013199 
458 17.639712 0.000000 0.261874 99.982595 0.000000 9.829925 0.010111 
459 17.279278 0.000000 0.598861 99.946220 0.000000 9.703153 0.010601 
460 17.279278 0.000000 0.486532 99.944332 0.000000 9.730086 0.010693 
461 17.399423 0.000000 0.598861 100.188343 0.000000 9.619971 0.005514 
462 17.279278 0.000000 0.711190 99.937133 0.000000 9.645471 0.010672 
463 20.042606 0.000000 0.935848 99.326806 0.000000 10.591100 0.025249 
464 20.042606 0.000000 0.037216 99.356611 0.000000 9.907515 0.023160 
465 21.003763 0.000000 0.935848 99.291341 0.000000 10.389678 0.025545 
466 20.042606 0.000000 1.834480 99.303993 0.000000 8.683758 0.021875 
467 18.600870 0.000000 0.486532 99.633779 0.000000 10.638733 0.018979 
468 18.600870 0.000000 0.037216 99.536479 0.000000 9.959261 0.019538 
469 19.081448 0.000000 0.486532 99.482810 0.000000 10.731249 0.022314 
470 18.600870 0.000000 0.935848 99.847963 0.000000 10.385959 0.014017 
471 17.880002 0.000000 0.711190 100.253757 0.000000 9.655611 0.004260 
472 17.880002 0.000000 0.486532 100.174076 0.000000 10.041428 0.006642 
473 18.120291 0.000000 0.711190 99.975030 0.000000 10.157544 0.010934 
474 17.880002 0.000000 0.935848 100.290196 0.000000 9.492919 0.003209 
475 17.519568 0.000000 0.598861 100.087304 0.000000 9.286655 0.006925 
476 17.519568 0.000000 0.486532 100.047970 0.000000 9.478276 0.008089 
477 17.639712 0.000000 0.598861 100.092716 0.000000 9.364082 0.006961 
478 17.519568 0.000000 0.711190 100.232354 0.000000 9.635737 0.004654 
479 17.880002 0.000000 0.261874 99.895381 0.000000 9.752824 0.011738 
480 17.880002 0.000000 0.037216 99.881030 0.000000 9.916697 0.012362 
481 18.120291 0.000000 0.261874 99.775061 0.000000 10.178225 0.015075 
482 17.759857 0.000000 0.598861 100.100870 0.000000 9.505399 0.007066 
483 17.759857 0.000000 0.486532 100.076864 0.000000 9.765104 0.008062 
484 17.880002 0.000000 0.598861 100.209512 0.000000 9.852003 0.005542 
485 17.759857 0.000000 0.711190 100.122176 0.000000 9.241242 0.006132 
486 17.399423 0.000000 1.160506 99.726891 0.000000 9.171865 0.014060 
487 17.159133 0.000000 1.160506 99.801742 0.000000 9.398222 0.012958 
488 17.639712 0.000000 1.160506 99.725042 0.000000 9.319958 0.014380 
489 17.399423 0.000000 1.385164 99.649380 0.000000 9.194557 0.015694 
490 17.519568 0.000000 0.823519 100.157329 0.000000 9.413059 0.005744 
491 17.399423 0.000000 0.823519 99.873273 0.000000 9.531522 0.011754 
492 17.639712 0.000000 0.823519 100.174763 0.000000 8.946670 0.004526 
493 17.519568 0.000000 0.935848 99.861376 0.000000 9.533249 0.012000 
494 17.579640 0.000000 0.655026 100.108449 0.000000 9.225330 0.006381 
495 17.519568 0.000000 0.655026 100.223139 0.000000 9.731082 0.005027 
496 17.579640 0.000000 0.598861 100.087884 0.000000 9.328934 0.006993 
497 17.639712 0.000000 0.655026 100.117051 0.000000 9.286283 0.006321 
498 17.579640 0.000000 0.711190 100.147981 0.000000 9.158846 0.005456 
499 18.600870 0.000000 1.385164 100.154193 0.000000 9.194474 0.005396 
500 19.081448 0.000000 1.385164 99.500773 0.000000 9.890054 0.020134 
501 18.600870 0.000000 1.834480 99.556719 0.000000 9.084180 0.017393 
502 18.360580 0.000000 0.711190 99.981412 0.000000 10.389074 0.011290 
503 18.360580 0.000000 0.486532 99.927169 0.000000 10.470914 0.012575 
504 18.600870 0.000000 0.711190 99.681628 0.000000 10.629915 0.017971 
505 18.360580 0.000000 0.935848 99.996562 0.000000 10.047405 0.010268 
506 18.000146 0.000000 0.598861 100.159136 0.000000 9.882662 0.006625 
507 18.000146 0.000000 0.486532 99.855932 0.000000 10.142832 0.013341 
508 18.120291 0.000000 0.598861 99.968641 0.000000 10.349473 0.011467 
509 18.000146 0.000000 0.711190 100.234843 0.000000 9.780442 0.004887 
510 22.926078 0.000000 -8.949107 99.619470 0.000000 8.715574 0.015424 
511 22.926078 0.000000 -12.543636 99.619470 0.000000 8.715574 0.015424 
512 26.770708 0.000000 -8.949107 99.291353 0.000000 8.006557 0.020958 
513 21.003763 0.000000 -3.557313 99.452821 0.000000 7.725733 0.017169 
514 21.003763 0.000000 -5.354578 99.105344 0.000000 7.489297 0.023976 
515 22.926078 0.000000 -3.557313 99.531071 0.000000 7.753375 0.015606 
516 20.042606 0.000000 -0.861416 99.460850 0.000000 8.458997 0.018232 
517 20.042606 0.000000 -1.760049 99.456451 0.000000 7.810831 0.017231 
518 21.003763 0.000000 -0.861416 99.436052 0.000000 8.368756 0.018586 
519 18.600870 0.000000 -0.412100 99.553716 0.000000 9.000292 0.017297 
520 18.600870 0.000000 -0.861416 99.621666 0.000000 8.574553 0.015128 
521 19.081448 0.000000 -0.412100 99.516704 0.000000 9.034361 0.018124 
522 18.360580 0.000000 0.261874 99.864328 0.000000 10.452611 0.013824 
523 18.360580 0.000000 0.037216 99.715975 0.000000 10.018902 0.015959 
524 18.600870 0.000000 0.261874 99.571788 0.000000 10.353359 0.019639 
525 18.240436 0.000000 0.598861 99.931620 0.000000 10.353288 0.012233 
526 18.240436 0.000000 0.486532 99.902078 0.000000 10.469815 0.013087 
527 18.360580 0.000000 0.598861 99.993972 0.000000 10.497523 0.011265 
528 18.240436 0.000000 0.711190 99.957104 0.000000 10.209615 0.011409 
529 18.360580 0.000000 1.160506 100.224401 0.000000 9.386152 0.004336 
530 18.120291 0.000000 1.160506 100.206298 0.000000 9.198592 0.004350 
531 18.600870 0.000000 1.160506 100.029518 0.000000 9.866071 0.009227 
532 18.360580 0.000000 1.385164 100.080199 0.000000 9.110854 0.006741 
533 18.240436 0.000000 0.823519 100.012048 0.000000 10.136308 0.010135 
534 18.120291 0.000000 0.823519 100.265734 0.000000 9.843205 0.004386 
535 18.360580 0.000000 0.823519 100.015895 0.000000 10.241964 0.010276 
536 18.240436 0.000000 0.935848 100.269999 0.000000 9.651576 0.003923 
537 18.180363 0.000000 0.655026 99.961508 0.000000 10.272079 0.011450 
538 18.120291 0.000000 0.655026 99.975885 0.000000 10.266345 0.011144 
539 18.180363 0.000000 0.598861 99.947747 0.000000 10.340449 0.011876 
540 18.240436 0.000000 0.655026 99.948304 0.000000 10.263682 0.011702 
541 18.180363 0.000000 0.711190 99.966854 0.000000 10.182814 0.011154 
542 19.562027 0.000000 0.486532 99.386023 0.000000 10.756387 0.024384 
543 19.562027 0.000000 0.037216 99.451748 0.000000 10.126549 0.021642 
544 20.042606 0.000000 0.486532 99.315112 0.000000 10.645954 0.025615 
545 19.562027 0.000000 0.935848 99.406456 0.000000 10.623011 0.023660 
546 18.841159 0.000000 0.711190 99.466892 0.000000 10.637754 0.022436 
547 18.841159 0.000000 0.486532 99.431831 0.000000 10.517863 0.022900 
548 19.081448 0.000000 0.711190 99.420108 0.000000 10.673265 0.023488 
549 18.841159 0.000000 0.935848 99.520148 0.000000 10.642954 0.021342 
550 18.480725 0.000000 0.823519 100.035711 0.000000 10.302082 0.009997 
551 18.480725 0.000000 0.711190 99.789894 0.000000 10.479501 0.015412 
552 18.600870 0.000000 0.823519 99.801396 0.000000 10.432560 0.015074 
553 18.480725 0.000000 0.935848 100.068570 0.000000 10.149402 0.009009 
554 20.042606 0.000000 2.733113 99.105796 0.000000 7.544081 0.024053 
555 21.003763 0.000000 2.733113 99.706850 0.000000 6.820483 0.010617 
556 20.042606 0.000000 3.631745 99.219437 0.000000 6.594499 0.020298 
557 19.562027 0.000000 1.385164 99.366971 0.000000 9.863870 0.022854 
558 20.042606 0.000000 1.385164 99.427821 0.000000 9.881331 0.021627 
559 19.562027 0.000000 1.834480 99.708411 0.000000 8.572602 0.013347 
560 18.841159 0.000000 1.160506 99.614105 0.000000 10.270097 0.018586 
561 19.081448 0.000000 1.160506 99.411839 0.000000 10.319215 0.022882 
562 18.841159 0.000000 1.385164 100.155273 0.000000 9.228522 0.005438 
563 18.721014 0.000000 0.823519 99.478900 0.000000 10.574516 0.022046 
564 18.721014 0.000000 0.711190 99.484285 0.000000 10.656868 0.022117 
565 18.841159 0.000000 0.823519 99.503098 0.000000 10.672569 0.021761 
566 18.721014 0.000000 0.935848 99.582454 0.000000 10.377016 0.019469 
567 18.841159 0.000000 0.261874 99.412601 0.000000 10.265501 0.022751 
568 18.841159 0.000000 0.037216 99.568479 0.000000 10.062704 0.019091 
569 19.081448 0.000000 0.261874 99.368480 0.000000 10.430844 0.024027 
570 18.721014 0.000000 0.598861 99.442502 0.000000 10.579611 0.022814 
571 18.600870 0.000000 0.598861 99.679970 0.000000 10.725331 0.018216 
572 18.721014 0.000000 0.486532 99.442080 0.000000 10.574205 0.022811 
573 18.841159 0.000000 0.598861 99.467844 0.000000 10.654171 0.022453 
574 19.321738 0.000000 0.711190 99.343148 0.000000 10.797723 0.025372 
575 19.321738 0.000000 0.486532 99.337423 0.000000 10.764842 0.025417 
576 19.562027 0.000000 0.711190 99.394397 0.000000 10.802791 0.024315 
577 19.321738 0.000000 0.935848 99.429129 0.000000 10.562610 0.023054 
578 18.961304 0.000000 0.823519 99.420143 0.000000 10.635748 0.023404 
579 18.961304 0.000000 0.711190 99.503691 0.000000 10.757060 0.021938 
580 19.081448 0.000000 0.823519 99.413165 0.000000 10.605396 0.023481 
581 18.961304 0.000000 0.935848 99.426360 0.000000 10.566806 0.023121 
582 18.781087 0.000000 0.767355 99.478248 0.000000 10.615179 0.022150 
583 18.721014 0.000000 0.767355 99.486641 0.000000 10.633164 0.022016 
584 18.781087 0.000000 0.711190 99.484193 0.000000 10.666825 0.022141 
585 18.841159 0.000000 0.767355 99.492640 0.000000 10.689608 0.022017 
586 18.781087 0.000000 0.823519 99.477983 0.000000 10.577166 0.022071 
587 19.321738 0.000000 1.160506 99.389053 0.000000 10.262553 0.023234 
588 19.562027 0.000000 1.160506 99.462583 0.000000 10.184522 0.021541 
589 19.321738 0.000000 1.385164 99.392453 0.000000 9.929308 0.022460 
590 19.201593 0.000000 0.823519 99.435182 0.000000 10.669338 0.023166 
591 19.201593 0.000000 0.711190 99.335098 0.000000 10.776235 0.025491 
592 19.321738 0.000000 0.823519 99.334504 0.000000 10.715525 0.025366 
593 19.201593 0.000000 0.935848 99.403795 0.000000 10.510829 0.023467 
594 30.615338 0.000000 -1.760049 100.085168 0.000000 6.447643 0.002459 
595 30.615338 0.000000 -5.354578 100.395700 0.000000 8.370975 -0.000921 
596 34.459968 0.000000 -1.760049 99.974726 0.000000 6.380718 0.004598 
597 30.615338 0.000000 1.834480 99.744502 0.000000 7.478536 0.010811 
598 24.848393 0.000000 0.037216 99.906536 0.000000 7.343638 0.007314 
599 24.848393 0.000000 -1.760049 99.919571 0.000000 7.581002 0.007409 
600 26.770708 0.000000 0.037216 100.060202 0.000000 6.667208 0.003251 
601 24.848393 0.000000 1.834480 99.402932 0.000000 8.316823 0.019180 
602 21.964921 0.000000 0.935848 99.286403 0.000000 10.169410 0.025172 
603 21.964921 0.000000 0.037216 99.398358 0.000000 9.517479 0.021502 
604 22.926078 0.000000 0.935848 99.389235 0.000000 10.124907 0.022937 
605 21.964921 0.000000 1.834480 99.531802 0.000000 8.688836 0.017179 
606 20.523185 0.000000 0.486532 99.337410 0.000000 10.617456 0.025086 
607 20.523185 0.000000 0.037216 99.372927 0.000000 9.870873 0.022745 
608 21.003763 0.000000 0.486532 99.329301 0.000000 10.526291 0.025053 
609 20.523185 0.000000 0.935848 99.365106 0.000000 10.510161 0.024271 
610 19.802316 0.000000 0.711190 99.371042 0.000000 10.752073 0.024687 
611 19.802316 0.000000 0.486532 99.323451 0.000000 10.724825 0.025618 
612 20.042606 0.000000 0.711190 99.300729 0.000000 10.697259 0.026030 
613 19.802316 0.000000 0.935848 99.380887 0.000000 10.592730 0.024125 
614 19.441882 0.000000 0.823519 99.400813 0.000000 10.729756 0.024016 
615 19.441882 0.000000 0.711190 99.398975 0.000000 10.786321 0.024182 
616 19.562027 0.000000 0.823519 99.397324 0.000000 10.719248 0.024065 
617 19.441882 0.000000 0.935848 99.397225 0.000000 10.608778 0.023821 
618 19.562027 0.000000 -0.412100 99.337820 0.000000 8.987182 0.021733 
619 19.562027 0.000000 -0.861416 99.538622 0.000000 8.453500 0.016622 
620 20.042606 0.000000 -0.412100 99.417921 0.000000 9.028656 0.020153 
621 19.321738 0.000000 0.261874 99.400075 0.000000 10.588215 0.023716 
622 19.321738 0.000000 0.037216 99.376646 0.000000 10.070332 0.023083 
623 19.562027 0.000000 0.261874 99.387098 0.000000 10.465255 0.023715 
624 19.441882 0.000000 0.598861 99.397080 0.000000 10.812171 0.024280 
625 19.321738 0.000000 0.598861 99.331590 0.000000 10.776862 0.025566 
626 19.441882 0.000000 0.486532 99.388691 0.000000 10.748497 0.024311 
627 19.562027 0.000000 0.598861 99.385717 0.000000 10.802621 0.024495 
628 19.381810 0.000000 0.767355 99.394257 0.000000 10.745423 0.024188 
629 19.321738 0.000000 0.767355 99.346026 0.000000 10.779520 0.025270 
630 19.381810 0.000000 0.711190 99.401665 0.000000 10.802142 0.024162 
631 19.441882 0.000000 0.767355 99.405519 0.000000 10.783725 0.024040 
632 19.381810 0.000000 0.823519 99.342706 0.000000 10.739653 0.025250 
633 20.523185 0.000000 1.385164 99.280089 0.000000 9.636736 0.024197 
634 21.003763 0.000000 1.385164 99.348832 0.000000 9.482604 0.022460 
635 20.523185 0.000000 1.834480 99.394740 0.000000 8.497527 0.019664 
636 19.802316 0.000000 1.160506 99.428889 0.000000 10.324357 0.022539 
637 20.042606 0.000000 1.160506 99.393483 0.000000 10.265571 0.023149 
638 19.802316 0.000000 1.385164 99.473950 0.000000 9.777043 0.020458 
639 19.682172 0.000000 0.823519 99.386301 0.000000 10.713993 0.024283 
640 19.682172 0.000000 0.711190 99.377585 0.000000 10.755658 0.024558 
641 19.802316 0.000000 0.823519 99.374300 0.000000 10.688701 0.024476 
642 19.682172 0.000000 0.935848 99.391038 0.000000 10.598364 0.023926 
643 20.282895 0.000000 0.711190 99.323825 0.000000 10.726079 0.025613 
644 20.282895 0.000000 0.486532 99.312453 0.000000 10.635142 0.025646 
645 20.523185 0.000000 0.711190 99.324963 0.000000 10.699633 0.025530 
646 20.282895 0.000000 0.935848 99.320411 0.000000 10.566590 0.025328 
647 19.922461 0.000000 0.823519 99.306647 0.000000 10.678819 0.025865 
648 19.922461 0.000000 0.711190 99.303057 0.000000 10.719258 0.026031 
649 20.042606 0.000000 0.823519 99.293109 0.000000 10.625967 0.026030 
650 19.922461 0.000000 0.935848 99.365203 0.000000 10.561418 0.024382 
651 20.282895 0.000000 1.160506 99.317091 0.000000 10.260569 0.024728 
652 20.523185 0.000000 1.160506 99.385102 0.000000 10.211685 0.023207 
653 20.282895 0.000000 1.385164 99.404544 0.000000 9.822319 0.021989 
654 20.162751 0.000000 0.823519 99.322006 0.000000 10.670834 0.025527 
655 20.162751 0.000000 0.711190 99.296569 0.000000 10.677627 0.026073 
656 20.282895 0.000000 0.823519 99.320809 0.000000 10.670960 0.025552 
657 20.162751 0.000000 0.935848 99.322390 0.000000 10.573584 0.025302 
658 19.922461 0.000000 1.048177 99.409632 0.000000 10.487295 0.023294 
659 19.802316 0.000000 1.048177 99.386724 0.000000 10.443730 0.023675 
660 20.042606 0.000000 1.048177 99.380879 0.000000 10.422675 0.023751 
661 19.922461 0.000000 1.160506 99.416598 0.000000 10.311345 0.022767 
662 19.982533 0.000000 0.879684 99.301705 0.000000 10.618219 0.025833 
663 19.922461 0.000000 0.879684 99.364695 0.000000 10.608764 0.024498 
664 19.982533 0.000000 0.823519 99.305867 0.000000 10.676038 0.025875 
665 20.042606 0.000000 0.879684 99.320865 0.000000 10.628230 0.025455 
666 19.982533 0.000000 0.935848 99.381480 0.000000 10.562940 0.024047 
667 21.964921 0.000000 -0.861416 99.483079 0.000000 8.299177 0.017497 
668 21.964921 0.000000 -1.760049 99.430843 0.000000 7.683951 0.017555 
669 22.926078 0.000000 -0.861416 99.563447 0.000000 8.122934 0.015546 
670 21.484342 0.000000 0.486532 99.347187 0.000000 10.373307 0.024345 
671 21.484342 0.000000 0.037216 99.409968 0.000000 9.694778 0.021616 
672 21.964921 0.000000 0.486532 99.339744 0.000000 10.085706 0.023883 
673 21.484342 0.000000 0.935848 99.304330 0.000000 10.256731 0.024986 
674 20.763474 0.000000 0.711190 99.311462 0.000000 10.638707 0.025675 
675 20.763474 0.000000 0.486532 99.331684 0.000000 10.556671 0.025070 
676 21.003763 0.000000 0.711190 99.330018 0.000000 10.657846 0.025331 
677 20.763474 0.000000 0.935848 99.342838 0.000000 10.579325 0.024888 
678 20.403040 0.000000 0.823519 99.376515 0.000000 10.642745 0.024327 
679 20.403040 0.000000 0.711190 99.371612 0.000000 10.686166 0.024527 
680 20.523185 0.000000 0.823519 99.364384 0.000000 10.611779 0.024511 
681 20.403040 0.000000 0.935848 99.377053 0.000000 10.546171 0.024102 
682 30.615338 0.000000 5.429010 99.538231 0.000000 5.662285 0.012575 
683 34.459968 0.000000 5.429010 99.812030 0.000000 4.963915 0.006259 
684 30.615338 0.000000 9.023539 99.757616 0.000000 7.746517 0.010961 
685 24.848393 0.000000 3.631745 99.763575 0.000000 6.376546 0.008866 
686 26.770708 0.000000 3.631745 99.391147 0.000000 5.950790 0.015929 
687 24.848393 0.000000 5.429010 99.507747 0.000000 7.318577 0.015409 
688 21.964921 0.000000 2.733113 99.686542 0.000000 7.065337 0.011378 
689 22.926078 0.000000 2.733113 99.693897 0.000000 7.181927 0.011398 
690 21.964921 0.000000 3.631745 99.609564 0.000000 6.700700 0.012435 
691 21.484342 0.000000 1.385164 99.395816 0.000000 9.517549 0.021555 
692 21.964921 0.000000 1.385164 99.414425 0.000000 9.673384 0.021481 
693 21.484342 0.000000 1.834480 99.517293 0.000000 8.611459 0.017339 
694 20.763474 0.000000 1.160506 99.328733 0.000000 10.028462 0.023992 
695 21.003763 0.000000 1.160506 99.287892 0.000000 10.000477 0.024783 
696 20.763474 0.000000 1.385164 99.339839 0.000000 9.526683 0.022734 
697 20.643329 0.000000 0.823519 99.320579 0.000000 10.641995 0.025492 
698 20.643329 0.000000 0.711190 99.323242 0.000000 10.699097 0.025564 
699 20.763474 0.000000 0.823519 99.343478 0.000000 10.688275 0.025118 
700 20.643329 0.000000 0.935848 99.386963 0.000000 10.549067 0.023902 
701 20.643329 0.000000 1.048177 99.384305 0.000000 10.391518 0.023612 
702 20.523185 0.000000 1.048177 99.395088 0.000000 10.407650 0.023422 
703 20.763474 0.000000 1.048177 99.329548 0.000000 10.380932 0.024729 
704 20.643329 0.000000 1.160506 99.371560 0.000000 10.157295 0.023373 
705 20.583257 0.000000 0.879684 99.359348 0.000000 10.551166 0.024482 
706 20.523185 0.000000 0.879684 99.365313 0.000000 10.572585 0.024405 
707 20.583257 0.000000 0.823519 99.324293 0.000000 10.655329 0.025444 
708 20.643329 0.000000 0.879684 99.346259 0.000000 10.640914 0.024954 
709 20.583257 0.000000 0.935848 99.387030 0.000000 10.542400 0.023886 
710 57.527746 0.000000 -41.299869 99.619470 0.000000 8.715574 0.015424 
711 57.527746 0.000000 -55.677985 99.619470 0.000000 8.715574 0.015424 
712 72.906265 0.000000 -41.299869 99.619470 0.000000 8.715574 0.015424 
713 -34.743369 0.000000 -41.299869 99.619470 0.000000 8.715574 0.015424 
714 -50.121888 0.000000 -41.299869 99.619470 0.000000 8.715574 0.015424 
715 -34.743369 0.000000 -55.677985 99.619470 0.000000 8.715574 0.015424 
716 34.459968 0.000000 -19.732694 99.619470 0.000000 8.715574 0.015424 
717 34.459968 0.000000 -26.921753 99.619470 0.000000 8.715574 0.015424 
718 42.149227 0.000000 -19.732694 99.619470 0.000000 8.715574 0.015424 
719 -11.675590 0.000000 -19.732694 99.619470 0.000000 8.715574 0.015424 
720 -19.364850 0.000000 -19.732694 99.619470 0.000000 8.715574 0.015424 
721 -11.675590 0.000000 -26.921753 99.619470 0.000000 8.715574 0.015424 
722 -0.141701 0.000000 -8.949107 99.619470 0.000000 8.715574 0.015424 
723 -3.986330 0.000000 -8.949107 99.619470 0.000000 8.715574 0.015424 
724 -0.141701 0.000000 -12.543636 99.619470 0.000000 8.715574 0.015424 
725 12.353346 0.000000 -0.861416 98.864760 0.000000 6.270896 0.027218 
726 11.392189 0.000000 -0.861416 98.667428 0.000000 6.010134 0.031002 
727 12.353346 0.000000 -1.760049 98.666112 0.000000 6.410787 0.031558 
728 30.615338 0.000000 -8.949107 99.366404 0.000000 7.998007 0.019393 
729 30.615338 0.000000 -12.543636 99.619470 0.000000 8.715574 0.015424 
730 34.459968 0.000000 -8.949107 99.626296 0.000000 8.184000 0.014359 
731 24.848393 0.000000 -3.557313 99.486075 0.000000 7.569793 0.016239 
732 24.848393 0.000000 -5.354578 99.433730 0.000000 7.844418 0.017753 
733 26.770708 0.000000 -3.557313 99.899802 0.000000 7.837239 0.008212 
734 12.353346 0.000000 2.733113 100.312082 0.000000 7.034419 -0.001301 
735 11.392189 0.000000 2.733113 100.465936 0.000000 6.863571 -0.004608 
736 12.353346 0.000000 3.631745 99.619470 0.000000 8.715574 0.015424 
737 13.795082 0.000000 1.385164 99.919954 0.000000 6.775482 0.006229 
738 13.314504 0.000000 1.385164 99.963259 0.000000 6.897734 0.005523 
739 13.795082 0.000000 1.834480 100.142317 0.000000 6.695151 0.001637 
740 13.795082 0.000000 -0.412100 99.401942 0.000000 6.866483 0.016919 
741 13.314504 0.000000 -0.412100 99.319356 0.000000 6.660665 0.018329 
742 13.795082 0.000000 -0.861416 99.266184 0.000000 6.942430 0.019823 
743 14.515950 0.000000 0.711190 99.783803 0.000000 0.000000 0.004338 
744 14.275661 0.000000 0.711190 99.778764 0.000000 0.000000 0.004439 
745 14.515950 0.000000 0.935848 100.089341 0.000000 8.005194 0.004642 
746 10.431031 0.000000 -0.861416 98.384284 0.000000 5.581077 0.036422 
747 10.431031 0.000000 -1.760049 99.438374 0.000000 8.327387 0.018467 
748 10.431031 0.000000 2.733113 99.619470 0.000000 8.715574 0.015424 
749 9.469874 0.000000 2.733113 99.619470 0.000000 8.715574 0.015424 
750 10.431031 0.000000 3.631745 99.619470 0.000000 8.715574 0.015424 
751 1.780614 0.000000 -3.557313 99.619470 0.000000 8.715574 0.015424 
752 -0.141701 0.000000 -3.557313 99.619470 0.000000 8.715574 0.015424 
753 1.780614 0.000000 -5.354578 99.619470 0.000000 8.715574 0.015424 
754 1.780614 0.000000 3.631745 99.619470 0.000000 8.715574 0.015424 
755 -0.141701 0.000000 3.631745 99.619470 0.000000 8.715574 0.015424 
756 1.780614 0.000000 5.429010 99.619470 0.000000 8.715574 0.015424 
757 7.066980 0.000000 -0.412100 99.619470 0.000000 8.715574 0.015424 
758 7.066980 0.000000 -0.861416 99.619470 0.000000 8.715574 0.015424 
759 7.547559 0.000000 -0.412100 99.147114 0.000000 7.699620 0.023443 
760 5.144665 0.000000 -0.412100 99.619470 0.000000 8.715574 0.015424 
761 4.664087 0.000000 -0.412100 99.619470 0.000000 8.715574 0.015424 
762 5.144665 0.000000 -0.861416 99.619470 0.000000 8.715574 0.015424 
763 14.876385 0.000000 0.598861 99.800886 0.000000 0.000000 0.003994 
764 14.756240 0.000000 0.598861 99.800697 0.000000 0.000000 0.003998 
765 14.876385 0.000000 0.711190 99.804214 0.000000 0.000000 0.003927 
766 15.356963 0.000000 0.598861 99.794955 0.000000 9.442986 0.013184 
767 15.356963 0.000000 0.711190 99.577971 0.000000 10.077595 0.018926 
768 16.077831 0.000000 0.374203 99.861304 0.000000 8.923942 0.010851 
769 16.077831 0.000000 0.261874 99.888461 0.000000 8.932705 0.010314 
770 16.918844 0.000000 1.160506 99.742131 0.000000 9.225027 0.013848 
771 16.678555 0.000000 1.160506 99.718453 0.000000 9.496676 0.014857 
772 16.918844 0.000000 1.385164 99.509171 0.000000 9.402488 0.018983 
773 16.558410 0.000000 0.374203 99.899070 0.000000 9.354803 0.010885 
774 16.558410 0.000000 0.261874 99.897747 0.000000 9.355134 0.010913 
775 17.038989 0.000000 0.374203 99.866811 0.000000 9.359245 0.011553 
776 17.038989 0.000000 0.261874 99.850286 0.000000 9.344340 0.011862 
777 17.159133 0.000000 0.374203 100.019537 0.000000 9.869077 0.009437 
778 17.880002 0.000000 1.160506 100.188892 0.000000 9.089060 0.004500 
779 17.880002 0.000000 1.385164 99.657786 0.000000 9.212293 0.015555 
780 17.279278 0.000000 0.823519 99.890817 0.000000 9.599658 0.011528 
781 17.159133 0.000000 0.823519 99.895867 0.000000 9.450207 0.011134 
782 17.279278 0.000000 0.935848 99.835935 0.000000 9.531442 0.012517 
783 17.279278 0.000000 0.374203 99.958113 0.000000 9.773549 0.010498 
784 17.279278 0.000000 0.261874 99.965071 0.000000 9.781343 0.010372 
785 17.399423 0.000000 0.374203 100.207402 0.000000 10.032309 0.005947 
786 18.000146 0.000000 0.823519 100.264005 0.000000 9.535843 0.003821 
787 17.880002 0.000000 0.823519 100.289450 0.000000 9.662478 0.003552 
788 18.000146 0.000000 0.935848 100.301226 0.000000 9.297388 0.002617 
789 17.759857 0.000000 0.823519 100.140160 0.000000 8.998986 0.005321 
790 17.759857 0.000000 0.935848 100.189207 0.000000 8.776405 0.003930 
791 18.480725 0.000000 0.598861 99.768822 0.000000 10.560037 0.016020 
792 18.480725 0.000000 0.486532 99.629406 0.000000 10.595282 0.018974 
793 20.523185 0.000000 -0.412100 99.443558 0.000000 9.006949 0.019582 
794 20.523185 0.000000 -0.861416 99.411279 0.000000 8.294252 0.018968 
795 21.003763 0.000000 -0.412100 99.423892 0.000000 8.941380 0.019866 
796 19.802316 0.000000 0.261874 99.334038 0.000000 10.411375 0.024702 
797 19.802316 0.000000 0.037216 99.350302 0.000000 9.964041 0.023408 
798 20.042606 0.000000 0.261874 99.340030 0.000000 10.364275 0.024474 
799 18.961304 0.000000 0.598861 99.478056 0.000000 10.705792 0.022356 
800 18.961304 0.000000 0.486532 99.465950 0.000000 10.645196 0.022472 
801 19.081448 0.000000 0.598861 99.500145 0.000000 10.803449 0.022116 
802 19.201593 0.000000 0.598861 99.334105 0.000000 10.786263 0.025535 
803 19.201593 0.000000 0.486532 99.335891 0.000000 10.748132 0.025411 
804 20.282895 0.000000 0.261874 99.333799 0.000000 10.341307 0.024554 
805 20.282895 0.000000 0.037216 99.360468 0.000000 9.929137 0.023124 
806 20.523185 0.000000 0.261874 99.340099 0.000000 10.277279 0.024285 
807 20.763474 0.000000 0.261874 99.357558 0.000000 10.228681 0.023817 
808 20.763474 0.000000 0.037216 99.372560 0.000000 9.817255 0.022642 
809 21.003763 0.000000 0.261874 99.356677 0.000000 10.207036 0.023789 
810 19.682172 0.000000 0.598861 99.385032 0.000000 10.796778 0.024496 
811 19.682172 0.000000 0.486532 99.382680 0.000000 10.742380 0.024422 
812 19.802316 0.000000 0.598861 99.312756 0.000000 10.769483 0.025942 
813 19.922461 0.000000 0.598861 99.309358 0.000000 10.726155 0.025915 
814 19.922461 0.000000 0.486532 99.319229 0.000000 10.671595 0.025586 
815 20.042606 0.000000 0.598861 99.303625 0.000000 10.696521 0.025968 
816 19.682172 0.000000 1.048177 99.404513 0.000000 10.482876 0.023391 
817 19.562027 0.000000 1.048177 99.392614 0.000000 10.447947 0.023562 
818 19.682172 0.000000 1.160506 99.397624 0.000000 10.284666 0.023104 
819 20.162751 0.000000 0.598861 99.303615 0.000000 10.684625 0.025942 
820 20.162751 0.000000 0.486532 99.315686 0.000000 10.639639 0.025589 
821 20.282895 0.000000 0.598861 99.305895 0.000000 10.699493 0.025927 
822 20.403040 0.000000 0.598861 99.374744 0.000000 10.682698 0.024454 
823 20.403040 0.000000 0.486532 99.363120 0.000000 10.590530 0.024490 
824 20.523185 0.000000 0.598861 99.327640 0.000000 10.682682 0.025436 
825 20.162751 0.000000 1.048177 99.316580 0.000000 10.434122 0.025115 
826 20.282895 0.000000 1.048177 99.323101 0.000000 10.443658 0.025000 
827 20.162751 0.000000 1.160506 99.378098 0.000000 10.242513 0.023419 
828 20.403040 0.000000 1.048177 99.321085 0.000000 10.427358 0.025007 
829 20.403040 0.000000 1.160506 99.340815 0.000000 10.283013 0.024282 
830 21.484342 0.000000 -0.412100 99.449004 0.000000 8.900966 0.019273 
831 21.484342 0.000000 -0.861416 99.436406 0.000000 8.312218 0.018481 
832 21.964921 0.000000 -0.412100 99.458516 0.000000 8.803708 0.018898 
833 20.643329 0.000000 0.598861 99.327175 0.000000 10.690154 0.025462 
834 20.643329 0.000000 0.486532 99.333939 0.000000 10.608772 0.025139 
835 20.763474 0.000000 0.598861 99.320301 0.000000 10.632057 0.025476 
836 8.508716 0.000000 2.733113 99.619470 0.000000 8.715574 0.015424 
837 7.547559 0.000000 2.733113 99.619470 0.000000 8.715574 0.015424 
838 8.508716 0.000000 3.631745 99.619470 0.000000 8.715574 0.015424 
839 6.586402 0.000000 2.733113 99.619470 0.000000 8.715574 0.015424 
840 5.625244 0.000000 2.733113 99.619470 0.000000 8.715574 0.015424 
841 6.586402 0.000000 3.631745 99.619470 0.000000 8.715574 0.015424 
842 8.028138 0.000000 -0.412100 98.579192 0.000000 6.225562 0.033133 
843 8.028138 0.000000 -0.861416 99.619470 0.000000 8.715574 0.015424 
844 8.508716 0.000000 -0.412100 98.564279 0.000000 6.009456 0.033165 
845 16.438265 0.000000 1.160506 99.498053 0.000000 9.261752 0.018940 
846 16.197976 0.000000 1.160506 99.634872 0.000000 9.345666 0.016282 
847 16.438265 0.000000 1.385164 99.366686 0.000000 9.520194 0.022164 
848 17.038989 0.000000 0.823519 99.974086 0.000000 9.600573 0.009830 
849 16.918844 0.000000 0.823519 99.858735 0.000000 9.293547 0.011592 
850 17.038989 0.000000 0.935848 99.936102 0.000000 9.524302 0.010456 
851 16.798699 0.000000 0.823519 99.907672 0.000000 9.373948 0.010746 
852 16.678555 0.000000 0.823519 99.893771 0.000000 9.333287 0.010952 
853 16.798699 0.000000 0.935848 99.872225 0.000000 9.338439 0.011402 
854 17.519568 0.000000 0.374203 99.993926 0.000000 9.573670 0.009374 
855 17.519568 0.000000 0.261874 100.128490 0.000000 10.125147 0.007740 
856 17.639712 0.000000 0.374203 100.018168 0.000000 9.739494 0.009206 
857 17.759857 0.000000 0.374203 100.012915 0.000000 9.858149 0.009550 
858 17.759857 0.000000 0.261874 99.974520 0.000000 9.948730 0.010516 
859 17.880002 0.000000 0.374203 99.959280 0.000000 9.716141 0.010360 
860 19.441882 0.000000 1.048177 99.424422 0.000000 10.427369 0.022856 
861 19.321738 0.000000 1.048177 99.421708 0.000000 10.422619 0.022902 
862 19.441882 0.000000 1.160506 99.411503 0.000000 10.247319 0.022735 
863 4.664087 0.000000 2.733113 99.619470 0.000000 8.715574 0.015424 
864 3.702929 0.000000 2.733113 99.619470 0.000000 8.715574 0.015424 
865 4.664087 0.000000 3.631745 99.619470 0.000000 8.715574 0.015424 
866 15.957687 0.000000 1.160506 99.585378 0.000000 8.894753 0.016451 
867 15.717397 0.000000 1.160506 99.439123 0.000000 9.307102 0.020245 
868 15.957687 0.000000 1.385164 99.524325 0.000000 8.811102 0.017554 
869 16.558410 0.000000 0.823519 99.818950 0.000000 9.198679 0.012226 
870 16.438265 0.000000 0.823519 99.853079 0.000000 9.298446 0.011717 
871 16.558410 0.000000 0.935848 99.742765 0.000000 9.187491 0.013764 
872 16.318121 0.000000 0.823519 99.841325 0.000000 9.282854 0.011928 
873 16.197976 0.000000 0.823519 99.779226 0.000000 9.084430 0.012824 
874 16.318121 0.000000 0.935848 99.728356 0.000000 9.111258 0.013916 
875 18.000146 0.000000 0.374203 99.833702 0.000000 10.190956 0.013898 
876 18.000146 0.000000 0.261874 99.820697 0.000000 10.232983 0.014253 
877 18.120291 0.000000 0.374203 99.803213 0.000000 10.192087 0.014526 
878 18.240436 0.000000 0.374203 99.867327 0.000000 10.482896 0.013828 
879 18.240436 0.000000 0.261874 99.763416 0.000000 10.243983 0.015453 
880 18.360580 0.000000 0.374203 99.882895 0.000000 10.453875 0.013446 
881 19.201593 0.000000 1.048177 99.400113 0.000000 10.421431 0.023348 
882 19.081448 0.000000 1.048177 99.404674 0.000000 10.438488 0.023290 
883 19.201593 0.000000 1.160506 99.391236 0.000000 10.278535 0.023223 
1 19 21 3 22 
2 20 19 22 9 
3 28 20 9 30 
4 29 28 30 4 
5 35 37 19 38 
6 36 35 38 20 
7 44 36 20 46 
8 45 44 46 28 
9 51 53 35 54 
10 52 51 54 36 
11 60 52 36 62 
12 61 60 62 44 
13 67 69 51 70 
14 68 67 70 52 
15 10 77 76 26 
16 77 13 78 76 
17 76 78 8 79 
18 26 76 79 14 
19 81 26 82 80 
20 80 82 14 83 
21 92 68 52 94 
22 93 92 94 60 
23 95 97 67 98 
24 96 95 98 68 
25 7 106 104 105 
26 106 12 107 104 
27 104 107 10 25 
28 105 104 25 11 
29 11 110 108 109 
30 110 25 111 108 
31 108 111 23 41 
32 109 108 41 24 
33 24 114 112 113 
34 114 41 115 112 
35 112 115 39 57 
36 113 112 57 40 
37 40 118 116 117 
38 118 57 119 116 
39 116 119 55 73 
40 117 116 73 56 
41 73 122 120 121 
42 122 55 123 120 
43 14 79 124 37 
44 79 8 125 124 
45 124 125 21 126 
46 37 124 126 19 
47 83 14 128 127 
48 127 128 37 129 
49 53 127 129 35 
50 130 131 53 132 
51 69 130 132 51 
52 133 134 69 135 
53 97 133 135 67 
54 72 151 149 150 
55 151 71 100 149 
56 149 100 75 152 
57 150 149 152 5 
58 71 155 153 154 
59 155 101 141 153 
60 153 141 99 156 
61 154 153 156 100 
62 57 158 157 119 
63 158 39 159 157 
64 157 159 58 89 
65 119 157 89 55 
66 55 161 160 123 
67 161 89 162 160 
68 120 165 163 164 
69 165 123 166 163 
70 163 166 74 142 
71 164 163 142 101 
72 101 169 167 168 
73 169 142 170 167 
74 167 170 140 171 
75 168 167 171 141 
76 172 96 68 174 
77 173 172 174 92 
78 145 177 175 176 
79 177 72 150 175 
80 175 150 5 178 
81 176 175 178 148 
82 16 181 179 180 
83 181 15 32 179 
84 179 32 18 182 
85 180 179 182 6 
86 32 185 183 184 
87 185 31 48 183 
88 183 48 34 186 
89 184 183 186 18 
90 48 189 187 188 
91 188 187 190 34 
92 197 145 176 195 
93 195 176 148 198 
94 196 195 198 66 
95 6 182 199 200 
96 182 18 45 199 
97 199 45 28 201 
98 200 199 201 29 
99 18 186 202 203 
100 186 34 61 202 
101 202 61 44 204 
102 203 202 204 45 
103 34 190 205 206 
104 205 93 60 207 
105 206 205 207 61 
106 208 173 92 210 
107 209 208 210 93 
108 211 196 66 214 
109 212 211 214 194 
110 17 217 215 216 
111 217 7 105 215 
112 215 105 11 33 
113 216 215 33 15 
114 33 220 218 219 
115 220 11 109 218 
116 218 109 24 49 
117 219 218 49 31 
118 49 223 221 222 
119 223 24 113 221 
120 221 113 40 65 
121 222 221 65 47 
122 65 226 224 225 
123 226 40 117 224 
124 224 117 56 147 
125 225 224 147 63 
126 63 229 227 228 
127 229 147 230 227 
128 227 230 145 197 
129 146 233 231 232 
130 233 197 234 231 
131 231 234 195 235 
132 232 231 235 196 
133 187 238 236 237 
134 238 64 192 236 
135 236 192 50 239 
136 237 236 239 190 
137 192 242 240 241 
138 240 212 194 243 
139 241 240 243 50 
140 47 246 244 245 
141 246 65 225 244 
142 244 225 63 193 
143 245 244 193 64 
144 193 249 247 248 
145 249 63 228 247 
146 250 253 211 254 
147 251 250 254 212 
148 64 257 255 256 
149 257 193 248 255 
150 256 255 242 192 
151 248 260 258 259 
152 260 247 261 258 
153 258 261 213 252 
154 259 258 252 191 
155 213 263 262 253 
156 263 146 232 262 
157 262 232 196 264 
158 253 262 264 211 
159 252 267 265 266 
160 267 213 268 265 
161 265 268 253 269 
162 266 265 269 250 
163 242 272 270 271 
164 272 191 251 270 
165 270 251 212 273 
166 271 270 273 240 
167 191 276 274 275 
168 276 252 266 274 
169 274 266 250 277 
170 275 274 277 251 
171 142 283 282 170 
172 283 74 284 282 
173 75 103 286 287 
174 103 59 288 286 
175 286 288 97 289 
176 287 286 289 95 
177 99 144 290 291 
178 144 102 292 290 
179 290 292 59 293 
180 291 290 293 103 
181 294 296 102 297 
182 295 294 297 144 
183 170 300 298 299 
184 300 282 301 298 
185 298 301 285 302 
186 299 298 302 140 
187 123 304 303 166 
188 304 160 305 303 
189 303 305 137 279 
190 166 303 279 74 
191 74 307 306 284 
192 307 279 308 306 
193 282 311 310 301 
194 311 284 312 310 
195 310 312 143 313 
196 59 139 314 288 
197 139 91 315 314 
198 314 315 133 316 
199 288 314 316 97 
200 102 281 317 292 
201 317 318 139 319 
202 292 317 319 59 
203 320 321 281 322 
204 296 320 322 102 
205 285 313 323 324 
206 313 143 325 323 
207 323 325 296 326 
208 324 323 326 294 
209 301 329 327 328 
210 329 310 330 327 
211 327 330 313 331 
212 328 327 331 285 
213 284 333 332 312 
214 333 306 334 332 
215 332 334 309 335 
216 312 332 335 143 
217 279 349 348 308 
218 349 137 350 348 
219 306 353 352 334 
220 353 308 354 352 
221 334 352 355 309 
222 356 357 136 358 
223 321 356 358 281 
224 308 360 359 354 
225 360 348 361 359 
226 359 361 351 362 
227 354 359 362 278 
228 309 355 363 364 
229 355 278 365 363 
230 363 365 321 366 
231 364 363 366 320 
232 352 369 367 368 
233 369 354 370 367 
234 367 370 278 371 
235 368 367 371 355 
236 278 362 372 365 
237 362 351 373 372 
238 372 373 356 374 
239 365 372 374 321 
240 375 376 91 377 
241 318 375 377 139 
242 351 383 382 373 
243 383 280 384 382 
244 382 384 357 385 
245 373 382 385 356 
246 89 387 386 162 
247 387 58 388 386 
248 160 390 389 305 
249 390 162 391 389 
250 389 391 88 345 
251 305 389 345 137 
252 137 393 392 350 
253 393 345 394 392 
254 396 379 397 395 
255 395 397 378 398 
256 384 395 398 357 
257 350 401 399 400 
258 401 392 402 399 
259 399 402 379 396 
260 400 399 396 280 
261 280 405 403 404 
262 405 396 406 403 
263 403 406 395 407 
264 404 403 407 384 
265 379 417 416 397 
266 417 344 418 416 
267 416 418 380 419 
268 397 416 419 378 
269 345 421 420 394 
270 421 88 422 420 
271 344 424 423 418 
272 423 425 412 426 
273 418 423 426 380 
274 394 429 427 428 
275 429 420 430 427 
276 427 430 413 424 
277 428 427 424 344 
278 431 432 130 433 
279 134 431 433 69 
280 91 343 434 315 
281 343 43 435 434 
282 434 435 134 436 
283 315 434 436 133 
284 437 438 343 439 
285 376 437 439 91 
286 413 445 444 425 
287 445 346 446 444 
288 444 446 414 447 
289 425 444 447 412 
290 424 450 448 449 
291 450 413 451 448 
292 448 451 425 452 
293 449 448 452 423 
294 162 454 453 391 
295 454 386 455 453 
296 453 455 341 409 
297 391 453 409 88 
298 88 457 456 422 
299 457 409 458 456 
300 346 460 459 446 
301 460 441 461 459 
302 459 461 440 462 
303 446 459 462 414 
304 441 476 475 461 
305 476 408 477 475 
306 461 475 478 440 
307 409 480 479 458 
308 480 341 481 479 
309 408 483 482 477 
310 483 472 484 482 
311 482 484 471 485 
312 477 482 485 442 
313 138 443 486 487 
314 443 411 488 486 
315 486 488 437 489 
316 487 486 489 376 
317 440 478 490 491 
318 478 442 492 490 
319 490 492 411 493 
320 491 490 493 443 
321 475 496 494 495 
322 496 477 497 494 
323 494 497 442 498 
324 495 494 498 478 
325 499 500 43 501 
326 438 499 501 343 
327 472 507 506 484 
328 507 410 508 506 
329 506 508 473 509 
330 484 506 509 471 
331 41 511 510 115 
332 511 23 512 510 
333 510 512 42 85 
334 115 510 85 39 
335 39 514 513 159 
336 514 85 515 513 
337 513 515 84 337 
338 159 513 337 58 
339 58 517 516 388 
340 517 337 518 516 
341 386 520 519 455 
342 520 388 521 519 
343 519 521 90 468 
344 455 519 468 341 
345 341 523 522 481 
346 523 468 524 522 
347 522 524 467 503 
348 410 526 525 508 
349 526 503 527 525 
350 525 527 502 528 
351 340 505 529 530 
352 505 470 531 529 
353 529 531 499 532 
354 530 529 532 438 
355 473 528 533 534 
356 528 502 535 533 
357 533 535 505 536 
358 534 533 536 340 
359 508 539 537 538 
360 539 525 540 537 
361 537 540 528 541 
362 538 537 541 473 
363 502 551 550 535 
364 551 504 552 550 
365 550 552 470 553 
366 535 550 553 505 
367 43 466 554 435 
368 466 339 555 554 
369 554 555 431 556 
370 435 554 556 134 
371 557 558 466 559 
372 500 557 559 43 
373 470 549 560 531 
374 549 342 561 560 
375 560 561 500 562 
376 531 560 562 499 
377 504 564 563 552 
378 563 565 549 566 
379 552 563 566 470 
380 468 568 567 524 
381 568 90 569 567 
382 567 569 469 547 
383 524 567 547 467 
384 467 572 570 571 
385 572 547 573 570 
386 570 573 546 564 
387 571 570 564 504 
388 546 579 578 565 
389 579 548 580 578 
390 578 580 342 581 
391 565 578 581 549 
392 564 584 582 583 
393 584 546 585 582 
394 582 585 565 586 
395 583 582 586 563 
396 587 588 557 589 
397 561 587 589 500 
398 548 591 590 580 
399 591 574 592 590 
400 590 592 577 593 
401 580 590 593 342 
402 42 595 594 86 
403 595 80 596 594 
404 594 596 83 597 
405 86 594 597 27 
406 84 599 598 338 
407 599 86 600 598 
408 598 600 27 601 
409 338 598 601 87 
410 603 338 604 602 
411 602 604 87 605 
412 615 576 616 614 
413 614 616 545 617 
414 592 614 617 577 
415 388 619 618 521 
416 619 516 620 618 
417 618 620 464 543 
418 521 618 543 90 
419 90 622 621 569 
420 622 543 623 621 
421 621 623 542 575 
422 569 621 575 469 
423 575 626 624 625 
424 626 542 627 624 
425 624 627 576 615 
426 625 624 615 574 
427 574 630 628 629 
428 630 615 631 628 
429 628 631 614 632 
430 629 628 632 592 
431 633 634 339 635 
432 558 633 635 466 
433 636 637 558 638 
434 588 636 638 557 
435 576 640 639 616 
436 640 610 641 639 
437 639 641 613 642 
438 616 639 642 545 
439 610 648 647 641 
440 648 612 649 647 
441 641 647 650 613 
442 651 652 633 653 
443 637 651 653 558 
444 612 655 654 649 
445 655 643 656 654 
446 654 656 646 657 
447 649 654 657 463 
448 613 650 658 659 
449 650 463 660 658 
450 658 660 637 661 
451 659 658 661 636 
452 647 664 662 663 
453 664 649 665 662 
454 662 665 463 666 
455 663 662 666 650 
456 337 668 667 518 
457 668 84 669 667 
458 667 669 338 603 
459 336 671 670 608 
460 671 603 672 670 
461 670 672 602 673 
462 608 670 673 465 
463 675 608 676 674 
464 674 676 465 677 
465 643 679 678 656 
466 679 645 680 678 
467 678 680 609 681 
468 656 678 681 646 
469 27 597 682 131 
470 597 83 683 682 
471 682 683 127 684 
472 131 682 684 53 
473 87 601 685 432 
474 601 27 686 685 
475 685 686 131 687 
476 432 685 687 130 
477 339 605 688 555 
478 605 87 689 688 
479 688 689 432 690 
480 555 688 690 431 
481 465 673 691 634 
482 673 602 692 691 
483 691 692 605 693 
484 634 691 693 339 
485 677 465 695 694 
486 694 695 634 696 
487 652 694 696 633 
488 645 698 697 680 
489 698 674 699 697 
490 697 699 677 700 
491 609 700 701 702 
492 700 677 703 701 
493 701 703 694 704 
494 702 701 704 652 
495 680 707 705 706 
496 707 697 708 705 
497 705 708 700 709 
498 706 705 709 609 
499 12 711 710 107 
500 711 2 712 710 
501 710 712 13 77 
502 107 710 77 10 
503 1 715 713 714 
504 715 17 216 713 
505 713 216 15 181 
506 714 713 181 16 
507 25 717 716 111 
508 717 10 718 716 
509 716 718 26 81 
510 111 716 81 23 
511 15 721 719 720 
512 721 33 219 719 
513 719 219 31 185 
514 720 719 185 32 
515 31 724 722 723 
516 724 49 222 722 
517 722 222 47 189 
518 723 722 189 48 
519 56 727 725 726 
520 727 73 121 725 
521 725 121 71 151 
522 726 725 151 72 
523 23 729 728 512 
524 729 81 730 728 
525 728 730 80 595 
526 512 728 595 42 
527 85 732 731 515 
528 732 42 733 731 
529 731 733 86 599 
530 515 731 599 84 
531 5 152 734 735 
532 152 75 287 734 
533 734 287 95 736 
534 735 734 736 96 
535 100 156 737 738 
536 156 99 291 737 
537 737 291 103 739 
538 738 737 739 75 
539 121 742 740 741 
540 742 120 164 740 
541 740 164 101 155 
542 741 740 155 71 
543 141 171 743 744 
544 171 140 295 743 
545 743 295 144 745 
546 744 743 745 99 
547 147 747 746 230 
548 747 56 726 746 
549 746 726 72 177 
550 230 746 177 145 
551 148 178 748 749 
552 178 5 735 748 
553 748 735 96 750 
554 749 748 750 172 
555 189 753 751 752 
556 753 47 245 751 
557 751 245 64 238 
558 752 751 238 187 
559 190 239 754 755 
560 239 50 209 754 
561 754 209 93 756 
562 755 754 756 205 
563 247 758 757 261 
564 758 228 759 757 
565 757 759 146 263 
566 261 757 263 213 
567 255 762 760 761 
568 762 248 259 760 
569 760 259 191 272 
570 761 760 272 242 
571 140 302 763 764 
572 302 285 324 763 
573 763 324 294 765 
574 764 763 765 295 
575 143 335 766 325 
576 335 309 364 766 
577 766 364 320 767 
578 325 766 767 296 
579 348 769 768 361 
580 769 350 400 768 
581 768 400 280 383 
582 361 768 383 351 
583 347 415 770 771 
584 415 138 487 770 
585 770 487 376 772 
586 771 770 772 375 
587 392 774 773 402 
588 774 394 428 773 
589 773 428 344 417 
590 402 773 417 379 
591 420 776 775 430 
592 776 422 777 775 
593 775 777 346 445 
594 430 775 445 413 
595 411 474 778 488 
596 474 340 530 778 
597 778 530 438 779 
598 488 778 779 437 
599 414 462 780 781 
600 462 440 491 780 
601 780 491 443 782 
602 781 780 782 138 
603 422 784 783 777 
604 784 456 785 783 
605 783 785 441 460 
606 777 783 460 346 
607 471 509 786 787 
608 509 473 534 786 
609 786 534 340 788 
610 787 786 788 474 
611 442 485 789 492 
612 485 471 787 789 
613 789 787 474 790 
614 492 789 790 411 
615 503 792 791 527 
616 792 467 571 791 
617 791 571 504 551 
618 527 791 551 502 
619 516 794 793 620 
620 794 518 795 793 
621 793 795 336 607 
622 620 793 607 464 
623 543 797 796 623 
624 797 464 798 796 
625 796 798 544 611 
626 623 796 611 542 
627 547 800 799 573 
628 800 469 801 799 
629 799 801 548 579 
630 573 799 579 546 
631 469 803 802 801 
632 803 575 625 802 
633 802 625 574 591 
634 801 802 591 548 
635 464 805 804 798 
636 805 607 806 804 
637 804 806 606 644 
638 798 804 644 544 
639 607 808 807 806 
640 808 336 809 807 
641 807 809 608 675 
642 806 807 675 606 
643 542 811 810 627 
644 811 611 812 810 
645 810 812 610 640 
646 627 810 640 576 
647 611 814 813 812 
648 814 544 815 813 
649 813 815 612 648 
650 812 813 648 610 
651 545 642 816 817 
652 642 613 659 816 
653 816 659 636 818 
654 817 816 818 588 
655 544 820 819 815 
656 820 644 821 819 
657 819 821 643 655 
658 815 819 655 612 
659 644 823 822 821 
660 823 606 824 822 
661 822 824 645 679 
662 821 822 679 643 
663 463 657 825 660 
664 657 646 826 825 
665 825 826 651 827 
666 660 825 827 637 
667 646 681 828 826 
668 681 609 702 828 
669 828 702 652 829 
670 826 828 829 651 
671 518 831 830 795 
672 831 667 832 830 
673 830 832 603 671 
674 795 830 671 336 
675 606 834 833 824 
676 834 675 835 833 
677 833 835 674 698 
678 824 833 698 645 
679 66 198 836 837 
680 198 148 749 836 
681 836 749 172 838 
682 837 836 838 173 
683 194 214 839 840 
684 214 66 837 839 
685 839 837 173 841 
686 840 839 841 208 
687 228 843 842 759 
688 843 227 844 842 
689 842 844 197 233 
690 759 842 233 146 
691 136 381 845 846 
692 381 347 771 845 
693 845 771 375 847 
694 846 845 847 318 
695 412 447 848 849 
696 447 414 781 848 
697 848 781 138 850 
698 849 848 850 415 
699 380 426 851 852 
700 426 412 849 851 
701 851 849 415 853 
702 852 851 853 347 
703 456 855 854 785 
704 855 458 856 854 
705 854 856 408 476 
706 785 854 476 441 
707 458 858 857 856 
708 858 479 859 857 
709 857 859 472 483 
710 856 857 483 408 
711 577 617 860 861 
712 617 545 817 860 
713 860 817 588 862 
714 861 860 862 587 
715 50 243 863 864 
716 243 194 840 863 
717 863 840 208 865 
718 864 863 865 209 
719 281 358 866 867 
720 358 136 846 866 
721 866 846 318 868 
722 867 866 868 317 
723 378 419 869 870 
724 419 380 852 869 
725 869 852 347 871 
726 870 869 871 381 
727 357 398 872 873 
728 398 378 870 872 
729 872 870 381 874 
730 873 872 874 136 
731 479 876 875 859 
732 876 481 877 875 
733 875 877 410 507 
734 859 875 507 472 
735 481 879 878 877 
736 879 522 880 878 
737 878 880 503 526 
738 877 878 526 410 
739 342 593 881 882 
740 593 577 861 881 
741 881 861 587 883 
742 882 881 883 561 
