2 0.000000 100.000000 150.000000
870 730 
1 -50.121888 0.000000 -55.677985 99.862953 0.000000 5.233596 0.005508 
2 72.906265 0.000000 -55.677985 99.862953 0.000000 5.233596 0.005508 
3 72.906265 0.000000 59.346946 99.862953 0.000000 5.233596 0.005508 
4 -50.121888 0.000000 59.346946 99.862953 0.000000 5.233596 0.005508 
5 11.392189 0.000000 1.834480 100.809066 0.000000 2.968858 -0.015131 
6 -50.121888 0.000000 1.834480 99.862953 0.000000 5.233596 0.005508 
7 11.392189 0.000000 -55.677985 99.862953 0.000000 5.233596 0.005508 
8 72.906265 0.000000 1.834480 99.964361 0.000000 3.330882 0.001825 
9 11.392189 0.000000 59.346946 99.862953 0.000000 5.233596 0.005508 
10 42.149227 0.000000 -26.921753 99.862953 0.000000 5.233596 0.005508 
11 11.392189 0.000000 -26.921753 99.862953 0.000000 5.233596 0.005508 
12 42.149227 0.000000 -55.677985 99.862953 0.000000 5.233596 0.005508 
13 72.906265 0.000000 -26.921753 99.931245 0.000000 5.258399 0.004157 
14 42.149227 0.000000 1.834480 99.912899 0.000000 4.301784 0.003605 
15 -19.364850 0.000000 -26.921753 99.862953 0.000000 5.233596 0.005508 
16 -50.121888 0.000000 -26.921753 99.862953 0.000000 5.233596 0.005508 
17 -19.364850 0.000000 -55.677985 99.862953 0.000000 5.233596 0.005508 
18 -19.364850 0.000000 1.834480 99.862953 0.000000 5.233596 0.005508 
19 42.149227 0.000000 30.590713 99.862953 0.000000 5.233596 0.005508 
20 11.392189 0.000000 30.590713 99.862953 0.000000 5.233596 0.005508 
21 72.906265 0.000000 30.590713 99.994538 0.000000 4.935779 0.002552 
22 42.149227 0.000000 59.346946 99.862953 0.000000 5.233596 0.005508 
23 26.770708 0.000000 -12.543636 99.862953 0.000000 5.233596 0.005508 
24 11.392189 0.000000 -12.543636 99.862953 0.000000 5.233596 0.005508 
25 26.770708 0.000000 -26.921753 99.862953 0.000000 5.233596 0.005508 
26 42.149227 0.000000 -12.543636 100.015301 0.000000 5.150082 0.002352 
27 26.770708 0.000000 1.834480 99.857876 0.000000 4.079878 0.004525 
28 -19.364850 0.000000 30.590713 99.862953 0.000000 5.233596 0.005508 
29 -50.121888 0.000000 30.590713 99.862953 0.000000 5.233596 0.005508 
30 -19.364850 0.000000 59.346946 99.862953 0.000000 5.233596 0.005508 
31 -3.986330 0.000000 -12.543636 99.862953 0.000000 5.233596 0.005508 
32 -19.364850 0.000000 -12.543636 99.862953 0.000000 5.233596 0.005508 
33 -3.986330 0.000000 -26.921753 99.862953 0.000000 5.233596 0.005508 
34 -3.986330 0.000000 1.834480 99.862953 0.000000 5.233596 0.005508 
35 26.770708 0.000000 16.212597 99.862953 0.000000 5.233596 0.005508 
36 11.392189 0.000000 16.212597 99.862953 0.000000 5.233596 0.005508 
37 42.149227 0.000000 16.212597 100.103582 0.000000 4.674056 0.000112 
38 26.770708 0.000000 30.590713 99.862953 0.000000 5.233596 0.005508 
39 19.081448 0.000000 -5.354578 99.573668 0.000000 4.601341 0.010739 
40 11.392189 0.000000 -5.354578 99.862953 0.000000 5.233596 0.005508 
41 19.081448 0.000000 -12.543636 99.862953 0.000000 5.233596 0.005508 
42 26.770708 0.000000 -5.354578 99.779684 0.000000 4.664303 0.006620 
43 19.081448 0.000000 1.834480 99.984191 0.000000 5.244879 0.003076 
44 -3.986330 0.000000 16.212597 99.862953 0.000000 5.233596 0.005508 
45 -19.364850 0.000000 16.212597 99.862953 0.000000 5.233596 0.005508 
46 -3.986330 0.000000 30.590713 99.862953 0.000000 5.233596 0.005508 
47 3.702929 0.000000 -5.354578 99.862953 0.000000 5.233596 0.005508 
48 -3.986330 0.000000 -5.354578 99.862953 0.000000 5.233596 0.005508 
49 3.702929 0.000000 -12.543636 99.862953 0.000000 5.233596 0.005508 
50 3.702929 0.000000 1.834480 99.862953 0.000000 5.233596 0.005508 
51 19.081448 0.000000 9.023539 99.862953 0.000000 5.233596 0.005508 
52 11.392189 0.000000 9.023539 99.862953 0.000000 5.233596 0.005508 
53 26.770708 0.000000 9.023539 100.194579 0.000000 4.410636 -0.001946 
54 19.081448 0.000000 16.212597 99.862953 0.000000 5.233596 0.005508 
55 15.236819 0.000000 -1.760049 99.538678 0.000000 4.123342 0.011025 
56 11.392189 0.000000 -1.760049 99.469654 0.000000 4.314729 0.012596 
57 15.236819 0.000000 -5.354578 99.862953 0.000000 5.233596 0.005508 
58 19.081448 0.000000 -1.760049 99.848647 0.000000 4.733825 0.005293 
59 15.236819 0.000000 1.834480 100.091320 0.000000 4.281619 0.000006 
60 3.702929 0.000000 9.023539 99.862953 0.000000 5.233596 0.005508 
61 -3.986330 0.000000 9.023539 99.862953 0.000000 5.233596 0.005508 
62 3.702929 0.000000 16.212597 99.862953 0.000000 5.233596 0.005508 
63 7.547559 0.000000 -1.760049 99.862953 0.000000 5.233596 0.005508 
64 3.702929 0.000000 -1.760049 99.862953 0.000000 5.233596 0.005508 
65 7.547559 0.000000 -5.354578 99.862953 0.000000 5.233596 0.005508 
66 7.547559 0.000000 1.834480 99.862953 0.000000 5.233596 0.005508 
67 15.236819 0.000000 5.429010 99.862953 0.000000 5.233596 0.005508 
68 11.392189 0.000000 5.429010 99.862953 0.000000 5.233596 0.005508 
69 19.081448 0.000000 5.429010 100.251719 0.000000 4.325134 -0.003160 
70 15.236819 0.000000 9.023539 99.862953 0.000000 5.233596 0.005508 
71 13.314504 0.000000 0.037216 99.890947 0.000000 0.000000 0.002185 
72 11.392189 0.000000 0.037216 99.862953 0.000000 0.000000 0.002747 
73 13.314504 0.000000 -1.760049 99.374160 0.000000 3.939702 0.014228 
74 15.236819 0.000000 0.037216 100.208981 0.000000 5.717382 -0.000914 
75 13.314504 0.000000 1.834480 100.463785 0.000000 3.478495 -0.008022 
76 57.527746 0.000000 -12.543636 99.926177 0.000000 5.055665 0.004048 
77 57.527746 0.000000 -26.921753 99.862953 0.000000 5.233596 0.005508 
78 72.906265 0.000000 -12.543636 99.893136 0.000000 5.024069 0.004682 
79 57.527746 0.000000 1.834480 99.935475 0.000000 3.891774 0.002813 
80 34.459968 0.000000 -5.354578 100.102700 0.000000 4.655132 0.000112 
81 34.459968 0.000000 -12.543636 99.669161 0.000000 4.819010 0.009008 
82 42.149227 0.000000 -5.354578 99.972730 0.000000 4.501194 0.002578 
83 34.459968 0.000000 1.834480 99.914451 0.000000 4.140098 0.003436 
84 22.926078 0.000000 -1.760049 99.802088 0.000000 4.673494 0.006176 
85 22.926078 0.000000 -5.354578 99.648541 0.000000 4.596426 0.009213 
86 26.770708 0.000000 -1.760049 100.236553 0.000000 3.989032 -0.003136 
87 22.926078 0.000000 1.834480 99.818379 0.000000 5.001136 0.006168 
88 17.159133 0.000000 0.037216 99.982761 0.000000 5.567719 0.003457 
89 17.159133 0.000000 -1.760049 99.725706 0.000000 4.430282 0.007497 
90 19.081448 0.000000 0.037216 99.785011 0.000000 6.021122 0.007983 
91 17.159133 0.000000 1.834480 99.708587 0.000000 5.328407 0.008734 
92 7.547559 0.000000 5.429010 99.862953 0.000000 5.233596 0.005508 
93 3.702929 0.000000 5.429010 99.862953 0.000000 5.233596 0.005508 
94 7.547559 0.000000 9.023539 99.862953 0.000000 5.233596 0.005508 
95 13.314504 0.000000 3.631745 100.260535 0.000000 4.373156 -0.003294 
96 11.392189 0.000000 3.631745 99.862953 0.000000 5.233596 0.005508 
97 15.236819 0.000000 3.631745 100.399245 0.000000 3.960373 -0.006391 
98 13.314504 0.000000 5.429010 99.862953 0.000000 5.233596 0.005508 
99 14.275661 0.000000 0.935848 99.972448 0.000000 4.533155 0.002613 
100 13.314504 0.000000 0.935848 99.862953 0.000000 0.000000 0.002747 
101 14.275661 0.000000 0.037216 99.789488 0.000000 4.671682 0.006429 
102 15.236819 0.000000 0.935848 99.768681 0.000000 5.597783 0.007815 
103 14.275661 0.000000 1.834480 100.255158 0.000000 3.820117 -0.003637 
104 26.770708 0.000000 -41.299869 99.862953 0.000000 5.233596 0.005508 
105 11.392189 0.000000 -41.299869 99.862953 0.000000 5.233596 0.005508 
106 26.770708 0.000000 -55.677985 99.862953 0.000000 5.233596 0.005508 
107 42.149227 0.000000 -41.299869 99.862953 0.000000 5.233596 0.005508 
108 19.081448 0.000000 -19.732694 99.862953 0.000000 5.233596 0.005508 
109 11.392189 0.000000 -19.732694 99.862953 0.000000 5.233596 0.005508 
110 19.081448 0.000000 -26.921753 99.862953 0.000000 5.233596 0.005508 
111 26.770708 0.000000 -19.732694 99.862953 0.000000 5.233596 0.005508 
112 15.236819 0.000000 -8.949107 99.862953 0.000000 5.233596 0.005508 
113 11.392189 0.000000 -8.949107 99.862953 0.000000 5.233596 0.005508 
114 15.236819 0.000000 -12.543636 99.862953 0.000000 5.233596 0.005508 
115 19.081448 0.000000 -8.949107 99.862953 0.000000 5.233596 0.005508 
116 13.314504 0.000000 -3.557313 99.862953 0.000000 5.233596 0.005508 
117 11.392189 0.000000 -3.557313 99.862953 0.000000 5.233596 0.005508 
118 13.314504 0.000000 -5.354578 99.862953 0.000000 5.233596 0.005508 
119 15.236819 0.000000 -3.557313 99.449636 0.000000 4.328398 0.013016 
120 14.275661 0.000000 -0.861416 99.648703 0.000000 4.090707 0.008763 
121 13.314504 0.000000 -0.861416 99.509973 0.000000 3.911741 0.011435 
122 14.275661 0.000000 -1.760049 99.437428 0.000000 4.004138 0.012988 
123 15.236819 0.000000 -0.861416 99.698239 0.000000 4.301237 0.007938 
124 57.527746 0.000000 16.212597 99.814436 0.000000 4.997331 0.006244 
125 72.906265 0.000000 16.212597 99.865149 0.000000 4.870291 0.005093 
126 57.527746 0.000000 30.590713 99.862953 0.000000 5.233596 0.005508 
127 34.459968 0.000000 9.023539 99.700789 0.000000 4.691929 0.008244 
128 42.149227 0.000000 9.023539 99.819210 0.000000 4.368824 0.005552 
129 34.459968 0.000000 16.212597 99.862953 0.000000 5.233596 0.005508 
130 22.926078 0.000000 5.429010 100.033646 0.000000 3.945302 0.000884 
131 26.770708 0.000000 5.429010 99.894951 0.000000 4.082350 0.003781 
132 22.926078 0.000000 9.023539 99.862953 0.000000 5.233596 0.005508 
133 17.159133 0.000000 3.631745 100.242064 0.000000 4.144663 -0.003120 
134 19.081448 0.000000 3.631745 99.863729 0.000000 4.420595 0.004700 
135 17.159133 0.000000 5.429010 100.124982 0.000000 4.667683 -0.000322 
136 16.197976 0.000000 0.935848 99.895580 0.000000 5.504051 0.005143 
137 16.197976 0.000000 0.037216 100.044638 0.000000 5.329828 0.001952 
138 17.159133 0.000000 0.935848 100.027095 0.000000 5.707500 0.002723 
139 16.197976 0.000000 1.834480 99.937942 0.000000 4.917697 0.003673 
140 14.756240 0.000000 0.486532 99.973028 0.000000 0.000000 0.000540 
141 14.275661 0.000000 0.486532 99.954268 0.000000 0.000000 0.000915 
142 14.756240 0.000000 0.037216 99.973890 0.000000 0.000000 0.000522 
143 15.236819 0.000000 0.486532 100.061547 0.000000 5.636582 0.001950 
144 14.756240 0.000000 0.935848 99.907241 0.000000 5.334792 0.004722 
145 9.469874 0.000000 0.037216 99.862953 0.000000 0.000000 0.002747 
146 7.547559 0.000000 0.037216 99.862953 0.000000 0.000000 0.002747 
147 9.469874 0.000000 -1.760049 99.862953 0.000000 5.233596 0.005508 
148 9.469874 0.000000 1.834480 100.233253 0.000000 4.354071 -0.002767 
149 12.353346 0.000000 0.935848 99.862953 0.000000 0.000000 0.002747 
150 11.392189 0.000000 0.935848 99.862953 0.000000 0.000000 0.002747 
151 12.353346 0.000000 0.037216 99.862953 0.000000 0.000000 0.002747 
152 12.353346 0.000000 1.834480 100.628186 0.000000 3.221916 -0.011432 
153 13.795082 0.000000 0.486532 99.895993 0.000000 0.000000 0.002083 
154 13.314504 0.000000 0.486532 99.874912 0.000000 0.000000 0.002506 
155 13.795082 0.000000 0.037216 99.867581 0.000000 4.497628 0.004691 
156 13.795082 0.000000 0.935848 100.025551 0.000000 4.190103 0.001246 
157 17.159133 0.000000 -3.557313 99.500368 0.000000 4.322148 0.011977 
158 17.159133 0.000000 -5.354578 99.862953 0.000000 5.233596 0.005508 
159 19.081448 0.000000 -3.557313 99.600286 0.000000 4.418847 0.010030 
160 16.197976 0.000000 -0.861416 99.911105 0.000000 4.893511 0.004189 
161 16.197976 0.000000 -1.760049 99.637261 0.000000 4.272670 0.009150 
162 17.159133 0.000000 -0.861416 99.970402 0.000000 5.059978 0.003162 
163 14.756240 0.000000 -0.412100 99.786614 0.000000 4.575478 0.006397 
164 14.275661 0.000000 -0.412100 99.684109 0.000000 4.183129 0.008123 
165 14.756240 0.000000 -0.861416 99.658400 0.000000 4.204771 0.008662 
166 15.236819 0.000000 -0.412100 99.851832 0.000000 4.737186 0.005232 
167 14.515950 0.000000 0.261874 99.962579 0.000000 0.000000 0.000749 
168 14.275661 0.000000 0.261874 99.953130 0.000000 0.000000 0.000938 
169 14.515950 0.000000 0.037216 99.996536 0.000000 5.246735 0.002830 
170 14.756240 0.000000 0.261874 99.972841 0.000000 0.000000 0.000543 
171 14.515950 0.000000 0.486532 99.963028 0.000000 0.000000 0.000740 
172 9.469874 0.000000 3.631745 99.862953 0.000000 5.233596 0.005508 
173 7.547559 0.000000 3.631745 99.862953 0.000000 5.233596 0.005508 
174 9.469874 0.000000 5.429010 99.862953 0.000000 5.233596 0.005508 
175 10.431031 0.000000 0.935848 99.862953 0.000000 0.000000 0.002747 
176 9.469874 0.000000 0.935848 99.862953 0.000000 0.000000 0.002747 
177 10.431031 0.000000 0.037216 99.862953 0.000000 0.000000 0.002747 
178 10.431031 0.000000 1.834480 100.392893 0.000000 3.901381 -0.006311 
179 -34.743369 0.000000 -12.543636 99.862953 0.000000 5.233596 0.005508 
180 -50.121888 0.000000 -12.543636 99.862953 0.000000 5.233596 0.005508 
181 -34.743369 0.000000 -26.921753 99.862953 0.000000 5.233596 0.005508 
182 -34.743369 0.000000 1.834480 99.862953 0.000000 5.233596 0.005508 
183 -11.675590 0.000000 -5.354578 99.862953 0.000000 5.233596 0.005508 
184 -19.364850 0.000000 -5.354578 99.862953 0.000000 5.233596 0.005508 
185 -11.675590 0.000000 -12.543636 99.862953 0.000000 5.233596 0.005508 
186 -11.675590 0.000000 1.834480 99.862953 0.000000 5.233596 0.005508 
187 -0.141701 0.000000 -1.760049 99.862953 0.000000 5.233596 0.005508 
188 -3.986330 0.000000 -1.760049 99.862953 0.000000 5.233596 0.005508 
189 -0.141701 0.000000 -5.354578 99.862953 0.000000 5.233596 0.005508 
190 -0.141701 0.000000 1.834480 99.862953 0.000000 5.233596 0.005508 
191 5.625244 0.000000 0.037216 99.862953 0.000000 5.233596 0.005508 
192 3.702929 0.000000 0.037216 99.862953 0.000000 5.233596 0.005508 
193 5.625244 0.000000 -1.760049 99.862953 0.000000 5.233596 0.005508 
194 5.625244 0.000000 1.834480 99.862953 0.000000 5.233596 0.005508 
195 8.508716 0.000000 0.935848 99.862953 0.000000 0.000000 0.002747 
196 7.547559 0.000000 0.935848 99.862953 0.000000 0.000000 0.002747 
197 8.508716 0.000000 0.037216 99.862953 0.000000 0.000000 0.002747 
198 8.508716 0.000000 1.834480 99.862953 0.000000 5.233596 0.005508 
199 -34.743369 0.000000 16.212597 99.862953 0.000000 5.233596 0.005508 
200 -50.121888 0.000000 16.212597 99.862953 0.000000 5.233596 0.005508 
201 -34.743369 0.000000 30.590713 99.862953 0.000000 5.233596 0.005508 
202 -11.675590 0.000000 9.023539 99.862953 0.000000 5.233596 0.005508 
203 -19.364850 0.000000 9.023539 99.862953 0.000000 5.233596 0.005508 
204 -11.675590 0.000000 16.212597 99.862953 0.000000 5.233596 0.005508 
205 -0.141701 0.000000 5.429010 99.862953 0.000000 5.233596 0.005508 
206 -3.986330 0.000000 5.429010 99.862953 0.000000 5.233596 0.005508 
207 -0.141701 0.000000 9.023539 99.862953 0.000000 5.233596 0.005508 
208 5.625244 0.000000 3.631745 99.862953 0.000000 5.233596 0.005508 
209 3.702929 0.000000 3.631745 99.862953 0.000000 5.233596 0.005508 
210 5.625244 0.000000 5.429010 99.862953 0.000000 5.233596 0.005508 
211 6.586402 0.000000 0.935848 99.862953 0.000000 5.233596 0.005508 
212 5.625244 0.000000 0.935848 99.862953 0.000000 5.233596 0.005508 
213 6.586402 0.000000 0.037216 99.862953 0.000000 0.000000 0.002747 
214 6.586402 0.000000 1.834480 99.862953 0.000000 5.233596 0.005508 
215 -3.986330 0.000000 -41.299869 99.862953 0.000000 5.233596 0.005508 
216 -19.364850 0.000000 -41.299869 99.862953 0.000000 5.233596 0.005508 
217 -3.986330 0.000000 -55.677985 99.862953 0.000000 5.233596 0.005508 
218 3.702929 0.000000 -19.732694 99.862953 0.000000 5.233596 0.005508 
219 -3.986330 0.000000 -19.732694 99.862953 0.000000 5.233596 0.005508 
220 3.702929 0.000000 -26.921753 99.862953 0.000000 5.233596 0.005508 
221 7.547559 0.000000 -8.949107 99.862953 0.000000 5.233596 0.005508 
222 3.702929 0.000000 -8.949107 99.862953 0.000000 5.233596 0.005508 
223 7.547559 0.000000 -12.543636 99.862953 0.000000 5.233596 0.005508 
224 9.469874 0.000000 -3.557313 99.862953 0.000000 5.233596 0.005508 
225 7.547559 0.000000 -3.557313 99.862953 0.000000 5.233596 0.005508 
226 9.469874 0.000000 -5.354578 99.862953 0.000000 5.233596 0.005508 
227 8.508716 0.000000 -0.861416 99.678300 0.000000 4.837205 0.008841 
228 7.547559 0.000000 -0.861416 99.862953 0.000000 5.233596 0.005508 
229 8.508716 0.000000 -1.760049 99.862953 0.000000 5.233596 0.005508 
230 9.469874 0.000000 -0.861416 99.336742 0.000000 3.947404 0.014999 
231 8.028138 0.000000 0.486532 99.862953 0.000000 0.000000 0.002747 
232 7.547559 0.000000 0.486532 99.862953 0.000000 0.000000 0.002747 
233 8.028138 0.000000 0.037216 99.862953 0.000000 0.000000 0.002747 
234 8.508716 0.000000 0.486532 99.862953 0.000000 0.000000 0.002747 
235 8.028138 0.000000 0.935848 100.426380 0.000000 3.586016 -0.007207 
236 1.780614 0.000000 0.037216 99.862953 0.000000 5.233596 0.005508 
237 -0.141701 0.000000 0.037216 99.862953 0.000000 5.233596 0.005508 
238 1.780614 0.000000 -1.760049 99.862953 0.000000 5.233596 0.005508 
239 1.780614 0.000000 1.834480 99.862953 0.000000 5.233596 0.005508 
240 4.664087 0.000000 0.935848 99.862953 0.000000 5.233596 0.005508 
241 3.702929 0.000000 0.935848 99.862953 0.000000 5.233596 0.005508 
242 4.664087 0.000000 0.037216 99.862953 0.000000 5.233596 0.005508 
243 4.664087 0.000000 1.834480 99.862953 0.000000 5.233596 0.005508 
244 5.625244 0.000000 -3.557313 99.862953 0.000000 5.233596 0.005508 
245 3.702929 0.000000 -3.557313 99.862953 0.000000 5.233596 0.005508 
246 5.625244 0.000000 -5.354578 99.862953 0.000000 5.233596 0.005508 
247 6.586402 0.000000 -0.861416 99.862953 0.000000 5.233596 0.005508 
248 5.625244 0.000000 -0.861416 99.862953 0.000000 5.233596 0.005508 
249 6.586402 0.000000 -1.760049 99.862953 0.000000 5.233596 0.005508 
250 6.105823 0.000000 0.486532 99.862953 0.000000 0.000000 0.002747 
251 5.625244 0.000000 0.486532 99.862953 0.000000 5.233596 0.005508 
252 6.105823 0.000000 0.037216 99.862953 0.000000 0.000000 0.002747 
253 6.586402 0.000000 0.486532 99.862953 0.000000 0.000000 0.002747 
254 6.105823 0.000000 0.935848 99.862953 0.000000 5.233596 0.005508 
255 4.664087 0.000000 -0.861416 99.862953 0.000000 5.233596 0.005508 
256 3.702929 0.000000 -0.861416 99.862953 0.000000 5.233596 0.005508 
257 4.664087 0.000000 -1.760049 99.862953 0.000000 5.233596 0.005508 
258 6.105823 0.000000 -0.412100 99.862953 0.000000 5.233596 0.005508 
259 5.625244 0.000000 -0.412100 99.862953 0.000000 5.233596 0.005508 
260 6.105823 0.000000 -0.861416 99.862953 0.000000 5.233596 0.005508 
261 6.586402 0.000000 -0.412100 99.862953 0.000000 5.233596 0.005508 
262 7.066980 0.000000 0.486532 99.862953 0.000000 0.000000 0.002747 
263 7.066980 0.000000 0.037216 99.862953 0.000000 0.000000 0.002747 
264 7.066980 0.000000 0.935848 100.130514 0.000000 4.600484 -0.000495 
265 6.346112 0.000000 0.261874 99.862953 0.000000 0.000000 0.002747 
266 6.105823 0.000000 0.261874 99.862953 0.000000 0.000000 0.002747 
267 6.346112 0.000000 0.037216 99.862953 0.000000 0.000000 0.002747 
268 6.586402 0.000000 0.261874 99.862953 0.000000 0.000000 0.002747 
269 6.346112 0.000000 0.486532 99.862953 0.000000 0.000000 0.002747 
270 5.144665 0.000000 0.486532 99.862953 0.000000 5.233596 0.005508 
271 4.664087 0.000000 0.486532 99.862953 0.000000 5.233596 0.005508 
272 5.144665 0.000000 0.037216 99.862953 0.000000 5.233596 0.005508 
273 5.144665 0.000000 0.935848 99.862953 0.000000 5.233596 0.005508 
274 5.865533 0.000000 0.261874 99.862953 0.000000 5.233596 0.005508 
275 5.625244 0.000000 0.261874 99.862953 0.000000 5.233596 0.005508 
276 5.865533 0.000000 0.037216 99.862953 0.000000 5.233596 0.005508 
277 5.865533 0.000000 0.486532 99.862953 0.000000 5.233596 0.005508 
278 15.717397 0.000000 0.486532 100.049622 0.000000 5.532199 0.002072 
279 15.717397 0.000000 0.037216 100.134566 0.000000 5.471835 0.000301 
280 16.197976 0.000000 0.486532 100.086476 0.000000 5.561894 0.001365 
281 15.717397 0.000000 0.935848 99.845440 0.000000 5.570786 0.006231 
282 14.996529 0.000000 0.261874 99.973890 0.000000 0.000000 0.000522 
283 14.996529 0.000000 0.037216 100.100147 0.000000 5.353972 0.000863 
284 15.236819 0.000000 0.261874 100.084523 0.000000 5.456454 0.001288 
285 14.996529 0.000000 0.486532 99.973890 0.000000 0.000000 0.000522 
286 14.275661 0.000000 2.733113 100.462233 0.000000 3.711665 -0.007826 
287 13.314504 0.000000 2.733113 100.519213 0.000000 3.647582 -0.008999 
288 15.236819 0.000000 2.733113 100.332413 0.000000 3.895737 -0.005115 
289 14.275661 0.000000 3.631745 100.220007 0.000000 4.396694 -0.002466 
290 14.756240 0.000000 1.385164 100.085369 0.000000 4.427430 0.000252 
291 14.275661 0.000000 1.385164 100.121962 0.000000 4.066023 -0.000787 
292 15.236819 0.000000 1.385164 100.041684 0.000000 4.799472 0.001472 
293 14.756240 0.000000 1.834480 100.079024 0.000000 4.164234 0.000153 
294 14.996529 0.000000 0.711190 99.925156 0.000000 5.459348 0.004497 
295 14.756240 0.000000 0.711190 99.971707 0.000000 0.000000 0.000566 
296 15.236819 0.000000 0.711190 99.818564 0.000000 5.568801 0.006772 
297 14.996529 0.000000 0.935848 99.922694 0.000000 5.168022 0.004234 
298 14.876385 0.000000 0.374203 99.972916 0.000000 0.000000 0.000542 
299 14.756240 0.000000 0.374203 99.973319 0.000000 0.000000 0.000534 
300 14.876385 0.000000 0.261874 99.971946 0.000000 0.000000 0.000561 
301 14.996529 0.000000 0.374203 99.973890 0.000000 0.000000 0.000522 
302 14.876385 0.000000 0.486532 99.971988 0.000000 0.000000 0.000560 
303 15.717397 0.000000 -0.412100 99.970300 0.000000 4.872367 0.002977 
304 15.717397 0.000000 -0.861416 99.773149 0.000000 4.525334 0.006623 
305 16.197976 0.000000 -0.412100 100.115547 0.000000 5.319643 0.000518 
306 15.477108 0.000000 0.261874 100.108519 0.000000 5.463623 0.000814 
307 15.477108 0.000000 0.037216 100.332900 0.000000 5.803280 -0.003290 
308 15.717397 0.000000 0.261874 100.064667 0.000000 5.457908 0.001688 
309 15.477108 0.000000 0.486532 100.047806 0.000000 5.525583 0.002101 
310 15.116674 0.000000 0.374203 99.973890 0.000000 0.000000 0.000522 
311 15.116674 0.000000 0.261874 100.128680 0.000000 5.773037 0.000758 
312 15.236819 0.000000 0.374203 100.011392 0.000000 5.418379 0.002715 
313 15.116674 0.000000 0.486532 99.920240 0.000000 5.669316 0.004832 
314 16.197976 0.000000 2.733113 100.193055 0.000000 4.116325 -0.002166 
315 17.159133 0.000000 2.733113 100.001436 0.000000 4.494465 0.001995 
316 16.197976 0.000000 3.631745 100.353033 0.000000 4.000712 -0.005443 
317 15.717397 0.000000 1.385164 99.858734 0.000000 5.242838 0.005603 
318 16.197976 0.000000 1.385164 99.774514 0.000000 5.397455 0.007473 
319 15.717397 0.000000 1.834480 99.959455 0.000000 4.574013 0.002911 
320 15.477108 0.000000 0.711190 99.892416 0.000000 5.756818 0.005495 
321 15.717397 0.000000 0.711190 99.920692 0.000000 5.534472 0.004670 
322 15.477108 0.000000 0.935848 99.926603 0.000000 5.498962 0.004511 
323 15.116674 0.000000 0.598861 99.687427 0.000000 6.053187 0.010004 
324 14.996529 0.000000 0.598861 99.973890 0.000000 0.000000 0.000522 
325 15.236819 0.000000 0.598861 99.846266 0.000000 5.748727 0.006418 
326 15.116674 0.000000 0.711190 99.709120 0.000000 5.848309 0.009315 
327 15.056602 0.000000 0.430368 99.973890 0.000000 0.000000 0.000522 
328 14.996529 0.000000 0.430368 99.973890 0.000000 0.000000 0.000522 
329 15.056602 0.000000 0.374203 99.973890 0.000000 0.000000 0.000522 
330 15.116674 0.000000 0.430368 99.973890 0.000000 0.000000 0.000522 
331 15.056602 0.000000 0.486532 99.973890 0.000000 0.000000 0.000522 
332 15.356963 0.000000 0.374203 100.090294 0.000000 5.533253 0.001257 
333 15.356963 0.000000 0.261874 100.151187 0.000000 5.563539 0.000069 
334 15.477108 0.000000 0.374203 100.056908 0.000000 5.436737 0.001821 
335 15.356963 0.000000 0.486532 100.037827 0.000000 5.550483 0.002330 
336 21.003763 0.000000 0.037216 99.768485 0.000000 6.044159 0.008347 
337 21.003763 0.000000 -1.760049 99.781161 0.000000 4.668912 0.006595 
338 22.926078 0.000000 0.037216 99.792958 0.000000 5.608584 0.007335 
339 21.003763 0.000000 1.834480 99.777285 0.000000 4.890838 0.006888 
340 18.120291 0.000000 0.935848 100.181360 0.000000 5.802477 -0.000264 
341 18.120291 0.000000 0.037216 99.876355 0.000000 5.651182 0.005697 
342 19.081448 0.000000 0.935848 99.878395 0.000000 6.330109 0.006479 
343 18.120291 0.000000 1.834480 99.760128 0.000000 5.372977 0.007738 
344 16.678555 0.000000 0.486532 100.047247 0.000000 5.701256 0.002311 
345 16.678555 0.000000 0.037216 100.007345 0.000000 5.570564 0.002965 
346 17.159133 0.000000 0.486532 100.096335 0.000000 5.893074 0.001548 
347 16.678555 0.000000 0.935848 100.012943 0.000000 5.629414 0.002919 
348 15.957687 0.000000 0.261874 100.045121 0.000000 5.380157 0.001996 
349 15.957687 0.000000 0.037216 100.114288 0.000000 5.418681 0.000650 
350 16.197976 0.000000 0.261874 100.003882 0.000000 5.386072 0.002831 
351 15.957687 0.000000 0.486532 100.001795 0.000000 5.373757 0.002860 
352 15.597253 0.000000 0.374203 100.066667 0.000000 5.481178 0.001673 
353 15.597253 0.000000 0.261874 100.104495 0.000000 5.490343 0.000924 
354 15.717397 0.000000 0.374203 100.076222 0.000000 5.529133 0.001534 
355 15.597253 0.000000 0.486532 100.031333 0.000000 5.487056 0.002390 
356 15.957687 0.000000 0.711190 99.922181 0.000000 5.386126 0.004477 
357 16.197976 0.000000 0.711190 99.986240 0.000000 5.437159 0.003242 
358 15.957687 0.000000 0.935848 99.819733 0.000000 5.670801 0.006864 
359 15.837542 0.000000 0.374203 100.044285 0.000000 5.467407 0.002108 
360 15.837542 0.000000 0.261874 100.069507 0.000000 5.475784 0.001610 
361 15.957687 0.000000 0.374203 100.021555 0.000000 5.370298 0.002459 
362 15.837542 0.000000 0.486532 100.015639 0.000000 5.453569 0.002668 
363 15.597253 0.000000 0.598861 99.980353 0.000000 5.528049 0.003461 
364 15.477108 0.000000 0.598861 99.980063 0.000000 5.590803 0.003537 
365 15.717397 0.000000 0.598861 100.013454 0.000000 5.546809 0.002815 
366 15.597253 0.000000 0.711190 99.898051 0.000000 5.620141 0.005224 
367 15.657325 0.000000 0.430368 100.033576 0.000000 5.455438 0.002310 
368 15.597253 0.000000 0.430368 100.050371 0.000000 5.483677 0.002003 
369 15.657325 0.000000 0.374203 100.049298 0.000000 5.450402 0.001988 
370 15.717397 0.000000 0.430368 100.061564 0.000000 5.525392 0.001825 
371 15.657325 0.000000 0.486532 100.018635 0.000000 5.463544 0.002619 
372 18.120291 0.000000 -0.861416 99.884003 0.000000 4.951753 0.004793 
373 18.120291 0.000000 -1.760049 99.839565 0.000000 4.689199 0.005434 
374 19.081448 0.000000 -0.861416 99.767880 0.000000 4.985672 0.007174 
375 16.678555 0.000000 -0.412100 100.011296 0.000000 5.302378 0.002592 
376 16.678555 0.000000 -0.861416 100.051070 0.000000 5.083115 0.001565 
377 17.159133 0.000000 -0.412100 99.946453 0.000000 5.318893 0.003915 
378 16.438265 0.000000 0.261874 100.052358 0.000000 5.591321 0.002083 
379 16.438265 0.000000 0.037216 100.037835 0.000000 5.467815 0.002238 
380 16.678555 0.000000 0.261874 100.006860 0.000000 5.625664 0.003037 
381 16.438265 0.000000 0.486532 100.038356 0.000000 5.571730 0.002343 
382 16.077831 0.000000 0.374203 100.005544 0.000000 5.354630 0.002764 
383 16.077831 0.000000 0.261874 100.022386 0.000000 5.358288 0.002429 
384 16.197976 0.000000 0.374203 100.057581 0.000000 5.509890 0.001887 
385 16.077831 0.000000 0.486532 99.985278 0.000000 5.343977 0.003160 
386 16.678555 0.000000 1.385164 99.663243 0.000000 5.711887 0.010086 
387 17.159133 0.000000 1.385164 99.847900 0.000000 5.485132 0.006085 
388 16.678555 0.000000 1.834480 99.713730 0.000000 5.230194 0.008524 
389 16.438265 0.000000 0.711190 100.019450 0.000000 5.572047 0.002723 
390 16.678555 0.000000 0.711190 100.042529 0.000000 5.647624 0.002344 
391 16.438265 0.000000 0.935848 99.952928 0.000000 5.588397 0.004081 
392 16.318121 0.000000 0.374203 100.070227 0.000000 5.604197 0.001739 
393 16.318121 0.000000 0.261874 100.036152 0.000000 5.503047 0.002310 
394 16.438265 0.000000 0.374203 100.046204 0.000000 5.590458 0.002206 
395 16.318121 0.000000 0.486532 100.062610 0.000000 5.599505 0.001886 
396 16.318121 0.000000 0.598861 100.051523 0.000000 5.586108 0.002094 
397 16.197976 0.000000 0.598861 100.069849 0.000000 5.569915 0.001708 
398 16.438265 0.000000 0.598861 100.031461 0.000000 5.566258 0.002475 
399 16.318121 0.000000 0.711190 100.017298 0.000000 5.565468 0.002759 
400 16.258048 0.000000 0.430368 100.083588 0.000000 5.594498 0.001460 
401 16.197976 0.000000 0.430368 100.048503 0.000000 5.481954 0.002039 
402 16.258048 0.000000 0.374203 100.087931 0.000000 5.594602 0.001372 
403 16.318121 0.000000 0.430368 100.065720 0.000000 5.600559 0.001825 
404 16.258048 0.000000 0.486532 100.077979 0.000000 5.590818 0.001568 
405 17.639712 0.000000 0.486532 100.056381 0.000000 5.695488 0.002120 
406 17.639712 0.000000 0.037216 100.065966 0.000000 5.956791 0.002234 
407 18.120291 0.000000 0.486532 100.005284 0.000000 5.964450 0.003464 
408 17.639712 0.000000 0.935848 100.083274 0.000000 5.629948 0.001506 
409 16.918844 0.000000 0.711190 100.010079 0.000000 5.615908 0.002961 
410 16.918844 0.000000 0.486532 100.009297 0.000000 5.655719 0.003022 
411 17.159133 0.000000 0.711190 100.052587 0.000000 5.804316 0.002322 
412 16.918844 0.000000 0.935848 100.011563 0.000000 5.591059 0.002903 
413 16.558410 0.000000 0.598861 100.026201 0.000000 5.599399 0.002618 
414 16.558410 0.000000 0.486532 100.027997 0.000000 5.599400 0.002582 
415 16.678555 0.000000 0.598861 100.041958 0.000000 5.664353 0.002375 
416 16.558410 0.000000 0.711190 100.007710 0.000000 5.561015 0.002947 
417 16.918844 0.000000 0.261874 100.007646 0.000000 5.672743 0.003074 
418 16.918844 0.000000 0.037216 99.976864 0.000000 5.536951 0.003541 
419 17.159133 0.000000 0.261874 100.035635 0.000000 5.748727 0.002599 
420 16.798699 0.000000 0.598861 100.016008 0.000000 5.610010 0.002835 
421 16.798699 0.000000 0.486532 100.020958 0.000000 5.631823 0.002760 
422 16.918844 0.000000 0.598861 100.025856 0.000000 5.669043 0.002704 
423 16.798699 0.000000 0.711190 100.025582 0.000000 5.623187 0.002657 
424 21.003763 0.000000 3.631745 99.694454 0.000000 4.139719 0.007877 
425 22.926078 0.000000 3.631745 99.991904 0.000000 3.764173 0.001581 
426 21.003763 0.000000 5.429010 100.156659 0.000000 3.941543 -0.001580 
427 18.120291 0.000000 2.733113 99.680050 0.000000 4.990480 0.008958 
428 19.081448 0.000000 2.733113 99.530536 0.000000 5.074177 0.012085 
429 18.120291 0.000000 3.631745 100.109931 0.000000 4.272818 -0.000374 
430 17.639712 0.000000 1.385164 99.886174 0.000000 5.444532 0.005267 
431 18.120291 0.000000 1.385164 100.055103 0.000000 5.361312 0.001775 
432 17.639712 0.000000 1.834480 99.648775 0.000000 5.472384 0.010107 
433 17.399423 0.000000 0.711190 100.017162 0.000000 5.776014 0.003002 
434 17.399423 0.000000 0.486532 100.161312 0.000000 5.946215 0.000307 
435 17.639712 0.000000 0.711190 100.098250 0.000000 5.534762 0.001099 
436 17.399423 0.000000 0.935848 99.968695 0.000000 5.683268 0.003871 
437 17.038989 0.000000 0.598861 99.994492 0.000000 5.571794 0.003225 
438 17.038989 0.000000 0.486532 99.999943 0.000000 5.588950 0.003135 
439 17.159133 0.000000 0.598861 100.074284 0.000000 5.835679 0.001923 
440 17.038989 0.000000 0.711190 100.078476 0.000000 5.797411 0.001794 
441 17.639712 0.000000 -0.412100 99.913983 0.000000 5.275886 0.004523 
442 17.639712 0.000000 -0.861416 99.938460 0.000000 5.038402 0.003783 
443 18.120291 0.000000 -0.412100 99.902168 0.000000 5.439959 0.004939 
444 17.399423 0.000000 0.261874 100.139831 0.000000 6.005751 0.000809 
445 17.399423 0.000000 0.037216 99.978117 0.000000 5.737931 0.003744 
446 17.639712 0.000000 0.261874 100.023204 0.000000 5.809707 0.002920 
447 17.038989 0.000000 0.374203 100.008560 0.000000 5.609962 0.002985 
448 16.918844 0.000000 0.374203 100.008531 0.000000 5.672511 0.003056 
449 17.038989 0.000000 0.261874 99.999200 0.000000 5.600345 0.003162 
450 17.159133 0.000000 0.374203 100.099837 0.000000 5.910864 0.001498 
451 16.978916 0.000000 0.542697 100.015134 0.000000 5.679830 0.002932 
452 16.918844 0.000000 0.542697 100.028749 0.000000 5.690606 0.002670 
453 16.978916 0.000000 0.486532 100.016444 0.000000 5.679507 0.002905 
454 17.038989 0.000000 0.542697 99.997359 0.000000 5.580899 0.003178 
455 16.978916 0.000000 0.598861 100.016068 0.000000 5.668087 0.002900 
456 17.279278 0.000000 0.598861 100.053558 0.000000 5.825215 0.002327 
457 17.279278 0.000000 0.486532 100.053704 0.000000 5.831463 0.002332 
458 17.399423 0.000000 0.598861 100.129112 0.000000 5.786865 0.000765 
459 17.279278 0.000000 0.711190 100.047152 0.000000 5.799703 0.002426 
460 20.042606 0.000000 0.935848 99.793536 0.000000 6.307529 0.008169 
461 20.042606 0.000000 0.037216 99.778601 0.000000 6.092296 0.008201 
462 21.003763 0.000000 0.935848 99.739522 0.000000 6.131806 0.009043 
463 20.042606 0.000000 1.834480 99.806774 0.000000 5.049718 0.006452 
464 18.600870 0.000000 0.486532 99.935587 0.000000 6.350651 0.005349 
465 18.600870 0.000000 0.037216 99.852920 0.000000 6.020920 0.006608 
466 19.081448 0.000000 0.486532 99.858372 0.000000 6.417262 0.006997 
467 18.600870 0.000000 0.935848 100.057756 0.000000 6.171522 0.002660 
468 17.880002 0.000000 0.711190 100.167123 0.000000 5.793172 0.000011 
469 17.880002 0.000000 0.486532 100.131531 0.000000 5.953656 0.000913 
470 18.120291 0.000000 0.711190 100.053994 0.000000 5.976222 0.002498 
471 17.880002 0.000000 0.935848 100.195313 0.000000 5.759621 -0.000592 
472 17.519568 0.000000 0.598861 100.070265 0.000000 5.574432 0.001705 
473 17.519568 0.000000 0.486532 100.051078 0.000000 5.661734 0.002188 
474 17.639712 0.000000 0.598861 100.076623 0.000000 5.613574 0.001621 
475 17.519568 0.000000 0.711190 100.153034 0.000000 5.812830 0.000316 
476 17.880002 0.000000 0.261874 99.976540 0.000000 5.755283 0.003796 
477 17.880002 0.000000 0.037216 99.976597 0.000000 5.845947 0.003901 
478 18.120291 0.000000 0.261874 99.967118 0.000000 5.946035 0.004211 
479 17.519568 0.000000 0.374203 100.022797 0.000000 5.698464 0.002799 
480 17.399423 0.000000 0.374203 100.145716 0.000000 5.978251 0.000658 
481 17.519568 0.000000 0.261874 100.107293 0.000000 6.012436 0.001470 
482 17.639712 0.000000 0.374203 100.038375 0.000000 5.769351 0.002567 
483 17.759857 0.000000 0.598861 100.079188 0.000000 5.676616 0.001641 
484 17.759857 0.000000 0.486532 100.070072 0.000000 5.796563 0.001962 
485 17.880002 0.000000 0.598861 100.146936 0.000000 5.874367 0.000510 
486 17.759857 0.000000 0.711190 100.094114 0.000000 5.565930 0.001216 
487 17.579640 0.000000 0.542697 100.062368 0.000000 5.637099 0.001934 
488 17.519568 0.000000 0.542697 100.059170 0.000000 5.614345 0.001972 
489 17.579640 0.000000 0.486532 100.057509 0.000000 5.689677 0.002091 
490 17.639712 0.000000 0.542697 100.066843 0.000000 5.658588 0.001868 
491 17.579640 0.000000 0.598861 100.073054 0.000000 5.597513 0.001674 
492 18.600870 0.000000 1.385164 100.109796 0.000000 5.619308 0.000961 
493 19.081448 0.000000 1.385164 99.899727 0.000000 5.839101 0.005443 
494 18.600870 0.000000 1.834480 99.778112 0.000000 5.541692 0.007560 
495 18.360580 0.000000 0.711190 100.068341 0.000000 6.112710 0.002375 
496 18.360580 0.000000 0.486532 100.055232 0.000000 6.224307 0.002777 
497 18.600870 0.000000 0.711190 99.972796 0.000000 6.318916 0.004558 
498 18.360580 0.000000 0.935848 100.051268 0.000000 5.955842 0.002528 
499 18.000146 0.000000 0.598861 100.122741 0.000000 5.893893 0.001019 
500 18.000146 0.000000 0.486532 100.002159 0.000000 5.925669 0.003480 
501 18.120291 0.000000 0.598861 100.059384 0.000000 6.060671 0.002491 
502 18.000146 0.000000 0.711190 100.158898 0.000000 5.860667 0.000254 
503 22.926078 0.000000 -8.949107 99.862953 0.000000 5.233596 0.005508 
504 22.926078 0.000000 -12.543636 99.862953 0.000000 5.233596 0.005508 
505 26.770708 0.000000 -8.949107 99.665923 0.000000 4.807839 0.009063 
506 21.003763 0.000000 -3.557313 99.762883 0.000000 4.639208 0.006937 
507 21.003763 0.000000 -5.354578 99.554227 0.000000 4.497231 0.011038 
508 22.926078 0.000000 -3.557313 99.809833 0.000000 4.655702 0.006003 
509 20.042606 0.000000 -0.861416 99.778183 0.000000 5.124208 0.007107 
510 20.042606 0.000000 -1.760049 99.823521 0.000000 4.724690 0.005792 
511 21.003763 0.000000 -0.861416 99.770319 0.000000 5.129865 0.007272 
512 18.600870 0.000000 -0.412100 99.806710 0.000000 5.377630 0.006800 
513 18.600870 0.000000 -0.861416 99.858619 0.000000 5.089388 0.005445 
514 19.081448 0.000000 -0.412100 99.791048 0.000000 5.529756 0.007285 
515 18.360580 0.000000 0.261874 100.008786 0.000000 6.226585 0.003715 
516 18.360580 0.000000 0.037216 99.919258 0.000000 5.987636 0.005226 
517 18.600870 0.000000 0.261874 99.886527 0.000000 6.224470 0.006180 
518 18.240436 0.000000 0.598861 100.039371 0.000000 6.060565 0.002894 
519 18.240436 0.000000 0.486532 100.032716 0.000000 6.126843 0.003109 
520 18.360580 0.000000 0.598861 100.093893 0.000000 6.229770 0.002006 
521 18.240436 0.000000 0.711190 100.046733 0.000000 6.003192 0.002676 
522 18.240436 0.000000 0.374203 100.025836 0.000000 6.216314 0.003359 
523 18.120291 0.000000 0.374203 99.977659 0.000000 5.948633 0.004001 
524 18.240436 0.000000 0.261874 99.959569 0.000000 6.082707 0.004529 
525 18.360580 0.000000 0.374203 100.024654 0.000000 6.219205 0.003386 
526 18.180363 0.000000 0.542697 100.048433 0.000000 6.089698 0.002747 
527 18.120291 0.000000 0.542697 100.059196 0.000000 6.084892 0.002525 
528 18.180363 0.000000 0.486532 100.045272 0.000000 6.118755 0.002846 
529 18.240436 0.000000 0.542697 100.032728 0.000000 6.085518 0.003058 
530 18.180363 0.000000 0.598861 100.049206 0.000000 6.057078 0.002692 
531 19.562027 0.000000 0.486532 99.813290 0.000000 6.479684 0.007992 
532 19.562027 0.000000 0.037216 99.822065 0.000000 6.190648 0.007443 
533 20.042606 0.000000 0.486532 99.770452 0.000000 6.414864 0.008777 
534 19.562027 0.000000 0.935848 99.824961 0.000000 6.311735 0.007538 
535 18.841159 0.000000 0.711190 99.897102 0.000000 6.411716 0.006206 
536 18.841159 0.000000 0.486532 99.857561 0.000000 6.390144 0.006978 
537 19.081448 0.000000 0.711190 99.835896 0.000000 6.377400 0.007401 
538 18.841159 0.000000 0.935848 99.923879 0.000000 6.328815 0.005558 
539 18.480725 0.000000 0.598861 100.009405 0.000000 6.288102 0.003780 
540 18.480725 0.000000 0.486532 99.939024 0.000000 6.313378 0.005232 
541 18.600870 0.000000 0.598861 99.968306 0.000000 6.387062 0.004735 
542 18.480725 0.000000 0.711190 100.024850 0.000000 6.233203 0.003400 
543 18.841159 0.000000 0.261874 99.826589 0.000000 6.290535 0.007478 
544 18.841159 0.000000 0.037216 99.860285 0.000000 6.151884 0.006620 
545 19.081448 0.000000 0.261874 99.809661 0.000000 6.293336 0.007824 
546 18.721014 0.000000 0.598861 99.884736 0.000000 6.393168 0.006432 
547 18.721014 0.000000 0.486532 99.872670 0.000000 6.413497 0.006703 
548 18.841159 0.000000 0.598861 99.888449 0.000000 6.443924 0.006423 
549 18.721014 0.000000 0.711190 99.899552 0.000000 6.365890 0.006097 
550 20.042606 0.000000 2.733113 99.494827 0.000000 4.593668 0.012337 
551 21.003763 0.000000 2.733113 99.820107 0.000000 4.131096 0.005329 
552 20.042606 0.000000 3.631745 99.622738 0.000000 3.959916 0.009182 
553 19.562027 0.000000 1.385164 99.852986 0.000000 5.837993 0.006387 
554 20.042606 0.000000 1.385164 99.819494 0.000000 5.807722 0.007029 
555 19.562027 0.000000 1.834480 99.861707 0.000000 5.202445 0.005500 
556 19.321738 0.000000 0.711190 99.808313 0.000000 6.440548 0.008042 
557 19.321738 0.000000 0.486532 99.802154 0.000000 6.469106 0.008204 
558 19.562027 0.000000 0.711190 99.822552 0.000000 6.452308 0.007769 
559 19.321738 0.000000 0.935848 99.829983 0.000000 6.288484 0.007406 
560 18.961304 0.000000 0.598861 99.884541 0.000000 6.475992 0.006544 
561 18.961304 0.000000 0.486532 99.852576 0.000000 6.372365 0.007056 
562 19.081448 0.000000 0.598861 99.867982 0.000000 6.442061 0.006835 
563 18.961304 0.000000 0.711190 99.907119 0.000000 6.486137 0.006101 
564 18.841159 0.000000 1.160506 99.966339 0.000000 6.079784 0.004389 
565 18.600870 0.000000 1.160506 100.059423 0.000000 5.890694 0.002286 
566 19.081448 0.000000 1.160506 99.871316 0.000000 6.110912 0.006346 
567 18.841159 0.000000 1.385164 100.069982 0.000000 5.641716 0.001786 
568 18.721014 0.000000 0.823519 99.902866 0.000000 6.300441 0.005946 
569 18.600870 0.000000 0.823519 100.028603 0.000000 6.208230 0.003293 
570 18.841159 0.000000 0.823519 99.931626 0.000000 6.412125 0.005509 
571 18.721014 0.000000 0.935848 99.948940 0.000000 6.175110 0.004858 
572 18.781087 0.000000 0.655026 99.902979 0.000000 6.441104 0.006125 
573 18.721014 0.000000 0.655026 99.895907 0.000000 6.384659 0.006195 
574 18.781087 0.000000 0.598861 99.898000 0.000000 6.459144 0.006250 
575 18.841159 0.000000 0.655026 99.895367 0.000000 6.444277 0.006284 
576 18.781087 0.000000 0.711190 99.914848 0.000000 6.427607 0.005868 
577 19.562027 0.000000 -0.412100 99.757697 0.000000 5.510156 0.007939 
578 19.562027 0.000000 -0.861416 99.767917 0.000000 5.091654 0.007281 
579 20.042606 0.000000 -0.412100 99.796233 0.000000 5.551642 0.007205 
580 19.321738 0.000000 0.261874 99.819024 0.000000 6.407328 0.007781 
581 19.321738 0.000000 0.037216 99.797681 0.000000 6.141454 0.007875 
582 19.562027 0.000000 0.261874 99.804451 0.000000 6.372187 0.008031 
583 19.201593 0.000000 0.598861 99.802841 0.000000 6.437744 0.008149 
584 19.201593 0.000000 0.486532 99.805824 0.000000 6.454503 0.008111 
585 19.321738 0.000000 0.598861 99.800569 0.000000 6.445977 0.008206 
586 19.201593 0.000000 0.711190 99.802623 0.000000 6.416986 0.008127 
587 30.615338 0.000000 -1.760049 100.072246 0.000000 3.707516 -0.000071 
588 30.615338 0.000000 -5.354578 100.292411 0.000000 4.940768 -0.003404 
589 34.459968 0.000000 -1.760049 100.018862 0.000000 3.624917 0.000938 
590 30.615338 0.000000 1.834480 99.905867 0.000000 4.048453 0.003533 
591 24.848393 0.000000 0.037216 99.965631 0.000000 4.641887 0.002850 
592 24.848393 0.000000 -1.760049 100.021726 0.000000 4.550856 0.001639 
593 26.770708 0.000000 0.037216 100.016463 0.000000 4.233365 0.001465 
594 24.848393 0.000000 1.834480 99.731981 0.000000 4.628740 0.007552 
595 21.964921 0.000000 0.935848 99.732225 0.000000 5.970742 0.008993 
596 21.964921 0.000000 0.037216 99.775874 0.000000 5.909667 0.008034 
597 22.926078 0.000000 0.935848 99.769729 0.000000 5.930172 0.008183 
598 21.964921 0.000000 1.834480 99.826978 0.000000 4.971049 0.005964 
599 20.523185 0.000000 0.486532 99.773192 0.000000 6.425508 0.008735 
600 20.523185 0.000000 0.037216 99.773167 0.000000 6.104744 0.008327 
601 21.003763 0.000000 0.486532 99.760660 0.000000 6.374762 0.008923 
602 20.523185 0.000000 0.935848 99.785103 0.000000 6.226831 0.008238 
603 19.802316 0.000000 0.711190 99.812104 0.000000 6.455257 0.007984 
604 19.802316 0.000000 0.486532 99.787458 0.000000 6.498470 0.008541 
605 20.042606 0.000000 0.711190 99.765999 0.000000 6.380730 0.008823 
606 19.802316 0.000000 0.935848 99.811503 0.000000 6.302433 0.007799 
607 19.441882 0.000000 0.598861 99.825306 0.000000 6.475712 0.007744 
608 19.441882 0.000000 0.486532 99.817374 0.000000 6.466722 0.007893 
609 19.562027 0.000000 0.598861 99.815253 0.000000 6.470815 0.007941 
610 19.441882 0.000000 0.711190 99.824698 0.000000 6.434035 0.007701 
611 19.802316 0.000000 0.261874 99.780260 0.000000 6.388097 0.008543 
612 19.802316 0.000000 0.037216 99.775658 0.000000 6.161003 0.008346 
613 20.042606 0.000000 0.261874 99.776827 0.000000 6.323080 0.008528 
614 19.682172 0.000000 0.598861 99.819705 0.000000 6.505013 0.007896 
615 19.682172 0.000000 0.486532 99.813320 0.000000 6.508331 0.008030 
616 19.802316 0.000000 0.598861 99.786964 0.000000 6.486883 0.008536 
617 19.682172 0.000000 0.711190 99.810281 0.000000 6.428081 0.007986 
618 19.321738 0.000000 1.160506 99.866171 0.000000 6.120440 0.006462 
619 19.562027 0.000000 1.160506 99.828541 0.000000 6.044178 0.007130 
620 19.321738 0.000000 1.385164 99.853917 0.000000 5.846512 0.006378 
621 19.441882 0.000000 0.823519 99.826193 0.000000 6.390929 0.007615 
622 19.321738 0.000000 0.823519 99.797216 0.000000 6.369640 0.008175 
623 19.562027 0.000000 0.823519 99.823963 0.000000 6.388125 0.007656 
624 19.441882 0.000000 0.935848 99.822414 0.000000 6.305303 0.007581 
625 19.501955 0.000000 0.655026 99.822112 0.000000 6.461081 0.007789 
626 19.441882 0.000000 0.655026 99.828435 0.000000 6.466724 0.007668 
627 19.501955 0.000000 0.598861 99.822637 0.000000 6.481776 0.007806 
628 19.562027 0.000000 0.655026 99.820405 0.000000 6.469649 0.007835 
629 19.501955 0.000000 0.711190 99.824770 0.000000 6.445268 0.007714 
630 20.523185 0.000000 1.385164 99.728756 0.000000 5.631931 0.008663 
631 21.003763 0.000000 1.385164 99.752524 0.000000 5.510622 0.008044 
632 20.523185 0.000000 1.834480 99.766669 0.000000 4.947906 0.007160 
633 20.282895 0.000000 0.711190 99.774127 0.000000 6.393660 0.008674 
634 20.282895 0.000000 0.486532 99.765404 0.000000 6.415434 0.008880 
635 20.523185 0.000000 0.711190 99.770027 0.000000 6.373847 0.008732 
636 20.282895 0.000000 0.935848 99.770166 0.000000 6.260347 0.008583 
637 19.922461 0.000000 0.598861 99.772565 0.000000 6.427610 0.008750 
638 19.922461 0.000000 0.486532 99.775656 0.000000 6.431575 0.008693 
639 20.042606 0.000000 0.598861 99.766426 0.000000 6.407132 0.008848 
640 19.922461 0.000000 0.711190 99.782277 0.000000 6.432104 0.008559 
641 21.964921 0.000000 -0.861416 99.807251 0.000000 5.093122 0.006487 
642 21.964921 0.000000 -1.760049 99.771032 0.000000 4.652325 0.006784 
643 22.926078 0.000000 -0.861416 99.842990 0.000000 4.986686 0.005656 
644 20.523185 0.000000 -0.412100 99.796473 0.000000 5.547584 0.007195 
645 20.523185 0.000000 -0.861416 99.781512 0.000000 5.079359 0.006993 
646 21.003763 0.000000 -0.412100 99.788956 0.000000 5.519928 0.007316 
647 20.282895 0.000000 0.261874 99.768600 0.000000 6.320927 0.008693 
648 20.282895 0.000000 0.037216 99.775714 0.000000 6.110888 0.008283 
649 20.523185 0.000000 0.261874 99.766139 0.000000 6.312777 0.008732 
650 20.162751 0.000000 0.598861 99.765265 0.000000 6.404143 0.008868 
651 20.162751 0.000000 0.486532 99.768192 0.000000 6.409289 0.008815 
652 20.282895 0.000000 0.598861 99.765036 0.000000 6.412608 0.008884 
653 20.162751 0.000000 0.711190 99.762652 0.000000 6.370238 0.008877 
654 20.282895 0.000000 1.160506 99.764394 0.000000 6.043411 0.008429 
655 20.042606 0.000000 1.160506 99.826873 0.000000 6.080288 0.007208 
656 20.523185 0.000000 1.160506 99.783413 0.000000 6.000420 0.007991 
657 20.282895 0.000000 1.385164 99.824800 0.000000 5.773030 0.006881 
658 20.162751 0.000000 0.823519 99.771945 0.000000 6.338186 0.008647 
659 20.042606 0.000000 0.823519 99.762305 0.000000 6.324632 0.008825 
660 20.282895 0.000000 0.823519 99.768987 0.000000 6.332492 0.008700 
661 20.162751 0.000000 0.935848 99.770946 0.000000 6.264880 0.008573 
662 20.102678 0.000000 0.655026 99.765462 0.000000 6.392778 0.008849 
663 20.042606 0.000000 0.655026 99.765896 0.000000 6.396449 0.008845 
664 20.102678 0.000000 0.598861 99.765494 0.000000 6.402448 0.008861 
665 20.162751 0.000000 0.655026 99.766252 0.000000 6.398084 0.008840 
666 20.102678 0.000000 0.711190 99.766350 0.000000 6.381261 0.008816 
667 21.484342 0.000000 0.486532 99.759882 0.000000 6.292957 0.008834 
668 21.484342 0.000000 0.037216 99.780379 0.000000 6.007577 0.008061 
669 21.964921 0.000000 0.486532 99.745725 0.000000 6.128468 0.008913 
670 21.484342 0.000000 0.935848 99.744203 0.000000 6.049186 0.008846 
671 20.763474 0.000000 0.711190 99.758907 0.000000 6.342815 0.008918 
672 20.763474 0.000000 0.486532 99.764116 0.000000 6.382191 0.008863 
673 21.003763 0.000000 0.711190 99.763775 0.000000 6.347936 0.008825 
674 20.763474 0.000000 0.935848 99.782867 0.000000 6.267311 0.008334 
675 20.403040 0.000000 0.598861 99.788657 0.000000 6.401472 0.008390 
676 20.403040 0.000000 0.486532 99.782652 0.000000 6.397483 0.008506 
677 20.523185 0.000000 0.598861 99.773125 0.000000 6.419578 0.008729 
678 20.403040 0.000000 0.711190 99.789093 0.000000 6.370607 0.008341 
679 20.763474 0.000000 0.261874 99.768837 0.000000 6.267041 0.008619 
680 20.763474 0.000000 0.037216 99.771897 0.000000 6.064560 0.008303 
681 21.003763 0.000000 0.261874 99.765709 0.000000 6.265436 0.008680 
682 20.643329 0.000000 0.598861 99.771554 0.000000 6.431010 0.008775 
683 20.643329 0.000000 0.486532 99.769852 0.000000 6.429913 0.008809 
684 20.763474 0.000000 0.598861 99.761668 0.000000 6.379765 0.008909 
685 20.643329 0.000000 0.711190 99.773292 0.000000 6.395717 0.008694 
686 30.615338 0.000000 5.429010 99.689448 0.000000 3.696315 0.007625 
687 34.459968 0.000000 5.429010 99.858811 0.000000 3.313575 0.003935 
688 30.615338 0.000000 9.023539 99.931928 0.000000 4.695212 0.003578 
689 24.848393 0.000000 3.631745 99.909351 0.000000 3.796939 0.003264 
690 26.770708 0.000000 3.631745 99.645687 0.000000 3.550114 0.008404 
691 24.848393 0.000000 5.429010 99.763422 0.000000 4.473182 0.006772 
692 21.964921 0.000000 2.733113 99.890662 0.000000 4.124469 0.003902 
693 22.926078 0.000000 2.733113 99.913545 0.000000 4.141426 0.003455 
694 21.964921 0.000000 3.631745 99.801875 0.000000 4.070619 0.005647 
695 21.484342 0.000000 1.385164 99.767960 0.000000 5.499688 0.007719 
696 21.964921 0.000000 1.385164 99.783279 0.000000 5.556932 0.007473 
697 21.484342 0.000000 1.834480 99.822906 0.000000 4.945781 0.006021 
698 21.244053 0.000000 0.711190 99.763152 0.000000 6.306118 0.008784 
699 21.244053 0.000000 0.486532 99.772910 0.000000 6.375543 0.008676 
700 21.484342 0.000000 0.711190 99.741046 0.000000 6.199069 0.009097 
701 21.244053 0.000000 0.935848 99.724785 0.000000 6.073982 0.009271 
702 20.763474 0.000000 1.160506 99.755135 0.000000 5.887275 0.008427 
703 21.003763 0.000000 1.160506 99.744433 0.000000 5.864490 0.008617 
704 20.763474 0.000000 1.385164 99.744306 0.000000 5.552460 0.008258 
705 20.883619 0.000000 0.823519 99.763208 0.000000 6.288020 0.008760 
706 20.763474 0.000000 0.823519 99.781881 0.000000 6.355467 0.008468 
707 20.883619 0.000000 0.711190 99.763937 0.000000 6.342895 0.008816 
708 21.003763 0.000000 0.823519 99.757844 0.000000 6.274913 0.008852 
709 20.883619 0.000000 0.935848 99.754359 0.000000 6.180607 0.008803 
710 57.527746 0.000000 -41.299869 99.862953 0.000000 5.233596 0.005508 
711 57.527746 0.000000 -55.677985 99.862953 0.000000 5.233596 0.005508 
712 72.906265 0.000000 -41.299869 99.862953 0.000000 5.233596 0.005508 
713 -34.743369 0.000000 -41.299869 99.862953 0.000000 5.233596 0.005508 
714 -50.121888 0.000000 -41.299869 99.862953 0.000000 5.233596 0.005508 
715 -34.743369 0.000000 -55.677985 99.862953 0.000000 5.233596 0.005508 
716 34.459968 0.000000 -19.732694 99.862953 0.000000 5.233596 0.005508 
717 34.459968 0.000000 -26.921753 99.862953 0.000000 5.233596 0.005508 
718 42.149227 0.000000 -19.732694 99.862953 0.000000 5.233596 0.005508 
719 -11.675590 0.000000 -19.732694 99.862953 0.000000 5.233596 0.005508 
720 -19.364850 0.000000 -19.732694 99.862953 0.000000 5.233596 0.005508 
721 -11.675590 0.000000 -26.921753 99.862953 0.000000 5.233596 0.005508 
722 -0.141701 0.000000 -8.949107 99.862953 0.000000 5.233596 0.005508 
723 -3.986330 0.000000 -8.949107 99.862953 0.000000 5.233596 0.005508 
724 -0.141701 0.000000 -12.543636 99.862953 0.000000 5.233596 0.005508 
725 12.353346 0.000000 -0.861416 99.409760 0.000000 3.765596 0.013363 
726 11.392189 0.000000 -0.861416 99.291264 0.000000 3.609012 0.015666 
727 12.353346 0.000000 -1.760049 99.290474 0.000000 3.849599 0.015868 
728 30.615338 0.000000 -8.949107 99.710990 0.000000 4.802706 0.008144 
729 30.615338 0.000000 -12.543636 99.862953 0.000000 5.233596 0.005508 
730 34.459968 0.000000 -8.949107 99.836242 0.000000 4.855810 0.005662 
731 24.848393 0.000000 -3.557313 99.795090 0.000000 4.554415 0.006206 
732 24.848393 0.000000 -5.354578 99.751419 0.000000 4.710477 0.007236 
733 26.770708 0.000000 -3.557313 100.019214 0.000000 4.680101 0.001809 
734 12.353346 0.000000 2.733113 100.278858 0.000000 4.224083 -0.003786 
735 11.392189 0.000000 2.733113 100.371246 0.000000 4.121490 -0.005707 
736 12.353346 0.000000 3.631745 99.862953 0.000000 5.233596 0.005508 
737 13.795082 0.000000 1.385164 100.043391 0.000000 4.068594 0.000788 
738 13.314504 0.000000 1.385164 100.069394 0.000000 4.142005 0.000327 
739 13.795082 0.000000 1.834480 100.176917 0.000000 4.020357 -0.001921 
740 13.795082 0.000000 -0.412100 99.732331 0.000000 4.123239 0.007096 
741 13.314504 0.000000 -0.412100 99.682739 0.000000 3.999648 0.007998 
742 13.795082 0.000000 -0.861416 99.650810 0.000000 4.168844 0.008786 
743 14.515950 0.000000 0.711190 99.961634 0.000000 0.000000 0.000768 
744 14.275661 0.000000 0.711190 99.958608 0.000000 0.000000 0.000828 
745 14.515950 0.000000 0.935848 100.145106 0.000000 4.807021 -0.000593 
746 10.431031 0.000000 -0.861416 99.121239 0.000000 3.351368 0.018970 
747 10.431031 0.000000 -1.760049 99.754207 0.000000 5.000494 0.007465 
748 10.431031 0.000000 2.733113 99.862953 0.000000 5.233596 0.005508 
749 9.469874 0.000000 2.733113 99.862953 0.000000 5.233596 0.005508 
750 10.431031 0.000000 3.631745 99.862953 0.000000 5.233596 0.005508 
751 1.780614 0.000000 -3.557313 99.862953 0.000000 5.233596 0.005508 
752 -0.141701 0.000000 -3.557313 99.862953 0.000000 5.233596 0.005508 
753 1.780614 0.000000 -5.354578 99.862953 0.000000 5.233596 0.005508 
754 1.780614 0.000000 3.631745 99.862953 0.000000 5.233596 0.005508 
755 -0.141701 0.000000 3.631745 99.862953 0.000000 5.233596 0.005508 
756 1.780614 0.000000 5.429010 99.862953 0.000000 5.233596 0.005508 
757 7.066980 0.000000 -0.412100 99.862953 0.000000 5.233596 0.005508 
758 7.066980 0.000000 -0.861416 99.862953 0.000000 5.233596 0.005508 
759 7.547559 0.000000 -0.412100 99.579310 0.000000 4.623528 0.010645 
760 5.144665 0.000000 -0.412100 99.862953 0.000000 5.233596 0.005508 
761 4.664087 0.000000 -0.412100 99.862953 0.000000 5.233596 0.005508 
762 5.144665 0.000000 -0.861416 99.862953 0.000000 5.233596 0.005508 
763 14.876385 0.000000 0.598861 99.971892 0.000000 0.000000 0.000562 
764 14.756240 0.000000 0.598861 99.971778 0.000000 0.000000 0.000565 
765 14.876385 0.000000 0.711190 99.973890 0.000000 0.000000 0.000522 
766 15.356963 0.000000 0.598861 99.968330 0.000000 5.670397 0.003863 
767 15.356963 0.000000 0.711190 99.838034 0.000000 6.051472 0.006946 
768 15.837542 0.000000 0.598861 99.988759 0.000000 5.478141 0.003236 
769 15.957687 0.000000 0.598861 99.963443 0.000000 5.359035 0.003616 
770 15.837542 0.000000 0.711190 99.937067 0.000000 5.503892 0.004306 
771 16.077831 0.000000 0.598861 99.967049 0.000000 5.351730 0.003535 
772 16.077831 0.000000 0.711190 99.927114 0.000000 5.356613 0.004345 
773 16.558410 0.000000 0.374203 100.027194 0.000000 5.610225 0.002610 
774 16.558410 0.000000 0.261874 100.027003 0.000000 5.608913 0.002613 
775 16.678555 0.000000 0.374203 100.011855 0.000000 5.635091 0.002947 
776 16.798699 0.000000 0.374203 100.024411 0.000000 5.644252 0.002705 
777 16.798699 0.000000 0.261874 100.028362 0.000000 5.682468 0.002669 
778 17.279278 0.000000 0.374203 100.063178 0.000000 5.852306 0.002166 
779 17.279278 0.000000 0.261874 100.068296 0.000000 5.856560 0.002068 
780 18.000146 0.000000 0.374203 99.997400 0.000000 5.947980 0.003603 
781 17.880002 0.000000 0.374203 100.010143 0.000000 5.746408 0.003109 
782 18.000146 0.000000 0.261874 99.997626 0.000000 5.978095 0.003634 
783 17.759857 0.000000 0.374203 100.038261 0.000000 5.829305 0.002640 
784 17.759857 0.000000 0.261874 100.021375 0.000000 5.869869 0.003027 
785 18.360580 0.000000 1.160506 100.147666 0.000000 5.713164 0.000309 
786 18.120291 0.000000 1.160506 100.148267 0.000000 5.604954 0.000174 
787 18.360580 0.000000 1.385164 100.076054 0.000000 5.565924 0.001579 
788 18.480725 0.000000 0.823519 100.120448 0.000000 6.140797 0.001362 
789 18.360580 0.000000 0.823519 100.074871 0.000000 6.045574 0.002162 
790 18.480725 0.000000 0.935848 100.089724 0.000000 6.017252 0.001829 
791 18.240436 0.000000 0.823519 100.067673 0.000000 5.986847 0.002235 
792 18.120291 0.000000 0.823519 100.181858 0.000000 5.932870 -0.000121 
793 18.240436 0.000000 0.935848 100.184283 0.000000 5.838982 -0.000280 
794 18.480725 0.000000 0.374203 99.905459 0.000000 6.254232 0.005835 
795 18.480725 0.000000 0.261874 99.881139 0.000000 6.186971 0.006242 
796 18.600870 0.000000 0.374203 99.924510 0.000000 6.346657 0.005568 
797 18.961304 0.000000 0.823519 99.886490 0.000000 6.411624 0.006421 
798 19.081448 0.000000 0.823519 99.869059 0.000000 6.396918 0.006754 
799 18.961304 0.000000 0.935848 99.903400 0.000000 6.342149 0.005989 
800 18.721014 0.000000 0.374203 99.918763 0.000000 6.409216 0.005765 
801 18.721014 0.000000 0.261874 99.904285 0.000000 6.363941 0.005999 
802 18.841159 0.000000 0.374203 99.852436 0.000000 6.390524 0.007083 
803 19.802316 0.000000 1.160506 99.826473 0.000000 6.094554 0.007234 
804 19.802316 0.000000 1.385164 99.821873 0.000000 5.778299 0.006946 
805 19.201593 0.000000 0.823519 99.839009 0.000000 6.364014 0.007320 
806 19.201593 0.000000 0.935848 99.821862 0.000000 6.266661 0.007543 
807 19.922461 0.000000 0.823519 99.787556 0.000000 6.386214 0.008392 
808 19.802316 0.000000 0.823519 99.818023 0.000000 6.400229 0.007793 
809 19.922461 0.000000 0.935848 99.812437 0.000000 6.307638 0.007786 
810 19.682172 0.000000 0.823519 99.816327 0.000000 6.389166 0.007813 
811 19.682172 0.000000 0.935848 99.818171 0.000000 6.301999 0.007663 
812 20.403040 0.000000 0.823519 99.791014 0.000000 6.320391 0.008237 
813 20.523185 0.000000 0.823519 99.785523 0.000000 6.305923 0.008330 
814 20.403040 0.000000 0.935848 99.787014 0.000000 6.241668 0.008218 
815 21.484342 0.000000 -0.412100 99.791670 0.000000 5.513633 0.007254 
816 21.484342 0.000000 -0.861416 99.784743 0.000000 5.100782 0.006950 
817 21.964921 0.000000 -0.412100 99.798647 0.000000 5.455792 0.007049 
818 21.244053 0.000000 0.261874 99.772274 0.000000 6.262578 0.008543 
819 21.244053 0.000000 0.037216 99.779155 0.000000 6.049021 0.008136 
820 21.484342 0.000000 0.261874 99.775369 0.000000 6.212603 0.008417 
821 20.883619 0.000000 0.598861 99.758950 0.000000 6.365069 0.008945 
822 20.883619 0.000000 0.486532 99.760208 0.000000 6.366722 0.008922 
823 21.003763 0.000000 0.598861 99.764988 0.000000 6.378870 0.008841 
824 20.643329 0.000000 0.823519 99.773522 0.000000 6.331597 0.008606 
825 20.643329 0.000000 0.935848 99.792302 0.000000 6.239103 0.008107 
826 21.244053 0.000000 1.160506 99.728808 0.000000 5.812082 0.008872 
827 21.484342 0.000000 1.160506 99.753531 0.000000 5.809661 0.008368 
828 21.244053 0.000000 1.385164 99.740573 0.000000 5.513822 0.008290 
829 8.508716 0.000000 2.733113 99.862953 0.000000 5.233596 0.005508 
830 7.547559 0.000000 2.733113 99.862953 0.000000 5.233596 0.005508 
831 8.508716 0.000000 3.631745 99.862953 0.000000 5.233596 0.005508 
832 6.586402 0.000000 2.733113 99.862953 0.000000 5.233596 0.005508 
833 5.625244 0.000000 2.733113 99.862953 0.000000 5.233596 0.005508 
834 6.586402 0.000000 3.631745 99.862953 0.000000 5.233596 0.005508 
835 8.028138 0.000000 -0.412100 99.238280 0.000000 3.738374 0.016850 
836 8.028138 0.000000 -0.861416 99.862953 0.000000 5.233596 0.005508 
837 8.508716 0.000000 -0.412100 99.229324 0.000000 3.608605 0.016936 
838 17.880002 0.000000 1.160506 100.138935 0.000000 5.539142 0.000288 
839 17.639712 0.000000 1.160506 99.923647 0.000000 5.605752 0.004691 
840 17.880002 0.000000 1.385164 99.883987 0.000000 5.538309 0.005415 
841 18.000146 0.000000 0.823519 100.171955 0.000000 5.748081 -0.000138 
842 17.880002 0.000000 0.823519 100.185130 0.000000 5.831239 -0.000306 
843 18.000146 0.000000 0.935848 100.192032 0.000000 5.632239 -0.000672 
844 17.759857 0.000000 0.823519 100.103815 0.000000 5.447183 0.000891 
845 17.639712 0.000000 0.823519 100.120203 0.000000 5.418853 0.000531 
846 17.759857 0.000000 0.935848 100.130732 0.000000 5.331754 0.000226 
847 18.961304 0.000000 0.374203 99.832810 0.000000 6.287989 0.007348 
848 18.961304 0.000000 0.261874 99.835486 0.000000 6.247055 0.007242 
849 19.081448 0.000000 0.374203 99.812885 0.000000 6.360922 0.007846 
850 19.201593 0.000000 0.374203 99.819645 0.000000 6.424939 0.007792 
851 19.201593 0.000000 0.261874 99.807038 0.000000 6.326465 0.007920 
852 19.321738 0.000000 0.374203 99.799056 0.000000 6.442153 0.008232 
853 4.664087 0.000000 2.733113 99.862953 0.000000 5.233596 0.005508 
854 3.702929 0.000000 2.733113 99.862953 0.000000 5.233596 0.005508 
855 4.664087 0.000000 3.631745 99.862953 0.000000 5.233596 0.005508 
856 17.399423 0.000000 1.160506 99.924790 0.000000 5.515863 0.004567 
857 17.159133 0.000000 1.160506 99.969704 0.000000 5.650938 0.003814 
858 17.399423 0.000000 1.385164 99.878868 0.000000 5.526560 0.005506 
859 17.519568 0.000000 0.823519 100.110851 0.000000 5.704839 0.001037 
860 17.399423 0.000000 0.823519 100.008774 0.000000 5.735243 0.003124 
861 17.519568 0.000000 0.935848 100.001885 0.000000 5.736939 0.003264 
862 17.279278 0.000000 0.823519 100.021635 0.000000 5.777306 0.002913 
863 17.159133 0.000000 0.823519 100.024692 0.000000 5.687047 0.002748 
864 17.279278 0.000000 0.935848 99.989236 0.000000 5.735400 0.003517 
865 19.441882 0.000000 0.374203 99.813241 0.000000 6.435197 0.007935 
866 19.441882 0.000000 0.261874 99.810159 0.000000 6.372399 0.007916 
867 19.562027 0.000000 0.374203 99.807080 0.000000 6.438757 0.008065 
868 19.682172 0.000000 0.374203 99.806322 0.000000 6.463807 0.008113 
869 19.682172 0.000000 0.261874 99.800362 0.000000 6.389262 0.008136 
870 19.802316 0.000000 0.374203 99.783669 0.000000 6.461250 0.008569 
1 19 21 3 22 
2 20 19 22 9 
3 28 20 9 30 
4 29 28 30 4 
5 35 37 19 38 
6 36 35 38 20 
7 44 36 20 46 
8 45 44 46 28 
9 51 53 35 54 
10 52 51 54 36 
11 60 52 36 62 
12 61 60 62 44 
13 67 69 51 70 
14 68 67 70 52 
15 10 77 76 26 
16 77 13 78 76 
17 76 78 8 79 
18 26 76 79 14 
19 81 26 82 80 
20 80 82 14 83 
21 92 68 52 94 
22 93 92 94 60 
23 95 97 67 98 
24 96 95 98 68 
25 7 106 104 105 
26 106 12 107 104 
27 104 107 10 25 
28 105 104 25 11 
29 11 110 108 109 
30 110 25 111 108 
31 108 111 23 41 
32 109 108 41 24 
33 24 114 112 113 
34 114 41 115 112 
35 112 115 39 57 
36 113 112 57 40 
37 40 118 116 117 
38 118 57 119 116 
39 116 119 55 73 
40 117 116 73 56 
41 73 122 120 121 
42 122 55 123 120 
43 14 79 124 37 
44 79 8 125 124 
45 124 125 21 126 
46 37 124 126 19 
47 83 14 128 127 
48 127 128 37 129 
49 53 127 129 35 
50 130 131 53 132 
51 69 130 132 51 
52 133 134 69 135 
53 97 133 135 67 
54 72 151 149 150 
55 151 71 100 149 
56 149 100 75 152 
57 150 149 152 5 
58 71 155 153 154 
59 155 101 141 153 
60 153 141 99 156 
61 154 153 156 100 
62 57 158 157 119 
63 158 39 159 157 
64 157 159 58 89 
65 119 157 89 55 
66 55 161 160 123 
67 161 89 162 160 
68 120 165 163 164 
69 165 123 166 163 
70 163 166 74 142 
71 164 163 142 101 
72 101 169 167 168 
73 169 142 170 167 
74 167 170 140 171 
75 168 167 171 141 
76 172 96 68 174 
77 173 172 174 92 
78 145 177 175 176 
79 177 72 150 175 
80 175 150 5 178 
81 176 175 178 148 
82 16 181 179 180 
83 181 15 32 179 
84 179 32 18 182 
85 180 179 182 6 
86 32 185 183 184 
87 185 31 48 183 
88 183 48 34 186 
89 184 183 186 18 
90 48 189 187 188 
91 188 187 190 34 
92 197 145 176 195 
93 195 176 148 198 
94 196 195 198 66 
95 6 182 199 200 
96 182 18 45 199 
97 199 45 28 201 
98 200 199 201 29 
99 18 186 202 203 
100 186 34 61 202 
101 202 61 44 204 
102 203 202 204 45 
103 34 190 205 206 
104 205 93 60 207 
105 206 205 207 61 
106 208 173 92 210 
107 209 208 210 93 
108 211 196 66 214 
109 212 211 214 194 
110 17 217 215 216 
111 217 7 105 215 
112 215 105 11 33 
113 216 215 33 15 
114 33 220 218 219 
115 220 11 109 218 
116 218 109 24 49 
117 219 218 49 31 
118 49 223 221 222 
119 223 24 113 221 
120 221 113 40 65 
121 222 221 65 47 
122 65 226 224 225 
123 226 40 117 224 
124 224 117 56 147 
125 225 224 147 63 
126 63 229 227 228 
127 229 147 230 227 
128 227 230 145 197 
129 146 233 231 232 
130 233 197 234 231 
131 231 234 195 235 
132 232 231 235 196 
133 187 238 236 237 
134 238 64 192 236 
135 236 192 50 239 
136 237 236 239 190 
137 192 242 240 241 
138 240 212 194 243 
139 241 240 243 50 
140 47 246 244 245 
141 246 65 225 244 
142 244 225 63 193 
143 245 244 193 64 
144 193 249 247 248 
145 249 63 228 247 
146 250 253 211 254 
147 251 250 254 212 
148 64 257 255 256 
149 257 193 248 255 
150 256 255 242 192 
151 248 260 258 259 
152 260 247 261 258 
153 258 261 213 252 
154 259 258 252 191 
155 213 263 262 253 
156 263 146 232 262 
157 262 232 196 264 
158 253 262 264 211 
159 252 267 265 266 
160 267 213 268 265 
161 265 268 253 269 
162 266 265 269 250 
163 242 272 270 271 
164 272 191 251 270 
165 270 251 212 273 
166 271 270 273 240 
167 191 276 274 275 
168 276 252 266 274 
169 274 266 250 277 
170 275 274 277 251 
171 142 283 282 170 
172 283 74 284 282 
173 75 103 286 287 
174 103 59 288 286 
175 286 288 97 289 
176 287 286 289 95 
177 99 144 290 291 
178 144 102 292 290 
179 290 292 59 293 
180 291 290 293 103 
181 294 296 102 297 
182 295 294 297 144 
183 170 300 298 299 
184 300 282 301 298 
185 298 301 285 302 
186 299 298 302 140 
187 123 304 303 166 
188 304 160 305 303 
189 303 305 137 279 
190 166 303 279 74 
191 74 307 306 284 
192 307 279 308 306 
193 282 311 310 301 
194 311 284 312 310 
195 310 312 143 313 
196 59 139 314 288 
197 139 91 315 314 
198 314 315 133 316 
199 288 314 316 97 
200 102 281 317 292 
201 281 136 318 317 
202 317 318 139 319 
203 292 317 319 59 
204 320 321 281 322 
205 296 320 322 102 
206 285 313 323 324 
207 313 143 325 323 
208 323 325 296 326 
209 324 323 326 294 
210 301 329 327 328 
211 329 310 330 327 
212 327 330 313 331 
213 328 327 331 285 
214 284 333 332 312 
215 333 306 334 332 
216 332 334 309 335 
217 312 332 335 143 
218 279 349 348 308 
219 349 137 350 348 
220 306 353 352 334 
221 353 308 354 352 
222 334 352 355 309 
223 356 357 136 358 
224 321 356 358 281 
225 308 360 359 354 
226 360 348 361 359 
227 359 361 351 362 
228 354 359 362 278 
229 309 355 363 364 
230 355 278 365 363 
231 363 365 321 366 
232 364 363 366 320 
233 352 369 367 368 
234 369 354 370 367 
235 367 370 278 371 
236 368 367 371 355 
237 89 373 372 162 
238 373 58 374 372 
239 160 376 375 305 
240 376 162 377 375 
241 375 377 88 345 
242 305 375 345 137 
243 137 379 378 350 
244 379 345 380 378 
245 348 383 382 361 
246 383 350 384 382 
247 382 384 280 385 
248 361 382 385 351 
249 136 347 386 318 
250 347 138 387 386 
251 386 387 91 388 
252 318 386 388 139 
253 389 390 347 391 
254 357 389 391 136 
255 350 393 392 384 
256 393 378 394 392 
257 392 394 381 395 
258 280 395 396 397 
259 395 381 398 396 
260 396 398 389 399 
261 397 396 399 357 
262 384 402 400 401 
263 402 392 403 400 
264 400 403 395 404 
265 401 400 404 280 
266 409 411 138 412 
267 390 409 412 347 
268 381 414 413 398 
269 414 344 415 413 
270 413 415 390 416 
271 398 413 416 389 
272 345 418 417 380 
273 418 88 419 417 
274 344 421 420 415 
275 421 410 422 420 
276 420 422 409 423 
277 415 420 423 390 
278 424 425 130 426 
279 134 424 426 69 
280 91 343 427 315 
281 343 43 428 427 
282 427 428 134 429 
283 315 427 429 133 
284 430 431 343 432 
285 387 430 432 91 
286 438 346 439 437 
287 437 439 411 440 
288 422 437 440 409 
289 162 442 441 377 
290 442 372 443 441 
291 441 443 341 406 
292 377 441 406 88 
293 88 445 444 419 
294 445 406 446 444 
295 417 449 447 448 
296 449 419 450 447 
297 447 450 346 438 
298 448 447 438 410 
299 410 453 451 452 
300 453 438 454 451 
301 451 454 437 455 
302 452 451 455 422 
303 346 457 456 439 
304 457 434 458 456 
305 456 458 433 459 
306 439 456 459 411 
307 434 473 472 458 
308 472 474 435 475 
309 458 472 475 433 
310 406 477 476 446 
311 477 341 478 476 
312 444 481 479 480 
313 481 446 482 479 
314 479 482 405 473 
315 480 479 473 434 
316 405 484 483 474 
317 484 469 485 483 
318 483 485 468 486 
319 474 483 486 435 
320 473 489 487 488 
321 489 405 490 487 
322 487 490 474 491 
323 488 487 491 472 
324 492 493 43 494 
325 431 492 494 343 
326 469 500 499 485 
327 500 407 501 499 
328 499 501 470 502 
329 485 499 502 468 
330 41 504 503 115 
331 504 23 505 503 
332 503 505 42 85 
333 115 503 85 39 
334 39 507 506 159 
335 507 85 508 506 
336 506 508 84 337 
337 159 506 337 58 
338 58 510 509 374 
339 510 337 511 509 
340 372 513 512 443 
341 513 374 514 512 
342 512 514 90 465 
343 443 512 465 341 
344 341 516 515 478 
345 516 465 517 515 
346 519 496 520 518 
347 518 520 495 521 
348 501 518 521 470 
349 478 524 522 523 
350 524 515 525 522 
351 522 525 496 519 
352 523 522 519 407 
353 407 528 526 527 
354 528 519 529 526 
355 526 529 518 530 
356 527 526 530 501 
357 496 540 539 520 
358 540 464 541 539 
359 539 541 497 542 
360 520 539 542 495 
361 465 544 543 517 
362 544 90 545 543 
363 464 547 546 541 
364 547 536 548 546 
365 541 546 549 497 
366 43 463 550 428 
367 463 339 551 550 
368 550 551 424 552 
369 428 550 552 134 
370 553 554 463 555 
371 493 553 555 43 
372 536 561 560 548 
373 561 466 562 560 
374 560 562 537 563 
375 548 560 563 535 
376 467 538 564 565 
377 538 342 566 564 
378 564 566 493 567 
379 565 564 567 492 
380 497 549 568 569 
381 549 535 570 568 
382 568 570 538 571 
383 569 568 571 467 
384 546 574 572 573 
385 574 548 575 572 
386 572 575 535 576 
387 573 572 576 549 
388 374 578 577 514 
389 578 509 579 577 
390 577 579 461 532 
391 514 577 532 90 
392 90 581 580 545 
393 581 532 582 580 
394 466 584 583 562 
395 584 557 585 583 
396 583 585 556 586 
397 562 583 586 537 
398 42 588 587 86 
399 588 80 589 587 
400 587 589 83 590 
401 86 587 590 27 
402 84 592 591 338 
403 592 86 593 591 
404 591 593 27 594 
405 338 591 594 87 
406 596 338 597 595 
407 595 597 87 598 
408 557 608 607 585 
409 608 531 609 607 
410 585 607 610 556 
411 532 612 611 582 
412 612 461 613 611 
413 611 613 533 604 
414 531 615 614 609 
415 615 604 616 614 
416 614 616 603 617 
417 609 614 617 558 
418 342 559 618 566 
419 559 534 619 618 
420 618 619 553 620 
421 566 618 620 493 
422 556 610 621 622 
423 610 558 623 621 
424 621 623 534 624 
425 622 621 624 559 
426 607 627 625 626 
427 627 609 628 625 
428 625 628 558 629 
429 626 625 629 610 
430 630 631 339 632 
431 554 630 632 463 
432 604 638 637 616 
433 638 533 639 637 
434 637 639 605 640 
435 616 637 640 603 
436 337 642 641 511 
437 642 84 643 641 
438 641 643 338 596 
439 509 645 644 579 
440 645 511 646 644 
441 644 646 336 600 
442 579 644 600 461 
443 461 648 647 613 
444 648 600 649 647 
445 647 649 599 634 
446 613 647 634 533 
447 533 651 650 639 
448 651 634 652 650 
449 650 652 633 653 
450 460 636 654 655 
451 636 602 656 654 
452 654 656 630 657 
453 655 654 657 554 
454 605 653 658 659 
455 653 633 660 658 
456 658 660 636 661 
457 659 658 661 460 
458 639 664 662 663 
459 664 650 665 662 
460 662 665 653 666 
461 663 662 666 605 
462 668 596 669 667 
463 667 669 595 670 
464 634 676 675 652 
465 676 599 677 675 
466 675 677 635 678 
467 652 675 678 633 
468 600 680 679 649 
469 680 336 681 679 
470 679 681 601 672 
471 649 679 672 599 
472 599 683 682 677 
473 683 672 684 682 
474 682 684 671 685 
475 677 682 685 635 
476 27 590 686 131 
477 590 83 687 686 
478 686 687 127 688 
479 131 686 688 53 
480 87 594 689 425 
481 594 27 690 689 
482 689 690 131 691 
483 425 689 691 130 
484 339 598 692 551 
485 598 87 693 692 
486 692 693 425 694 
487 551 692 694 424 
488 670 595 696 695 
489 695 696 598 697 
490 631 695 697 339 
491 601 699 698 673 
492 699 667 700 698 
493 698 700 670 701 
494 673 698 701 462 
495 602 674 702 656 
496 674 462 703 702 
497 702 703 631 704 
498 656 702 704 630 
499 671 707 705 706 
500 707 673 708 705 
501 705 708 462 709 
502 706 705 709 674 
503 12 711 710 107 
504 711 2 712 710 
505 710 712 13 77 
506 107 710 77 10 
507 1 715 713 714 
508 715 17 216 713 
509 713 216 15 181 
510 714 713 181 16 
511 25 717 716 111 
512 717 10 718 716 
513 716 718 26 81 
514 111 716 81 23 
515 15 721 719 720 
516 721 33 219 719 
517 719 219 31 185 
518 720 719 185 32 
519 31 724 722 723 
520 724 49 222 722 
521 722 222 47 189 
522 723 722 189 48 
523 56 727 725 726 
524 727 73 121 725 
525 725 121 71 151 
526 726 725 151 72 
527 23 729 728 505 
528 729 81 730 728 
529 728 730 80 588 
530 505 728 588 42 
531 85 732 731 508 
532 732 42 733 731 
533 731 733 86 592 
534 508 731 592 84 
535 5 152 734 735 
536 152 75 287 734 
537 734 287 95 736 
538 735 734 736 96 
539 100 156 737 738 
540 156 99 291 737 
541 737 291 103 739 
542 738 737 739 75 
543 121 742 740 741 
544 742 120 164 740 
545 740 164 101 155 
546 741 740 155 71 
547 141 171 743 744 
548 171 140 295 743 
549 743 295 144 745 
550 744 743 745 99 
551 147 747 746 230 
552 747 56 726 746 
553 746 726 72 177 
554 230 746 177 145 
555 148 178 748 749 
556 178 5 735 748 
557 748 735 96 750 
558 749 748 750 172 
559 189 753 751 752 
560 753 47 245 751 
561 751 245 64 238 
562 752 751 238 187 
563 190 239 754 755 
564 239 50 209 754 
565 754 209 93 756 
566 755 754 756 205 
567 247 758 757 261 
568 758 228 759 757 
569 757 759 146 263 
570 261 757 263 213 
571 255 762 760 761 
572 762 248 259 760 
573 760 259 191 272 
574 761 760 272 242 
575 140 302 763 764 
576 302 285 324 763 
577 763 324 294 765 
578 764 763 765 295 
579 143 335 766 325 
580 335 309 364 766 
581 766 364 320 767 
582 325 766 767 296 
583 278 362 768 365 
584 362 351 769 768 
585 768 769 356 770 
586 365 768 770 321 
587 351 385 771 769 
588 385 280 397 771 
589 771 397 357 772 
590 769 771 772 356 
591 378 774 773 394 
592 774 380 775 773 
593 773 775 344 414 
594 394 773 414 381 
595 380 777 776 775 
596 777 417 448 776 
597 776 448 410 421 
598 775 776 421 344 
599 419 779 778 450 
600 779 444 480 778 
601 778 480 434 457 
602 450 778 457 346 
603 476 782 780 781 
604 782 478 523 780 
605 780 523 407 500 
606 781 780 500 469 
607 446 784 783 482 
608 784 476 781 783 
609 783 781 469 484 
610 482 783 484 405 
611 340 498 785 786 
612 498 467 565 785 
613 785 565 492 787 
614 786 785 787 431 
615 495 542 788 789 
616 542 497 569 788 
617 788 569 467 790 
618 789 788 790 498 
619 470 521 791 792 
620 521 495 789 791 
621 791 789 498 793 
622 792 791 793 340 
623 515 795 794 525 
624 795 517 796 794 
625 794 796 464 540 
626 525 794 540 496 
627 535 563 797 570 
628 563 537 798 797 
629 797 798 342 799 
630 570 797 799 538 
631 517 801 800 796 
632 801 543 802 800 
633 800 802 536 547 
634 796 800 547 464 
635 534 606 803 619 
636 606 460 655 803 
637 803 655 554 804 
638 619 803 804 553 
639 537 586 805 798 
640 586 556 622 805 
641 805 622 559 806 
642 798 805 806 342 
643 603 640 807 808 
644 640 605 659 807 
645 807 659 460 809 
646 808 807 809 606 
647 558 617 810 623 
648 617 603 808 810 
649 810 808 606 811 
650 623 810 811 534 
651 633 678 812 660 
652 678 635 813 812 
653 812 813 602 814 
654 660 812 814 636 
655 511 816 815 646 
656 816 641 817 815 
657 815 817 596 668 
658 646 815 668 336 
659 336 819 818 681 
660 819 668 820 818 
661 818 820 667 699 
662 681 818 699 601 
663 672 822 821 684 
664 822 601 823 821 
665 821 823 673 707 
666 684 821 707 671 
667 635 685 824 813 
668 685 671 706 824 
669 824 706 674 825 
670 813 824 825 602 
671 462 701 826 703 
672 701 670 827 826 
673 826 827 695 828 
674 703 826 828 631 
675 66 198 829 830 
676 198 148 749 829 
677 829 749 172 831 
678 830 829 831 173 
679 194 214 832 833 
680 214 66 830 832 
681 832 830 173 834 
682 833 832 834 208 
683 228 836 835 759 
684 836 227 837 835 
685 835 837 197 233 
686 759 835 233 146 
687 408 471 838 839 
688 471 340 786 838 
689 838 786 431 840 
690 839 838 840 430 
691 468 502 841 842 
692 502 470 792 841 
693 841 792 340 843 
694 842 841 843 471 
695 435 486 844 845 
696 486 468 842 844 
697 844 842 471 846 
698 845 844 846 408 
699 543 848 847 802 
700 848 545 849 847 
701 847 849 466 561 
702 802 847 561 536 
703 545 851 850 849 
704 851 580 852 850 
705 850 852 557 584 
706 849 850 584 466 
707 50 243 853 854 
708 243 194 833 853 
709 853 833 208 855 
710 854 853 855 209 
711 138 436 856 857 
712 436 408 839 856 
713 856 839 430 858 
714 857 856 858 387 
715 433 475 859 860 
716 475 435 845 859 
717 859 845 408 861 
718 860 859 861 436 
719 411 459 862 863 
720 459 433 860 862 
721 862 860 436 864 
722 863 862 864 138 
723 580 866 865 852 
724 866 582 867 865 
725 865 867 531 608 
726 852 865 608 557 
727 582 869 868 867 
728 869 611 870 868 
729 868 870 604 615 
730 867 868 615 531 
