 Title = "ADflow Slice Data"
Variables =  "CoordinateX"  "CoordinateY"  "CoordinateZ"  "XoC"  "YoC"  "ZoC" "VelocityX" "VelocityY" "VelocityZ" "CoefPressure" "Mach" 
Zone T= "Slice_0001 None Absolute Regular z = 0.50000000"
 Nodes =          300  Elements=          298  ZONETYPE=FELINESEG
 DATAPACKING=POINT
  4.708680E+00  4.351453E-05  5.000000E-01  9.999999E-01 -3.435419E-04  0.000000E+00  2.445608E-03 -2.427018E-04  4.972196E-18  1.239919E-01  0.000000E+00
  4.689187E+00  3.943398E-03  5.000000E-01  9.958601E-01  4.846975E-04  0.000000E+00  1.473281E-03 -2.411360E-04  8.481174E-19  7.481172E-03  0.000000E+00
  4.658673E+00  9.871010E-03  5.000000E-01  9.893797E-01  1.743577E-03  0.000000E+00  9.651991E-04 -2.073312E-04 -2.845283E-19  1.823584E-02  0.000000E+00
  4.626256E+00  1.595170E-02  5.000000E-01  9.824952E-01  3.034965E-03  0.000000E+00  7.005567E-04 -1.337556E-04  8.987703E-19  1.224297E-02  0.000000E+00
  4.593146E+00  2.195016E-02  5.000000E-01  9.754634E-01  4.308892E-03  0.000000E+00  6.019421E-04 -1.017243E-04  2.508445E-18 -9.427293E-03  0.000000E+00
  4.560031E+00  2.774814E-02  5.000000E-01  9.684306E-01  5.540239E-03  0.000000E+00  6.303437E-04 -1.081076E-04  1.255049E-18 -2.655538E-02  0.000000E+00
  4.526891E+00  3.335798E-02  5.000000E-01  9.613923E-01  6.731632E-03  0.000000E+00  7.226462E-04 -1.212897E-04 -2.034605E-18 -4.203441E-02  0.000000E+00
  4.493752E+00  3.878067E-02  5.000000E-01  9.543545E-01  7.883278E-03  0.000000E+00  8.316704E-04 -1.334676E-04 -3.589905E-19 -6.004087E-02  0.000000E+00
  4.460612E+00  4.401840E-02  5.000000E-01  9.473164E-01  8.995643E-03  0.000000E+00  9.270577E-04 -1.439833E-04  1.308588E-18 -8.018543E-02  0.000000E+00
  4.427470E+00  4.907231E-02  5.000000E-01  9.402779E-01  1.006897E-02  0.000000E+00  9.865440E-04 -1.485460E-04  1.449364E-19 -1.026697E-01  0.000000E+00
  4.394325E+00  5.393904E-02  5.000000E-01  9.332387E-01  1.110254E-02  0.000000E+00  9.985477E-04 -1.438922E-04  3.085840E-18 -1.271716E-01  0.000000E+00
  4.361178E+00  5.861592E-02  5.000000E-01  9.261991E-01  1.209580E-02  0.000000E+00  9.565241E-04 -1.297417E-04  3.386571E-18 -1.498739E-01  0.000000E+00
  4.328027E+00  6.309837E-02  5.000000E-01  9.191586E-01  1.304776E-02  0.000000E+00  8.539508E-04 -1.091964E-04 -9.453005E-19 -1.665653E-01  0.000000E+00
  4.294876E+00  6.738009E-02  5.000000E-01  9.121180E-01  1.395709E-02  0.000000E+00  7.153298E-04 -8.993949E-05 -1.581067E-18 -1.822108E-01  0.000000E+00
  4.261727E+00  7.145594E-02  5.000000E-01  9.050782E-01  1.482270E-02  0.000000E+00  6.697508E-04 -8.595290E-05 -1.257916E-18 -2.163625E-01  0.000000E+00
  4.228582E+00  7.532116E-02  5.000000E-01  8.980388E-01  1.564358E-02  0.000000E+00  1.017581E-03 -1.227239E-04 -1.084624E-18 -2.918117E-01  0.000000E+00
  4.195443E+00  7.896917E-02  5.000000E-01  8.910010E-01  1.641833E-02  0.000000E+00  2.208820E-03 -2.366380E-04  3.796012E-19 -4.125908E-01  0.000000E+00
  4.162308E+00  8.239333E-02  5.000000E-01  8.839639E-01  1.714553E-02  0.000000E+00  4.653585E-03 -4.558905E-04  7.766656E-19 -5.549296E-01  0.000000E+00
  4.129179E+00  8.558896E-02  5.000000E-01  8.769281E-01  1.782421E-02  0.000000E+00  8.299502E-03 -7.557295E-04  1.551530E-18 -6.814418E-01  0.000000E+00
  4.096054E+00  8.855095E-02  5.000000E-01  8.698932E-01  1.845326E-02  0.000000E+00  1.233748E-02 -1.045424E-03  2.396128E-18 -7.646462E-01  0.000000E+00
  4.062934E+00  9.127679E-02  5.000000E-01  8.628593E-01  1.903216E-02  0.000000E+00  1.556552E-02 -1.219956E-03  1.491503E-18 -7.999488E-01  0.000000E+00
  4.029817E+00  9.376517E-02  5.000000E-01  8.558262E-01  1.956063E-02  0.000000E+00  1.725166E-02 -1.236583E-03 -3.041827E-19 -8.002697E-01  0.000000E+00
  3.996705E+00  9.601760E-02  5.000000E-01  8.487939E-01  2.003900E-02  0.000000E+00  1.754658E-02 -1.136750E-03 -1.263133E-18 -7.821841E-01  0.000000E+00
  3.963594E+00  9.803996E-02  5.000000E-01  8.417620E-01  2.046849E-02  0.000000E+00  1.707278E-02 -9.899426E-04 -1.679907E-18 -7.573708E-01  0.000000E+00
  3.930486E+00  9.984285E-02  5.000000E-01  8.347306E-01  2.085138E-02  0.000000E+00  1.638239E-02 -8.444043E-04 -1.655499E-18 -7.318729E-01  0.000000E+00
  3.897377E+00  1.014419E-01  5.000000E-01  8.276991E-01  2.119098E-02  0.000000E+00  1.575229E-02 -7.198829E-04 -1.292461E-18 -7.083162E-01  0.000000E+00
  3.864269E+00  1.028609E-01  5.000000E-01  8.206677E-01  2.149233E-02  0.000000E+00  1.524925E-02 -6.203796E-04 -8.491059E-19 -6.877976E-01  0.000000E+00
  3.831161E+00  1.041295E-01  5.000000E-01  8.136366E-01  2.176177E-02  0.000000E+00  1.485242E-02 -5.455944E-04 -4.675465E-19 -6.710746E-01  0.000000E+00
  3.798054E+00  1.052879E-01  5.000000E-01  8.066053E-01  2.200778E-02  0.000000E+00  1.453302E-02 -4.961034E-04 -2.891419E-19 -6.591085E-01  0.000000E+00
  3.764948E+00  1.063846E-01  5.000000E-01  7.995744E-01  2.224069E-02  0.000000E+00  1.428373E-02 -4.739056E-04  6.508592E-19 -6.530671E-01  0.000000E+00
  3.731842E+00  1.074782E-01  5.000000E-01  7.925435E-01  2.247293E-02  0.000000E+00  1.411701E-02 -4.816315E-04  1.026253E-18 -6.539578E-01  0.000000E+00
  3.698737E+00  1.086363E-01  5.000000E-01  7.855129E-01  2.271891E-02  0.000000E+00  1.405781E-02 -5.162506E-04  1.200143E-18 -6.614844E-01  0.000000E+00
  3.665634E+00  1.099049E-01  5.000000E-01  7.784827E-01  2.298832E-02  0.000000E+00  1.412791E-02 -5.656435E-04  1.668201E-18 -6.734825E-01  0.000000E+00
  3.632534E+00  1.112838E-01  5.000000E-01  7.714529E-01  2.328115E-02  0.000000E+00  1.431816E-02 -6.198068E-04  1.484387E-18 -6.875080E-01  0.000000E+00
  3.599434E+00  1.127664E-01  5.000000E-01  7.644234E-01  2.359603E-02  0.000000E+00  1.458892E-02 -6.757615E-04  1.613062E-18 -7.019464E-01  0.000000E+00
  3.566334E+00  1.143456E-01  5.000000E-01  7.573938E-01  2.393140E-02  0.000000E+00  1.489606E-02 -7.312917E-04  1.600028E-18 -7.157005E-01  0.000000E+00
  3.533236E+00  1.160115E-01  5.000000E-01  7.503646E-01  2.428522E-02  0.000000E+00  1.520622E-02 -7.837104E-04  8.793341E-19 -7.280965E-01  0.000000E+00
  3.500138E+00  1.177523E-01  5.000000E-01  7.433353E-01  2.465491E-02  0.000000E+00  1.550056E-02 -8.309626E-04  6.125914E-19 -7.388078E-01  0.000000E+00
  3.467038E+00  1.195552E-01  5.000000E-01  7.363057E-01  2.503781E-02  0.000000E+00  1.577279E-02 -8.715667E-04  1.013765E-18 -7.476649E-01  0.000000E+00
  3.433936E+00  1.214054E-01  5.000000E-01  7.292757E-01  2.543075E-02  0.000000E+00  1.602367E-02 -9.040165E-04  1.307499E-18 -7.545190E-01  0.000000E+00
  3.400832E+00  1.232855E-01  5.000000E-01  7.222452E-01  2.583002E-02  0.000000E+00  1.625507E-02 -9.268843E-04  1.532271E-18 -7.592272E-01  0.000000E+00
  3.367728E+00  1.251759E-01  5.000000E-01  7.152146E-01  2.623150E-02  0.000000E+00  1.646723E-02 -9.386269E-04  8.561075E-19 -7.616213E-01  0.000000E+00
  3.334620E+00  1.270548E-01  5.000000E-01  7.081834E-01  2.663054E-02  0.000000E+00  1.665768E-02 -9.376060E-04  9.379152E-19 -7.615100E-01  0.000000E+00
  3.301512E+00  1.288983E-01  5.000000E-01  7.011520E-01  2.702205E-02  0.000000E+00  1.682109E-02 -9.222497E-04  1.251213E-18 -7.587034E-01  0.000000E+00
  3.268401E+00  1.306808E-01  5.000000E-01  6.941201E-01  2.740060E-02  0.000000E+00  1.695032E-02 -8.910517E-04  9.929709E-19 -7.529912E-01  0.000000E+00
  3.235290E+00  1.323749E-01  5.000000E-01  6.870881E-01  2.776040E-02  0.000000E+00  1.703723E-02 -8.427770E-04  1.490994E-18 -7.441445E-01  0.000000E+00
  3.202177E+00  1.339522E-01  5.000000E-01  6.800557E-01  2.809537E-02  0.000000E+00  1.707366E-02 -7.768521E-04  2.133465E-18 -7.319805E-01  0.000000E+00
  3.169063E+00  1.353842E-01  5.000000E-01  6.730231E-01  2.839949E-02  0.000000E+00  1.705323E-02 -6.935853E-04  2.880697E-18 -7.164763E-01  0.000000E+00
  3.135947E+00  1.366419E-01  5.000000E-01  6.659902E-01  2.866661E-02  0.000000E+00  1.697060E-02 -5.967453E-04  3.564861E-18 -6.981333E-01  0.000000E+00
  3.102831E+00  1.377076E-01  5.000000E-01  6.589570E-01  2.889292E-02  0.000000E+00  1.682170E-02 -4.965061E-04  3.880362E-18 -6.782889E-01  0.000000E+00
  3.069714E+00  1.385901E-01  5.000000E-01  6.519238E-01  2.908034E-02  0.000000E+00  1.661559E-02 -4.019289E-04  3.675493E-18 -6.583211E-01  0.000000E+00
  3.036593E+00  1.393033E-01  5.000000E-01  6.448898E-01  2.923182E-02  0.000000E+00  1.637458E-02 -3.156714E-04  3.239557E-18 -6.389909E-01  0.000000E+00
  3.003475E+00  1.398609E-01  5.000000E-01  6.378564E-01  2.935023E-02  0.000000E+00  1.611976E-02 -2.379892E-04  2.343942E-18 -6.206854E-01  0.000000E+00
  2.970356E+00  1.402753E-01  5.000000E-01  6.308226E-01  2.943824E-02  0.000000E+00  1.586426E-02 -1.690032E-04  1.221363E-18 -6.036308E-01  0.000000E+00
  2.937236E+00  1.405608E-01  5.000000E-01  6.237888E-01  2.949888E-02  0.000000E+00  1.561432E-02 -1.086198E-04  5.182491E-19 -5.879623E-01  0.000000E+00
  2.904117E+00  1.407306E-01  5.000000E-01  6.167550E-01  2.953494E-02  0.000000E+00  1.537250E-02 -5.637161E-05  1.294875E-19 -5.737614E-01  0.000000E+00
  2.870996E+00  1.407984E-01  5.000000E-01  6.097211E-01  2.954934E-02  0.000000E+00  1.513992E-02 -1.192867E-05 -8.597069E-20 -5.611202E-01  0.000000E+00
  2.837877E+00  1.407777E-01  5.000000E-01  6.026873E-01  2.954495E-02  0.000000E+00  1.491830E-02  2.512224E-05 -1.674100E-19 -5.501230E-01  0.000000E+00
  2.804757E+00  1.406819E-01  5.000000E-01  5.956534E-01  2.952460E-02  0.000000E+00  1.471017E-02  5.513103E-05 -2.297702E-19 -5.408621E-01  0.000000E+00
  2.771639E+00  1.405248E-01  5.000000E-01  5.886200E-01  2.949123E-02  0.000000E+00  1.451902E-02  7.859295E-05 -2.211518E-19 -5.334147E-01  0.000000E+00
  2.738522E+00  1.403188E-01  5.000000E-01  5.815867E-01  2.944749E-02  0.000000E+00  1.434864E-02  9.585668E-05 -2.562382E-19 -5.278731E-01  0.000000E+00
  2.705406E+00  1.400779E-01  5.000000E-01  5.745537E-01  2.939631E-02  0.000000E+00  1.420289E-02  1.071538E-04 -2.173985E-19 -5.243358E-01  0.000000E+00
  2.672292E+00  1.398148E-01  5.000000E-01  5.675211E-01  2.934045E-02  0.000000E+00  1.408562E-02  1.128121E-04 -1.674704E-19 -5.228728E-01  0.000000E+00
  2.639177E+00  1.395430E-01  5.000000E-01  5.604885E-01  2.928273E-02  0.000000E+00  1.399990E-02  1.130605E-04 -1.621212E-19 -5.235090E-01  0.000000E+00
  2.606068E+00  1.392757E-01  5.000000E-01  5.534568E-01  2.922594E-02  0.000000E+00  1.394800E-02  1.086712E-04 -1.645244E-19 -5.261171E-01  0.000000E+00
  2.572958E+00  1.390229E-01  5.000000E-01  5.464251E-01  2.917227E-02  0.000000E+00  1.393032E-02  1.008366E-04 -1.439707E-19 -5.304228E-01  0.000000E+00
  2.539852E+00  1.387924E-01  5.000000E-01  5.393941E-01  2.912330E-02  0.000000E+00  1.394439E-02  9.048556E-05 -1.897944E-20 -5.361091E-01  0.000000E+00
  2.506749E+00  1.385893E-01  5.000000E-01  5.323638E-01  2.908018E-02  0.000000E+00  1.398521E-02  7.786266E-05  7.627837E-20 -5.429267E-01  0.000000E+00
  2.473650E+00  1.384197E-01  5.000000E-01  5.253345E-01  2.904415E-02  0.000000E+00  1.404720E-02  6.279457E-05  1.929520E-19 -5.507154E-01  0.000000E+00
  2.440554E+00  1.382892E-01  5.000000E-01  5.183056E-01  2.901644E-02  0.000000E+00  1.412606E-02  4.502341E-05  2.315936E-19 -5.593728E-01  0.000000E+00
  2.407460E+00  1.382045E-01  5.000000E-01  5.112774E-01  2.899845E-02  0.000000E+00  1.421957E-02  2.454227E-05  2.242155E-19 -5.688065E-01  0.000000E+00
  2.374373E+00  1.381708E-01  5.000000E-01  5.042504E-01  2.899129E-02  0.000000E+00  1.432709E-02  1.382170E-06  2.916294E-19 -5.789609E-01  0.000000E+00
  2.341286E+00  1.381937E-01  5.000000E-01  4.972236E-01  2.899616E-02  0.000000E+00  1.444864E-02 -2.515887E-05  3.871532E-19 -5.899048E-01  0.000000E+00
  2.308194E+00  1.382814E-01  5.000000E-01  4.901958E-01  2.901479E-02  0.000000E+00  1.458604E-02 -5.604375E-05  4.442234E-19 -6.017643E-01  0.000000E+00
  2.275097E+00  1.384433E-01  5.000000E-01  4.831667E-01  2.904917E-02  0.000000E+00  1.474332E-02 -9.192281E-05  4.846071E-19 -6.146322E-01  0.000000E+00
  2.241991E+00  1.386893E-01  5.000000E-01  4.761359E-01  2.910141E-02  0.000000E+00  1.492568E-02 -1.332417E-04  5.796996E-19 -6.285505E-01  0.000000E+00
  2.208879E+00  1.390293E-01  5.000000E-01  4.691037E-01  2.917363E-02  0.000000E+00  1.513813E-02 -1.803838E-04  5.782029E-19 -6.435162E-01  0.000000E+00
  2.175760E+00  1.394731E-01  5.000000E-01  4.620701E-01  2.926788E-02  0.000000E+00  1.538418E-02 -2.338014E-04  6.075852E-19 -6.594919E-01  0.000000E+00
  2.142637E+00  1.400302E-01  5.000000E-01  4.550354E-01  2.938619E-02  0.000000E+00  1.566503E-02 -2.940161E-04  5.720486E-19 -6.763679E-01  0.000000E+00
  2.109507E+00  1.407099E-01  5.000000E-01  4.479994E-01  2.953053E-02  0.000000E+00  1.597930E-02 -3.610633E-04  2.848176E-19 -6.938107E-01  0.000000E+00
  2.076374E+00  1.415207E-01  5.000000E-01  4.409628E-01  2.970273E-02  0.000000E+00  1.632544E-02 -4.308389E-04  1.375089E-19 -7.108625E-01  0.000000E+00
  2.043241E+00  1.424531E-01  5.000000E-01  4.339262E-01  2.990076E-02  0.000000E+00  1.669757E-02 -4.953725E-04 -4.058143E-20 -7.261120E-01  0.000000E+00
  2.010106E+00  1.434816E-01  5.000000E-01  4.268892E-01  3.011918E-02  0.000000E+00  1.707772E-02 -5.493153E-04 -4.220554E-20 -7.385572E-01  0.000000E+00
  1.976970E+00  1.445795E-01  5.000000E-01  4.198519E-01  3.035235E-02  0.000000E+00  1.744332E-02 -5.905358E-04  3.735388E-19 -7.477909E-01  0.000000E+00
  1.943835E+00  1.457199E-01  5.000000E-01  4.128148E-01  3.059455E-02  0.000000E+00  1.777923E-02 -6.174967E-04  4.169999E-19 -7.537187E-01  0.000000E+00
  1.910699E+00  1.468759E-01  5.000000E-01  4.057775E-01  3.084005E-02  0.000000E+00  1.807999E-02 -6.293557E-04  9.313796E-19 -7.564326E-01  0.000000E+00
  1.877561E+00  1.480217E-01  5.000000E-01  3.987399E-01  3.108339E-02  0.000000E+00  1.834770E-02 -6.256167E-04  1.830536E-18 -7.560573E-01  0.000000E+00
  1.844424E+00  1.491307E-01  5.000000E-01  3.917024E-01  3.131890E-02  0.000000E+00  1.858710E-02 -6.060366E-04  2.055270E-18 -7.526940E-01  0.000000E+00
  1.811282E+00  1.501776E-01  5.000000E-01  3.846638E-01  3.154126E-02  0.000000E+00  1.880154E-02 -5.707493E-04  2.063592E-18 -7.464241E-01  0.000000E+00
  1.778139E+00  1.511378E-01  5.000000E-01  3.776250E-01  3.174518E-02  0.000000E+00  1.899225E-02 -5.195195E-04  2.064015E-18 -7.372426E-01  0.000000E+00
  1.744992E+00  1.519859E-01  5.000000E-01  3.705854E-01  3.192529E-02  0.000000E+00  1.915697E-02 -4.521925E-04  1.882739E-18 -7.250953E-01  0.000000E+00
  1.711843E+00  1.526976E-01  5.000000E-01  3.635455E-01  3.207644E-02  0.000000E+00  1.929028E-02 -3.686630E-04  1.783976E-18 -7.098642E-01  0.000000E+00
  1.678692E+00  1.532478E-01  5.000000E-01  3.565049E-01  3.219329E-02  0.000000E+00  1.938400E-02 -2.690598E-04  1.604981E-18 -6.913634E-01  0.000000E+00
  1.645539E+00  1.536127E-01  5.000000E-01  3.494640E-01  3.227079E-02  0.000000E+00  1.942864E-02 -1.536377E-04  1.359643E-18 -6.693246E-01  0.000000E+00
  1.612385E+00  1.537671E-01  5.000000E-01  3.424230E-01  3.230357E-02  0.000000E+00  1.941524E-02 -2.276511E-05  1.348722E-18 -6.434716E-01  0.000000E+00
  1.579236E+00  1.536860E-01  5.000000E-01  3.353830E-01  3.228634E-02  0.000000E+00  1.933533E-02  1.214409E-04  1.313137E-18 -6.138553E-01  0.000000E+00
  1.546090E+00  1.533453E-01  5.000000E-01  3.283435E-01  3.221398E-02  0.000000E+00  1.917718E-02  2.684738E-04  1.182960E-18 -5.816099E-01  0.000000E+00
  1.512946E+00  1.527504E-01  5.000000E-01  3.213046E-01  3.208765E-02  0.000000E+00  1.893766E-02  4.034415E-04  8.309380E-19 -5.486199E-01  0.000000E+00
  1.479807E+00  1.519253E-01  5.000000E-01  3.142666E-01  3.191242E-02  0.000000E+00  1.863609E-02  5.197516E-04  5.708815E-19 -5.162501E-01  0.000000E+00
  1.446672E+00  1.508945E-01  5.000000E-01  3.072296E-01  3.169350E-02  0.000000E+00  1.830064E-02  6.171442E-04  4.550445E-19 -4.852553E-01  0.000000E+00
  1.413540E+00  1.496833E-01  5.000000E-01  3.001932E-01  3.143628E-02  0.000000E+00  1.795414E-02  6.966705E-04  1.039626E-18 -4.560732E-01  0.000000E+00
  1.380413E+00  1.483166E-01  5.000000E-01  2.931579E-01  3.114603E-02  0.000000E+00  1.761102E-02  7.600381E-04  1.120325E-18 -4.289128E-01  0.000000E+00
  1.347294E+00  1.468179E-01  5.000000E-01  2.861242E-01  3.082774E-02  0.000000E+00  1.727827E-02  8.090149E-04 -1.310329E-20 -4.038904E-01  0.000000E+00
  1.314179E+00  1.452093E-01  5.000000E-01  2.790914E-01  3.048609E-02  0.000000E+00  1.695849E-02  8.451106E-04 -6.089299E-19 -3.811125E-01  0.000000E+00
  1.281074E+00  1.435121E-01  5.000000E-01  2.720606E-01  3.012565E-02  0.000000E+00  1.665282E-02  8.699888E-04 -3.545433E-19 -3.606481E-01  0.000000E+00
  1.247974E+00  1.417448E-01  5.000000E-01  2.650310E-01  2.975033E-02  0.000000E+00  1.636123E-02  8.850442E-04 -6.085266E-20 -3.425348E-01  0.000000E+00
  1.214880E+00  1.399259E-01  5.000000E-01  2.580028E-01  2.936403E-02  0.000000E+00  1.608246E-02  8.915999E-04 -5.472398E-19 -3.266873E-01  0.000000E+00
  1.181795E+00  1.380707E-01  5.000000E-01  2.509763E-01  2.897004E-02  0.000000E+00  1.581358E-02  8.911144E-04 -8.093984E-19 -3.128103E-01  0.000000E+00
  1.148718E+00  1.361927E-01  5.000000E-01  2.439516E-01  2.857121E-02  0.000000E+00  1.554957E-02  8.843899E-04 -6.641869E-19 -3.004982E-01  0.000000E+00
  1.115646E+00  1.343043E-01  5.000000E-01  2.369279E-01  2.817016E-02  0.000000E+00  1.528621E-02  8.720816E-04 -4.806609E-21 -2.894002E-01  0.000000E+00
  1.082583E+00  1.324166E-01  5.000000E-01  2.299061E-01  2.776924E-02  0.000000E+00  1.502465E-02  8.552252E-04  1.016541E-18 -2.796427E-01  0.000000E+00
  1.049524E+00  1.305379E-01  5.000000E-01  2.228852E-01  2.737026E-02  0.000000E+00  1.477614E-02  8.351939E-04  7.399386E-19 -2.724474E-01  0.000000E+00
  1.016475E+00  1.286764E-01  5.000000E-01  2.158664E-01  2.697492E-02  0.000000E+00  1.456750E-02  8.145833E-04 -2.555084E-19 -2.703725E-01  0.000000E+00
  9.834318E-01  1.268367E-01  5.000000E-01  2.088488E-01  2.658421E-02  0.000000E+00  1.444523E-02  7.996928E-04 -2.099020E-19 -2.765487E-01  0.000000E+00
  9.503976E-01  1.250109E-01  5.000000E-01  2.018331E-01  2.619646E-02  0.000000E+00  1.447005E-02  7.998256E-04  6.637931E-19 -2.932133E-01  0.000000E+00
  9.173728E-01  1.231764E-01  5.000000E-01  1.948195E-01  2.580686E-02  0.000000E+00  1.469871E-02  8.214518E-04  4.692274E-19 -3.203197E-01  0.000000E+00
  8.843598E-01  1.213125E-01  5.000000E-01  1.878083E-01  2.541101E-02  0.000000E+00  1.516218E-02  8.666769E-04 -3.548776E-19 -3.544307E-01  0.000000E+00
  8.513623E-01  1.193994E-01  5.000000E-01  1.808005E-01  2.500471E-02  0.000000E+00  1.583979E-02  9.346327E-04 -5.612165E-19 -3.892367E-01  0.000000E+00
  8.183794E-01  1.174193E-01  5.000000E-01  1.737957E-01  2.458419E-02  0.000000E+00  1.664544E-02  1.020553E-03  3.737931E-20 -4.181689E-01  0.000000E+00
  7.854121E-01  1.153573E-01  5.000000E-01  1.667943E-01  2.414628E-02  0.000000E+00  1.744861E-02  1.116566E-03  7.618819E-20 -4.370640E-01  0.000000E+00
  7.524593E-01  1.132010E-01  5.000000E-01  1.597959E-01  2.368833E-02  0.000000E+00  1.812409E-02  1.214250E-03 -5.108379E-20 -4.451986E-01  0.000000E+00
  7.195226E-01  1.109404E-01  5.000000E-01  1.528009E-01  2.320823E-02  0.000000E+00  1.860243E-02  1.307844E-03  4.563145E-19 -4.444130E-01  0.000000E+00
  6.866079E-01  1.085666E-01  5.000000E-01  1.458107E-01  2.270410E-02  0.000000E+00  1.888602E-02  1.396087E-03 -3.433161E-19 -4.374254E-01  0.000000E+00
  6.537221E-01  1.060705E-01  5.000000E-01  1.388265E-01  2.217399E-02  0.000000E+00  1.902591E-02  1.481226E-03 -1.070431E-18 -4.265776E-01  0.000000E+00
  6.208691E-01  1.034427E-01  5.000000E-01  1.318494E-01  2.161589E-02  0.000000E+00  1.908462E-02  1.566683E-03 -1.200479E-18 -4.133767E-01  0.000000E+00
  5.880524E-01  1.006738E-01  5.000000E-01  1.248799E-01  2.102786E-02  0.000000E+00  1.910931E-02  1.655037E-03 -5.981865E-19 -3.985972E-01  0.000000E+00
  5.552711E-01  9.775566E-02  5.000000E-01  1.179180E-01  2.040812E-02  0.000000E+00  1.912389E-02  1.747248E-03  3.516405E-19 -3.825772E-01  0.000000E+00
  5.225283E-01  9.468189E-02  5.000000E-01  1.109642E-01  1.975532E-02  0.000000E+00  1.913493E-02  1.843415E-03 -6.304798E-19 -3.654713E-01  0.000000E+00
  4.898261E-01  9.144573E-02  5.000000E-01  1.040191E-01  1.906804E-02  0.000000E+00  1.914042E-02  1.942833E-03 -2.912105E-19 -3.475488E-01  0.000000E+00
  4.571624E-01  8.804178E-02  5.000000E-01  9.708209E-02  1.834513E-02  0.000000E+00  1.913688E-02  2.043984E-03  6.215045E-19 -3.294070E-01  0.000000E+00
  4.245350E-01  8.446639E-02  5.000000E-01  9.015283E-02  1.758580E-02  0.000000E+00  1.912289E-02  2.145066E-03  7.206504E-19 -3.119223E-01  0.000000E+00
  3.919369E-01  8.071867E-02  5.000000E-01  8.322981E-02  1.678988E-02  0.000000E+00  1.909870E-02  2.244872E-03  5.895316E-19 -2.958302E-01  0.000000E+00
  3.593832E-01  7.680115E-02  5.000000E-01  7.631620E-02  1.595789E-02  0.000000E+00  1.906324E-02  2.344818E-03 -8.616195E-19 -2.808992E-01  0.000000E+00
  3.269046E-01  7.271273E-02  5.000000E-01  6.941854E-02  1.508961E-02  0.000000E+00  1.900824E-02  2.449746E-03 -9.320078E-19 -2.652599E-01  0.000000E+00
  2.945750E-01  6.844429E-02  5.000000E-01  6.255253E-02  1.418310E-02  0.000000E+00  1.891184E-02  2.564860E-03 -1.528230E-18 -2.457690E-01  0.000000E+00
  2.624265E-01  6.396550E-02  5.000000E-01  5.572497E-02  1.323192E-02  0.000000E+00  1.873882E-02  2.685915E-03 -3.669851E-18 -2.202270E-01  0.000000E+00
  2.304268E-01  5.924749E-02  5.000000E-01  4.892903E-02  1.222993E-02  0.000000E+00  1.846872E-02  2.803311E-03 -7.686987E-18 -1.895439E-01  0.000000E+00
  1.986088E-01  5.427758E-02  5.000000E-01  4.217166E-02  1.117444E-02  0.000000E+00  1.813323E-02  2.914315E-03 -1.006366E-17 -1.590503E-01  0.000000E+00
  1.669282E-01  4.903048E-02  5.000000E-01  3.544349E-02  1.006009E-02  0.000000E+00  1.782148E-02  3.005768E-03  1.122224E-18 -1.401124E-01  0.000000E+00
  1.350509E-01  4.353157E-02  5.000000E-01  2.867354E-02  8.892253E-03  0.000000E+00  1.775494E-02  3.127560E-03  4.107812E-17 -1.396069E-01  0.000000E+00
  1.043791E-01  3.801618E-02  5.000000E-01  2.215959E-02  7.720919E-03  0.000000E+00  1.832173E-02  3.508638E-03  1.304195E-16 -1.444645E-01  0.000000E+00
  7.632629E-02  3.233612E-02  5.000000E-01  1.620187E-02  6.514614E-03  0.000000E+00  1.973673E-02  4.324160E-03  2.690085E-16 -1.448427E-01  0.000000E+00
  5.118571E-02  2.642413E-02  5.000000E-01  1.086263E-02  5.259052E-03  0.000000E+00  2.204260E-02  5.718315E-03  3.971285E-16 -1.396480E-01  0.000000E+00
  3.264831E-02  2.122550E-02  5.000000E-01  6.925739E-03  4.154990E-03  0.000000E+00  2.543176E-02  8.333167E-03  4.189515E-16 -9.762567E-02  0.000000E+00
  2.051015E-02  1.677185E-02  5.000000E-01  4.347893E-03  3.209145E-03  0.000000E+00  2.930267E-02  1.252794E-02  3.033555E-16  1.064453E-03  0.000000E+00
  1.247723E-02  1.290114E-02  5.000000E-01  2.641898E-03  2.387103E-03  0.000000E+00  3.213117E-02  1.755619E-02  2.285495E-16  1.246381E-01  0.000000E+00
  7.055255E-03  9.600106E-03  5.000000E-01  1.490404E-03  1.686043E-03  0.000000E+00  3.281857E-02  2.294876E-02  5.588004E-16  2.588129E-01  0.000000E+00
  3.418635E-03  6.723027E-03  5.000000E-01  7.180754E-04  1.075022E-03  0.000000E+00  2.975474E-02  2.837618E-02  1.549479E-15  4.435159E-01  0.000000E+00
  1.108798E-03  4.086813E-03  5.000000E-01  2.275226E-04  5.151554E-04  0.000000E+00  1.993507E-02  3.025723E-02  2.988112E-15  7.402368E-01  0.000000E+00
  3.747479E-05  1.661131E-03  5.000000E-01  0.000000E+00  0.000000E+00  0.000000E+00  6.113521E-03  2.043995E-02  4.044922E-15  1.092332E+00  0.000000E+00
  3.747479E-05  1.661131E-03  5.000000E-01  0.000000E+00  0.000000E+00  0.000000E+00  6.113521E-03  2.043995E-02  4.044922E-15  1.092332E+00  0.000000E+00
  2.534065E-04 -7.069988E-04  5.000000E-01  4.585858E-05 -5.029325E-04  0.000000E+00  3.000962E-03  7.322676E-04  3.802847E-15  1.194485E+00  0.000000E+00
  1.848580E-03 -3.087289E-03  5.000000E-01  3.846343E-04 -1.008448E-03  0.000000E+00  1.286238E-02 -1.249508E-02  2.547350E-15  9.673126E-01  0.000000E+00
  4.867645E-03 -5.450078E-03  5.000000E-01  1.025809E-03 -1.510246E-03  0.000000E+00  2.191292E-02 -1.421884E-02  1.233107E-15  7.030556E-01  0.000000E+00
  9.380877E-03 -7.873189E-03  5.000000E-01  1.984309E-03 -2.024855E-03  0.000000E+00  2.528139E-02 -1.182268E-02  3.689192E-16  5.389055E-01  0.000000E+00
  1.589077E-02 -1.048217E-02  5.000000E-01  3.366850E-03 -2.578939E-03  0.000000E+00  2.507753E-02 -8.812593E-03  9.023871E-17  4.268015E-01  0.000000E+00
  2.547297E-02 -1.336033E-02  5.000000E-01  5.401873E-03 -3.190188E-03  0.000000E+00  2.303757E-02 -6.019507E-03  1.523349E-16  3.325537E-01  0.000000E+00
  3.989163E-02 -1.650308E-02  5.000000E-01  8.464043E-03 -3.857633E-03  0.000000E+00  2.024040E-02 -3.804351E-03  2.175131E-16  2.594867E-01  0.000000E+00
  6.092142E-02 -1.972149E-02  5.000000E-01  1.293025E-02 -4.541143E-03  0.000000E+00  1.766825E-02 -2.393378E-03  1.514489E-16  2.210108E-01  0.000000E+00
  8.832839E-02 -2.287525E-02  5.000000E-01  1.875082E-02 -5.210925E-03  0.000000E+00  1.589063E-02 -1.688099E-03  4.153263E-17  2.141088E-01  0.000000E+00
  1.189914E-01 -2.584538E-02  5.000000E-01  2.526288E-02 -5.841706E-03  0.000000E+00  1.492656E-02 -1.386968E-03 -1.696862E-17  2.184902E-01  0.000000E+00
  1.511926E-01 -2.871836E-02  5.000000E-01  3.210162E-02 -6.451856E-03  0.000000E+00  1.456640E-02 -1.279753E-03 -2.157573E-17  2.191049E-01  0.000000E+00
  1.838450E-01 -3.155375E-02  5.000000E-01  3.903620E-02 -7.054023E-03  0.000000E+00  1.456215E-02 -1.247377E-03 -9.643162E-18  2.104083E-01  0.000000E+00
  2.165049E-01 -3.432223E-02  5.000000E-01  4.597235E-02 -7.641981E-03  0.000000E+00  1.470048E-02 -1.221533E-03 -4.556346E-19  1.942810E-01  0.000000E+00
  2.491496E-01 -3.698330E-02  5.000000E-01  5.290529E-02 -8.207128E-03  0.000000E+00  1.485554E-02 -1.186646E-03  2.327192E-18  1.773822E-01  0.000000E+00
  2.819003E-01 -3.954590E-02  5.000000E-01  5.986073E-02 -8.751360E-03  0.000000E+00  1.497804E-02 -1.152071E-03  2.284508E-18  1.644819E-01  0.000000E+00
  3.147601E-01 -4.203225E-02  5.000000E-01  6.683936E-02 -9.279399E-03  0.000000E+00  1.505890E-02 -1.124740E-03  2.343940E-18  1.555506E-01  0.000000E+00
  3.477303E-01 -4.446745E-02  5.000000E-01  7.384141E-02 -9.796576E-03  0.000000E+00  1.510668E-02 -1.106522E-03  5.868481E-19  1.483423E-01  0.000000E+00
  3.807756E-01 -4.687338E-02  5.000000E-01  8.085941E-02 -1.030754E-02  0.000000E+00  1.513091E-02 -1.094036E-03 -7.107108E-19  1.408502E-01  0.000000E+00
  4.138291E-01 -4.925267E-02  5.000000E-01  8.787917E-02 -1.081284E-02  0.000000E+00  1.513363E-02 -1.080139E-03 -5.848439E-19  1.322074E-01  0.000000E+00
  4.468689E-01 -5.159579E-02  5.000000E-01  9.489601E-02 -1.131046E-02  0.000000E+00  1.511464E-02 -1.061401E-03  5.512035E-19  1.229193E-01  0.000000E+00
  4.799091E-01 -5.389708E-02  5.000000E-01  1.019129E-01 -1.179920E-02  0.000000E+00  1.507641E-02 -1.039273E-03  7.678795E-19  1.140151E-01  0.000000E+00
  5.129612E-01 -5.615563E-02  5.000000E-01  1.089324E-01 -1.227886E-02  0.000000E+00  1.502368E-02 -1.016386E-03  5.346631E-19  1.060716E-01  0.000000E+00
  5.460360E-01 -5.837481E-02  5.000000E-01  1.159567E-01 -1.275016E-02  0.000000E+00  1.496239E-02 -9.948718E-04  7.448124E-19  9.907100E-02  0.000000E+00
  5.791347E-01 -6.056002E-02  5.000000E-01  1.229860E-01 -1.321424E-02  0.000000E+00  1.489862E-02 -9.757956E-04  3.047020E-19  9.267671E-02  0.000000E+00
  6.122565E-01 -6.271655E-02  5.000000E-01  1.300203E-01 -1.367224E-02  0.000000E+00  1.483810E-02 -9.594804E-04  8.514451E-19  8.653989E-02  0.000000E+00
  6.454013E-01 -6.484955E-02  5.000000E-01  1.370594E-01 -1.412523E-02  0.000000E+00  1.478642E-02 -9.462802E-04  1.114345E-18  8.045364E-02  0.000000E+00
  6.785693E-01 -6.696473E-02  5.000000E-01  1.441035E-01 -1.457445E-02  0.000000E+00  1.474837E-02 -9.365149E-04  6.567981E-19  7.429367E-02  0.000000E+00
  7.117575E-01 -6.906755E-02  5.000000E-01  1.511518E-01 -1.502103E-02  0.000000E+00  1.472649E-02 -9.296982E-04  8.927402E-19  6.789779E-02  0.000000E+00
  7.449560E-01 -7.116036E-02  5.000000E-01  1.582024E-01 -1.546549E-02  0.000000E+00  1.472032E-02 -9.244328E-04  1.089199E-18  6.108330E-02  0.000000E+00
  7.781569E-01 -7.324203E-02  5.000000E-01  1.652534E-01 -1.590759E-02  0.000000E+00  1.472747E-02 -9.192608E-04 -3.489169E-20  5.377347E-02  0.000000E+00
  8.113578E-01 -7.530957E-02  5.000000E-01  1.723045E-01 -1.634668E-02  0.000000E+00  1.474494E-02 -9.132389E-04 -4.502623E-19  4.603471E-02  0.000000E+00
  8.445597E-01 -7.735917E-02  5.000000E-01  1.793558E-01 -1.678197E-02  0.000000E+00  1.476953E-02 -9.058367E-04 -3.222571E-22  3.800312E-02  0.000000E+00
  8.777625E-01 -7.938672E-02  5.000000E-01  1.864072E-01 -1.721257E-02  0.000000E+00  1.479726E-02 -8.963635E-04 -5.873081E-20  2.978536E-02  0.000000E+00
  9.109638E-01 -8.138625E-02  5.000000E-01  1.934584E-01 -1.763722E-02  0.000000E+00  1.482311E-02 -8.840018E-04 -7.186296E-19  2.147493E-02  0.000000E+00
  9.441676E-01 -8.335142E-02  5.000000E-01  2.005100E-01 -1.805458E-02  0.000000E+00  1.484193E-02 -8.681992E-04 -1.228136E-18  1.322351E-02  0.000000E+00
  9.773746E-01 -8.527561E-02  5.000000E-01  2.075624E-01 -1.846323E-02  0.000000E+00  1.484905E-02 -8.483588E-04 -5.380210E-19  5.195550E-03  0.000000E+00
  1.010583E+00 -8.715041E-02  5.000000E-01  2.146150E-01 -1.886139E-02  0.000000E+00  1.484248E-02 -8.249942E-04  9.411263E-20 -2.375780E-03  0.000000E+00
  1.043798E+00 -8.897181E-02  5.000000E-01  2.216690E-01 -1.924821E-02  0.000000E+00  1.482432E-02 -8.002783E-04 -4.738153E-19 -9.219499E-03  0.000000E+00
  1.077015E+00 -9.074086E-02  5.000000E-01  2.287236E-01 -1.962391E-02  0.000000E+00  1.479818E-02 -7.758665E-04 -8.350097E-19 -1.529365E-02  0.000000E+00
  1.110238E+00 -9.245970E-02  5.000000E-01  2.357793E-01 -1.998895E-02  0.000000E+00  1.476693E-02 -7.520841E-04 -2.913844E-19 -2.079561E-02  0.000000E+00
  1.143462E+00 -9.412952E-02  5.000000E-01  2.428354E-01 -2.034358E-02  0.000000E+00  1.473304E-02 -7.291656E-04 -2.438768E-19 -2.591088E-02  0.000000E+00
  1.176693E+00 -9.575307E-02  5.000000E-01  2.498927E-01 -2.068838E-02  0.000000E+00  1.469854E-02 -7.073946E-04 -4.416185E-19 -3.074025E-02  0.000000E+00
  1.209925E+00 -9.733262E-02  5.000000E-01  2.569505E-01 -2.102384E-02  0.000000E+00  1.466433E-02 -6.865204E-04 -3.061292E-19 -3.537474E-02  0.000000E+00
  1.243158E+00 -9.886909E-02  5.000000E-01  2.640083E-01 -2.135015E-02  0.000000E+00  1.463099E-02 -6.665458E-04  5.335008E-20 -3.983971E-02  0.000000E+00
  1.276395E+00 -1.003651E-01  5.000000E-01  2.710670E-01 -2.166786E-02  0.000000E+00  1.459911E-02 -6.476144E-04  4.593160E-19 -4.413784E-02  0.000000E+00
  1.309630E+00 -1.018222E-01  5.000000E-01  2.781253E-01 -2.197731E-02  0.000000E+00  1.456892E-02 -6.295464E-04  2.661753E-19 -4.832183E-02  0.000000E+00
  1.342868E+00 -1.032418E-01  5.000000E-01  2.851842E-01 -2.227880E-02  0.000000E+00  1.454134E-02 -6.126508E-04 -1.652999E-19 -5.240710E-02  0.000000E+00
  1.376108E+00 -1.046273E-01  5.000000E-01  2.922435E-01 -2.257305E-02  0.000000E+00  1.451739E-02 -5.969915E-04 -3.971510E-19 -5.645322E-02  0.000000E+00
  1.409347E+00 -1.059800E-01  5.000000E-01  2.993027E-01 -2.286032E-02  0.000000E+00  1.449828E-02 -5.824699E-04 -3.916780E-21 -6.055000E-02  0.000000E+00
  1.442589E+00 -1.073025E-01  5.000000E-01  3.063625E-01 -2.314119E-02  0.000000E+00  1.448608E-02 -5.693244E-04  7.770165E-20 -6.475540E-02  0.000000E+00
  1.475831E+00 -1.085972E-01  5.000000E-01  3.134222E-01 -2.341616E-02  0.000000E+00  1.448315E-02 -5.575278E-04 -4.458206E-19 -6.916658E-02  0.000000E+00
  1.509072E+00 -1.098661E-01  5.000000E-01  3.204819E-01 -2.368565E-02  0.000000E+00  1.449201E-02 -5.469855E-04 -1.669948E-19 -7.390142E-02  0.000000E+00
  1.542314E+00 -1.111108E-01  5.000000E-01  3.275416E-01 -2.395000E-02  0.000000E+00  1.451505E-02 -5.378478E-04  2.588469E-19 -7.905181E-02  0.000000E+00
  1.575558E+00 -1.123341E-01  5.000000E-01  3.346018E-01 -2.420978E-02  0.000000E+00  1.455274E-02 -5.295122E-04  4.946858E-19 -8.475597E-02  0.000000E+00
  1.608800E+00 -1.135346E-01  5.000000E-01  3.416615E-01 -2.446474E-02  0.000000E+00  1.460257E-02 -5.203339E-04  6.888144E-19 -9.117223E-02  0.000000E+00
  1.642044E+00 -1.147078E-01  5.000000E-01  3.487219E-01 -2.471391E-02  0.000000E+00  1.466071E-02 -5.090592E-04  2.640217E-20 -9.829217E-02  0.000000E+00
  1.675286E+00 -1.158477E-01  5.000000E-01  3.557816E-01 -2.495598E-02  0.000000E+00  1.472340E-02 -4.951675E-04 -2.320049E-20 -1.059461E-01  0.000000E+00
  1.708526E+00 -1.169481E-01  5.000000E-01  3.628410E-01 -2.518969E-02  0.000000E+00  1.478723E-02 -4.784427E-04  1.056593E-19 -1.139265E-01  0.000000E+00
  1.741762E+00 -1.180031E-01  5.000000E-01  3.698996E-01 -2.541373E-02  0.000000E+00  1.484906E-02 -4.585830E-04 -1.258064E-19 -1.220816E-01  0.000000E+00
  1.774995E+00 -1.190054E-01  5.000000E-01  3.769573E-01 -2.562660E-02  0.000000E+00  1.490671E-02 -4.357225E-04 -3.124595E-19 -1.302654E-01  0.000000E+00
  1.808227E+00 -1.199503E-01  5.000000E-01  3.840150E-01 -2.582728E-02  0.000000E+00  1.495854E-02 -4.099995E-04 -3.400817E-19 -1.383687E-01  0.000000E+00
  1.841453E+00 -1.208316E-01  5.000000E-01  3.910714E-01 -2.601444E-02  0.000000E+00  1.500279E-02 -3.812822E-04 -1.115874E-19 -1.463268E-01  0.000000E+00
  1.874678E+00 -1.216437E-01  5.000000E-01  3.981276E-01 -2.618692E-02  0.000000E+00  1.503797E-02 -3.497186E-04 -2.353867E-19 -1.540381E-01  0.000000E+00
  1.907900E+00 -1.223814E-01  5.000000E-01  4.051830E-01 -2.634359E-02  0.000000E+00  1.506237E-02 -3.153706E-04 -2.254997E-19 -1.613970E-01  0.000000E+00
  1.941118E+00 -1.230394E-01  5.000000E-01  4.122377E-01 -2.648332E-02  0.000000E+00  1.507384E-02 -2.782887E-04 -1.214846E-19 -1.682902E-01  0.000000E+00
  1.974334E+00 -1.236124E-01  5.000000E-01  4.192920E-01 -2.660502E-02  0.000000E+00  1.507002E-02 -2.387906E-04 -2.310481E-19 -1.745701E-01  0.000000E+00
  2.007549E+00 -1.240965E-01  5.000000E-01  4.263460E-01 -2.670782E-02  0.000000E+00  1.504788E-02 -1.970412E-04 -3.684757E-19 -1.800988E-01  0.000000E+00
  2.040760E+00 -1.244867E-01  5.000000E-01  4.333993E-01 -2.679069E-02  0.000000E+00  1.500401E-02 -1.530673E-04 -1.755375E-19 -1.847425E-01  0.000000E+00
  2.073970E+00 -1.247784E-01  5.000000E-01  4.404522E-01 -2.685265E-02  0.000000E+00  1.493629E-02 -1.072821E-04 -4.906265E-20 -1.883274E-01  0.000000E+00
  2.107177E+00 -1.249679E-01  5.000000E-01  4.475046E-01 -2.689289E-02  0.000000E+00  1.484516E-02 -6.066200E-05 -4.693375E-20 -1.906705E-01  0.000000E+00
  2.140379E+00 -1.250536E-01  5.000000E-01  4.545558E-01 -2.691110E-02  0.000000E+00  1.473443E-02 -1.495570E-05 -6.610990E-20 -1.916146E-01  0.000000E+00
  2.173577E+00 -1.250391E-01  5.000000E-01  4.616063E-01 -2.690800E-02  0.000000E+00  1.460886E-02  2.877202E-05 -8.390536E-20 -1.912033E-01  0.000000E+00
  2.206768E+00 -1.249268E-01  5.000000E-01  4.686553E-01 -2.688417E-02  0.000000E+00  1.447212E-02  7.046878E-05 -4.742111E-20 -1.896607E-01  0.000000E+00
  2.239954E+00 -1.247198E-01  5.000000E-01  4.757033E-01 -2.684021E-02  0.000000E+00  1.432672E-02  1.101612E-04  3.533066E-21 -1.872010E-01  0.000000E+00
  2.273134E+00 -1.244204E-01  5.000000E-01  4.827499E-01 -2.677662E-02  0.000000E+00  1.417393E-02  1.478699E-04 -8.311229E-21 -1.839650E-01  0.000000E+00
  2.306309E+00 -1.240314E-01  5.000000E-01  4.897953E-01 -2.669400E-02  0.000000E+00  1.401419E-02  1.836185E-04  1.666497E-19 -1.800207E-01  0.000000E+00
  2.339476E+00 -1.235550E-01  5.000000E-01  4.968392E-01 -2.659282E-02  0.000000E+00  1.384767E-02  2.175199E-04  5.767902E-21 -1.754115E-01  0.000000E+00
  2.372638E+00 -1.229931E-01  5.000000E-01  5.038821E-01 -2.647349E-02  0.000000E+00  1.367601E-02  2.491052E-04 -8.048525E-20 -1.701285E-01  0.000000E+00
  2.405805E+00 -1.223502E-01  5.000000E-01  5.109259E-01 -2.633695E-02  0.000000E+00  1.350260E-02  2.776101E-04  3.012841E-19 -1.641830E-01  0.000000E+00
  2.438976E+00 -1.216327E-01  5.000000E-01  5.179706E-01 -2.618457E-02  0.000000E+00  1.333093E-02  3.029406E-04  1.680012E-19 -1.577287E-01  0.000000E+00
  2.472150E+00 -1.208461E-01  5.000000E-01  5.250160E-01 -2.601753E-02  0.000000E+00  1.316408E-02  3.253210E-04 -2.744278E-19 -1.509813E-01  0.000000E+00
  2.505329E+00 -1.199965E-01  5.000000E-01  5.320624E-01 -2.583709E-02  0.000000E+00  1.300503E-02  3.448740E-04 -4.405823E-19 -1.441171E-01  0.000000E+00
  2.538512E+00 -1.190899E-01  5.000000E-01  5.391097E-01 -2.564456E-02  0.000000E+00  1.285629E-02  3.618583E-04 -2.756105E-19 -1.372885E-01  0.000000E+00
  2.571700E+00 -1.181320E-01  5.000000E-01  5.461580E-01 -2.544111E-02  0.000000E+00  1.272004E-02  3.763785E-04  2.828915E-20 -1.306014E-01  0.000000E+00
  2.604894E+00 -1.171293E-01  5.000000E-01  5.532074E-01 -2.522818E-02  0.000000E+00  1.259749E-02  3.886650E-04  2.500649E-19 -1.241551E-01  0.000000E+00
  2.638090E+00 -1.160874E-01  5.000000E-01  5.602575E-01 -2.500689E-02  0.000000E+00  1.248802E-02  3.994381E-04 -2.293871E-19 -1.180756E-01  0.000000E+00
  2.671292E+00 -1.150093E-01  5.000000E-01  5.673087E-01 -2.477794E-02  0.000000E+00  1.238971E-02  4.094642E-04 -2.812543E-19 -1.124377E-01  0.000000E+00
  2.704497E+00 -1.138964E-01  5.000000E-01  5.743608E-01 -2.454158E-02  0.000000E+00  1.230064E-02  4.190643E-04  3.918070E-20 -1.072042E-01  0.000000E+00
  2.737708E+00 -1.127502E-01  5.000000E-01  5.814140E-01 -2.429814E-02  0.000000E+00  1.221945E-02  4.282631E-04 -5.317359E-19 -1.022877E-01  0.000000E+00
  2.770923E+00 -1.115719E-01  5.000000E-01  5.884680E-01 -2.404791E-02  0.000000E+00  1.214529E-02  4.371046E-04 -5.160281E-19 -9.763396E-02  0.000000E+00
  2.804143E+00 -1.103627E-01  5.000000E-01  5.955230E-01 -2.379112E-02  0.000000E+00  1.207783E-02  4.455478E-04 -1.798805E-19 -9.321771E-02  0.000000E+00
  2.837367E+00 -1.091243E-01  5.000000E-01  6.025790E-01 -2.352811E-02  0.000000E+00  1.201682E-02  4.536466E-04  1.575385E-19 -8.905059E-02  0.000000E+00
  2.870594E+00 -1.078577E-01  5.000000E-01  6.096357E-01 -2.325911E-02  0.000000E+00  1.196184E-02  4.615366E-04  2.451169E-19 -8.515637E-02  0.000000E+00
  2.903823E+00 -1.065638E-01  5.000000E-01  6.166926E-01 -2.298432E-02  0.000000E+00  1.191210E-02  4.695163E-04 -4.871874E-20 -8.156864E-02  0.000000E+00
  2.937051E+00 -1.052418E-01  5.000000E-01  6.237496E-01 -2.270356E-02  0.000000E+00  1.186725E-02  4.776206E-04  1.713756E-19 -7.827668E-02  0.000000E+00
  2.970283E+00 -1.038924E-01  5.000000E-01  6.308072E-01 -2.241699E-02  0.000000E+00  1.182795E-02  4.857558E-04  4.206923E-19 -7.525793E-02  0.000000E+00
  3.003515E+00 -1.025158E-01  5.000000E-01  6.378649E-01 -2.212461E-02  0.000000E+00  1.179593E-02  4.940475E-04  6.396333E-19 -7.253886E-02  0.000000E+00
  3.036751E+00 -1.011120E-01  5.000000E-01  6.449232E-01 -2.182650E-02  0.000000E+00  1.177451E-02  5.025274E-04  3.214965E-19 -7.016146E-02  0.000000E+00
  3.069988E+00 -9.968235E-02  5.000000E-01  6.519820E-01 -2.152286E-02  0.000000E+00  1.176756E-02  5.114459E-04 -1.739065E-19 -6.823448E-02  0.000000E+00
  3.103226E+00 -9.822642E-02  5.000000E-01  6.590409E-01 -2.121366E-02  0.000000E+00  1.177849E-02  5.208254E-04 -2.782122E-19 -6.685179E-02  0.000000E+00
  3.136469E+00 -9.674606E-02  5.000000E-01  6.661010E-01 -2.089927E-02  0.000000E+00  1.180745E-02  5.312005E-04  1.633974E-20 -6.611954E-02  0.000000E+00
  3.169712E+00 -9.523927E-02  5.000000E-01  6.731611E-01 -2.057926E-02  0.000000E+00  1.184738E-02  5.452062E-04  5.280453E-19 -6.625787E-02  0.000000E+00
  3.202960E+00 -9.369061E-02  5.000000E-01  6.802220E-01 -2.025037E-02  0.000000E+00  1.188621E-02  5.655040E-04  2.201767E-19 -6.722895E-02  0.000000E+00
  3.236210E+00 -9.207944E-02  5.000000E-01  6.872835E-01 -1.990819E-02  0.000000E+00  1.191205E-02  5.923958E-04 -5.522808E-20 -6.849051E-02  0.000000E+00
  3.269464E+00 -9.038672E-02  5.000000E-01  6.943459E-01 -1.954870E-02  0.000000E+00  1.191475E-02  6.249834E-04 -4.466425E-20 -6.936574E-02  0.000000E+00
  3.302721E+00 -8.859397E-02  5.000000E-01  7.014089E-01 -1.916797E-02  0.000000E+00  1.188589E-02  6.622551E-04  7.747218E-19 -6.933956E-02  0.000000E+00
  3.335981E+00 -8.668381E-02  5.000000E-01  7.084724E-01 -1.876229E-02  0.000000E+00  1.181971E-02  7.028400E-04  1.064040E-18 -6.803276E-02  0.000000E+00
  3.369247E+00 -8.464104E-02  5.000000E-01  7.155373E-01 -1.832846E-02  0.000000E+00  1.171324E-02  7.451253E-04 -7.311016E-19 -6.515338E-02  0.000000E+00
  3.402518E+00 -8.245384E-02  5.000000E-01  7.226032E-01 -1.786395E-02  0.000000E+00  1.156520E-02  7.878159E-04 -2.018152E-18 -6.054611E-02  0.000000E+00
  3.435792E+00 -8.011037E-02  5.000000E-01  7.296699E-01 -1.736626E-02  0.000000E+00  1.137573E-02  8.296006E-04 -2.062704E-18 -5.410357E-02  0.000000E+00
  3.469073E+00 -7.760205E-02  5.000000E-01  7.367379E-01 -1.683355E-02  0.000000E+00  1.114616E-02  8.691127E-04 -1.064771E-18 -4.572538E-02  0.000000E+00
  3.502353E+00 -7.492181E-02  5.000000E-01  7.438057E-01 -1.626433E-02  0.000000E+00  1.087783E-02  9.051002E-04 -8.949788E-19 -3.536721E-02  0.000000E+00
  3.535630E+00 -7.206507E-02  5.000000E-01  7.508729E-01 -1.565763E-02  0.000000E+00  1.057124E-02  9.362459E-04 -1.029545E-18 -2.302283E-02  0.000000E+00
  3.568904E+00 -6.902819E-02  5.000000E-01  7.579395E-01 -1.501268E-02  0.000000E+00  1.022495E-02  9.613853E-04 -1.024233E-18 -8.739904E-03  0.000000E+00
  3.602176E+00 -6.580809E-02  5.000000E-01  7.650057E-01 -1.432880E-02  0.000000E+00  9.836146E-03  9.792224E-04 -1.052871E-18  7.441976E-03  0.000000E+00
  3.635446E+00 -6.240288E-02  5.000000E-01  7.720714E-01 -1.360562E-02  0.000000E+00  9.402652E-03  9.884272E-04 -3.662750E-19  2.551289E-02  0.000000E+00
  3.668713E+00 -5.881183E-02  5.000000E-01  7.791365E-01 -1.284297E-02  0.000000E+00  8.926407E-03  9.880767E-04  2.034419E-18  4.545099E-02  0.000000E+00
  3.701976E+00 -5.503656E-02  5.000000E-01  7.862009E-01 -1.204120E-02  0.000000E+00  8.416834E-03  9.775069E-04  2.773713E-18  6.711665E-02  0.000000E+00
  3.735241E+00 -5.108181E-02  5.000000E-01  7.932655E-01 -1.120130E-02  0.000000E+00  7.895204E-03  9.540321E-04  2.169124E-18  9.054234E-02  0.000000E+00
  3.768500E+00 -4.699415E-02  5.000000E-01  8.003289E-01 -1.033319E-02  0.000000E+00  7.389470E-03  9.162364E-04  1.119956E-18  1.154037E-01  0.000000E+00
  3.801751E+00 -4.283516E-02  5.000000E-01  8.073904E-01 -9.449918E-03  0.000000E+00  6.921746E-03  8.679873E-04  1.923659E-18  1.404026E-01  0.000000E+00
  3.834989E+00 -3.865949E-02  5.000000E-01  8.144495E-01 -8.563110E-03  0.000000E+00  6.504853E-03  8.144432E-04  3.333618E-18  1.642584E-01  0.000000E+00
  3.868211E+00 -3.451814E-02  5.000000E-01  8.215050E-01 -7.683587E-03  0.000000E+00  6.144047E-03  7.595822E-04  1.471056E-18  1.863311E-01  0.000000E+00
  3.901422E+00 -3.045097E-02  5.000000E-01  8.285582E-01 -6.819821E-03  0.000000E+00  5.839459E-03  7.060654E-04 -3.997690E-19  2.064794E-01  0.000000E+00
  3.934617E+00 -2.649322E-02  5.000000E-01  8.356079E-01 -5.979293E-03  0.000000E+00  5.588242E-03  6.552372E-04 -1.193507E-18  2.247954E-01  0.000000E+00
  3.967800E+00 -2.267252E-02  5.000000E-01  8.426552E-01 -5.167870E-03  0.000000E+00  5.385469E-03  6.076393E-04  1.284639E-19  2.413648E-01  0.000000E+00
  4.000972E+00 -1.901081E-02  5.000000E-01  8.497001E-01 -4.390212E-03  0.000000E+00  5.224853E-03  5.633632E-04  1.146725E-18  2.562868E-01  0.000000E+00
  4.034139E+00 -1.552373E-02  5.000000E-01  8.567440E-01 -3.649641E-03  0.000000E+00  5.099025E-03  5.224800E-04  1.713368E-18  2.696699E-01  0.000000E+00
  4.067311E+00 -1.221709E-02  5.000000E-01  8.637890E-01 -2.947393E-03  0.000000E+00  4.999902E-03  4.848553E-04  1.923061E-18  2.816705E-01  0.000000E+00
  4.100488E+00 -9.092884E-03  5.000000E-01  8.708348E-01 -2.283888E-03  0.000000E+00  4.919420E-03  4.499317E-04  1.204473E-18  2.925423E-01  0.000000E+00
  4.133669E+00 -6.150818E-03  5.000000E-01  8.778818E-01 -1.659066E-03  0.000000E+00  4.849834E-03  4.171272E-04 -2.262179E-19  3.025285E-01  0.000000E+00
  4.166856E+00 -3.387255E-03  5.000000E-01  8.849299E-01 -1.072153E-03  0.000000E+00  4.784273E-03  3.860133E-04 -4.702311E-19  3.118446E-01  0.000000E+00
  4.200049E+00 -7.977614E-04  5.000000E-01  8.919793E-01 -5.222082E-04  0.000000E+00  4.717662E-03  3.563335E-04 -6.499462E-20  3.206684E-01  0.000000E+00
  4.233242E+00  1.624183E-03  5.000000E-01  8.990285E-01 -7.846714E-06  0.000000E+00  4.648117E-03  3.273762E-04 -6.369377E-20  3.291853E-01  0.000000E+00
  4.266405E+00  3.873551E-03  5.000000E-01  9.060715E-01  4.698638E-04  0.000000E+00  4.578211E-03  2.972972E-04  7.227154E-19  3.375991E-01  0.000000E+00
  4.299502E+00  5.925481E-03  5.000000E-01  9.131007E-01  9.056432E-04  0.000000E+00  4.514640E-03  2.640283E-04  8.703495E-19  3.459603E-01  0.000000E+00
  4.332522E+00  7.738184E-03  5.000000E-01  9.201132E-01  1.290617E-03  0.000000E+00  4.466098E-03  2.268093E-04  5.209884E-19  3.539364E-01  0.000000E+00
  4.365472E+00  9.272805E-03  5.000000E-01  9.271110E-01  1.616533E-03  0.000000E+00  4.442263E-03  1.857494E-04  4.956093E-19  3.610223E-01  0.000000E+00
  4.398350E+00  1.048900E-02  5.000000E-01  9.340935E-01  1.874822E-03  0.000000E+00  4.454935E-03  1.405041E-04  3.882219E-19  3.669087E-01  0.000000E+00
  4.431155E+00  1.134542E-02  5.000000E-01  9.410605E-01  2.056706E-03  0.000000E+00  4.518184E-03  8.975543E-05  1.983518E-19  3.714061E-01  0.000000E+00
  4.463888E+00  1.179389E-02  5.000000E-01  9.480121E-01  2.151949E-03  0.000000E+00  4.643951E-03  3.174960E-05 -3.466142E-20  3.741238E-01  0.000000E+00
  4.496579E+00  1.179790E-02  5.000000E-01  9.549550E-01  2.152801E-03  0.000000E+00  4.832431E-03 -3.496956E-05  4.052725E-20  3.747602E-01  0.000000E+00
  4.529252E+00  1.133401E-02  5.000000E-01  9.618938E-01  2.054282E-03  0.000000E+00  5.055057E-03 -1.093580E-04  4.538740E-19  3.734660E-01  0.000000E+00
  4.561929E+00  1.039571E-02  5.000000E-01  9.688337E-01  1.855009E-03  0.000000E+00  5.227070E-03 -1.868025E-04  5.678092E-20  3.690644E-01  0.000000E+00
  4.594574E+00  8.976957E-03  5.000000E-01  9.757665E-01  1.553702E-03  0.000000E+00  5.206639E-03 -2.651866E-04 -1.689112E-18  3.595309E-01  0.000000E+00
  4.627203E+00  7.067351E-03  5.000000E-01  9.826962E-01  1.148148E-03  0.000000E+00  4.905137E-03 -3.360305E-04 -1.922047E-18  3.531262E-01  0.000000E+00
  4.659162E+00  4.706048E-03  5.000000E-01  9.894836E-01  6.466657E-04  0.000000E+00  4.381827E-03 -3.533214E-04  2.432880E-19  3.561367E-01  0.000000E+00
  4.689251E+00  2.022664E-03  5.000000E-01  9.958737E-01  7.678090E-05  0.000000E+00  3.583295E-03 -2.960798E-04  4.658370E-18  3.024706E-01  0.000000E+00
  4.708680E+00  4.351453E-05  5.000000E-01  9.999999E-01 -3.435419E-04  0.000000E+00  2.445608E-03 -2.427018E-04  4.972196E-18  1.239919E-01  0.000000E+00
    1    2
    2    3
    3    4
    4    5
    5    6
    6    7
    7    8
    8    9
    9   10
   10   11
   11   12
   12   13
   13   14
   14   15
   15   16
   16   17
   17   18
   18   19
   19   20
   20   21
   21   22
   22   23
   23   24
   24   25
   25   26
   26   27
   27   28
   28   29
   29   30
   30   31
   31   32
   32   33
   33   34
   34   35
   35   36
   36   37
   37   38
   38   39
   39   40
   40   41
   41   42
   42   43
   43   44
   44   45
   45   46
   46   47
   47   48
   48   49
   49   50
   50   51
   51   52
   52   53
   53   54
   54   55
   55   56
   56   57
   57   58
   58   59
   59   60
   60   61
   61   62
   62   63
   63   64
   64   65
   65   66
   66   67
   67   68
   68   69
   69   70
   70   71
   71   72
   72   73
   73   74
   74   75
   75   76
   76   77
   77   78
   78   79
   79   80
   80   81
   81   82
   82   83
   83   84
   84   85
   85   86
   86   87
   87   88
   88   89
   89   90
   90   91
   91   92
   92   93
   93   94
   94   95
   95   96
   96   97
   97   98
   98   99
   99  100
  100  101
  101  102
  102  103
  103  104
  104  105
  105  106
  106  107
  107  108
  108  109
  109  110
  110  111
  111  112
  112  113
  113  114
  114  115
  115  116
  116  117
  117  118
  118  119
  119  120
  120  121
  121  122
  122  123
  123  124
  124  125
  125  126
  126  127
  127  128
  128  129
  129  130
  130  131
  131  132
  132  133
  133  134
  134  135
  135  136
  136  137
  137  138
  138  139
  139  140
  140  141
  141  142
  142  143
  143  144
  144  145
  145  146
  146  147
  147  148
  148  149
  149  150
  151  152
  152  153
  153  154
  154  155
  155  156
  156  157
  157  158
  158  159
  159  160
  160  161
  161  162
  162  163
  163  164
  164  165
  165  166
  166  167
  167  168
  168  169
  169  170
  170  171
  171  172
  172  173
  173  174
  174  175
  175  176
  176  177
  177  178
  178  179
  179  180
  180  181
  181  182
  182  183
  183  184
  184  185
  185  186
  186  187
  187  188
  188  189
  189  190
  190  191
  191  192
  192  193
  193  194
  194  195
  195  196
  196  197
  197  198
  198  199
  199  200
  200  201
  201  202
  202  203
  203  204
  204  205
  205  206
  206  207
  207  208
  208  209
  209  210
  210  211
  211  212
  212  213
  213  214
  214  215
  215  216
  216  217
  217  218
  218  219
  219  220
  220  221
  221  222
  222  223
  223  224
  224  225
  225  226
  226  227
  227  228
  228  229
  229  230
  230  231
  231  232
  232  233
  233  234
  234  235
  235  236
  236  237
  237  238
  238  239
  239  240
  240  241
  241  242
  242  243
  243  244
  244  245
  245  246
  246  247
  247  248
  248  249
  249  250
  250  251
  251  252
  252  253
  253  254
  254  255
  255  256
  256  257
  257  258
  258  259
  259  260
  260  261
  261  262
  262  263
  263  264
  264  265
  265  266
  266  267
  267  268
  268  269
  269  270
  270  271
  271  272
  272  273
  273  274
  274  275
  275  276
  276  277
  277  278
  278  279
  279  280
  280  281
  281  282
  282  283
  283  284
  284  285
  285  286
  286  287
  287  288
  288  289
  289  290
  290  291
  291  292
  292  293
  293  294
  294  295
  295  296
  296  297
  297  298
  298  299
  299  300
