 Title = "ADflow Slice Data"
Variables =  "CoordinateX"  "CoordinateY"  "CoordinateZ"  "XoC"  "YoC"  "ZoC" "VelocityX" "VelocityY" "VelocityZ" "CoefPressure" "Mach" 
Zone T= "Slice_0001 None Absolute Regular z = 0.50000000"
 Nodes =          300  Elements=          298  ZONETYPE=FELINESEG
 DATAPACKING=POINT
  4.708680E+00 -2.411744E-04  5.000000E-01  9.999999E-01 -3.730182E-04  0.000000E+00  2.645740E-03 -1.858365E-04  7.018273E-18  1.379386E-01  0.000000E+00
  4.689187E+00  2.904107E-03  5.000000E-01  9.958601E-01  2.949623E-04  0.000000E+00  1.990306E-03 -2.782072E-04  3.421893E-18  6.375257E-02  0.000000E+00
  4.658673E+00  7.648759E-03  5.000000E-01  9.893796E-01  1.302610E-03  0.000000E+00  1.787089E-03 -2.931731E-04  2.612888E-18  8.506012E-02  0.000000E+00
  4.626256E+00  1.249355E-02  5.000000E-01  9.824952E-01  2.331524E-03  0.000000E+00  1.740679E-03 -2.577145E-04  1.309865E-18  8.186592E-02  0.000000E+00
  4.593146E+00  1.727463E-02  5.000000E-01  9.754634E-01  3.346909E-03  0.000000E+00  1.798751E-03 -2.509546E-04  1.075477E-18  6.431259E-02  0.000000E+00
  4.560031E+00  2.191944E-02  5.000000E-01  9.684306E-01  4.333351E-03  0.000000E+00  1.940532E-03 -2.686348E-04  2.311485E-18  5.125675E-02  0.000000E+00
  4.526891E+00  2.645539E-02  5.000000E-01  9.613923E-01  5.296676E-03  0.000000E+00  2.110531E-03 -2.868240E-04  1.353857E-18  3.996381E-02  0.000000E+00
  4.493752E+00  3.089763E-02  5.000000E-01  9.543545E-01  6.240098E-03  0.000000E+00  2.271736E-03 -3.016342E-04  6.548319E-19  2.715809E-02  0.000000E+00
  4.460612E+00  3.525954E-02  5.000000E-01  9.473164E-01  7.166461E-03  0.000000E+00  2.406601E-03 -3.139879E-04  1.459743E-18  1.382762E-02  0.000000E+00
  4.427470E+00  3.955222E-02  5.000000E-01  9.402779E-01  8.078122E-03  0.000000E+00  2.504320E-03 -3.219269E-04 -1.613292E-19  7.030264E-04  0.000000E+00
  4.394325E+00  4.378107E-02  5.000000E-01  9.332387E-01  8.976225E-03  0.000000E+00  2.561916E-03 -3.246266E-04 -1.957936E-18 -1.234277E-02  0.000000E+00
  4.361178E+00  4.795141E-02  5.000000E-01  9.261990E-01  9.861902E-03  0.000000E+00  2.583964E-03 -3.229430E-04 -2.481999E-18 -2.548049E-02  0.000000E+00
  4.328027E+00  5.206577E-02  5.000000E-01  9.191586E-01  1.073569E-02  0.000000E+00  2.577570E-03 -3.178090E-04 -2.120833E-18 -3.881631E-02  0.000000E+00
  4.294876E+00  5.612422E-02  5.000000E-01  9.121180E-01  1.159761E-02  0.000000E+00  2.548070E-03 -3.098522E-04 -1.299476E-18 -5.239068E-02  0.000000E+00
  4.261727E+00  6.012721E-02  5.000000E-01  9.050782E-01  1.244774E-02  0.000000E+00  2.496902E-03 -2.993518E-04 -2.364052E-18 -6.607931E-02  0.000000E+00
  4.228582E+00  6.407464E-02  5.000000E-01  8.980388E-01  1.328608E-02  0.000000E+00  2.420882E-03 -2.860420E-04 -9.677295E-19 -7.982843E-02  0.000000E+00
  4.195443E+00  6.796347E-02  5.000000E-01  8.910010E-01  1.411197E-02  0.000000E+00  2.313471E-03 -2.695286E-04 -1.351539E-18 -9.416186E-02  0.000000E+00
  4.162308E+00  7.178930E-02  5.000000E-01  8.839639E-01  1.492448E-02  0.000000E+00  2.168636E-03 -2.491924E-04 -2.280935E-18 -1.104825E-01  0.000000E+00
  4.129179E+00  7.554822E-02  5.000000E-01  8.769281E-01  1.572279E-02  0.000000E+00  1.985134E-03 -2.239482E-04 -1.103729E-18 -1.296956E-01  0.000000E+00
  4.096054E+00  7.923393E-02  5.000000E-01  8.698932E-01  1.650554E-02  0.000000E+00  1.764396E-03 -1.931866E-04 -7.379673E-19 -1.495317E-01  0.000000E+00
  4.062934E+00  8.284048E-02  5.000000E-01  8.628592E-01  1.727148E-02  0.000000E+00  1.503190E-03 -1.583229E-04  4.620655E-19 -1.649655E-01  0.000000E+00
  4.029817E+00  8.636011E-02  5.000000E-01  8.558262E-01  1.801896E-02  0.000000E+00  1.205540E-03 -1.239046E-04  6.950637E-19 -1.753439E-01  0.000000E+00
  3.996705E+00  8.978426E-02  5.000000E-01  8.487939E-01  1.874617E-02  0.000000E+00  9.360397E-04 -9.800248E-05  1.203544E-18 -1.931651E-01  0.000000E+00
  3.963594E+00  9.310446E-02  5.000000E-01  8.417620E-01  1.945130E-02  0.000000E+00  8.939830E-04 -9.540289E-05  7.569461E-19 -2.416652E-01  0.000000E+00
  3.930486E+00  9.631148E-02  5.000000E-01  8.347306E-01  2.013239E-02  0.000000E+00  1.448464E-03 -1.435224E-04 -1.597195E-19 -3.369788E-01  0.000000E+00
  3.897377E+00  9.939482E-02  5.000000E-01  8.276991E-01  2.078722E-02  0.000000E+00  3.060137E-03 -2.775523E-04  9.532457E-19 -4.710525E-01  0.000000E+00
  3.864269E+00  1.023445E-01  5.000000E-01  8.206677E-01  2.141366E-02  0.000000E+00  6.004449E-03 -5.121388E-04  2.629280E-18 -6.131876E-01  0.000000E+00
  3.831161E+00  1.051478E-01  5.000000E-01  8.136366E-01  2.200900E-02  0.000000E+00  9.955120E-03 -8.058132E-04  2.544791E-18 -7.284498E-01  0.000000E+00
  3.798054E+00  1.077929E-01  5.000000E-01  8.066053E-01  2.257076E-02  0.000000E+00  1.388306E-02 -1.063670E-03  1.185563E-18 -7.973090E-01  0.000000E+00
  3.764948E+00  1.102665E-01  5.000000E-01  7.995743E-01  2.309610E-02  0.000000E+00  1.666993E-02 -1.197130E-03 -9.897207E-19 -8.219634E-01  0.000000E+00
  3.731842E+00  1.125557E-01  5.000000E-01  7.925435E-01  2.358226E-02  0.000000E+00  1.790506E-02 -1.188007E-03 -3.193618E-18 -8.174202E-01  0.000000E+00
  3.698737E+00  1.146486E-01  5.000000E-01  7.855129E-01  2.402676E-02  0.000000E+00  1.796895E-02 -1.084767E-03 -3.865392E-18 -7.988172E-01  0.000000E+00
  3.665634E+00  1.165376E-01  5.000000E-01  7.784827E-01  2.442792E-02  0.000000E+00  1.749924E-02 -9.481482E-04 -3.505410E-18 -7.756470E-01  0.000000E+00
  3.632534E+00  1.182230E-01  5.000000E-01  7.714529E-01  2.478586E-02  0.000000E+00  1.695145E-02 -8.141404E-04 -2.232539E-18 -7.522338E-01  0.000000E+00
  3.599434E+00  1.197075E-01  5.000000E-01  7.644234E-01  2.510114E-02  0.000000E+00  1.650862E-02 -6.935537E-04 -2.838216E-19 -7.299150E-01  0.000000E+00
  3.566334E+00  1.209968E-01  5.000000E-01  7.573938E-01  2.537496E-02  0.000000E+00  1.617990E-02 -5.858378E-04  1.642095E-18 -7.088055E-01  0.000000E+00
  3.533236E+00  1.220983E-01  5.000000E-01  7.503646E-01  2.560889E-02  0.000000E+00  1.591374E-02 -4.880648E-04  3.307187E-18 -6.887345E-01  0.000000E+00
  3.500138E+00  1.230213E-01  5.000000E-01  7.433353E-01  2.580490E-02  0.000000E+00  1.566104E-02 -3.990056E-04  4.181550E-18 -6.696796E-01  0.000000E+00
  3.467038E+00  1.237792E-01  5.000000E-01  7.363057E-01  2.596585E-02  0.000000E+00  1.539609E-02 -3.190869E-04  4.178929E-18 -6.517981E-01  0.000000E+00
  3.433936E+00  1.243877E-01  5.000000E-01  7.292757E-01  2.609509E-02  0.000000E+00  1.511453E-02 -2.491763E-04  3.680725E-18 -6.353497E-01  0.000000E+00
  3.400832E+00  1.248650E-01  5.000000E-01  7.222452E-01  2.619646E-02  0.000000E+00  1.482367E-02 -1.902940E-04  2.700864E-18 -6.206832E-01  0.000000E+00
  3.367728E+00  1.252322E-01  5.000000E-01  7.152146E-01  2.627445E-02  0.000000E+00  1.453570E-02 -1.432090E-04  1.390562E-18 -6.081860E-01  0.000000E+00
  3.334620E+00  1.255123E-01  5.000000E-01  7.081834E-01  2.633393E-02  0.000000E+00  1.426418E-02 -1.084001E-04  2.279584E-19 -5.982655E-01  0.000000E+00
  3.301512E+00  1.257307E-01  5.000000E-01  7.011520E-01  2.638031E-02  0.000000E+00  1.402294E-02 -8.616747E-05 -5.721581E-19 -5.913637E-01  0.000000E+00
  3.268401E+00  1.259148E-01  5.000000E-01  6.941201E-01  2.641940E-02  0.000000E+00  1.382638E-02 -7.658773E-05 -9.712556E-19 -5.879196E-01  0.000000E+00
  3.235290E+00  1.260933E-01  5.000000E-01  6.870881E-01  2.645731E-02  0.000000E+00  1.368911E-02 -7.967165E-05 -1.028377E-18 -5.883366E-01  0.000000E+00
  3.202177E+00  1.262958E-01  5.000000E-01  6.800557E-01  2.650032E-02  0.000000E+00  1.362398E-02 -9.564016E-05 -1.038024E-18 -5.929475E-01  0.000000E+00
  3.169063E+00  1.265530E-01  5.000000E-01  6.730231E-01  2.655495E-02  0.000000E+00  1.364035E-02 -1.246595E-04 -9.416690E-19 -6.018195E-01  0.000000E+00
  3.135947E+00  1.268952E-01  5.000000E-01  6.659902E-01  2.662762E-02  0.000000E+00  1.374327E-02 -1.647365E-04 -7.292668E-19 -6.143251E-01  0.000000E+00
  3.102831E+00  1.273421E-01  5.000000E-01  6.589570E-01  2.672254E-02  0.000000E+00  1.393090E-02 -2.094091E-04 -4.432797E-19 -6.288739E-01  0.000000E+00
  3.069714E+00  1.278870E-01  5.000000E-01  6.519238E-01  2.683825E-02  0.000000E+00  1.418516E-02 -2.528766E-04 -3.126318E-19 -6.437441E-01  0.000000E+00
  3.036593E+00  1.285186E-01  5.000000E-01  6.448898E-01  2.697240E-02  0.000000E+00  1.447381E-02 -2.934406E-04 -2.416832E-19 -6.578039E-01  0.000000E+00
  3.003475E+00  1.292255E-01  5.000000E-01  6.378564E-01  2.712252E-02  0.000000E+00  1.476583E-02 -3.300267E-04  2.265898E-20 -6.703501E-01  0.000000E+00
  2.970356E+00  1.299945E-01  5.000000E-01  6.308226E-01  2.728585E-02  0.000000E+00  1.503933E-02 -3.617686E-04  9.005775E-20 -6.810719E-01  0.000000E+00
  2.937236E+00  1.308142E-01  5.000000E-01  6.237888E-01  2.745991E-02  0.000000E+00  1.528397E-02 -3.880088E-04  8.175013E-20 -6.899067E-01  0.000000E+00
  2.904117E+00  1.316715E-01  5.000000E-01  6.167550E-01  2.764198E-02  0.000000E+00  1.549864E-02 -4.081334E-04  3.367363E-19 -6.968873E-01  0.000000E+00
  2.870996E+00  1.325538E-01  5.000000E-01  6.097211E-01  2.782936E-02  0.000000E+00  1.568636E-02 -4.218478E-04  3.963449E-19 -7.020950E-01  0.000000E+00
  2.837877E+00  1.334482E-01  5.000000E-01  6.026873E-01  2.801931E-02  0.000000E+00  1.585091E-02 -4.288656E-04  3.969412E-19 -7.055953E-01  0.000000E+00
  2.804757E+00  1.343413E-01  5.000000E-01  5.956534E-01  2.820899E-02  0.000000E+00  1.599459E-02 -4.289831E-04  6.744348E-19 -7.074369E-01  0.000000E+00
  2.771639E+00  1.352201E-01  5.000000E-01  5.886200E-01  2.839562E-02  0.000000E+00  1.611791E-02 -4.218306E-04  8.630316E-19 -7.076269E-01  0.000000E+00
  2.738522E+00  1.360701E-01  5.000000E-01  5.815867E-01  2.857616E-02  0.000000E+00  1.621953E-02 -4.071905E-04  1.033581E-18 -7.061614E-01  0.000000E+00
  2.705406E+00  1.368782E-01  5.000000E-01  5.745537E-01  2.874778E-02  0.000000E+00  1.629710E-02 -3.849743E-04  1.367385E-18 -7.030252E-01  0.000000E+00
  2.672292E+00  1.376302E-01  5.000000E-01  5.675211E-01  2.890746E-02  0.000000E+00  1.634851E-02 -3.550081E-04  1.440144E-18 -6.981918E-01  0.000000E+00
  2.639177E+00  1.383121E-01  5.000000E-01  5.604885E-01  2.905229E-02  0.000000E+00  1.637224E-02 -3.174684E-04  8.885205E-19 -6.917144E-01  0.000000E+00
  2.606068E+00  1.389101E-01  5.000000E-01  5.534568E-01  2.917929E-02  0.000000E+00  1.636704E-02 -2.740623E-04  3.390785E-19 -6.838947E-01  0.000000E+00
  2.572958E+00  1.394160E-01  5.000000E-01  5.464251E-01  2.928673E-02  0.000000E+00  1.633256E-02 -2.289705E-04  3.438117E-19 -6.753749E-01  0.000000E+00
  2.539852E+00  1.398331E-01  5.000000E-01  5.393941E-01  2.937531E-02  0.000000E+00  1.627475E-02 -1.850832E-04  4.458731E-19 -6.667066E-01  0.000000E+00
  2.506749E+00  1.401639E-01  5.000000E-01  5.323638E-01  2.944556E-02  0.000000E+00  1.620392E-02 -1.428031E-04  4.333035E-19 -6.581568E-01  0.000000E+00
  2.473650E+00  1.404115E-01  5.000000E-01  5.253345E-01  2.949815E-02  0.000000E+00  1.612798E-02 -1.023363E-04  3.591964E-19 -6.498840E-01  0.000000E+00
  2.440554E+00  1.405789E-01  5.000000E-01  5.183056E-01  2.953371E-02  0.000000E+00  1.605120E-02 -6.393979E-05  2.088874E-19 -6.419738E-01  0.000000E+00
  2.407460E+00  1.406703E-01  5.000000E-01  5.112774E-01  2.955312E-02  0.000000E+00  1.597531E-02 -2.752989E-05  1.412496E-19 -6.344459E-01  0.000000E+00
  2.374373E+00  1.406883E-01  5.000000E-01  5.042504E-01  2.955695E-02  0.000000E+00  1.590059E-02  7.037922E-06  1.440087E-19 -6.273234E-01  0.000000E+00
  2.341286E+00  1.406363E-01  5.000000E-01  4.972236E-01  2.954590E-02  0.000000E+00  1.582654E-02  3.904587E-05  1.588604E-19 -6.207502E-01  0.000000E+00
  2.308194E+00  1.405203E-01  5.000000E-01  4.901958E-01  2.952125E-02  0.000000E+00  1.575432E-02  6.754152E-05  6.225442E-20 -6.149336E-01  0.000000E+00
  2.275097E+00  1.403478E-01  5.000000E-01  4.831667E-01  2.948462E-02  0.000000E+00  1.568773E-02  9.206315E-05 -4.115429E-20 -6.100522E-01  0.000000E+00
  2.241991E+00  1.401270E-01  5.000000E-01  4.761359E-01  2.943773E-02  0.000000E+00  1.563208E-02  1.125301E-04 -2.241690E-19 -6.062365E-01  0.000000E+00
  2.208879E+00  1.398664E-01  5.000000E-01  4.691037E-01  2.938239E-02  0.000000E+00  1.559267E-02  1.290656E-04 -3.064647E-19 -6.035692E-01  0.000000E+00
  2.175760E+00  1.395741E-01  5.000000E-01  4.620701E-01  2.932031E-02  0.000000E+00  1.557368E-02  1.418156E-04 -1.142680E-19 -6.020994E-01  0.000000E+00
  2.142637E+00  1.392585E-01  5.000000E-01  4.550354E-01  2.925328E-02  0.000000E+00  1.557765E-02  1.508998E-04 -3.224130E-21 -6.018325E-01  0.000000E+00
  2.109507E+00  1.389274E-01  5.000000E-01  4.479994E-01  2.918296E-02  0.000000E+00  1.560539E-02  1.565726E-04 -1.169143E-19 -6.026740E-01  0.000000E+00
  2.076374E+00  1.385888E-01  5.000000E-01  4.409628E-01  2.911106E-02  0.000000E+00  1.565682E-02  1.605222E-04 -2.222065E-19 -6.042697E-01  0.000000E+00
  2.043241E+00  1.382436E-01  5.000000E-01  4.339262E-01  2.903774E-02  0.000000E+00  1.572911E-02  1.653436E-04 -2.135223E-19 -6.060858E-01  0.000000E+00
  2.010106E+00  1.378879E-01  5.000000E-01  4.268892E-01  2.896219E-02  0.000000E+00  1.581460E-02  1.722578E-04 -3.718745E-19 -6.077092E-01  0.000000E+00
  1.976970E+00  1.375173E-01  5.000000E-01  4.198519E-01  2.888350E-02  0.000000E+00  1.590399E-02  1.814805E-04 -5.947142E-19 -6.088884E-01  0.000000E+00
  1.943835E+00  1.371272E-01  5.000000E-01  4.128148E-01  2.880065E-02  0.000000E+00  1.598982E-02  1.931348E-04 -7.888043E-19 -6.094793E-01  0.000000E+00
  1.910699E+00  1.367123E-01  5.000000E-01  4.057775E-01  2.871253E-02  0.000000E+00  1.606737E-02  2.070877E-04 -1.070085E-18 -6.094446E-01  0.000000E+00
  1.877561E+00  1.362684E-01  5.000000E-01  3.987399E-01  2.861826E-02  0.000000E+00  1.613484E-02  2.233130E-04 -1.284050E-18 -6.087832E-01  0.000000E+00
  1.844424E+00  1.357904E-01  5.000000E-01  3.917024E-01  2.851674E-02  0.000000E+00  1.619214E-02  2.418187E-04 -1.517399E-18 -6.075111E-01  0.000000E+00
  1.811282E+00  1.352738E-01  5.000000E-01  3.846638E-01  2.840703E-02  0.000000E+00  1.623937E-02  2.623758E-04 -1.812333E-18 -6.056689E-01  0.000000E+00
  1.778139E+00  1.347147E-01  5.000000E-01  3.776250E-01  2.828830E-02  0.000000E+00  1.627679E-02  2.851042E-04 -1.669634E-18 -6.032538E-01  0.000000E+00
  1.744992E+00  1.341079E-01  5.000000E-01  3.705854E-01  2.815943E-02  0.000000E+00  1.630353E-02  3.100651E-04 -1.229916E-18 -6.002513E-01  0.000000E+00
  1.711843E+00  1.334491E-01  5.000000E-01  3.635455E-01  2.801952E-02  0.000000E+00  1.631756E-02  3.373111E-04 -8.739597E-19 -5.966246E-01  0.000000E+00
  1.678692E+00  1.327326E-01  5.000000E-01  3.565049E-01  2.786734E-02  0.000000E+00  1.631578E-02  3.668312E-04 -3.039730E-19 -5.923142E-01  0.000000E+00
  1.645539E+00  1.319536E-01  5.000000E-01  3.494640E-01  2.770190E-02  0.000000E+00  1.629481E-02  3.987109E-04  1.252801E-20 -5.872297E-01  0.000000E+00
  1.612385E+00  1.311056E-01  5.000000E-01  3.424230E-01  2.752181E-02  0.000000E+00  1.625207E-02  4.332461E-04  1.734216E-19 -5.812897E-01  0.000000E+00
  1.579236E+00  1.301820E-01  5.000000E-01  3.353830E-01  2.732567E-02  0.000000E+00  1.618613E-02  4.701871E-04  1.936785E-19 -5.746087E-01  0.000000E+00
  1.546090E+00  1.291754E-01  5.000000E-01  3.283435E-01  2.711188E-02  0.000000E+00  1.609618E-02  5.059948E-04 -1.632219E-19 -5.678566E-01  0.000000E+00
  1.512946E+00  1.280928E-01  5.000000E-01  3.213046E-01  2.688196E-02  0.000000E+00  1.598696E-02  5.355704E-04 -1.770349E-19 -5.620644E-01  0.000000E+00
  1.479807E+00  1.269495E-01  5.000000E-01  3.142666E-01  2.663915E-02  0.000000E+00  1.587368E-02  5.574023E-04 -1.045847E-19 -5.579795E-01  0.000000E+00
  1.446672E+00  1.257604E-01  5.000000E-01  3.072296E-01  2.638662E-02  0.000000E+00  1.577501E-02  5.722496E-04 -1.459960E-19 -5.560089E-01  0.000000E+00
  1.413540E+00  1.245406E-01  5.000000E-01  3.001932E-01  2.612756E-02  0.000000E+00  1.570603E-02  5.810984E-04 -4.856149E-21 -5.563181E-01  0.000000E+00
  1.380413E+00  1.233041E-01  5.000000E-01  2.931579E-01  2.586496E-02  0.000000E+00  1.567586E-02  5.850059E-04 -2.130717E-19 -5.588621E-01  0.000000E+00
  1.347294E+00  1.220636E-01  5.000000E-01  2.861242E-01  2.560152E-02  0.000000E+00  1.568766E-02  5.848035E-04 -2.589119E-19 -5.634745E-01  0.000000E+00
  1.314179E+00  1.208303E-01  5.000000E-01  2.790914E-01  2.533960E-02  0.000000E+00  1.574037E-02  5.809578E-04  5.231069E-19 -5.699349E-01  0.000000E+00
  1.281074E+00  1.196149E-01  5.000000E-01  2.720606E-01  2.508146E-02  0.000000E+00  1.583111E-02  5.739792E-04  1.960142E-19 -5.779731E-01  0.000000E+00
  1.247974E+00  1.184252E-01  5.000000E-01  2.650310E-01  2.482880E-02  0.000000E+00  1.595622E-02  5.641462E-04  7.130636E-20 -5.873252E-01  0.000000E+00
  1.214880E+00  1.172697E-01  5.000000E-01  2.580028E-01  2.458339E-02  0.000000E+00  1.611248E-02  5.517656E-04  7.681079E-19 -5.977258E-01  0.000000E+00
  1.181795E+00  1.161541E-01  5.000000E-01  2.509763E-01  2.434648E-02  0.000000E+00  1.629767E-02  5.374263E-04  5.476789E-19 -6.089033E-01  0.000000E+00
  1.148718E+00  1.150829E-01  5.000000E-01  2.439516E-01  2.411898E-02  0.000000E+00  1.650996E-02  5.213161E-04  1.315481E-21 -6.206620E-01  0.000000E+00
  1.115646E+00  1.140602E-01  5.000000E-01  2.369279E-01  2.390178E-02  0.000000E+00  1.674853E-02  5.035611E-04 -4.229946E-19 -6.328514E-01  0.000000E+00
  1.082583E+00  1.130891E-01  5.000000E-01  2.299061E-01  2.369555E-02  0.000000E+00  1.701330E-02  4.845163E-04 -3.928242E-19 -6.453192E-01  0.000000E+00
  1.049524E+00  1.121713E-01  5.000000E-01  2.228852E-01  2.350064E-02  0.000000E+00  1.730296E-02  4.643716E-04 -6.478518E-20 -6.578739E-01  0.000000E+00
  1.016475E+00  1.113083E-01  5.000000E-01  2.158664E-01  2.331736E-02  0.000000E+00  1.761450E-02  4.440072E-04  1.196607E-19 -6.700739E-01  0.000000E+00
  9.834318E-01  1.104990E-01  5.000000E-01  2.088488E-01  2.314547E-02  0.000000E+00  1.794622E-02  4.295906E-04  1.081136E-19 -6.807499E-01  0.000000E+00
  9.503976E-01  1.097220E-01  5.000000E-01  2.018331E-01  2.298046E-02  0.000000E+00  1.829217E-02  4.317008E-04  9.353359E-20 -6.882423E-01  0.000000E+00
  9.173728E-01  1.089361E-01  5.000000E-01  1.948195E-01  2.281354E-02  0.000000E+00  1.863024E-02  4.551411E-04 -3.609289E-20 -6.915900E-01  0.000000E+00
  8.843598E-01  1.081043E-01  5.000000E-01  1.878083E-01  2.263690E-02  0.000000E+00  1.893268E-02  4.982795E-04 -3.603102E-19 -6.907710E-01  0.000000E+00
  8.513623E-01  1.071942E-01  5.000000E-01  1.808005E-01  2.244361E-02  0.000000E+00  1.918385E-02  5.586472E-04 -1.204503E-19 -6.861880E-01  0.000000E+00
  8.183794E-01  1.061780E-01  5.000000E-01  1.737957E-01  2.222781E-02  0.000000E+00  1.938235E-02  6.334782E-04  1.729610E-19 -6.784528E-01  0.000000E+00
  7.854121E-01  1.050336E-01  5.000000E-01  1.667943E-01  2.198475E-02  0.000000E+00  1.953664E-02  7.200821E-04  2.582107E-19 -6.681931E-01  0.000000E+00
  7.524593E-01  1.037430E-01  5.000000E-01  1.597959E-01  2.171067E-02  0.000000E+00  1.965855E-02  8.160978E-04  1.872006E-19 -6.559455E-01  0.000000E+00
  7.195226E-01  1.022929E-01  5.000000E-01  1.528009E-01  2.140269E-02  0.000000E+00  1.975884E-02  9.199200E-04 -4.255950E-19 -6.420869E-01  0.000000E+00
  6.866079E-01  1.006718E-01  5.000000E-01  1.458107E-01  2.105842E-02  0.000000E+00  1.984502E-02  1.030896E-03 -7.470127E-19 -6.268138E-01  0.000000E+00
  6.537221E-01  9.886942E-02  5.000000E-01  1.388265E-01  2.067564E-02  0.000000E+00  1.992032E-02  1.148689E-03 -3.471133E-19 -6.102174E-01  0.000000E+00
  6.208691E-01  9.687579E-02  5.000000E-01  1.318494E-01  2.025224E-02  0.000000E+00  1.998443E-02  1.272688E-03 -5.892495E-20 -5.923755E-01  0.000000E+00
  5.880524E-01  9.468203E-02  5.000000E-01  1.248799E-01  1.978634E-02  0.000000E+00  2.003531E-02  1.401783E-03 -1.011440E-18 -5.734166E-01  0.000000E+00
  5.552711E-01  9.228075E-02  5.000000E-01  1.179180E-01  1.927636E-02  0.000000E+00  2.007132E-02  1.534551E-03 -1.794332E-18 -5.535331E-01  0.000000E+00
  5.225283E-01  8.966693E-02  5.000000E-01  1.109642E-01  1.872125E-02  0.000000E+00  2.009287E-02  1.670096E-03 -1.437577E-18 -5.329280E-01  0.000000E+00
  4.898261E-01  8.683556E-02  5.000000E-01  1.040191E-01  1.811994E-02  0.000000E+00  2.010116E-02  1.807529E-03 -1.518532E-18 -5.118631E-01  0.000000E+00
  4.571624E-01  8.378344E-02  5.000000E-01  9.708209E-02  1.747175E-02  0.000000E+00  2.009615E-02  1.945229E-03 -1.693170E-18 -4.906976E-01  0.000000E+00
  4.245350E-01  8.050953E-02  5.000000E-01  9.015283E-02  1.677645E-02  0.000000E+00  2.007486E-02  2.080798E-03 -1.037613E-18 -4.697791E-01  0.000000E+00
  3.919369E-01  7.701591E-02  5.000000E-01  8.322981E-02  1.603449E-02  0.000000E+00  2.002981E-02  2.211694E-03 -4.267416E-19 -4.491282E-01  0.000000E+00
  3.593832E-01  7.330836E-02  5.000000E-01  7.631620E-02  1.524709E-02  0.000000E+00  1.994805E-02  2.337395E-03 -8.513903E-19 -4.279163E-01  0.000000E+00
  3.269046E-01  6.938940E-02  5.000000E-01  6.941854E-02  1.441481E-02  0.000000E+00  1.980922E-02  2.460564E-03 -1.544705E-18 -4.042303E-01  0.000000E+00
  2.945750E-01  6.525418E-02  5.000000E-01  6.255252E-02  1.353659E-02  0.000000E+00  1.958477E-02  2.584321E-03 -4.025654E-18 -3.758389E-01  0.000000E+00
  2.624265E-01  6.087825E-02  5.000000E-01  5.572497E-02  1.260724E-02  0.000000E+00  1.924358E-02  2.702940E-03 -1.082997E-17 -3.425268E-01  0.000000E+00
  2.304268E-01  5.624044E-02  5.000000E-01  4.892903E-02  1.162229E-02  0.000000E+00  1.878387E-02  2.807057E-03 -1.811197E-17 -3.079464E-01  0.000000E+00
  1.986088E-01  5.133747E-02  5.000000E-01  4.217166E-02  1.058102E-02  0.000000E+00  1.826608E-02  2.896523E-03 -1.314070E-17 -2.800941E-01  0.000000E+00
  1.669282E-01  4.615599E-02  5.000000E-01  3.544349E-02  9.480599E-03  0.000000E+00  1.781018E-02  2.963650E-03  4.086566E-17 -2.716928E-01  0.000000E+00
  1.350509E-01  4.073286E-02  5.000000E-01  2.867354E-02  8.328860E-03  0.000000E+00  1.766917E-02  3.063331E-03  2.052703E-16 -2.893694E-01  0.000000E+00
  1.043791E-01  3.531475E-02  5.000000E-01  2.215959E-02  7.178186E-03  0.000000E+00  1.826422E-02  3.417851E-03  5.147740E-16 -3.198715E-01  0.000000E+00
  7.632629E-02  2.978974E-02  5.000000E-01  1.620187E-02  6.004810E-03  0.000000E+00  1.984291E-02  4.194811E-03  9.124093E-16 -3.525944E-01  0.000000E+00
  5.118571E-02  2.412396E-02  5.000000E-01  1.086263E-02  4.801537E-03  0.000000E+00  2.250874E-02  5.545030E-03  1.272688E-15 -3.843132E-01  0.000000E+00
  3.264831E-02  1.922888E-02  5.000000E-01  6.925739E-03  3.761942E-03  0.000000E+00  2.662643E-02  8.142016E-03  1.488340E-15 -3.849704E-01  0.000000E+00
  2.051015E-02  1.511113E-02  5.000000E-01  4.347893E-03  2.887433E-03  0.000000E+00  3.176128E-02  1.247573E-02  1.428967E-15 -3.376737E-01  0.000000E+00
  1.247723E-02  1.158285E-02  5.000000E-01  2.641898E-03  2.138114E-03  0.000000E+00  3.648619E-02  1.810905E-02  1.168840E-15 -2.750725E-01  0.000000E+00
  7.055255E-03  8.603576E-03  5.000000E-01  1.490404E-03  1.505389E-03  0.000000E+00  4.027227E-02  2.545320E-02  1.648267E-15 -2.110908E-01  0.000000E+00
  3.418635E-03  6.025162E-03  5.000000E-01  7.180754E-04  9.577975E-04  0.000000E+00  4.199830E-02  3.638457E-02  4.762702E-15 -9.103287E-02  0.000000E+00
  1.108798E-03  3.673715E-03  5.000000E-01  2.275226E-04  4.584081E-04  0.000000E+00  3.448556E-02  4.917176E-02  1.146709E-14  2.094472E-01  0.000000E+00
  3.747479E-05  1.515235E-03  5.000000E-01  0.000000E+00  0.000000E+00  0.000000E+00  1.135133E-02  5.048510E-02  1.877610E-14  7.585993E-01  0.000000E+00
  3.747479E-05  1.515235E-03  5.000000E-01  0.000000E+00  0.000000E+00  0.000000E+00  1.135133E-02  5.048510E-02  1.877610E-14  7.585993E-01  0.000000E+00
  2.534065E-04 -5.927999E-04  5.000000E-01  4.585858E-05 -4.476948E-04  0.000000E+00 -6.732457E-03  2.913673E-02  2.012486E-14  1.176485E+00  0.000000E+00
  1.848580E-03 -2.719249E-03  5.000000E-01  3.846343E-04 -8.993003E-04  0.000000E+00 -2.664925E-03  4.855147E-03  1.449203E-14  1.148014E+00  0.000000E+00
  4.867645E-03 -4.845033E-03  5.000000E-01  1.025809E-03 -1.350765E-03  0.000000E+00  8.829883E-03 -4.843702E-03  7.225716E-15  9.443850E-01  0.000000E+00
  9.380877E-03 -7.047654E-03  5.000000E-01  1.984309E-03 -1.818547E-03  0.000000E+00  1.595189E-02 -6.725765E-03  2.122325E-15  7.955203E-01  0.000000E+00
  1.589077E-02 -9.453470E-03  5.000000E-01  3.366850E-03 -2.329483E-03  0.000000E+00  1.855750E-02 -6.024918E-03  1.397263E-16  6.860361E-01  0.000000E+00
  2.547297E-02 -1.216391E-02  5.000000E-01  5.401873E-03 -2.905115E-03  0.000000E+00  1.844881E-02 -4.579421E-03  1.533713E-16  5.860267E-01  0.000000E+00
  3.989163E-02 -1.522108E-02  5.000000E-01  8.464043E-03 -3.554382E-03  0.000000E+00  1.703574E-02 -3.163616E-03  4.969730E-16  4.985496E-01  0.000000E+00
  6.092142E-02 -1.850946E-02  5.000000E-01  1.293025E-02 -4.252752E-03  0.000000E+00  1.542584E-02 -2.180622E-03  3.872940E-16  4.366509E-01  0.000000E+00
  8.832839E-02 -2.192110E-02  5.000000E-01  1.875082E-02 -4.977301E-03  0.000000E+00  1.425451E-02 -1.673493E-03  7.689408E-17  4.014942E-01  0.000000E+00
  1.189914E-01 -2.529480E-02  5.000000E-01  2.526288E-02 -5.693791E-03  0.000000E+00  1.365291E-02 -1.465251E-03 -7.724034E-17  3.797406E-01  0.000000E+00
  1.511926E-01 -2.867028E-02  5.000000E-01  3.210162E-02 -6.410661E-03  0.000000E+00  1.351128E-02 -1.410229E-03 -7.171237E-17  3.604646E-01  0.000000E+00
  1.838450E-01 -3.207250E-02  5.000000E-01  3.903620E-02 -7.133209E-03  0.000000E+00  1.365137E-02 -1.416140E-03 -2.801459E-17  3.382901E-01  0.000000E+00
  2.165049E-01 -3.545410E-02  5.000000E-01  4.597235E-02 -7.851377E-03  0.000000E+00  1.390394E-02 -1.424190E-03 -2.464721E-18  3.128475E-01  0.000000E+00
  2.491496E-01 -3.876566E-02  5.000000E-01  5.290529E-02 -8.554671E-03  0.000000E+00  1.416377E-02 -1.419758E-03  3.335978E-18  2.881420E-01  0.000000E+00
  2.819003E-01 -4.201049E-02  5.000000E-01  5.986073E-02 -9.243794E-03  0.000000E+00  1.438807E-02 -1.411274E-03  2.087970E-18  2.673455E-01  0.000000E+00
  3.147601E-01 -4.520421E-02  5.000000E-01  6.683936E-02 -9.922062E-03  0.000000E+00  1.456925E-02 -1.405660E-03  8.184447E-19  2.501136E-01  0.000000E+00
  3.477303E-01 -4.836661E-02  5.000000E-01  7.384141E-02 -1.059368E-02  0.000000E+00  1.471625E-02 -1.405468E-03 -2.853070E-19  2.345466E-01  0.000000E+00
  3.807756E-01 -5.151434E-02  5.000000E-01  8.085941E-02 -1.126218E-02  0.000000E+00  1.483955E-02 -1.408133E-03 -6.607504E-19  2.189868E-01  0.000000E+00
  4.138291E-01 -5.464446E-02  5.000000E-01  8.787916E-02 -1.192694E-02  0.000000E+00  1.494267E-02 -1.406993E-03 -5.255130E-19  2.026267E-01  0.000000E+00
  4.468689E-01 -5.774275E-02  5.000000E-01  9.489601E-02 -1.258494E-02  0.000000E+00  1.502660E-02 -1.398695E-03 -3.983415E-19  1.857938E-01  0.000000E+00
  4.799091E-01 -6.079954E-02  5.000000E-01  1.019129E-01 -1.323413E-02  0.000000E+00  1.509426E-02 -1.384634E-03  6.379251E-20  1.692862E-01  0.000000E+00
  5.129612E-01 -6.380971E-02  5.000000E-01  1.089324E-01 -1.387341E-02  0.000000E+00  1.515035E-02 -1.367393E-03  1.098001E-18  1.535245E-01  0.000000E+00
  5.460360E-01 -6.677219E-02  5.000000E-01  1.159567E-01 -1.450257E-02  0.000000E+00  1.520071E-02 -1.349078E-03  1.266594E-18  1.384343E-01  0.000000E+00
  5.791347E-01 -6.968732E-02  5.000000E-01  1.229860E-01 -1.512167E-02  0.000000E+00  1.525133E-02 -1.330683E-03  3.147140E-19  1.236791E-01  0.000000E+00
  6.122565E-01 -7.255476E-02  5.000000E-01  1.300203E-01 -1.573065E-02  0.000000E+00  1.530798E-02 -1.312378E-03 -3.813849E-19  1.089163E-01  0.000000E+00
  6.454013E-01 -7.537326E-02  5.000000E-01  1.370594E-01 -1.632923E-02  0.000000E+00  1.537628E-02 -1.294267E-03 -1.532635E-18  9.393003E-02  0.000000E+00
  6.785693E-01 -7.814123E-02  5.000000E-01  1.441035E-01 -1.691707E-02  0.000000E+00  1.546100E-02 -1.276281E-03 -1.829792E-18  7.857665E-02  0.000000E+00
  7.117575E-01 -8.085568E-02  5.000000E-01  1.511518E-01 -1.749356E-02  0.000000E+00  1.556432E-02 -1.257295E-03 -6.724582E-19  6.268058E-02  0.000000E+00
  7.449560E-01 -8.350906E-02  5.000000E-01  1.582024E-01 -1.805707E-02  0.000000E+00  1.568483E-02 -1.234965E-03 -3.431185E-19  4.607138E-02  0.000000E+00
  7.781569E-01 -8.608896E-02  5.000000E-01  1.652534E-01 -1.860498E-02  0.000000E+00  1.581808E-02 -1.206651E-03 -2.552961E-19  2.873068E-02  0.000000E+00
  8.113578E-01 -8.857970E-02  5.000000E-01  1.723045E-01 -1.913395E-02  0.000000E+00  1.595720E-02 -1.170067E-03 -3.234619E-19  1.084910E-02  0.000000E+00
  8.445597E-01 -9.096331E-02  5.000000E-01  1.793558E-01 -1.964017E-02  0.000000E+00  1.609229E-02 -1.123199E-03 -1.465189E-18 -7.225901E-03  0.000000E+00
  8.777625E-01 -9.322004E-02  5.000000E-01  1.864072E-01 -2.011944E-02  0.000000E+00  1.620860E-02 -1.063787E-03 -1.408476E-18 -2.506370E-02  0.000000E+00
  9.109638E-01 -9.532707E-02  5.000000E-01  1.934584E-01 -2.056692E-02  0.000000E+00  1.628619E-02 -9.896113E-04 -5.080124E-19 -4.209959E-02  0.000000E+00
  9.441676E-01 -9.726040E-02  5.000000E-01  2.005100E-01 -2.097752E-02  0.000000E+00  1.630263E-02 -8.993246E-04  2.938007E-19 -5.754067E-02  0.000000E+00
  9.773746E-01 -9.899558E-02  5.000000E-01  2.075624E-01 -2.134603E-02  0.000000E+00  1.623749E-02 -7.927912E-04  6.664292E-19 -7.044119E-02  0.000000E+00
  1.010583E+00 -1.005072E-01  5.000000E-01  2.146150E-01 -2.166706E-02  0.000000E+00  1.608155E-02 -6.744723E-04 -1.273302E-20 -7.963447E-02  0.000000E+00
  1.043798E+00 -1.017838E-01  5.000000E-01  2.216690E-01 -2.193817E-02  0.000000E+00  1.584226E-02 -5.543353E-04 -6.517305E-19 -8.395781E-02  0.000000E+00
  1.077015E+00 -1.028335E-01  5.000000E-01  2.287236E-01 -2.216110E-02  0.000000E+00  1.553497E-02 -4.403394E-04 -7.056829E-19 -8.314321E-02  0.000000E+00
  1.110238E+00 -1.036691E-01  5.000000E-01  2.357793E-01 -2.233858E-02  0.000000E+00  1.517449E-02 -3.356659E-04 -5.049849E-19 -7.788057E-02  0.000000E+00
  1.143462E+00 -1.043055E-01  5.000000E-01  2.428354E-01 -2.247372E-02  0.000000E+00  1.477495E-02 -2.423763E-04 -3.549832E-19 -6.903745E-02  0.000000E+00
  1.176693E+00 -1.047614E-01  5.000000E-01  2.498927E-01 -2.257054E-02  0.000000E+00  1.434947E-02 -1.620896E-04 -2.935978E-19 -5.732767E-02  0.000000E+00
  1.209925E+00 -1.050583E-01  5.000000E-01  2.569505E-01 -2.263361E-02  0.000000E+00  1.390932E-02 -9.553451E-05 -1.564075E-19 -4.333923E-02  0.000000E+00
  1.243158E+00 -1.052199E-01  5.000000E-01  2.640083E-01 -2.266793E-02  0.000000E+00  1.346487E-02 -4.331885E-05 -6.063068E-20 -2.754139E-02  0.000000E+00
  1.276395E+00 -1.052744E-01  5.000000E-01  2.710670E-01 -2.267949E-02  0.000000E+00  1.302605E-02 -5.863317E-06 -3.944239E-20 -1.039217E-02  0.000000E+00
  1.309630E+00 -1.052526E-01  5.000000E-01  2.781253E-01 -2.267486E-02  0.000000E+00  1.260216E-02  1.694508E-05 -4.614169E-21  7.567141E-03  0.000000E+00
  1.342868E+00 -1.051881E-01  5.000000E-01  2.851842E-01 -2.266117E-02  0.000000E+00  1.220316E-02  2.508160E-05  1.732009E-20  2.580089E-02  0.000000E+00
  1.376108E+00 -1.051196E-01  5.000000E-01  2.922435E-01 -2.264661E-02  0.000000E+00  1.183983E-02  1.885302E-05  8.282721E-21  4.372898E-02  0.000000E+00
  1.409347E+00 -1.050864E-01  5.000000E-01  2.993027E-01 -2.263957E-02  0.000000E+00  1.152458E-02 -1.285403E-06 -1.111145E-20  6.075053E-02  0.000000E+00
  1.442589E+00 -1.051314E-01  5.000000E-01  3.063625E-01 -2.264912E-02  0.000000E+00  1.127294E-02 -3.524090E-05  8.011763E-21  7.629508E-02  0.000000E+00
  1.475831E+00 -1.052988E-01  5.000000E-01  3.134222E-01 -2.268467E-02  0.000000E+00  1.110287E-02 -8.309580E-05 -1.801982E-20  8.973033E-02  0.000000E+00
  1.509072E+00 -1.056333E-01  5.000000E-01  3.204819E-01 -2.275571E-02  0.000000E+00  1.103240E-02 -1.456113E-04 -1.414790E-19  1.003497E-01  0.000000E+00
  1.542314E+00 -1.061794E-01  5.000000E-01  3.275416E-01 -2.287170E-02  0.000000E+00  1.107524E-02 -2.243269E-04 -1.119275E-19  1.074585E-01  0.000000E+00
  1.575558E+00 -1.069818E-01  5.000000E-01  3.346018E-01 -2.304211E-02  0.000000E+00  1.123241E-02 -3.173442E-04  2.300941E-19  1.101578E-01  0.000000E+00
  1.608800E+00 -1.080602E-01  5.000000E-01  3.416615E-01 -2.327113E-02  0.000000E+00  1.148653E-02 -4.155656E-04 -7.823596E-20  1.073487E-01  0.000000E+00
  1.642044E+00 -1.093892E-01  5.000000E-01  3.487219E-01 -2.355338E-02  0.000000E+00  1.181301E-02 -5.110068E-04 -3.035939E-19  9.905258E-02  0.000000E+00
  1.675286E+00 -1.109364E-01  5.000000E-01  3.557815E-01 -2.388196E-02  0.000000E+00  1.219169E-02 -6.014725E-04  1.554411E-19  8.652724E-02  0.000000E+00
  1.708526E+00 -1.126690E-01  5.000000E-01  3.628410E-01 -2.424992E-02  0.000000E+00  1.260688E-02 -6.858271E-04 -3.697418E-19  7.090095E-02  0.000000E+00
  1.741762E+00 -1.145535E-01  5.000000E-01  3.698996E-01 -2.465016E-02  0.000000E+00  1.304638E-02 -7.625077E-04  6.407680E-20  5.272087E-02  0.000000E+00
  1.774995E+00 -1.165556E-01  5.000000E-01  3.769573E-01 -2.507533E-02  0.000000E+00  1.350166E-02 -8.300321E-04  3.505485E-19  3.219650E-02  0.000000E+00
  1.808227E+00 -1.186422E-01  5.000000E-01  3.840150E-01 -2.551848E-02  0.000000E+00  1.396711E-02 -8.867936E-04  2.596603E-19  9.429487E-03  0.000000E+00
  1.841453E+00 -1.207785E-01  5.000000E-01  3.910714E-01 -2.597219E-02  0.000000E+00  1.443876E-02 -9.309205E-04  8.566197E-19 -1.547626E-02  0.000000E+00
  1.874678E+00 -1.229306E-01  5.000000E-01  3.981276E-01 -2.642924E-02  0.000000E+00  1.491360E-02 -9.607573E-04  8.399535E-20 -4.233758E-02  0.000000E+00
  1.907900E+00 -1.250639E-01  5.000000E-01  4.051830E-01 -2.688230E-02  0.000000E+00  1.538802E-02 -9.745044E-04  3.174975E-19 -7.094574E-02  0.000000E+00
  1.941118E+00 -1.271437E-01  5.000000E-01  4.122377E-01 -2.732399E-02  0.000000E+00  1.585603E-02 -9.702037E-04  2.383538E-19 -1.010627E-01  0.000000E+00
  1.974334E+00 -1.291350E-01  5.000000E-01  4.192919E-01 -2.774691E-02  0.000000E+00  1.630732E-02 -9.459998E-04 -4.901478E-19 -1.323573E-01  0.000000E+00
  2.007549E+00 -1.310041E-01  5.000000E-01  4.263460E-01 -2.814385E-02  0.000000E+00  1.672486E-02 -8.997275E-04 -1.467773E-19 -1.643713E-01  0.000000E+00
  2.040760E+00 -1.327157E-01  5.000000E-01  4.333993E-01 -2.850734E-02  0.000000E+00  1.708495E-02 -8.291131E-04 -3.299848E-19 -1.964252E-01  0.000000E+00
  2.073970E+00 -1.342349E-01  5.000000E-01  4.404522E-01 -2.882999E-02  0.000000E+00  1.736177E-02 -7.333469E-04 -3.325643E-19 -2.275101E-01  0.000000E+00
  2.107177E+00 -1.355280E-01  5.000000E-01  4.475046E-01 -2.910461E-02  0.000000E+00  1.753869E-02 -6.175705E-04 -6.872547E-20 -2.561149E-01  0.000000E+00
  2.140379E+00 -1.365784E-01  5.000000E-01  4.545558E-01 -2.932770E-02  0.000000E+00  1.761552E-02 -4.933918E-04 -2.310258E-19 -2.805089E-01  0.000000E+00
  2.173577E+00 -1.373922E-01  5.000000E-01  4.616063E-01 -2.950051E-02  0.000000E+00  1.759786E-02 -3.690125E-04 -1.324691E-19 -2.998097E-01  0.000000E+00
  2.206768E+00 -1.379751E-01  5.000000E-01  4.686553E-01 -2.962433E-02  0.000000E+00  1.748985E-02 -2.470165E-04  1.021238E-19 -3.140315E-01  0.000000E+00
  2.239954E+00 -1.383339E-01  5.000000E-01  4.757033E-01 -2.970052E-02  0.000000E+00  1.729663E-02 -1.291601E-04  9.862586E-20 -3.233489E-01  0.000000E+00
  2.273134E+00 -1.384744E-01  5.000000E-01  4.827498E-01 -2.973035E-02  0.000000E+00  1.702504E-02 -1.701202E-05  7.948115E-20 -3.278671E-01  0.000000E+00
  2.306309E+00 -1.384032E-01  5.000000E-01  4.897953E-01 -2.971523E-02  0.000000E+00  1.668461E-02  8.812303E-05  5.031490E-21 -3.276551E-01  0.000000E+00
  2.339476E+00 -1.381265E-01  5.000000E-01  4.968392E-01 -2.965646E-02  0.000000E+00  1.628822E-02  1.854011E-04 -2.698445E-19 -3.229004E-01  0.000000E+00
  2.372638E+00 -1.376501E-01  5.000000E-01  5.038821E-01 -2.955530E-02  0.000000E+00  1.585332E-02  2.736707E-04 -6.516591E-19 -3.139611E-01  0.000000E+00
  2.405805E+00 -1.369831E-01  5.000000E-01  5.109259E-01 -2.941364E-02  0.000000E+00  1.539971E-02  3.518854E-04 -5.489537E-19 -3.014561E-01  0.000000E+00
  2.438976E+00 -1.361362E-01  5.000000E-01  5.179706E-01 -2.923377E-02  0.000000E+00  1.494444E-02  4.202192E-04 -3.565870E-19 -2.863126E-01  0.000000E+00
  2.472150E+00 -1.351197E-01  5.000000E-01  5.250160E-01 -2.901790E-02  0.000000E+00  1.449936E-02  4.794381E-04 -1.237893E-19 -2.695228E-01  0.000000E+00
  2.505329E+00 -1.339444E-01  5.000000E-01  5.320624E-01 -2.876830E-02  0.000000E+00  1.407099E-02  5.302150E-04  1.823877E-19 -2.518763E-01  0.000000E+00
  2.538512E+00 -1.326215E-01  5.000000E-01  5.391097E-01 -2.848735E-02  0.000000E+00  1.366135E-02  5.733183E-04  2.505039E-19 -2.338897E-01  0.000000E+00
  2.571700E+00 -1.311614E-01  5.000000E-01  5.461580E-01 -2.817726E-02  0.000000E+00  1.327023E-02  6.092893E-04 -9.733053E-20 -2.157967E-01  0.000000E+00
  2.604894E+00 -1.295760E-01  5.000000E-01  5.532074E-01 -2.784055E-02  0.000000E+00  1.289688E-02  6.386402E-04 -3.742400E-19 -1.976855E-01  0.000000E+00
  2.638090E+00 -1.278761E-01  5.000000E-01  5.602575E-01 -2.747954E-02  0.000000E+00  1.254145E-02  6.616722E-04 -3.860978E-19 -1.795961E-01  0.000000E+00
  2.671292E+00 -1.260751E-01  5.000000E-01  5.673087E-01 -2.709706E-02  0.000000E+00  1.220561E-02  6.784340E-04 -7.047066E-19 -1.615889E-01  0.000000E+00
  2.704497E+00 -1.241874E-01  5.000000E-01  5.743608E-01 -2.669616E-02  0.000000E+00  1.189136E-02  6.893359E-04 -4.051056E-19 -1.438318E-01  0.000000E+00
  2.737708E+00 -1.222277E-01  5.000000E-01  5.814140E-01 -2.627996E-02  0.000000E+00  1.160032E-02  6.950379E-04  1.709510E-19 -1.265437E-01  0.000000E+00
  2.770923E+00 -1.202105E-01  5.000000E-01  5.884680E-01 -2.585154E-02  0.000000E+00  1.133366E-02  6.962122E-04 -2.815671E-19 -1.099141E-01  0.000000E+00
  2.804143E+00 -1.181498E-01  5.000000E-01  5.955230E-01 -2.541391E-02  0.000000E+00  1.109224E-02  6.933665E-04 -3.628207E-19 -9.406087E-02  0.000000E+00
  2.837367E+00 -1.160602E-01  5.000000E-01  6.025790E-01 -2.497014E-02  0.000000E+00  1.087650E-02  6.870053E-04  8.268628E-19 -7.906779E-02  0.000000E+00
  2.870594E+00 -1.139556E-01  5.000000E-01  6.096357E-01 -2.452317E-02  0.000000E+00  1.068645E-02  6.776197E-04  1.532749E-18 -6.500591E-02  0.000000E+00
  2.903823E+00 -1.118496E-01  5.000000E-01  6.166926E-01 -2.407591E-02  0.000000E+00  1.052178E-02  6.657584E-04  1.050037E-18 -5.195858E-02  0.000000E+00
  2.937051E+00 -1.097539E-01  5.000000E-01  6.237496E-01 -2.363082E-02  0.000000E+00  1.038284E-02  6.517053E-04  4.226702E-19 -3.997768E-02  0.000000E+00
  2.970283E+00 -1.076813E-01  5.000000E-01  6.308072E-01 -2.319066E-02  0.000000E+00  1.027132E-02  6.356305E-04  5.846780E-19 -2.911252E-02  0.000000E+00
  3.003515E+00 -1.056441E-01  5.000000E-01  6.378649E-01 -2.275801E-02  0.000000E+00  1.019060E-02  6.178927E-04  1.022576E-18 -1.946577E-02  0.000000E+00
  3.036751E+00 -1.036543E-01  5.000000E-01  6.449232E-01 -2.233542E-02  0.000000E+00  1.014613E-02  5.987729E-04  6.093584E-19 -1.116189E-02  0.000000E+00
  3.069988E+00 -1.017244E-01  5.000000E-01  6.519820E-01 -2.192556E-02  0.000000E+00  1.014433E-02  5.786509E-04 -1.491949E-19 -4.400945E-03  0.000000E+00
  3.103226E+00 -9.986537E-02  5.000000E-01  6.590409E-01 -2.153075E-02  0.000000E+00  1.019091E-02  5.575505E-04 -1.398655E-19  6.190673E-04  0.000000E+00
  3.136469E+00 -9.808964E-02  5.000000E-01  6.661010E-01 -2.115363E-02  0.000000E+00  1.028716E-02  5.360756E-04  2.883529E-19  3.678793E-03  0.000000E+00
  3.169712E+00 -9.640382E-02  5.000000E-01  6.731611E-01 -2.079560E-02  0.000000E+00  1.042467E-02  5.178419E-04 -1.497973E-19  4.366457E-03  0.000000E+00
  3.202960E+00 -9.479056E-02  5.000000E-01  6.802220E-01 -2.045298E-02  0.000000E+00  1.058773E-02  5.069453E-04 -4.389829E-19  2.606934E-03  0.000000E+00
  3.236210E+00 -9.322305E-02  5.000000E-01  6.872835E-01 -2.012008E-02  0.000000E+00  1.076043E-02  5.044782E-04  1.298141E-19 -9.272504E-04  0.000000E+00
  3.269464E+00 -9.167541E-02  5.000000E-01  6.943459E-01 -1.979140E-02  0.000000E+00  1.092870E-02  5.100664E-04 -2.705861E-19 -5.363328E-03  0.000000E+00
  3.302721E+00 -9.012190E-02  5.000000E-01  7.014089E-01 -1.946148E-02  0.000000E+00  1.108026E-02  5.232680E-04 -5.405199E-19 -1.005017E-02  0.000000E+00
  3.335981E+00 -8.853759E-02  5.000000E-01  7.084724E-01 -1.912501E-02  0.000000E+00  1.120539E-02  5.433240E-04  3.223791E-19 -1.451198E-02  0.000000E+00
  3.369247E+00 -8.689972E-02  5.000000E-01  7.155373E-01 -1.877716E-02  0.000000E+00  1.129726E-02  5.691700E-04  6.528664E-19 -1.834442E-02  0.000000E+00
  3.402518E+00 -8.518901E-02  5.000000E-01  7.226032E-01 -1.841385E-02  0.000000E+00  1.135090E-02  5.998912E-04  9.580408E-19 -2.125048E-02  0.000000E+00
  3.435792E+00 -8.338641E-02  5.000000E-01  7.296699E-01 -1.803102E-02  0.000000E+00  1.136299E-02  6.343693E-04  9.069113E-19 -2.295670E-02  0.000000E+00
  3.469073E+00 -8.147671E-02  5.000000E-01  7.367379E-01 -1.762545E-02  0.000000E+00  1.133193E-02  6.712732E-04  3.673793E-19 -2.318365E-02  0.000000E+00
  3.502353E+00 -7.944662E-02  5.000000E-01  7.438057E-01 -1.719431E-02  0.000000E+00  1.125702E-02  7.092401E-04 -4.599776E-19 -2.171825E-02  0.000000E+00
  3.535630E+00 -7.728611E-02  5.000000E-01  7.508729E-01 -1.673547E-02  0.000000E+00  1.113796E-02  7.467817E-04 -7.081786E-19 -1.840817E-02  0.000000E+00
  3.568904E+00 -7.498698E-02  5.000000E-01  7.579395E-01 -1.624719E-02  0.000000E+00  1.097397E-02  7.826355E-04 -6.669742E-20 -1.318140E-02  0.000000E+00
  3.602176E+00 -7.254231E-02  5.000000E-01  7.650057E-01 -1.572800E-02  0.000000E+00  1.076401E-02  8.154981E-04  1.911983E-19 -5.988699E-03  0.000000E+00
  3.635446E+00 -6.994731E-02  5.000000E-01  7.720714E-01 -1.517689E-02  0.000000E+00  1.050765E-02  8.439672E-04  6.971975E-19  3.209893E-03  0.000000E+00
  3.668713E+00 -6.719915E-02  5.000000E-01  7.791365E-01 -1.459325E-02  0.000000E+00  1.020687E-02  8.667401E-04  8.515960E-19  1.444050E-02  0.000000E+00
  3.701976E+00 -6.429854E-02  5.000000E-01  7.862008E-01 -1.397723E-02  0.000000E+00  9.867713E-03  8.828238E-04  5.693127E-19  2.762602E-02  0.000000E+00
  3.735241E+00 -6.124718E-02  5.000000E-01  7.932655E-01 -1.332919E-02  0.000000E+00  9.503107E-03  8.899171E-04 -2.824138E-19  4.272516E-02  0.000000E+00
  3.768500E+00 -5.806843E-02  5.000000E-01  8.003289E-01 -1.265411E-02  0.000000E+00  9.130967E-03  8.859037E-04 -8.933070E-19  5.952863E-02  0.000000E+00
  3.801751E+00 -5.479513E-02  5.000000E-01  8.073904E-01 -1.195894E-02  0.000000E+00  8.767157E-03  8.719040E-04 -4.905187E-20  7.727391E-02  0.000000E+00
  3.834989E+00 -5.145793E-02  5.000000E-01  8.144495E-01 -1.125020E-02  0.000000E+00  8.423398E-03  8.502564E-04 -8.566665E-20  9.512302E-02  0.000000E+00
  3.868211E+00 -4.808908E-02  5.000000E-01  8.215050E-01 -1.053474E-02  0.000000E+00  8.107318E-03  8.233217E-04 -5.814169E-19  1.124986E-01  0.000000E+00
  3.901422E+00 -4.471427E-02  5.000000E-01  8.285582E-01 -9.818011E-03  0.000000E+00  7.822950E-03  7.932378E-04 -8.113814E-19  1.290915E-01  0.000000E+00
  3.934617E+00 -4.135842E-02  5.000000E-01  8.356079E-01 -9.105311E-03  0.000000E+00  7.571883E-03  7.614405E-04 -7.881177E-19  1.447931E-01  0.000000E+00
  3.967800E+00 -3.804229E-02  5.000000E-01  8.426552E-01 -8.401045E-03  0.000000E+00  7.353275E-03  7.289767E-04  9.170716E-19  1.595233E-01  0.000000E+00
  4.000972E+00 -3.478337E-02  5.000000E-01  8.497000E-01 -7.708933E-03  0.000000E+00  7.164182E-03  6.966328E-04  1.154701E-18  1.732575E-01  0.000000E+00
  4.034139E+00 -3.159484E-02  5.000000E-01  8.567440E-01 -7.031765E-03  0.000000E+00  6.999450E-03  6.653213E-04  1.203100E-19  1.859967E-01  0.000000E+00
  4.067311E+00 -2.848092E-02  5.000000E-01  8.637890E-01 -6.370446E-03  0.000000E+00  6.852099E-03  6.356444E-04 -2.066277E-19  1.978202E-01  0.000000E+00
  4.100488E+00 -2.544288E-02  5.000000E-01  8.708348E-01 -5.725241E-03  0.000000E+00  6.714431E-03  6.074436E-04 -3.781891E-19  2.089577E-01  0.000000E+00
  4.133669E+00 -2.248046E-02  5.000000E-01  8.778818E-01 -5.096095E-03  0.000000E+00  6.578423E-03  5.803681E-04 -2.084751E-19  2.196516E-01  0.000000E+00
  4.166856E+00 -1.959037E-02  5.000000E-01  8.849299E-01 -4.482313E-03  0.000000E+00  6.436649E-03  5.541163E-04 -4.689332E-20  2.301261E-01  0.000000E+00
  4.200049E+00 -1.676880E-02  5.000000E-01  8.919793E-01 -3.883080E-03  0.000000E+00  6.283749E-03  5.285015E-04  1.036319E-18  2.405680E-01  0.000000E+00
  4.233242E+00 -1.400979E-02  5.000000E-01  8.990285E-01 -3.297134E-03  0.000000E+00  6.118617E-03  5.026640E-04  1.379185E-18  2.511813E-01  0.000000E+00
  4.266405E+00 -1.131980E-02  5.000000E-01  9.060715E-01 -2.725845E-03  0.000000E+00  5.946139E-03  4.743045E-04  5.844128E-20  2.621916E-01  0.000000E+00
  4.299502E+00 -8.726307E-03  5.000000E-01  9.131006E-01 -2.175052E-03  0.000000E+00  5.776191E-03  4.410730E-04 -2.807541E-19  2.736039E-01  0.000000E+00
  4.332522E+00 -6.274145E-03  5.000000E-01  9.201132E-01 -1.654273E-03  0.000000E+00  5.620097E-03  4.026786E-04 -4.992600E-19  2.849427E-01  0.000000E+00
  4.365472E+00 -4.004150E-03  5.000000E-01  9.271110E-01 -1.172182E-03  0.000000E+00  5.488804E-03  3.602060E-04 -1.554200E-18  2.955481E-01  0.000000E+00
  4.398350E+00 -1.958462E-03  5.000000E-01  9.340935E-01 -7.377278E-04  0.000000E+00  5.393842E-03  3.142532E-04 -7.720658E-19  3.050192E-01  0.000000E+00
  4.431155E+00 -1.801262E-04  5.000000E-01  9.410605E-01 -3.600531E-04  0.000000E+00  5.347295E-03  2.644342E-04  3.592412E-19  3.131599E-01  0.000000E+00
  4.463888E+00  1.280488E-03  5.000000E-01  9.480121E-01 -4.985459E-05  0.000000E+00  5.357434E-03  2.101990E-04 -3.121095E-19  3.196284E-01  0.000000E+00
  4.496579E+00  2.385842E-03  5.000000E-01  9.549550E-01  1.848954E-04  0.000000E+00  5.420378E-03  1.514698E-04 -4.676604E-19  3.241467E-01  0.000000E+00
  4.529252E+00  3.111406E-03  5.000000E-01  9.618938E-01  3.389874E-04  0.000000E+00  5.506056E-03  8.952735E-05 -5.200348E-20  3.267696E-01  0.000000E+00
  4.561929E+00  3.449810E-03  5.000000E-01  9.688337E-01  4.108562E-04  0.000000E+00  5.535970E-03  2.567868E-05 -4.230755E-20  3.264798E-01  0.000000E+00
  4.594574E+00  3.390283E-03  5.000000E-01  9.757665E-01  3.982141E-04  0.000000E+00  5.388995E-03 -4.412673E-05 -2.340870E-19  3.222663E-01  0.000000E+00
  4.627203E+00  2.917655E-03  5.000000E-01  9.826962E-01  2.978396E-04  0.000000E+00  5.001165E-03 -1.152028E-04 -3.344008E-19  3.218723E-01  0.000000E+00
  4.659162E+00  2.031765E-03  5.000000E-01  9.894835E-01  1.096983E-04  0.000000E+00  4.429528E-03 -1.458381E-04  1.116827E-18  3.273762E-01  0.000000E+00
  4.689251E+00  7.884110E-04  5.000000E-01  9.958737E-01 -1.543596E-04  0.000000E+00  3.628277E-03 -1.363186E-04  6.247732E-18  2.785633E-01  0.000000E+00
  4.708680E+00 -2.411744E-04  5.000000E-01  9.999999E-01 -3.730182E-04  0.000000E+00  2.645740E-03 -1.858365E-04  7.018273E-18  1.379386E-01  0.000000E+00
    1    2
    2    3
    3    4
    4    5
    5    6
    6    7
    7    8
    8    9
    9   10
   10   11
   11   12
   12   13
   13   14
   14   15
   15   16
   16   17
   17   18
   18   19
   19   20
   20   21
   21   22
   22   23
   23   24
   24   25
   25   26
   26   27
   27   28
   28   29
   29   30
   30   31
   31   32
   32   33
   33   34
   34   35
   35   36
   36   37
   37   38
   38   39
   39   40
   40   41
   41   42
   42   43
   43   44
   44   45
   45   46
   46   47
   47   48
   48   49
   49   50
   50   51
   51   52
   52   53
   53   54
   54   55
   55   56
   56   57
   57   58
   58   59
   59   60
   60   61
   61   62
   62   63
   63   64
   64   65
   65   66
   66   67
   67   68
   68   69
   69   70
   70   71
   71   72
   72   73
   73   74
   74   75
   75   76
   76   77
   77   78
   78   79
   79   80
   80   81
   81   82
   82   83
   83   84
   84   85
   85   86
   86   87
   87   88
   88   89
   89   90
   90   91
   91   92
   92   93
   93   94
   94   95
   95   96
   96   97
   97   98
   98   99
   99  100
  100  101
  101  102
  102  103
  103  104
  104  105
  105  106
  106  107
  107  108
  108  109
  109  110
  110  111
  111  112
  112  113
  113  114
  114  115
  115  116
  116  117
  117  118
  118  119
  119  120
  120  121
  121  122
  122  123
  123  124
  124  125
  125  126
  126  127
  127  128
  128  129
  129  130
  130  131
  131  132
  132  133
  133  134
  134  135
  135  136
  136  137
  137  138
  138  139
  139  140
  140  141
  141  142
  142  143
  143  144
  144  145
  145  146
  146  147
  147  148
  148  149
  149  150
  151  152
  152  153
  153  154
  154  155
  155  156
  156  157
  157  158
  158  159
  159  160
  160  161
  161  162
  162  163
  163  164
  164  165
  165  166
  166  167
  167  168
  168  169
  169  170
  170  171
  171  172
  172  173
  173  174
  174  175
  175  176
  176  177
  177  178
  178  179
  179  180
  180  181
  181  182
  182  183
  183  184
  184  185
  185  186
  186  187
  187  188
  188  189
  189  190
  190  191
  191  192
  192  193
  193  194
  194  195
  195  196
  196  197
  197  198
  198  199
  199  200
  200  201
  201  202
  202  203
  203  204
  204  205
  205  206
  206  207
  207  208
  208  209
  209  210
  210  211
  211  212
  212  213
  213  214
  214  215
  215  216
  216  217
  217  218
  218  219
  219  220
  220  221
  221  222
  222  223
  223  224
  224  225
  225  226
  226  227
  227  228
  228  229
  229  230
  230  231
  231  232
  232  233
  233  234
  234  235
  235  236
  236  237
  237  238
  238  239
  239  240
  240  241
  241  242
  242  243
  243  244
  244  245
  245  246
  246  247
  247  248
  248  249
  249  250
  250  251
  251  252
  252  253
  253  254
  254  255
  255  256
  256  257
  257  258
  258  259
  259  260
  260  261
  261  262
  262  263
  263  264
  264  265
  265  266
  266  267
  267  268
  268  269
  269  270
  270  271
  271  272
  272  273
  273  274
  274  275
  275  276
  276  277
  277  278
  278  279
  279  280
  280  281
  281  282
  282  283
  283  284
  284  285
  285  286
  286  287
  287  288
  288  289
  289  290
  290  291
  291  292
  292  293
  293  294
  294  295
  295  296
  296  297
  297  298
  298  299
  299  300
