 Title = "ADflow Slice Data"
Variables =  "CoordinateX"  "CoordinateY"  "CoordinateZ"  "XoC"  "YoC"  "ZoC" "VelocityX" "VelocityY" "VelocityZ" "CoefPressure" "Mach" 
Zone T= "Slice_0001 None Absolute Regular z = 0.50000000"
 Nodes =          300  Elements=          298  ZONETYPE=FELINESEG
 DATAPACKING=POINT
  4.708680E+00 -5.390697E-04  5.000000E-01  9.999999E-01 -3.196687E-04  0.000000E+00  2.171604E-03 -1.229413E-04  5.391098E-18  1.759985E-01  0.000000E+00
  4.689187E+00  2.751724E-03  5.000000E-01  9.958601E-01  3.792150E-04  0.000000E+00  1.736833E-03 -2.617102E-04  1.070359E-18  1.187145E-01  0.000000E+00
  4.658673E+00  7.902436E-03  5.000000E-01  9.893797E-01  1.473100E-03  0.000000E+00  1.620439E-03 -2.938097E-04  1.187890E-18  1.402513E-01  0.000000E+00
  4.626256E+00  1.335749E-02  5.000000E-01  9.824952E-01  2.631619E-03  0.000000E+00  1.638051E-03 -2.746875E-04  2.545476E-18  1.289617E-01  0.000000E+00
  4.593146E+00  1.889471E-02  5.000000E-01  9.754635E-01  3.807589E-03  0.000000E+00  1.802794E-03 -2.948979E-04  1.115185E-18  1.041025E-01  0.000000E+00
  4.560031E+00  2.438419E-02  5.000000E-01  9.684306E-01  4.973419E-03  0.000000E+00  2.108349E-03 -3.476853E-04  4.721075E-19  8.421539E-02  0.000000E+00
  4.526891E+00  2.981770E-02  5.000000E-01  9.613923E-01  6.127364E-03  0.000000E+00  2.498832E-03 -4.079432E-04 -3.940119E-19  6.489371E-02  0.000000E+00
  4.493752E+00  3.518041E-02  5.000000E-01  9.543545E-01  7.266271E-03  0.000000E+00  2.935160E-03 -4.709979E-04  7.056882E-19  4.275300E-02  0.000000E+00
  4.460612E+00  4.046067E-02  5.000000E-01  9.473164E-01  8.387669E-03  0.000000E+00  3.395136E-03 -5.357367E-04  3.476326E-18  1.900794E-02  0.000000E+00
  4.427470E+00  4.564883E-02  5.000000E-01  9.402779E-01  9.489506E-03  0.000000E+00  3.860975E-03 -5.978899E-04  6.185900E-19 -5.467527E-03  0.000000E+00
  4.394325E+00  5.073069E-02  5.000000E-01  9.332387E-01  1.056877E-02  0.000000E+00  4.323588E-03 -6.549394E-04 -1.746548E-18 -3.066412E-02  0.000000E+00
  4.361178E+00  5.569522E-02  5.000000E-01  9.261991E-01  1.162311E-02  0.000000E+00  4.784582E-03 -7.068197E-04 -1.069789E-18 -5.659017E-02  0.000000E+00
  4.328027E+00  6.052966E-02  5.000000E-01  9.191586E-01  1.264983E-02  0.000000E+00  5.250741E-03 -7.539111E-04 -5.948797E-19 -8.315323E-02  0.000000E+00
  4.294876E+00  6.521986E-02  5.000000E-01  9.121181E-01  1.364591E-02  0.000000E+00  5.728407E-03 -7.966228E-04 -1.104357E-19 -1.102868E-01  0.000000E+00
  4.261727E+00  6.975432E-02  5.000000E-01  9.050782E-01  1.460892E-02  0.000000E+00  6.221384E-03 -8.350477E-04  1.643568E-18 -1.379394E-01  0.000000E+00
  4.228582E+00  7.412221E-02  5.000000E-01  8.980388E-01  1.553655E-02  0.000000E+00  6.731339E-03 -8.683708E-04  2.683587E-18 -1.660453E-01  0.000000E+00
  4.195443E+00  7.831023E-02  5.000000E-01  8.910010E-01  1.642598E-02  0.000000E+00  7.259144E-03 -8.956165E-04  2.500554E-18 -1.943686E-01  0.000000E+00
  4.162308E+00  8.230446E-02  5.000000E-01  8.839639E-01  1.727426E-02  0.000000E+00  7.804742E-03 -9.161694E-04  1.404102E-18 -2.227162E-01  0.000000E+00
  4.129179E+00  8.609387E-02  5.000000E-01  8.769281E-01  1.807904E-02  0.000000E+00  8.367959E-03 -9.292186E-04  9.962688E-19 -2.511554E-01  0.000000E+00
  4.096054E+00  8.966583E-02  5.000000E-01  8.698932E-01  1.883764E-02  0.000000E+00  8.949510E-03 -9.340338E-04  2.016544E-18 -2.798795E-01  0.000000E+00
  4.062934E+00  9.301062E-02  5.000000E-01  8.628593E-01  1.954799E-02  0.000000E+00  9.549322E-03 -9.299505E-04  1.281385E-18 -3.088148E-01  0.000000E+00
  4.029817E+00  9.611870E-02  5.000000E-01  8.558262E-01  2.020807E-02  0.000000E+00  1.016131E-02 -9.158033E-04 -1.680887E-19 -3.370601E-01  0.000000E+00
  3.996705E+00  9.898258E-02  5.000000E-01  8.487940E-01  2.081628E-02  0.000000E+00  1.076612E-02 -8.902044E-04 -3.056689E-19 -3.627017E-01  0.000000E+00
  3.963594E+00  1.015986E-01  5.000000E-01  8.417620E-01  2.137186E-02  0.000000E+00  1.132676E-02 -8.517088E-04 -1.105593E-18 -3.832155E-01  0.000000E+00
  3.930486E+00  1.039666E-01  5.000000E-01  8.347306E-01  2.187477E-02  0.000000E+00  1.179151E-02 -7.991101E-04 -2.201814E-18 -3.964078E-01  0.000000E+00
  3.897377E+00  1.060896E-01  5.000000E-01  8.276991E-01  2.232564E-02  0.000000E+00  1.210716E-02 -7.332200E-04 -2.108497E-18 -4.013617E-01  0.000000E+00
  3.864269E+00  1.079776E-01  5.000000E-01  8.206677E-01  2.272661E-02  0.000000E+00  1.223766E-02 -6.573669E-04 -6.762778E-19 -3.987488E-01  0.000000E+00
  3.831161E+00  1.096438E-01  5.000000E-01  8.136366E-01  2.308047E-02  0.000000E+00  1.217480E-02 -5.770844E-04 -6.391080E-20 -3.905392E-01  0.000000E+00
  3.798054E+00  1.111100E-01  5.000000E-01  8.066053E-01  2.339186E-02  0.000000E+00  1.193582E-02 -4.990854E-04 -1.493329E-19 -3.790959E-01  0.000000E+00
  3.764948E+00  1.124044E-01  5.000000E-01  7.995744E-01  2.366675E-02  0.000000E+00  1.155100E-02 -4.294416E-04 -5.310605E-19 -3.660369E-01  0.000000E+00
  3.731842E+00  1.135634E-01  5.000000E-01  7.925435E-01  2.391289E-02  0.000000E+00  1.104887E-02 -3.725440E-04 -1.092183E-18 -3.516675E-01  0.000000E+00
  3.698737E+00  1.146323E-01  5.000000E-01  7.855130E-01  2.413989E-02  0.000000E+00  1.045391E-02 -3.281090E-04 -1.259566E-18 -3.350162E-01  0.000000E+00
  3.665634E+00  1.156446E-01  5.000000E-01  7.784827E-01  2.435489E-02  0.000000E+00  9.795067E-03 -2.912360E-04 -1.491468E-18 -3.156259E-01  0.000000E+00
  3.632534E+00  1.166071E-01  5.000000E-01  7.714529E-01  2.455931E-02  0.000000E+00  9.118156E-03 -2.589588E-04 -9.401986E-19 -2.972603E-01  0.000000E+00
  3.599434E+00  1.175226E-01  5.000000E-01  7.644234E-01  2.475374E-02  0.000000E+00  8.504883E-03 -2.320108E-04 -5.109954E-19 -2.891552E-01  0.000000E+00
  3.566334E+00  1.183944E-01  5.000000E-01  7.573938E-01  2.493888E-02  0.000000E+00  8.088605E-03 -2.115265E-04 -6.130836E-19 -3.017334E-01  0.000000E+00
  3.533236E+00  1.192245E-01  5.000000E-01  7.503646E-01  2.511517E-02  0.000000E+00  8.040083E-03 -1.991268E-04 -4.742099E-19 -3.392738E-01  0.000000E+00
  3.500138E+00  1.200139E-01  5.000000E-01  7.433353E-01  2.528282E-02  0.000000E+00  8.503476E-03 -1.976302E-04 -3.462330E-19 -3.955432E-01  0.000000E+00
  3.467038E+00  1.207648E-01  5.000000E-01  7.363057E-01  2.544229E-02  0.000000E+00  9.493754E-03 -2.079554E-04 -5.774315E-19 -4.569856E-01  0.000000E+00
  3.433936E+00  1.214785E-01  5.000000E-01  7.292757E-01  2.559386E-02  0.000000E+00  1.083069E-02 -2.255146E-04 -3.341526E-19 -5.108105E-01  0.000000E+00
  3.400832E+00  1.221556E-01  5.000000E-01  7.222453E-01  2.573767E-02  0.000000E+00  1.219772E-02 -2.420462E-04  3.072125E-19 -5.507745E-01  0.000000E+00
  3.367728E+00  1.227964E-01  5.000000E-01  7.152146E-01  2.587376E-02  0.000000E+00  1.330466E-02 -2.504939E-04  5.074381E-19 -5.770980E-01  0.000000E+00
  3.334620E+00  1.234000E-01  5.000000E-01  7.081834E-01  2.600195E-02  0.000000E+00  1.402257E-02 -2.485235E-04  6.172168E-19 -5.931043E-01  0.000000E+00
  3.301512E+00  1.239651E-01  5.000000E-01  7.011520E-01  2.612195E-02  0.000000E+00  1.439272E-02 -2.380122E-04  9.020316E-19 -6.023364E-01  0.000000E+00
  3.268401E+00  1.244897E-01  5.000000E-01  6.941201E-01  2.623337E-02  0.000000E+00  1.454067E-02 -2.220601E-04  9.794189E-19 -6.074193E-01  0.000000E+00
  3.235290E+00  1.249712E-01  5.000000E-01  6.870881E-01  2.633563E-02  0.000000E+00  1.458650E-02 -2.029345E-04  8.629274E-19 -6.100446E-01  0.000000E+00
  3.202177E+00  1.254061E-01  5.000000E-01  6.800557E-01  2.642798E-02  0.000000E+00  1.460379E-02 -1.817971E-04  8.941601E-19 -6.112292E-01  0.000000E+00
  3.169063E+00  1.257910E-01  5.000000E-01  6.730231E-01  2.650973E-02  0.000000E+00  1.462244E-02 -1.589816E-04  1.150333E-18 -6.114850E-01  0.000000E+00
  3.135947E+00  1.261219E-01  5.000000E-01  6.659902E-01  2.658000E-02  0.000000E+00  1.464657E-02 -1.348364E-04  1.592233E-18 -6.110374E-01  0.000000E+00
  3.102831E+00  1.263965E-01  5.000000E-01  6.589571E-01  2.663832E-02  0.000000E+00  1.467012E-02 -1.107102E-04  1.790959E-18 -6.100783E-01  0.000000E+00
  3.069714E+00  1.266173E-01  5.000000E-01  6.519238E-01  2.668523E-02  0.000000E+00  1.468727E-02 -8.785509E-05  1.714762E-18 -6.087822E-01  0.000000E+00
  3.036593E+00  1.267883E-01  5.000000E-01  6.448898E-01  2.672154E-02  0.000000E+00  1.469622E-02 -6.652810E-05  1.521671E-18 -6.072508E-01  0.000000E+00
  3.003475E+00  1.269130E-01  5.000000E-01  6.378564E-01  2.674801E-02  0.000000E+00  1.469799E-02 -4.648618E-05  1.143624E-18 -6.055358E-01  0.000000E+00
  2.970356E+00  1.269935E-01  5.000000E-01  6.308226E-01  2.676512E-02  0.000000E+00  1.469402E-02 -2.783482E-05  7.427229E-19 -6.037205E-01  0.000000E+00
  2.937236E+00  1.270341E-01  5.000000E-01  6.237888E-01  2.677374E-02  0.000000E+00  1.468589E-02 -1.072496E-05  4.002630E-19 -6.019020E-01  0.000000E+00
  2.904117E+00  1.270376E-01  5.000000E-01  6.167550E-01  2.677448E-02  0.000000E+00  1.467546E-02  4.952448E-06  1.548948E-19 -6.001577E-01  0.000000E+00
  2.870996E+00  1.270074E-01  5.000000E-01  6.097211E-01  2.676807E-02  0.000000E+00  1.466440E-02  1.916352E-05  3.973439E-20 -5.985793E-01  0.000000E+00
  2.837877E+00  1.269467E-01  5.000000E-01  6.026873E-01  2.675518E-02  0.000000E+00  1.465457E-02  3.197176E-05 -2.728763E-20 -5.972406E-01  0.000000E+00
  2.804757E+00  1.268585E-01  5.000000E-01  5.956535E-01  2.673645E-02  0.000000E+00  1.464777E-02  4.338828E-05 -7.044857E-20 -5.962113E-01  0.000000E+00
  2.771639E+00  1.267462E-01  5.000000E-01  5.886200E-01  2.671260E-02  0.000000E+00  1.464593E-02  5.359018E-05 -6.458877E-20 -5.955329E-01  0.000000E+00
  2.738522E+00  1.266119E-01  5.000000E-01  5.815867E-01  2.668407E-02  0.000000E+00  1.465070E-02  6.261479E-05 -3.890142E-20 -5.952486E-01  0.000000E+00
  2.705406E+00  1.264588E-01  5.000000E-01  5.745537E-01  2.665157E-02  0.000000E+00  1.466352E-02  7.040363E-05 -8.504108E-21 -5.953986E-01  0.000000E+00
  2.672292E+00  1.262896E-01  5.000000E-01  5.675211E-01  2.661562E-02  0.000000E+00  1.468564E-02  7.704526E-05  4.060880E-20 -5.959948E-01  0.000000E+00
  2.639177E+00  1.261069E-01  5.000000E-01  5.604885E-01  2.657683E-02  0.000000E+00  1.471764E-02  8.257172E-05  8.508703E-20 -5.970197E-01  0.000000E+00
  2.606068E+00  1.259136E-01  5.000000E-01  5.534568E-01  2.653577E-02  0.000000E+00  1.475964E-02  8.756446E-05  6.445819E-20 -5.983445E-01  0.000000E+00
  2.572958E+00  1.257097E-01  5.000000E-01  5.464251E-01  2.649247E-02  0.000000E+00  1.481051E-02  9.299847E-05  3.693350E-20 -5.997476E-01  0.000000E+00
  2.539852E+00  1.254936E-01  5.000000E-01  5.393941E-01  2.644657E-02  0.000000E+00  1.486720E-02  9.974294E-05  8.295376E-20 -6.009880E-01  0.000000E+00
  2.506749E+00  1.252614E-01  5.000000E-01  5.323639E-01  2.639725E-02  0.000000E+00  1.492510E-02  1.081410E-04  1.021062E-19 -6.018913E-01  0.000000E+00
  2.473650E+00  1.250097E-01  5.000000E-01  5.253345E-01  2.634380E-02  0.000000E+00  1.497935E-02  1.181090E-04  9.979132E-20 -6.023718E-01  0.000000E+00
  2.440554E+00  1.247351E-01  5.000000E-01  5.183056E-01  2.628548E-02  0.000000E+00  1.502637E-02  1.294561E-04  1.711222E-19 -6.023981E-01  0.000000E+00
  2.407460E+00  1.244351E-01  5.000000E-01  5.112774E-01  2.622178E-02  0.000000E+00  1.506446E-02  1.422609E-04  2.089437E-19 -6.019445E-01  0.000000E+00
  2.374373E+00  1.241059E-01  5.000000E-01  5.042504E-01  2.615187E-02  0.000000E+00  1.509313E-02  1.566407E-04  1.651925E-19 -6.010160E-01  0.000000E+00
  2.341286E+00  1.237441E-01  5.000000E-01  4.972236E-01  2.607501E-02  0.000000E+00  1.511213E-02  1.719234E-04  4.606234E-20 -5.997399E-01  0.000000E+00
  2.308194E+00  1.233486E-01  5.000000E-01  4.901958E-01  2.599103E-02  0.000000E+00  1.512253E-02  1.872207E-04  2.112670E-20 -5.983026E-01  0.000000E+00
  2.275097E+00  1.229201E-01  5.000000E-01  4.831667E-01  2.590003E-02  0.000000E+00  1.512724E-02  2.020881E-04  7.967027E-21 -5.968592E-01  0.000000E+00
  2.241991E+00  1.224597E-01  5.000000E-01  4.761359E-01  2.580224E-02  0.000000E+00  1.512989E-02  2.164176E-04 -5.131986E-20 -5.955144E-01  0.000000E+00
  2.208879E+00  1.219685E-01  5.000000E-01  4.691038E-01  2.569792E-02  0.000000E+00  1.513360E-02  2.302766E-04 -3.640918E-19 -5.943215E-01  0.000000E+00
  2.175760E+00  1.214474E-01  5.000000E-01  4.620701E-01  2.558726E-02  0.000000E+00  1.514031E-02  2.437500E-04 -4.145158E-19 -5.932996E-01  0.000000E+00
  2.142637E+00  1.208975E-01  5.000000E-01  4.550354E-01  2.547048E-02  0.000000E+00  1.515079E-02  2.569135E-04 -2.527742E-19 -5.924436E-01  0.000000E+00
  2.109507E+00  1.203195E-01  5.000000E-01  4.479994E-01  2.534771E-02  0.000000E+00  1.516492E-02  2.698444E-04 -5.389423E-19 -5.917276E-01  0.000000E+00
  2.076374E+00  1.197141E-01  5.000000E-01  4.409628E-01  2.521914E-02  0.000000E+00  1.518229E-02  2.828553E-04 -5.264505E-19 -5.910923E-01  0.000000E+00
  2.043241E+00  1.190805E-01  5.000000E-01  4.339262E-01  2.508459E-02  0.000000E+00  1.520181E-02  2.960830E-04 -2.909837E-19 -5.904982E-01  0.000000E+00
  2.010106E+00  1.184189E-01  5.000000E-01  4.268892E-01  2.494408E-02  0.000000E+00  1.522215E-02  3.093474E-04 -7.197172E-20 -5.899428E-01  0.000000E+00
  1.976970E+00  1.177293E-01  5.000000E-01  4.198519E-01  2.479763E-02  0.000000E+00  1.524263E-02  3.227159E-04 -7.778390E-20 -5.894067E-01  0.000000E+00
  1.943835E+00  1.170114E-01  5.000000E-01  4.128148E-01  2.464517E-02  0.000000E+00  1.526293E-02  3.363047E-04 -3.870090E-19 -5.888748E-01  0.000000E+00
  1.910699E+00  1.162646E-01  5.000000E-01  4.057776E-01  2.448657E-02  0.000000E+00  1.528267E-02  3.499549E-04 -6.741015E-19 -5.883682E-01  0.000000E+00
  1.877561E+00  1.154894E-01  5.000000E-01  3.987399E-01  2.432192E-02  0.000000E+00  1.530200E-02  3.635929E-04 -6.597070E-19 -5.879099E-01  0.000000E+00
  1.844424E+00  1.146854E-01  5.000000E-01  3.917024E-01  2.415118E-02  0.000000E+00  1.532140E-02  3.771727E-04 -6.660274E-19 -5.875290E-01  0.000000E+00
  1.811282E+00  1.138532E-01  5.000000E-01  3.846638E-01  2.397444E-02  0.000000E+00  1.534143E-02  3.904318E-04 -1.071567E-18 -5.872789E-01  0.000000E+00
  1.778139E+00  1.129940E-01  5.000000E-01  3.776250E-01  2.379197E-02  0.000000E+00  1.536323E-02  4.034419E-04 -1.232076E-18 -5.871763E-01  0.000000E+00
  1.744992E+00  1.121079E-01  5.000000E-01  3.705854E-01  2.360378E-02  0.000000E+00  1.538768E-02  4.162390E-04 -8.979474E-19 -5.872350E-01  0.000000E+00
  1.711843E+00  1.111962E-01  5.000000E-01  3.635455E-01  2.341016E-02  0.000000E+00  1.541542E-02  4.288750E-04 -4.643112E-19 -5.874584E-01  0.000000E+00
  1.678692E+00  1.102588E-01  5.000000E-01  3.565049E-01  2.321108E-02  0.000000E+00  1.544672E-02  4.413701E-04 -2.566100E-19 -5.878410E-01  0.000000E+00
  1.645539E+00  1.092971E-01  5.000000E-01  3.494640E-01  2.300683E-02  0.000000E+00  1.548162E-02  4.538556E-04 -7.852804E-20 -5.883501E-01  0.000000E+00
  1.612385E+00  1.083105E-01  5.000000E-01  3.424230E-01  2.279731E-02  0.000000E+00  1.551993E-02  4.666723E-04 -8.391350E-20 -5.889185E-01  0.000000E+00
  1.579236E+00  1.072990E-01  5.000000E-01  3.353830E-01  2.258248E-02  0.000000E+00  1.556091E-02  4.801219E-04 -3.534404E-19 -5.894820E-01  0.000000E+00
  1.546090E+00  1.062605E-01  5.000000E-01  3.283435E-01  2.236194E-02  0.000000E+00  1.560322E-02  4.941161E-04 -1.367467E-19 -5.900290E-01  0.000000E+00
  1.512946E+00  1.051951E-01  5.000000E-01  3.213046E-01  2.213567E-02  0.000000E+00  1.564579E-02  5.083732E-04 -1.699282E-20 -5.905815E-01  0.000000E+00
  1.479807E+00  1.041023E-01  5.000000E-01  3.142666E-01  2.190358E-02  0.000000E+00  1.568862E-02  5.230451E-04  1.471421E-19 -5.911288E-01  0.000000E+00
  1.446672E+00  1.029810E-01  5.000000E-01  3.072296E-01  2.166545E-02  0.000000E+00  1.573176E-02  5.381724E-04  7.705804E-19 -5.916704E-01  0.000000E+00
  1.413540E+00  1.018307E-01  5.000000E-01  3.001932E-01  2.142116E-02  0.000000E+00  1.577524E-02  5.537868E-04  5.626269E-19 -5.921986E-01  0.000000E+00
  1.380413E+00  1.006504E-01  5.000000E-01  2.931579E-01  2.117050E-02  0.000000E+00  1.581907E-02  5.701196E-04 -1.310886E-19 -5.926787E-01  0.000000E+00
  1.347294E+00  9.943865E-02  5.000000E-01  2.861242E-01  2.091314E-02  0.000000E+00  1.586278E-02  5.873368E-04 -2.626340E-19 -5.930782E-01  0.000000E+00
  1.314179E+00  9.819346E-02  5.000000E-01  2.790914E-01  2.064869E-02  0.000000E+00  1.590548E-02  6.053786E-04  4.169518E-22 -5.933877E-01  0.000000E+00
  1.281074E+00  9.691366E-02  5.000000E-01  2.720606E-01  2.037690E-02  0.000000E+00  1.594645E-02  6.242965E-04 -1.066298E-19 -5.935985E-01  0.000000E+00
  1.247974E+00  9.559692E-02  5.000000E-01  2.650310E-01  2.009725E-02  0.000000E+00  1.598499E-02  6.439603E-04 -5.586339E-19 -5.937315E-01  0.000000E+00
  1.214880E+00  9.424238E-02  5.000000E-01  2.580028E-01  1.980958E-02  0.000000E+00  1.602080E-02  6.642672E-04 -5.928308E-19 -5.938115E-01  0.000000E+00
  1.181795E+00  9.284838E-02  5.000000E-01  2.509763E-01  1.951353E-02  0.000000E+00  1.605404E-02  6.853615E-04 -5.938179E-19 -5.938465E-01  0.000000E+00
  1.148718E+00  9.141321E-02  5.000000E-01  2.439516E-01  1.920874E-02  0.000000E+00  1.608456E-02  7.070231E-04 -7.886237E-19 -5.938858E-01  0.000000E+00
  1.115646E+00  8.993599E-02  5.000000E-01  2.369279E-01  1.889501E-02  0.000000E+00  1.611251E-02  7.290017E-04 -7.525869E-19 -5.939868E-01  0.000000E+00
  1.082583E+00  8.841629E-02  5.000000E-01  2.299061E-01  1.857226E-02  0.000000E+00  1.613869E-02  7.513057E-04 -2.912743E-19 -5.941882E-01  0.000000E+00
  1.049524E+00  8.685316E-02  5.000000E-01  2.228852E-01  1.824029E-02  0.000000E+00  1.616424E-02  7.739070E-04  6.565014E-21 -5.945442E-01  0.000000E+00
  1.016475E+00  8.524667E-02  5.000000E-01  2.158664E-01  1.789911E-02  0.000000E+00  1.619069E-02  7.967328E-04 -4.893875E-20 -5.951448E-01  0.000000E+00
  9.834318E-01  8.359611E-02  5.000000E-01  2.088488E-01  1.754858E-02  0.000000E+00  1.621943E-02  8.189766E-04  5.076329E-19 -5.961886E-01  0.000000E+00
  9.503976E-01  8.190522E-02  5.000000E-01  2.018331E-01  1.718947E-02  0.000000E+00  1.625282E-02  8.397687E-04  8.151009E-19 -5.978871E-01  0.000000E+00
  9.173728E-01  8.017796E-02  5.000000E-01  1.948195E-01  1.682265E-02  0.000000E+00  1.629484E-02  8.594506E-04 -1.459067E-19 -6.002921E-01  0.000000E+00
  8.843598E-01  7.841732E-02  5.000000E-01  1.878083E-01  1.644873E-02  0.000000E+00  1.634878E-02  8.790627E-04 -6.284766E-19 -6.033067E-01  0.000000E+00
  8.513623E-01  7.662394E-02  5.000000E-01  1.808005E-01  1.606786E-02  0.000000E+00  1.641533E-02  8.995699E-04 -3.163455E-19 -6.067701E-01  0.000000E+00
  8.183794E-01  7.479690E-02  5.000000E-01  1.737957E-01  1.567984E-02  0.000000E+00  1.649239E-02  9.213946E-04 -2.869099E-19 -6.105497E-01  0.000000E+00
  7.854121E-01  7.293476E-02  5.000000E-01  1.667943E-01  1.528437E-02  0.000000E+00  1.657675E-02  9.446675E-04 -1.053204E-18 -6.145585E-01  0.000000E+00
  7.524593E-01  7.103552E-02  5.000000E-01  1.597959E-01  1.488102E-02  0.000000E+00  1.666548E-02  9.694142E-04 -5.690437E-19 -6.187457E-01  0.000000E+00
  7.195226E-01  6.909723E-02  5.000000E-01  1.528009E-01  1.446937E-02  0.000000E+00  1.675665E-02  9.958667E-04 -1.862095E-19 -6.230559E-01  0.000000E+00
  6.866079E-01  6.711714E-02  5.000000E-01  1.458107E-01  1.404885E-02  0.000000E+00  1.684894E-02  1.024621E-03 -9.819387E-19 -6.274027E-01  0.000000E+00
  6.537221E-01  6.509107E-02  5.000000E-01  1.388265E-01  1.361856E-02  0.000000E+00  1.694054E-02  1.056242E-03 -1.588716E-18 -6.317074E-01  0.000000E+00
  6.208691E-01  6.301368E-02  5.000000E-01  1.318494E-01  1.317737E-02  0.000000E+00  1.702865E-02  1.090937E-03 -2.125059E-18 -6.359521E-01  0.000000E+00
  5.880524E-01  6.087929E-02  5.000000E-01  1.248799E-01  1.272408E-02  0.000000E+00  1.711012E-02  1.128470E-03 -2.089903E-18 -6.402107E-01  0.000000E+00
  5.552711E-01  5.868251E-02  5.000000E-01  1.179180E-01  1.225754E-02  0.000000E+00  1.718249E-02  1.168318E-03 -2.098717E-18 -6.446402E-01  0.000000E+00
  5.225283E-01  5.641927E-02  5.000000E-01  1.109642E-01  1.177688E-02  0.000000E+00  1.724483E-02  1.210175E-03 -2.570155E-18 -6.494380E-01  0.000000E+00
  4.898261E-01  5.408515E-02  5.000000E-01  1.040191E-01  1.128117E-02  0.000000E+00  1.729694E-02  1.253651E-03 -2.781291E-18 -6.548781E-01  0.000000E+00
  4.571624E-01  5.167689E-02  5.000000E-01  9.708209E-02  1.076972E-02  0.000000E+00  1.733844E-02  1.297884E-03 -2.067930E-18 -6.613519E-01  0.000000E+00
  4.245350E-01  4.919270E-02  5.000000E-01  9.015283E-02  1.024214E-02  0.000000E+00  1.736848E-02  1.341643E-03 -1.958353E-18 -6.693264E-01  0.000000E+00
  3.919369E-01  4.663308E-02  5.000000E-01  8.322981E-02  9.698537E-03  0.000000E+00  1.738535E-02  1.383844E-03 -1.769921E-18 -6.791958E-01  0.000000E+00
  3.593832E-01  4.400120E-02  5.000000E-01  7.631620E-02  9.139590E-03  0.000000E+00  1.738536E-02  1.424874E-03 -3.061919E-18 -6.910372E-01  0.000000E+00
  3.269046E-01  4.129811E-02  5.000000E-01  6.941854E-02  8.565521E-03  0.000000E+00  1.735962E-02  1.467177E-03 -1.115111E-17 -7.045343E-01  0.000000E+00
  2.945750E-01  3.852005E-02  5.000000E-01  6.255253E-02  7.975528E-03  0.000000E+00  1.729046E-02  1.513466E-03 -2.745222E-17 -7.193249E-01  0.000000E+00
  2.624265E-01  3.565066E-02  5.000000E-01  5.572497E-02  7.366140E-03  0.000000E+00  1.715252E-02  1.561205E-03 -3.046407E-17 -7.358460E-01  0.000000E+00
  2.304268E-01  3.267723E-02  5.000000E-01  4.892903E-02  6.734656E-03  0.000000E+00  1.693313E-02  1.604621E-03  6.343231E-17 -7.555528E-01  0.000000E+00
  1.986088E-01  2.960012E-02  5.000000E-01  4.217166E-02  6.081154E-03  0.000000E+00  1.665695E-02  1.640300E-03  3.979316E-16 -7.807834E-01  0.000000E+00
  1.669282E-01  2.641505E-02  5.000000E-01  3.544349E-02  5.404724E-03  0.000000E+00  1.638545E-02  1.657781E-03  1.005249E-15 -8.157265E-01  0.000000E+00
  1.350509E-01  2.315359E-02  5.000000E-01  2.867354E-02  4.712069E-03  0.000000E+00  1.625970E-02  1.677015E-03  1.298263E-15 -8.625661E-01  0.000000E+00
  1.043791E-01  1.996764E-02  5.000000E-01  2.215959E-02  4.035453E-03  0.000000E+00  1.650682E-02  1.796211E-03 -4.762379E-16 -9.167983E-01  0.000000E+00
  7.632629E-02  1.677838E-02  5.000000E-01  1.620187E-02  3.358131E-03  0.000000E+00  1.719123E-02  2.069594E-03 -5.958532E-15 -9.785367E-01  0.000000E+00
  5.118571E-02  1.356505E-02  5.000000E-01  1.086263E-02  2.675700E-03  0.000000E+00  1.829207E-02  2.528567E-03 -1.033916E-14 -1.050377E+00  0.000000E+00
  3.264831E-02  1.083034E-02  5.000000E-01  6.925739E-03  2.094915E-03  0.000000E+00  2.022632E-02  3.435234E-03  7.513249E-15 -1.118860E+00  0.000000E+00
  2.051015E-02  8.542507E-03  5.000000E-01  4.347893E-03  1.609035E-03  0.000000E+00  2.362999E-02  5.139472E-03  8.030410E-14 -1.175002E+00  0.000000E+00
  1.247723E-02  6.585469E-03  5.000000E-01  2.641898E-03  1.193408E-03  0.000000E+00  2.973601E-02  8.211774E-03  2.110111E-13 -1.229034E+00  0.000000E+00
  7.055255E-03  4.934237E-03  5.000000E-01  1.490404E-03  8.427271E-04  0.000000E+00  4.222269E-02  1.509843E-02  2.969231E-13 -1.273140E+00  0.000000E+00
  3.418635E-03  3.501765E-03  5.000000E-01  7.180754E-04  5.385054E-04  0.000000E+00  6.455147E-02  3.231252E-02  1.120430E-13 -1.243187E+00  0.000000E+00
  1.108798E-03  2.186942E-03  5.000000E-01  2.275226E-04  2.592693E-04  0.000000E+00  7.621134E-02  6.679229E-02 -3.154163E-13 -9.631715E-01  0.000000E+00
  3.747479E-05  9.661360E-04  5.000000E-01  0.000000E+00  0.000000E+00  0.000000E+00  2.563304E-02  1.112623E-01 -5.507072E-13  4.479358E-02  0.000000E+00
  3.747479E-05  9.661360E-04  5.000000E-01  0.000000E+00  0.000000E+00  0.000000E+00  2.563304E-02  1.112623E-01 -5.507072E-13  4.479358E-02  0.000000E+00
  2.534065E-04 -2.481997E-04  5.000000E-01  4.585858E-05 -2.578951E-04  0.000000E+00 -3.213789E-02  8.346945E-02 -3.677088E-13  1.051728E+00  0.000000E+00
  1.848580E-03 -1.502167E-03  5.000000E-01  3.846343E-04 -5.242070E-04  0.000000E+00 -2.794837E-02  1.963472E-02 -1.271741E-13  1.194048E+00  0.000000E+00
  4.867645E-03 -2.790731E-03  5.000000E-01  1.025809E-03 -7.978662E-04  0.000000E+00 -5.087285E-03  2.299711E-03 -4.460605E-14  1.045234E+00  0.000000E+00
  9.380877E-03 -4.165211E-03  5.000000E-01  1.984309E-03 -1.089772E-03  0.000000E+00  8.415346E-03 -2.144754E-03  4.307278E-15  9.442617E-01  0.000000E+00
  1.589077E-02 -5.716627E-03  5.000000E-01  3.366850E-03 -1.419255E-03  0.000000E+00  1.378336E-02 -2.919136E-03  3.321329E-14  8.563926E-01  0.000000E+00
  2.547297E-02 -7.539719E-03  5.000000E-01  5.401873E-03 -1.806434E-03  0.000000E+00  1.479848E-02 -2.527448E-03  3.397520E-14  7.669094E-01  0.000000E+00
  3.989163E-02 -9.718260E-03  5.000000E-01  8.464043E-03 -2.269103E-03  0.000000E+00  1.407860E-02 -1.918326E-03  1.770424E-14  6.815139E-01  0.000000E+00
  6.092142E-02 -1.224628E-02  5.000000E-01  1.293025E-02 -2.805992E-03  0.000000E+00  1.309347E-02 -1.464095E-03  2.896366E-15  6.091553E-01  0.000000E+00
  8.832839E-02 -1.506011E-02  5.000000E-01  1.875082E-02 -3.403580E-03  0.000000E+00  1.243522E-02 -1.229121E-03 -2.655061E-15  5.538721E-01  0.000000E+00
  1.189914E-01 -1.797077E-02  5.000000E-01  2.526288E-02 -4.021733E-03  0.000000E+00  1.218941E-02 -1.140867E-03 -2.274969E-15  5.118874E-01  0.000000E+00
  1.511926E-01 -2.094502E-02  5.000000E-01  3.210163E-02 -4.653392E-03  0.000000E+00  1.226296E-02 -1.131665E-03 -7.983124E-16  4.782486E-01  0.000000E+00
  1.838450E-01 -2.396121E-02  5.000000E-01  3.903620E-02 -5.293955E-03  0.000000E+00  1.252277E-02 -1.154104E-03 -4.252110E-17  4.484104E-01  0.000000E+00
  2.165049E-01 -2.697142E-02  5.000000E-01  4.597235E-02 -5.933251E-03  0.000000E+00  1.284458E-02 -1.174570E-03  1.059876E-16  4.199654E-01  0.000000E+00
  2.491496E-01 -2.993771E-02  5.000000E-01  5.290529E-02 -6.563218E-03  0.000000E+00  1.314841E-02 -1.183513E-03  6.082122E-17  3.938305E-01  0.000000E+00
  2.819003E-01 -3.286044E-02  5.000000E-01  5.986073E-02 -7.183933E-03  0.000000E+00  1.340061E-02 -1.185663E-03  1.520441E-17  3.712911E-01  0.000000E+00
  3.147601E-01 -3.574630E-02  5.000000E-01  6.683936E-02 -7.796819E-03  0.000000E+00  1.359632E-02 -1.185758E-03 -7.989426E-19  3.519560E-01  0.000000E+00
  3.477303E-01 -3.860596E-02  5.000000E-01  7.384142E-02 -8.404141E-03  0.000000E+00  1.374494E-02 -1.186231E-03 -3.475714E-18  3.346335E-01  0.000000E+00
  3.807756E-01 -4.144834E-02  5.000000E-01  8.085941E-02 -9.007793E-03  0.000000E+00  1.385803E-02 -1.186302E-03 -2.325216E-18  3.182747E-01  0.000000E+00
  4.138291E-01 -4.426927E-02  5.000000E-01  8.787917E-02 -9.606888E-03  0.000000E+00  1.394203E-02 -1.182397E-03 -3.544630E-19  3.023027E-01  0.000000E+00
  4.468689E-01 -4.705823E-02  5.000000E-01  9.489601E-02 -1.019920E-02  0.000000E+00  1.400034E-02 -1.172809E-03  1.533134E-19  2.868313E-01  0.000000E+00
  4.799091E-01 -4.980888E-02  5.000000E-01  1.019129E-01 -1.078337E-02  0.000000E+00  1.403654E-02 -1.158750E-03  6.019583E-19  2.722809E-01  0.000000E+00
  5.129612E-01 -5.251832E-02  5.000000E-01  1.089324E-01 -1.135878E-02  0.000000E+00  1.405477E-02 -1.142206E-03  1.338681E-18  2.588568E-01  0.000000E+00
  5.460360E-01 -5.518701E-02  5.000000E-01  1.159567E-01 -1.192555E-02  0.000000E+00  1.405966E-02 -1.124886E-03  1.791732E-18  2.464863E-01  0.000000E+00
  5.791347E-01 -5.781699E-02  5.000000E-01  1.229860E-01 -1.248409E-02  0.000000E+00  1.405577E-02 -1.107817E-03  8.455764E-19  2.349592E-01  0.000000E+00
  6.122565E-01 -6.041056E-02  5.000000E-01  1.300203E-01 -1.303490E-02  0.000000E+00  1.404738E-02 -1.091527E-03  3.825291E-19  2.240733E-01  0.000000E+00
  6.454013E-01 -6.297040E-02  5.000000E-01  1.370594E-01 -1.357855E-02  0.000000E+00  1.403858E-02 -1.076569E-03  1.146339E-18  2.137043E-01  0.000000E+00
  6.785693E-01 -6.550006E-02  5.000000E-01  1.441035E-01 -1.411579E-02  0.000000E+00  1.403295E-02 -1.063466E-03  1.113287E-18  2.037627E-01  0.000000E+00
  7.117575E-01 -6.800334E-02  5.000000E-01  1.511518E-01 -1.464742E-02  0.000000E+00  1.403253E-02 -1.052150E-03  5.331972E-19  1.941210E-01  0.000000E+00
  7.449560E-01 -7.048205E-02  5.000000E-01  1.582024E-01 -1.517384E-02  0.000000E+00  1.403737E-02 -1.041870E-03 -4.764996E-20  1.846357E-01  0.000000E+00
  7.781569E-01 -7.293597E-02  5.000000E-01  1.652534E-01 -1.569499E-02  0.000000E+00  1.404625E-02 -1.031821E-03 -4.145305E-19  1.752379E-01  0.000000E+00
  8.113578E-01 -7.536417E-02  5.000000E-01  1.723045E-01 -1.621068E-02  0.000000E+00  1.405774E-02 -1.021604E-03 -4.461050E-20  1.659522E-01  0.000000E+00
  8.445597E-01 -7.776583E-02  5.000000E-01  1.793558E-01 -1.672073E-02  0.000000E+00  1.407075E-02 -1.011194E-03  1.884172E-19  1.568375E-01  0.000000E+00
  8.777625E-01 -8.014058E-02  5.000000E-01  1.864072E-01 -1.722507E-02  0.000000E+00  1.408447E-02 -1.000534E-03  3.963789E-19  1.479119E-01  0.000000E+00
  9.109638E-01 -8.248736E-02  5.000000E-01  1.934584E-01 -1.772347E-02  0.000000E+00  1.409833E-02 -9.895474E-04 -3.069017E-19  1.391609E-01  0.000000E+00
  9.441676E-01 -8.480576E-02  5.000000E-01  2.005100E-01 -1.821584E-02  0.000000E+00  1.411228E-02 -9.784101E-04 -8.393560E-19  1.305843E-01  0.000000E+00
  9.773746E-01 -8.709594E-02  5.000000E-01  2.075624E-01 -1.870222E-02  0.000000E+00  1.412645E-02 -9.671673E-04 -7.123203E-19  1.221614E-01  0.000000E+00
  1.010583E+00 -8.935721E-02  5.000000E-01  2.146150E-01 -1.918246E-02  0.000000E+00  1.414100E-02 -9.558382E-04 -3.285572E-19  1.138693E-01  0.000000E+00
  1.043798E+00 -9.158999E-02  5.000000E-01  2.216690E-01 -1.965665E-02  0.000000E+00  1.415614E-02 -9.444454E-04  5.076757E-19  1.056912E-01  0.000000E+00
  1.077015E+00 -9.379365E-02  5.000000E-01  2.287236E-01 -2.012465E-02  0.000000E+00  1.417198E-02 -9.329340E-04  1.068128E-18  9.760876E-02  0.000000E+00
  1.110238E+00 -9.596806E-02  5.000000E-01  2.357793E-01 -2.058644E-02  0.000000E+00  1.418859E-02 -9.212436E-04  4.842538E-19  8.960712E-02  0.000000E+00
  1.143462E+00 -9.811227E-02  5.000000E-01  2.428354E-01 -2.104182E-02  0.000000E+00  1.420623E-02 -9.094705E-04  1.033611E-19  8.168696E-02  0.000000E+00
  1.176693E+00 -1.002267E-01  5.000000E-01  2.498927E-01 -2.149088E-02  0.000000E+00  1.422522E-02 -8.977867E-04 -1.798151E-19  7.385211E-02  0.000000E+00
  1.209925E+00 -1.023113E-01  5.000000E-01  2.569505E-01 -2.193358E-02  0.000000E+00  1.424539E-02 -8.859484E-04 -2.325527E-19  6.605801E-02  0.000000E+00
  1.243158E+00 -1.043647E-01  5.000000E-01  2.640083E-01 -2.236968E-02  0.000000E+00  1.426658E-02 -8.739232E-04 -6.887593E-19  5.829315E-02  0.000000E+00
  1.276395E+00 -1.063873E-01  5.000000E-01  2.710670E-01 -2.279923E-02  0.000000E+00  1.428878E-02 -8.618015E-04 -4.733012E-19  5.056724E-02  0.000000E+00
  1.309630E+00 -1.083782E-01  5.000000E-01  2.781253E-01 -2.322205E-02  0.000000E+00  1.431177E-02 -8.494179E-04 -8.256883E-20  4.285679E-02  0.000000E+00
  1.342868E+00 -1.103368E-01  5.000000E-01  2.851842E-01 -2.363802E-02  0.000000E+00  1.433587E-02 -8.370273E-04 -5.004922E-19  3.517552E-02  0.000000E+00
  1.376108E+00 -1.122640E-01  5.000000E-01  2.922436E-01 -2.404729E-02  0.000000E+00  1.436153E-02 -8.246962E-04  1.349628E-18  2.750087E-02  0.000000E+00
  1.409347E+00 -1.141587E-01  5.000000E-01  2.993027E-01 -2.444969E-02  0.000000E+00  1.438928E-02 -8.123725E-04  1.168146E-18  1.978465E-02  0.000000E+00
  1.442589E+00 -1.160216E-01  5.000000E-01  3.063625E-01 -2.484532E-02  0.000000E+00  1.442039E-02 -8.003080E-04 -7.621776E-20  1.200528E-02  0.000000E+00
  1.475831E+00 -1.178528E-01  5.000000E-01  3.134222E-01 -2.523423E-02  0.000000E+00  1.445645E-02 -7.885529E-04  3.758984E-19  4.106404E-03  0.000000E+00
  1.509072E+00 -1.196525E-01  5.000000E-01  3.204819E-01 -2.561643E-02  0.000000E+00  1.449926E-02 -7.771146E-04  9.069109E-19 -3.988502E-03  0.000000E+00
  1.542314E+00 -1.214205E-01  5.000000E-01  3.275416E-01 -2.599191E-02  0.000000E+00  1.455082E-02 -7.662352E-04  4.233669E-19 -1.233789E-02  0.000000E+00
  1.575558E+00 -1.231580E-01  5.000000E-01  3.346018E-01 -2.636091E-02  0.000000E+00  1.461195E-02 -7.555761E-04 -2.069761E-19 -2.104450E-02  0.000000E+00
  1.608800E+00 -1.248630E-01  5.000000E-01  3.416615E-01 -2.672302E-02  0.000000E+00  1.468148E-02 -7.439616E-04 -2.432469E-19 -3.023786E-02  0.000000E+00
  1.642044E+00 -1.265317E-01  5.000000E-01  3.487219E-01 -2.707741E-02  0.000000E+00  1.475726E-02 -7.304179E-04 -3.438865E-19 -3.993546E-02  0.000000E+00
  1.675286E+00 -1.281584E-01  5.000000E-01  3.557816E-01 -2.742288E-02  0.000000E+00  1.483698E-02 -7.144201E-04 -2.381399E-19 -5.004377E-02  0.000000E+00
  1.708526E+00 -1.297375E-01  5.000000E-01  3.628410E-01 -2.775823E-02  0.000000E+00  1.491833E-02 -6.956612E-04  4.399909E-19 -6.043408E-02  0.000000E+00
  1.741762E+00 -1.312629E-01  5.000000E-01  3.698996E-01 -2.808220E-02  0.000000E+00  1.499892E-02 -6.737372E-04  8.266699E-19 -7.101091E-02  0.000000E+00
  1.774995E+00 -1.327278E-01  5.000000E-01  3.769573E-01 -2.839331E-02  0.000000E+00  1.507697E-02 -6.486396E-04  1.730200E-19 -8.166352E-02  0.000000E+00
  1.808227E+00 -1.341270E-01  5.000000E-01  3.840150E-01 -2.869046E-02  0.000000E+00  1.515091E-02 -6.203641E-04 -2.424452E-19 -9.229923E-02  0.000000E+00
  1.841453E+00 -1.354538E-01  5.000000E-01  3.910714E-01 -2.897223E-02  0.000000E+00  1.521891E-02 -5.886566E-04 -2.141350E-20 -1.028556E-01  0.000000E+00
  1.874678E+00 -1.367020E-01  5.000000E-01  3.981276E-01 -2.923734E-02  0.000000E+00  1.527915E-02 -5.535250E-04  3.691053E-19 -1.132272E-01  0.000000E+00
  1.907900E+00 -1.378657E-01  5.000000E-01  4.051830E-01 -2.948447E-02  0.000000E+00  1.532932E-02 -5.148950E-04 -1.302690E-19 -1.232950E-01  0.000000E+00
  1.941118E+00 -1.389384E-01  5.000000E-01  4.122377E-01 -2.971229E-02  0.000000E+00  1.536623E-02 -4.726773E-04 -2.072574E-19 -1.329200E-01  0.000000E+00
  1.974334E+00 -1.399140E-01  5.000000E-01  4.192920E-01 -2.991947E-02  0.000000E+00  1.538582E-02 -4.270508E-04  7.201493E-20 -1.419141E-01  0.000000E+00
  2.007549E+00 -1.407870E-01  5.000000E-01  4.263460E-01 -3.010487E-02  0.000000E+00  1.538267E-02 -3.780621E-04 -2.770926E-19 -1.500774E-01  0.000000E+00
  2.040760E+00 -1.415511E-01  5.000000E-01  4.333993E-01 -3.026717E-02  0.000000E+00  1.535069E-02 -3.256528E-04 -1.864672E-19 -1.571889E-01  0.000000E+00
  2.073970E+00 -1.422005E-01  5.000000E-01  4.404522E-01 -3.040507E-02  0.000000E+00  1.528549E-02 -2.702809E-04  1.131233E-19 -1.629693E-01  0.000000E+00
  2.107177E+00 -1.427297E-01  5.000000E-01  4.475046E-01 -3.051747E-02  0.000000E+00  1.518720E-02 -2.136215E-04  7.405668E-20 -1.670977E-01  0.000000E+00
  2.140379E+00 -1.431383E-01  5.000000E-01  4.545558E-01 -3.060424E-02  0.000000E+00  1.506173E-02 -1.587545E-04 -1.125337E-19 -1.692948E-01  0.000000E+00
  2.173577E+00 -1.434332E-01  5.000000E-01  4.616063E-01 -3.066688E-02  0.000000E+00  1.491680E-02 -1.075950E-04 -1.182958E-19 -1.696272E-01  0.000000E+00
  2.206768E+00 -1.436211E-01  5.000000E-01  4.686553E-01 -3.070677E-02  0.000000E+00  1.475874E-02 -6.036173E-05 -9.269202E-20 -1.684687E-01  0.000000E+00
  2.239954E+00 -1.437087E-01  5.000000E-01  4.757033E-01 -3.072538E-02  0.000000E+00  1.459236E-02 -1.704541E-05 -7.199950E-20 -1.661934E-01  0.000000E+00
  2.273134E+00 -1.437026E-01  5.000000E-01  4.827499E-01 -3.072408E-02  0.000000E+00  1.442079E-02  2.240553E-05 -6.477638E-20 -1.630651E-01  0.000000E+00
  2.306309E+00 -1.436095E-01  5.000000E-01  4.897953E-01 -3.070431E-02  0.000000E+00  1.424594E-02  5.807809E-05 -4.650544E-20 -1.592373E-01  0.000000E+00
  2.339476E+00 -1.434360E-01  5.000000E-01  4.968392E-01 -3.066746E-02  0.000000E+00  1.406917E-02  9.016948E-05 -3.809509E-20 -1.548196E-01  0.000000E+00
  2.372638E+00 -1.431881E-01  5.000000E-01  5.038821E-01 -3.061482E-02  0.000000E+00  1.389322E-02  1.182673E-04 -3.177963E-20 -1.498652E-01  0.000000E+00
  2.405805E+00 -1.428749E-01  5.000000E-01  5.109259E-01 -3.054830E-02  0.000000E+00  1.372264E-02  1.416327E-04 -2.505319E-20 -1.444543E-01  0.000000E+00
  2.438976E+00 -1.425071E-01  5.000000E-01  5.179706E-01 -3.047019E-02  0.000000E+00  1.356238E-02  1.602181E-04  1.477728E-20 -1.388233E-01  0.000000E+00
  2.472150E+00 -1.420950E-01  5.000000E-01  5.250160E-01 -3.038266E-02  0.000000E+00  1.341773E-02  1.743135E-04  2.425711E-20 -1.332809E-01  0.000000E+00
  2.505329E+00 -1.416490E-01  5.000000E-01  5.320624E-01 -3.028794E-02  0.000000E+00  1.329481E-02  1.841060E-04 -8.737519E-20 -1.281067E-01  0.000000E+00
  2.538512E+00 -1.411799E-01  5.000000E-01  5.391097E-01 -3.018833E-02  0.000000E+00  1.320015E-02  1.899161E-04 -1.474899E-19 -1.235781E-01  0.000000E+00
  2.571700E+00 -1.406980E-01  5.000000E-01  5.461580E-01 -3.008598E-02  0.000000E+00  1.313993E-02  1.918478E-04 -3.569928E-20 -1.199474E-01  0.000000E+00
  2.604894E+00 -1.402145E-01  5.000000E-01  5.532074E-01 -2.998331E-02  0.000000E+00  1.311775E-02  1.903011E-04  9.609987E-20 -1.174746E-01  0.000000E+00
  2.638090E+00 -1.397390E-01  5.000000E-01  5.602575E-01 -2.988231E-02  0.000000E+00  1.313099E-02  1.875452E-04  2.297272E-19 -1.165169E-01  0.000000E+00
  2.671292E+00 -1.392707E-01  5.000000E-01  5.673087E-01 -2.978287E-02  0.000000E+00  1.317144E-02  1.866822E-04  3.107205E-19 -1.172957E-01  0.000000E+00
  2.704497E+00 -1.388020E-01  5.000000E-01  5.743608E-01 -2.968333E-02  0.000000E+00  1.323028E-02  1.890870E-04  1.429575E-19 -1.195892E-01  0.000000E+00
  2.737708E+00 -1.383254E-01  5.000000E-01  5.814140E-01 -2.958210E-02  0.000000E+00  1.330042E-02  1.948353E-04  2.588816E-20 -1.229391E-01  0.000000E+00
  2.770923E+00 -1.378328E-01  5.000000E-01  5.884680E-01 -2.947749E-02  0.000000E+00  1.337620E-02  2.039339E-04 -1.719363E-19 -1.269708E-01  0.000000E+00
  2.804143E+00 -1.373165E-01  5.000000E-01  5.955231E-01 -2.936783E-02  0.000000E+00  1.345351E-02  2.163027E-04 -3.419221E-19 -1.314417E-01  0.000000E+00
  2.837367E+00 -1.367687E-01  5.000000E-01  6.025790E-01 -2.925149E-02  0.000000E+00  1.352903E-02  2.319880E-04 -3.325982E-19 -1.362162E-01  0.000000E+00
  2.870594E+00 -1.361812E-01  5.000000E-01  6.096357E-01 -2.912672E-02  0.000000E+00  1.359963E-02  2.511418E-04 -2.404367E-19 -1.411880E-01  0.000000E+00
  2.903823E+00 -1.355457E-01  5.000000E-01  6.166926E-01 -2.899177E-02  0.000000E+00  1.366164E-02  2.741199E-04 -2.058131E-19 -1.462429E-01  0.000000E+00
  2.937051E+00 -1.348520E-01  5.000000E-01  6.237496E-01 -2.884443E-02  0.000000E+00  1.371131E-02  3.009105E-04 -2.565595E-20 -1.511824E-01  0.000000E+00
  2.970283E+00 -1.340914E-01  5.000000E-01  6.308072E-01 -2.868289E-02  0.000000E+00  1.374461E-02  3.312486E-04  2.840102E-19 -1.557556E-01  0.000000E+00
  3.003515E+00 -1.332544E-01  5.000000E-01  6.378649E-01 -2.850515E-02  0.000000E+00  1.375637E-02  3.649894E-04  1.584288E-19 -1.597272E-01  0.000000E+00
  3.036751E+00 -1.323319E-01  5.000000E-01  6.449232E-01 -2.830923E-02  0.000000E+00  1.374051E-02  4.016545E-04 -2.627166E-20 -1.628328E-01  0.000000E+00
  3.069988E+00 -1.313154E-01  5.000000E-01  6.519820E-01 -2.809335E-02  0.000000E+00  1.368995E-02  4.408916E-04  4.494487E-20 -1.648224E-01  0.000000E+00
  3.103226E+00 -1.301949E-01  5.000000E-01  6.590410E-01 -2.785538E-02  0.000000E+00  1.359899E-02  4.820235E-04  4.592035E-19 -1.653957E-01  0.000000E+00
  3.136469E+00 -1.289626E-01  5.000000E-01  6.661010E-01 -2.759367E-02  0.000000E+00  1.346580E-02  5.239383E-04  5.693599E-19 -1.642644E-01  0.000000E+00
  3.169712E+00 -1.276111E-01  5.000000E-01  6.731611E-01 -2.730664E-02  0.000000E+00  1.329594E-02  5.637936E-04  6.483238E-19 -1.611240E-01  0.000000E+00
  3.202960E+00 -1.261457E-01  5.000000E-01  6.802220E-01 -2.699543E-02  0.000000E+00  1.310110E-02  5.985048E-04  5.198555E-19 -1.558945E-01  0.000000E+00
  3.236210E+00 -1.245761E-01  5.000000E-01  6.872835E-01 -2.666208E-02  0.000000E+00  1.289329E-02  6.273589E-04 -1.369612E-19 -1.489948E-01  0.000000E+00
  3.269464E+00 -1.229130E-01  5.000000E-01  6.943459E-01 -2.630888E-02  0.000000E+00  1.268249E-02  6.508223E-04 -3.275121E-19 -1.410514E-01  0.000000E+00
  3.302721E+00 -1.211664E-01  5.000000E-01  7.014089E-01 -2.593795E-02  0.000000E+00  1.247607E-02  6.697144E-04 -4.470410E-19 -1.326241E-01  0.000000E+00
  3.335981E+00 -1.193458E-01  5.000000E-01  7.084724E-01 -2.555130E-02  0.000000E+00  1.227961E-02  6.846029E-04 -8.626663E-19 -1.240562E-01  0.000000E+00
  3.369247E+00 -1.174607E-01  5.000000E-01  7.155373E-01 -2.515095E-02  0.000000E+00  1.209768E-02  6.958621E-04 -1.442607E-18 -1.155168E-01  0.000000E+00
  3.402518E+00 -1.155219E-01  5.000000E-01  7.226033E-01 -2.473919E-02  0.000000E+00  1.193303E-02  7.042287E-04 -1.339725E-18 -1.071983E-01  0.000000E+00
  3.435792E+00 -1.135369E-01  5.000000E-01  7.296699E-01 -2.431764E-02  0.000000E+00  1.178723E-02  7.103423E-04 -4.208984E-19 -9.928358E-02  0.000000E+00
  3.469073E+00 -1.115144E-01  5.000000E-01  7.367379E-01 -2.388810E-02  0.000000E+00  1.166156E-02  7.147060E-04  4.681692E-19 -9.189923E-02  0.000000E+00
  3.502353E+00 -1.094610E-01  5.000000E-01  7.438057E-01 -2.345202E-02  0.000000E+00  1.155716E-02  7.178871E-04  9.956036E-19 -8.516950E-02  0.000000E+00
  3.535630E+00 -1.073835E-01  5.000000E-01  7.508729E-01 -2.301081E-02  0.000000E+00  1.147569E-02  7.203851E-04  9.321722E-19 -7.920243E-02  0.000000E+00
  3.568904E+00 -1.052868E-01  5.000000E-01  7.579395E-01 -2.256551E-02  0.000000E+00  1.141973E-02  7.230728E-04  9.975602E-20 -7.412109E-02  0.000000E+00
  3.602176E+00 -1.031734E-01  5.000000E-01  7.650057E-01 -2.211668E-02  0.000000E+00  1.139324E-02  7.268998E-04 -6.283092E-19 -7.002669E-02  0.000000E+00
  3.635446E+00 -1.010449E-01  5.000000E-01  7.720714E-01 -2.166463E-02  0.000000E+00  1.140027E-02  7.325638E-04 -2.664678E-20 -6.702137E-02  0.000000E+00
  3.668713E+00 -9.890133E-02  5.000000E-01  7.791365E-01 -2.120940E-02  0.000000E+00  1.144187E-02  7.402407E-04  1.254908E-18 -6.515581E-02  0.000000E+00
  3.701976E+00 -9.674381E-02  5.000000E-01  7.862009E-01 -2.075119E-02  0.000000E+00  1.151023E-02  7.512297E-04  1.356472E-18 -6.447198E-02  0.000000E+00
  3.735241E+00 -9.456382E-02  5.000000E-01  7.932655E-01 -2.028821E-02  0.000000E+00  1.158141E-02  7.709922E-04  1.047957E-18 -6.522232E-02  0.000000E+00
  3.768500E+00 -9.232064E-02  5.000000E-01  8.003289E-01 -1.981182E-02  0.000000E+00  1.162306E-02  8.038983E-04  1.251256E-18 -6.700730E-02  0.000000E+00
  3.801751E+00 -8.996764E-02  5.000000E-01  8.073904E-01 -1.931210E-02  0.000000E+00  1.160909E-02  8.478234E-04  1.452245E-18 -6.829263E-02  0.000000E+00
  3.834989E+00 -8.746709E-02  5.000000E-01  8.144495E-01 -1.878104E-02  0.000000E+00  1.152466E-02  8.970674E-04  1.384685E-18 -6.740697E-02  0.000000E+00
  3.868211E+00 -8.479598E-02  5.000000E-01  8.215050E-01 -1.821376E-02  0.000000E+00  1.136489E-02  9.463669E-04  1.362035E-18 -6.340134E-02  0.000000E+00
  3.901422E+00 -8.193645E-02  5.000000E-01  8.285582E-01 -1.760647E-02  0.000000E+00  1.113338E-02  9.917618E-04  1.739689E-18 -5.605385E-02  0.000000E+00
  3.934617E+00 -7.888132E-02  5.000000E-01  8.356079E-01 -1.695764E-02  0.000000E+00  1.084015E-02  1.030055E-03  1.813322E-18 -4.551608E-02  0.000000E+00
  3.967800E+00 -7.562949E-02  5.000000E-01  8.426552E-01 -1.626703E-02  0.000000E+00  1.049717E-02  1.059298E-03  7.574913E-19 -3.217930E-02  0.000000E+00
  4.000972E+00 -7.218518E-02  5.000000E-01  8.497001E-01 -1.553554E-02  0.000000E+00  1.011512E-02  1.078610E-03  1.317405E-19 -1.646244E-02  0.000000E+00
  4.034139E+00 -6.855520E-02  5.000000E-01  8.567440E-01 -1.476462E-02  0.000000E+00  9.700267E-03  1.088448E-03  1.989546E-18  1.205477E-03  0.000000E+00
  4.067311E+00 -6.474072E-02  5.000000E-01  8.637890E-01 -1.395452E-02  0.000000E+00  9.254108E-03  1.089288E-03  4.100385E-18  2.051382E-02  0.000000E+00
  4.100488E+00 -6.074382E-02  5.000000E-01  8.708348E-01 -1.310568E-02  0.000000E+00  8.775472E-03  1.080372E-03  2.964464E-18  4.141166E-02  0.000000E+00
  4.133669E+00 -5.656890E-02  5.000000E-01  8.778818E-01 -1.221903E-02  0.000000E+00  8.261568E-03  1.060681E-03  1.090467E-18  6.389016E-02  0.000000E+00
  4.166856E+00 -5.221976E-02  5.000000E-01  8.849299E-01 -1.129538E-02  0.000000E+00  7.710687E-03  1.029467E-03 -5.306812E-19  8.790722E-02  0.000000E+00
  4.200049E+00 -4.770265E-02  5.000000E-01  8.919793E-01 -1.033605E-02  0.000000E+00  7.125906E-03  9.866354E-04 -4.711023E-19  1.133340E-01  0.000000E+00
  4.233242E+00 -4.302369E-02  5.000000E-01  8.990286E-01 -9.342358E-03  0.000000E+00  6.519338E-03  9.320050E-04  2.065461E-19  1.400327E-01  0.000000E+00
  4.266405E+00 -3.821131E-02  5.000000E-01  9.060715E-01 -8.320326E-03  0.000000E+00  5.914090E-03  8.648704E-04  2.738434E-19  1.678524E-01  0.000000E+00
  4.299502E+00 -3.332998E-02  5.000000E-01  9.131007E-01 -7.283652E-03  0.000000E+00  5.339771E-03  7.865624E-04  1.250281E-18  1.962627E-01  0.000000E+00
  4.332522E+00 -2.847402E-02  5.000000E-01  9.201132E-01 -6.252365E-03  0.000000E+00  4.823560E-03  7.022904E-04 -1.346322E-18  2.240292E-01  0.000000E+00
  4.365472E+00 -2.373380E-02  5.000000E-01  9.271110E-01 -5.245659E-03  0.000000E+00  4.385322E-03  6.183883E-04 -1.861854E-18  2.497811E-01  0.000000E+00
  4.398350E+00 -1.920341E-02  5.000000E-01  9.340935E-01 -4.283516E-03  0.000000E+00  4.039365E-03  5.391507E-04  2.884614E-19  2.727874E-01  0.000000E+00
  4.431155E+00 -1.497840E-02  5.000000E-01  9.410605E-01 -3.386228E-03  0.000000E+00  3.796250E-03  4.663301E-04  9.854383E-19  2.928534E-01  0.000000E+00
  4.463888E+00 -1.116375E-02  5.000000E-01  9.480121E-01 -2.576090E-03  0.000000E+00  3.660315E-03  3.998057E-04  1.060506E-18  3.097195E-01  0.000000E+00
  4.496579E+00 -7.839769E-03  5.000000E-01  9.549550E-01 -1.870158E-03  0.000000E+00  3.624166E-03  3.380980E-04  3.446231E-19  3.231743E-01  0.000000E+00
  4.529252E+00 -5.062120E-03  5.000000E-01  9.618938E-01 -1.280254E-03  0.000000E+00  3.660203E-03  2.791197E-04 -6.596139E-19  3.332994E-01  0.000000E+00
  4.561929E+00 -2.854355E-03  5.000000E-01  9.688337E-01 -8.113784E-04  0.000000E+00  3.707226E-03  2.185204E-04 -6.092773E-19  3.391570E-01  0.000000E+00
  4.594574E+00 -1.241170E-03  5.000000E-01  9.757666E-01 -4.687777E-04  0.000000E+00  3.677779E-03  1.460559E-04 -5.512626E-20  3.402882E-01  0.000000E+00
  4.627203E+00 -2.416449E-04  5.000000E-01  9.826962E-01 -2.565030E-04  0.000000E+00  3.526083E-03  6.440502E-05 -3.857048E-19  3.446796E-01  0.000000E+00
  4.659162E+00  1.242093E-04  5.000000E-01  9.894836E-01 -1.788045E-04  0.000000E+00  3.270089E-03  1.487485E-05  8.958839E-19  3.523314E-01  0.000000E+00
  4.689251E+00 -9.878511E-05  5.000000E-01  9.958737E-01 -2.261631E-04  0.000000E+00  2.816312E-03 -1.319623E-05  5.641602E-18  3.036949E-01  0.000000E+00
  4.708680E+00 -5.390697E-04  5.000000E-01  9.999999E-01 -3.196687E-04  0.000000E+00  2.171604E-03 -1.229413E-04  5.391098E-18  1.759985E-01  0.000000E+00
    1    2
    2    3
    3    4
    4    5
    5    6
    6    7
    7    8
    8    9
    9   10
   10   11
   11   12
   12   13
   13   14
   14   15
   15   16
   16   17
   17   18
   18   19
   19   20
   20   21
   21   22
   22   23
   23   24
   24   25
   25   26
   26   27
   27   28
   28   29
   29   30
   30   31
   31   32
   32   33
   33   34
   34   35
   35   36
   36   37
   37   38
   38   39
   39   40
   40   41
   41   42
   42   43
   43   44
   44   45
   45   46
   46   47
   47   48
   48   49
   49   50
   50   51
   51   52
   52   53
   53   54
   54   55
   55   56
   56   57
   57   58
   58   59
   59   60
   60   61
   61   62
   62   63
   63   64
   64   65
   65   66
   66   67
   67   68
   68   69
   69   70
   70   71
   71   72
   72   73
   73   74
   74   75
   75   76
   76   77
   77   78
   78   79
   79   80
   80   81
   81   82
   82   83
   83   84
   84   85
   85   86
   86   87
   87   88
   88   89
   89   90
   90   91
   91   92
   92   93
   93   94
   94   95
   95   96
   96   97
   97   98
   98   99
   99  100
  100  101
  101  102
  102  103
  103  104
  104  105
  105  106
  106  107
  107  108
  108  109
  109  110
  110  111
  111  112
  112  113
  113  114
  114  115
  115  116
  116  117
  117  118
  118  119
  119  120
  120  121
  121  122
  122  123
  123  124
  124  125
  125  126
  126  127
  127  128
  128  129
  129  130
  130  131
  131  132
  132  133
  133  134
  134  135
  135  136
  136  137
  137  138
  138  139
  139  140
  140  141
  141  142
  142  143
  143  144
  144  145
  145  146
  146  147
  147  148
  148  149
  149  150
  151  152
  152  153
  153  154
  154  155
  155  156
  156  157
  157  158
  158  159
  159  160
  160  161
  161  162
  162  163
  163  164
  164  165
  165  166
  166  167
  167  168
  168  169
  169  170
  170  171
  171  172
  172  173
  173  174
  174  175
  175  176
  176  177
  177  178
  178  179
  179  180
  180  181
  181  182
  182  183
  183  184
  184  185
  185  186
  186  187
  187  188
  188  189
  189  190
  190  191
  191  192
  192  193
  193  194
  194  195
  195  196
  196  197
  197  198
  198  199
  199  200
  200  201
  201  202
  202  203
  203  204
  204  205
  205  206
  206  207
  207  208
  208  209
  209  210
  210  211
  211  212
  212  213
  213  214
  214  215
  215  216
  216  217
  217  218
  218  219
  219  220
  220  221
  221  222
  222  223
  223  224
  224  225
  225  226
  226  227
  227  228
  228  229
  229  230
  230  231
  231  232
  232  233
  233  234
  234  235
  235  236
  236  237
  237  238
  238  239
  239  240
  240  241
  241  242
  242  243
  243  244
  244  245
  245  246
  246  247
  247  248
  248  249
  249  250
  250  251
  251  252
  252  253
  253  254
  254  255
  255  256
  256  257
  257  258
  258  259
  259  260
  260  261
  261  262
  262  263
  263  264
  264  265
  265  266
  266  267
  267  268
  268  269
  269  270
  270  271
  271  272
  272  273
  273  274
  274  275
  275  276
  276  277
  277  278
  278  279
  279  280
  280  281
  281  282
  282  283
  283  284
  284  285
  285  286
  286  287
  287  288
  288  289
  289  290
  290  291
  291  292
  292  293
  293  294
  294  295
  295  296
  296  297
  297  298
  298  299
  299  300
