 Title = "ADflow Slice Data"
Variables =  "CoordinateX"  "CoordinateY"  "CoordinateZ"  "XoC"  "YoC"  "ZoC" "VelocityX" "VelocityY" "VelocityZ" "CoefPressure" "Mach" 
Zone T= "Slice_0001 None Absolute Regular z = 0.50000000"
 Nodes =          300  Elements=          298  ZONETYPE=FELINESEG
 DATAPACKING=POINT
  4.708680E+00 -3.870846E-05  5.000000E-01  9.999999E-01 -3.378501E-04  0.000000E+00  2.659663E-03 -2.481637E-04  5.333764E-18  1.270607E-01  0.000000E+00
  4.689187E+00  3.541839E-03  5.000000E-01  9.958601E-01  4.225702E-04  0.000000E+00  1.845442E-03 -2.907098E-04  1.766919E-18  3.295772E-02  0.000000E+00
  4.658673E+00  8.951190E-03  5.000000E-01  9.893797E-01  1.571383E-03  0.000000E+00  1.523268E-03 -2.864151E-04  1.955144E-18  4.827284E-02  0.000000E+00
  4.626256E+00  1.447245E-02  5.000000E-01  9.824952E-01  2.743964E-03  0.000000E+00  1.410827E-03 -2.389220E-04  1.744730E-18  4.286613E-02  0.000000E+00
  4.593146E+00  1.990553E-02  5.000000E-01  9.754634E-01  3.897817E-03  0.000000E+00  1.437148E-03 -2.265828E-04  1.199505E-18  2.264211E-02  0.000000E+00
  4.560031E+00  2.515672E-02  5.000000E-01  9.684306E-01  5.013040E-03  0.000000E+00  1.570911E-03 -2.448961E-04  7.470436E-19  6.696259E-03  0.000000E+00
  4.526891E+00  3.024839E-02  5.000000E-01  9.613923E-01  6.094385E-03  0.000000E+00  1.748751E-03 -2.657003E-04  7.989584E-19 -7.804024E-03  0.000000E+00
  4.493752E+00  3.519053E-02  5.000000E-01  9.543545E-01  7.143974E-03  0.000000E+00  1.924946E-03 -2.827472E-04  9.465031E-19 -2.424133E-02  0.000000E+00
  4.460612E+00  3.999265E-02  5.000000E-01  9.473164E-01  8.163826E-03  0.000000E+00  2.072786E-03 -2.957008E-04  1.662544E-18 -4.133777E-02  0.000000E+00
  4.427470E+00  4.466227E-02  5.000000E-01  9.402779E-01  9.155538E-03  0.000000E+00  2.171685E-03 -3.014899E-04  1.347312E-18 -5.818521E-02  0.000000E+00
  4.394325E+00  4.920180E-02  5.000000E-01  9.332387E-01  1.011962E-02  0.000000E+00  2.209381E-03 -2.986034E-04 -4.091789E-19 -7.541389E-02  0.000000E+00
  4.361178E+00  5.361374E-02  5.000000E-01  9.261991E-01  1.105661E-02  0.000000E+00  2.184584E-03 -2.874187E-04  1.353535E-18 -9.435221E-02  0.000000E+00
  4.328027E+00  5.789820E-02  5.000000E-01  9.191586E-01  1.196652E-02  0.000000E+00  2.103814E-03 -2.683983E-04  2.236631E-18 -1.154149E-01  0.000000E+00
  4.294876E+00  6.205316E-02  5.000000E-01  9.121180E-01  1.284894E-02  0.000000E+00  1.974161E-03 -2.422777E-04  1.911863E-18 -1.360880E-01  0.000000E+00
  4.261727E+00  6.607726E-02  5.000000E-01  9.050782E-01  1.370356E-02  0.000000E+00  1.798470E-03 -2.115757E-04  4.128218E-18 -1.520988E-01  0.000000E+00
  4.228582E+00  6.996900E-02  5.000000E-01  8.980388E-01  1.453007E-02  0.000000E+00  1.592650E-03 -1.819138E-04  4.400198E-18 -1.644647E-01  0.000000E+00
  4.195443E+00  7.372460E-02  5.000000E-01  8.910010E-01  1.532766E-02  0.000000E+00  1.438364E-03 -1.631706E-04  1.427281E-18 -1.867420E-01  0.000000E+00
  4.162308E+00  7.733965E-02  5.000000E-01  8.839639E-01  1.609541E-02  0.000000E+00  1.548280E-03 -1.726588E-04  1.096615E-19 -2.409681E-01  0.000000E+00
  4.129179E+00  8.081086E-02  5.000000E-01  8.769281E-01  1.683261E-02  0.000000E+00  2.284608E-03 -2.388401E-04  4.570321E-19 -3.397402E-01  0.000000E+00
  4.096054E+00  8.413366E-02  5.000000E-01  8.698932E-01  1.753829E-02  0.000000E+00  4.055188E-03 -3.944497E-04  6.926381E-20 -4.710705E-01  0.000000E+00
  4.062934E+00  8.730494E-02  5.000000E-01  8.628593E-01  1.821179E-02  0.000000E+00  7.009833E-03 -6.444674E-04 -4.942888E-19 -6.030807E-01  0.000000E+00
  4.029817E+00  9.032136E-02  5.000000E-01  8.558262E-01  1.885241E-02  0.000000E+00  1.069912E-02 -9.373470E-04 -2.089824E-18 -7.042661E-01  0.000000E+00
  3.996705E+00  9.318069E-02  5.000000E-01  8.487939E-01  1.945966E-02  0.000000E+00  1.412438E-02 -1.179617E-03 -3.717028E-18 -7.610909E-01  0.000000E+00
  3.963594E+00  9.588292E-02  5.000000E-01  8.417620E-01  2.003355E-02  0.000000E+00  1.637775E-02 -1.298293E-03 -4.421592E-18 -7.797706E-01  0.000000E+00
  3.930486E+00  9.843011E-02  5.000000E-01  8.347306E-01  2.057451E-02  0.000000E+00  1.725624E-02 -1.291456E-03 -3.947646E-18 -7.753138E-01  0.000000E+00
  3.897377E+00  1.008263E-01  5.000000E-01  8.276991E-01  2.108340E-02  0.000000E+00  1.718343E-02 -1.209941E-03 -2.056681E-18 -7.607417E-01  0.000000E+00
  3.864269E+00  1.030799E-01  5.000000E-01  8.206677E-01  2.156201E-02  0.000000E+00  1.672436E-02 -1.107441E-03 -5.778094E-19 -7.435936E-01  0.000000E+00
  3.831161E+00  1.052011E-01  5.000000E-01  8.136366E-01  2.201250E-02  0.000000E+00  1.625134E-02 -1.014390E-03  1.096005E-19 -7.273342E-01  0.000000E+00
  3.798054E+00  1.072056E-01  5.000000E-01  8.066053E-01  2.243821E-02  0.000000E+00  1.590389E-02 -9.409761E-04  2.274190E-19 -7.133778E-01  0.000000E+00
  3.764948E+00  1.091129E-01  5.000000E-01  7.995744E-01  2.284326E-02  0.000000E+00  1.568629E-02 -8.877830E-04 -1.436142E-20 -7.022934E-01  0.000000E+00
  3.731842E+00  1.109471E-01  5.000000E-01  7.925435E-01  2.323281E-02  0.000000E+00  1.556005E-02 -8.532862E-04 -3.855614E-19 -6.943270E-01  0.000000E+00
  3.698737E+00  1.127378E-01  5.000000E-01  7.855129E-01  2.361310E-02  0.000000E+00  1.549437E-02 -8.334889E-04 -7.034304E-19 -6.891336E-01  0.000000E+00
  3.665634E+00  1.145040E-01  5.000000E-01  7.784827E-01  2.398821E-02  0.000000E+00  1.547567E-02 -8.205587E-04 -4.321889E-19 -6.856047E-01  0.000000E+00
  3.632534E+00  1.162443E-01  5.000000E-01  7.714529E-01  2.435781E-02  0.000000E+00  1.549167E-02 -8.084421E-04 -2.423856E-20 -6.826458E-01  0.000000E+00
  3.599434E+00  1.179546E-01  5.000000E-01  7.644234E-01  2.472104E-02  0.000000E+00  1.552503E-02 -7.954237E-04  2.338611E-20 -6.796574E-01  0.000000E+00
  3.566334E+00  1.196318E-01  5.000000E-01  7.573938E-01  2.507722E-02  0.000000E+00  1.556064E-02 -7.807916E-04  2.411627E-19 -6.763058E-01  0.000000E+00
  3.533236E+00  1.212720E-01  5.000000E-01  7.503646E-01  2.542556E-02  0.000000E+00  1.558889E-02 -7.638511E-04  1.203234E-18 -6.724276E-01  0.000000E+00
  3.500138E+00  1.228710E-01  5.000000E-01  7.433353E-01  2.576514E-02  0.000000E+00  1.560507E-02 -7.445371E-04  1.998916E-18 -6.680162E-01  0.000000E+00
  3.467038E+00  1.244258E-01  5.000000E-01  7.363057E-01  2.609536E-02  0.000000E+00  1.560834E-02 -7.231010E-04  2.425573E-18 -6.631205E-01  0.000000E+00
  3.433936E+00  1.259334E-01  5.000000E-01  7.292757E-01  2.641553E-02  0.000000E+00  1.560004E-02 -6.995611E-04  2.490660E-18 -6.577705E-01  0.000000E+00
  3.400832E+00  1.273901E-01  5.000000E-01  7.222452E-01  2.672490E-02  0.000000E+00  1.558134E-02 -6.739601E-04  1.998730E-18 -6.520000E-01  0.000000E+00
  3.367728E+00  1.287926E-01  5.000000E-01  7.152146E-01  2.702276E-02  0.000000E+00  1.555269E-02 -6.462705E-04  1.155331E-18 -6.458313E-01  0.000000E+00
  3.334620E+00  1.301369E-01  5.000000E-01  7.081834E-01  2.730825E-02  0.000000E+00  1.551370E-02 -6.164343E-04  8.409872E-19 -6.392824E-01  0.000000E+00
  3.301512E+00  1.314191E-01  5.000000E-01  7.011520E-01  2.758055E-02  0.000000E+00  1.546322E-02 -5.844619E-04  8.093120E-19 -6.323926E-01  0.000000E+00
  3.268401E+00  1.326351E-01  5.000000E-01  6.941201E-01  2.783882E-02  0.000000E+00  1.540003E-02 -5.503206E-04  4.259453E-19 -6.252029E-01  0.000000E+00
  3.235290E+00  1.337809E-01  5.000000E-01  6.870881E-01  2.808215E-02  0.000000E+00  1.532334E-02 -5.139927E-04  2.976799E-19 -6.177508E-01  0.000000E+00
  3.202177E+00  1.348519E-01  5.000000E-01  6.800557E-01  2.830961E-02  0.000000E+00  1.523295E-02 -4.756680E-04  5.311559E-19 -6.101116E-01  0.000000E+00
  3.169063E+00  1.358445E-01  5.000000E-01  6.730231E-01  2.852040E-02  0.000000E+00  1.513008E-02 -4.356570E-04  6.903157E-19 -6.024234E-01  0.000000E+00
  3.135947E+00  1.367546E-01  5.000000E-01  6.659902E-01  2.871369E-02  0.000000E+00  1.501743E-02 -3.950256E-04  5.913879E-19 -5.949924E-01  0.000000E+00
  3.102831E+00  1.375820E-01  5.000000E-01  6.589570E-01  2.888940E-02  0.000000E+00  1.489913E-02 -3.564756E-04  5.957160E-19 -5.883816E-01  0.000000E+00
  3.069714E+00  1.383343E-01  5.000000E-01  6.519238E-01  2.904917E-02  0.000000E+00  1.478336E-02 -3.222947E-04  5.920435E-19 -5.831381E-01  0.000000E+00
  3.036593E+00  1.390211E-01  5.000000E-01  6.448898E-01  2.919503E-02  0.000000E+00  1.468170E-02 -2.929713E-04  3.986225E-19 -5.795498E-01  0.000000E+00
  3.003475E+00  1.396514E-01  5.000000E-01  6.378564E-01  2.932889E-02  0.000000E+00  1.460439E-02 -2.682328E-04  1.208298E-19 -5.776726E-01  0.000000E+00
  2.970356E+00  1.402330E-01  5.000000E-01  6.308226E-01  2.945242E-02  0.000000E+00  1.455701E-02 -2.480178E-04 -1.701942E-19 -5.774247E-01  0.000000E+00
  2.937236E+00  1.407755E-01  5.000000E-01  6.237888E-01  2.956762E-02  0.000000E+00  1.454054E-02 -2.322680E-04 -2.919743E-19 -5.786063E-01  0.000000E+00
  2.904117E+00  1.412869E-01  5.000000E-01  6.167550E-01  2.967623E-02  0.000000E+00  1.455257E-02 -2.206970E-04 -1.892721E-19 -5.809306E-01  0.000000E+00
  2.870996E+00  1.417758E-01  5.000000E-01  6.097211E-01  2.978007E-02  0.000000E+00  1.458826E-02 -2.131735E-04 -9.570679E-20 -5.841164E-01  0.000000E+00
  2.837877E+00  1.422507E-01  5.000000E-01  6.026873E-01  2.988092E-02  0.000000E+00  1.464222E-02 -2.095272E-04 -2.696425E-19 -5.879168E-01  0.000000E+00
  2.804757E+00  1.427195E-01  5.000000E-01  5.956534E-01  2.998049E-02  0.000000E+00  1.470976E-02 -2.096892E-04 -2.203132E-19 -5.921723E-01  0.000000E+00
  2.771639E+00  1.431908E-01  5.000000E-01  5.886200E-01  3.008057E-02  0.000000E+00  1.478816E-02 -2.134929E-04  4.219800E-20 -5.968103E-01  0.000000E+00
  2.738522E+00  1.436715E-01  5.000000E-01  5.815867E-01  3.018267E-02  0.000000E+00  1.487692E-02 -2.209549E-04  2.487049E-19 -6.018750E-01  0.000000E+00
  2.705406E+00  1.441701E-01  5.000000E-01  5.745537E-01  3.028855E-02  0.000000E+00  1.497777E-02 -2.322333E-04  1.353863E-19 -6.074979E-01  0.000000E+00
  2.672292E+00  1.446938E-01  5.000000E-01  5.675211E-01  3.039978E-02  0.000000E+00  1.509402E-02 -2.474126E-04 -8.918084E-20 -6.138188E-01  0.000000E+00
  2.639177E+00  1.452505E-01  5.000000E-01  5.604885E-01  3.051801E-02  0.000000E+00  1.522892E-02 -2.665426E-04 -1.253406E-19 -6.208900E-01  0.000000E+00
  2.606068E+00  1.458476E-01  5.000000E-01  5.534568E-01  3.064481E-02  0.000000E+00  1.538543E-02 -2.879556E-04 -2.201818E-19 -6.284132E-01  0.000000E+00
  2.572958E+00  1.464852E-01  5.000000E-01  5.464251E-01  3.078022E-02  0.000000E+00  1.556370E-02 -3.078436E-04 -2.145950E-19 -6.357023E-01  0.000000E+00
  2.539852E+00  1.471530E-01  5.000000E-01  5.393941E-01  3.092205E-02  0.000000E+00  1.575660E-02 -3.230579E-04  1.232371E-19 -6.420742E-01  0.000000E+00
  2.506749E+00  1.478382E-01  5.000000E-01  5.323638E-01  3.106758E-02  0.000000E+00  1.595116E-02 -3.324906E-04  2.246553E-19 -6.471173E-01  0.000000E+00
  2.473650E+00  1.485284E-01  5.000000E-01  5.253345E-01  3.121416E-02  0.000000E+00  1.613507E-02 -3.357485E-04  1.245000E-19 -6.506239E-01  0.000000E+00
  2.440554E+00  1.492110E-01  5.000000E-01  5.183056E-01  3.135913E-02  0.000000E+00  1.630018E-02 -3.326443E-04  1.649857E-19 -6.525156E-01  0.000000E+00
  2.407460E+00  1.498746E-01  5.000000E-01  5.112774E-01  3.150005E-02  0.000000E+00  1.644319E-02 -3.228437E-04  1.102968E-20 -6.527561E-01  0.000000E+00
  2.374373E+00  1.505060E-01  5.000000E-01  5.042504E-01  3.163414E-02  0.000000E+00  1.656353E-02 -3.060820E-04 -1.069881E-19 -6.513503E-01  0.000000E+00
  2.341286E+00  1.510928E-01  5.000000E-01  4.972236E-01  3.175878E-02  0.000000E+00  1.666094E-02 -2.830314E-04 -1.589326E-19 -6.484270E-01  0.000000E+00
  2.308194E+00  1.516254E-01  5.000000E-01  4.901958E-01  3.187188E-02  0.000000E+00  1.673590E-02 -2.547068E-04 -6.002385E-20 -6.441705E-01  0.000000E+00
  2.275097E+00  1.520953E-01  5.000000E-01  4.831667E-01  3.197168E-02  0.000000E+00  1.679009E-02 -2.217291E-04  1.297142E-19 -6.387245E-01  0.000000E+00
  2.241991E+00  1.524948E-01  5.000000E-01  4.761359E-01  3.205652E-02  0.000000E+00  1.682511E-02 -1.843897E-04  8.674565E-20 -6.321706E-01  0.000000E+00
  2.208879E+00  1.528161E-01  5.000000E-01  4.691037E-01  3.212476E-02  0.000000E+00  1.684147E-02 -1.427857E-04  2.572051E-20 -6.245261E-01  0.000000E+00
  2.175760E+00  1.530514E-01  5.000000E-01  4.620701E-01  3.217473E-02  0.000000E+00  1.683816E-02 -9.698851E-05  7.730394E-20 -6.157650E-01  0.000000E+00
  2.142637E+00  1.531928E-01  5.000000E-01  4.550354E-01  3.220477E-02  0.000000E+00  1.681332E-02 -4.708500E-05  8.775504E-20 -6.058538E-01  0.000000E+00
  2.109507E+00  1.532323E-01  5.000000E-01  4.479994E-01  3.221314E-02  0.000000E+00  1.676512E-02  6.590354E-06  4.322764E-20 -5.948335E-01  0.000000E+00
  2.076374E+00  1.531621E-01  5.000000E-01  4.409628E-01  3.219824E-02  0.000000E+00  1.669179E-02  6.222000E-05  3.396681E-20 -5.830010E-01  0.000000E+00
  2.043241E+00  1.529800E-01  5.000000E-01  4.339262E-01  3.215957E-02  0.000000E+00  1.659323E-02  1.162233E-04 -2.482383E-20 -5.709428E-01  0.000000E+00
  2.010106E+00  1.526924E-01  5.000000E-01  4.268892E-01  3.209849E-02  0.000000E+00  1.647501E-02  1.662658E-04 -1.171306E-19 -5.591836E-01  0.000000E+00
  1.976970E+00  1.523059E-01  5.000000E-01  4.198519E-01  3.201640E-02  0.000000E+00  1.634679E-02  2.122551E-04 -2.454778E-19 -5.480016E-01  0.000000E+00
  1.943835E+00  1.518267E-01  5.000000E-01  4.128148E-01  3.191464E-02  0.000000E+00  1.621691E-02  2.544672E-04 -3.491757E-19 -5.375582E-01  0.000000E+00
  1.910699E+00  1.512609E-01  5.000000E-01  4.057775E-01  3.179446E-02  0.000000E+00  1.609047E-02  2.928787E-04 -3.612171E-19 -5.279778E-01  0.000000E+00
  1.877561E+00  1.506154E-01  5.000000E-01  3.987399E-01  3.165738E-02  0.000000E+00  1.597037E-02  3.275618E-04 -2.790014E-19 -5.193482E-01  0.000000E+00
  1.844424E+00  1.498966E-01  5.000000E-01  3.917024E-01  3.150473E-02  0.000000E+00  1.585844E-02  3.586131E-04 -2.836238E-19 -5.117544E-01  0.000000E+00
  1.811282E+00  1.491116E-01  5.000000E-01  3.846638E-01  3.133802E-02  0.000000E+00  1.575622E-02  3.858807E-04 -2.950911E-19 -5.053086E-01  0.000000E+00
  1.778139E+00  1.482684E-01  5.000000E-01  3.776250E-01  3.115894E-02  0.000000E+00  1.566625E-02  4.095977E-04 -9.517894E-20 -5.000832E-01  0.000000E+00
  1.744992E+00  1.473737E-01  5.000000E-01  3.705854E-01  3.096892E-02  0.000000E+00  1.559135E-02  4.299661E-04 -1.240637E-19 -4.961459E-01  0.000000E+00
  1.711843E+00  1.464355E-01  5.000000E-01  3.635455E-01  3.076966E-02  0.000000E+00  1.553442E-02  4.472103E-04  1.365958E-19 -4.935471E-01  0.000000E+00
  1.678692E+00  1.454603E-01  5.000000E-01  3.565049E-01  3.056257E-02  0.000000E+00  1.549809E-02  4.615127E-04  3.822865E-19 -4.923183E-01  0.000000E+00
  1.645539E+00  1.444563E-01  5.000000E-01  3.494640E-01  3.034934E-02  0.000000E+00  1.548464E-02  4.731557E-04 -1.033188E-19 -4.924440E-01  0.000000E+00
  1.612385E+00  1.434296E-01  5.000000E-01  3.424230E-01  3.013129E-02  0.000000E+00  1.549558E-02  4.826199E-04 -6.375536E-19 -4.938389E-01  0.000000E+00
  1.579236E+00  1.423866E-01  5.000000E-01  3.353830E-01  2.990979E-02  0.000000E+00  1.553111E-02  4.903905E-04 -5.588315E-19 -4.963622E-01  0.000000E+00
  1.546090E+00  1.413317E-01  5.000000E-01  3.283435E-01  2.968575E-02  0.000000E+00  1.559005E-02  4.969988E-04 -1.281956E-19 -4.998180E-01  0.000000E+00
  1.512946E+00  1.402688E-01  5.000000E-01  3.213046E-01  2.946001E-02  0.000000E+00  1.567009E-02  5.030293E-04 -1.586342E-19 -5.039708E-01  0.000000E+00
  1.479807E+00  1.391994E-01  5.000000E-01  3.142666E-01  2.923291E-02  0.000000E+00  1.576803E-02  5.090734E-04 -4.334681E-19 -5.085780E-01  0.000000E+00
  1.446672E+00  1.381245E-01  5.000000E-01  3.072296E-01  2.900461E-02  0.000000E+00  1.587982E-02  5.152384E-04 -4.454997E-19 -5.134644E-01  0.000000E+00
  1.413540E+00  1.370446E-01  5.000000E-01  3.001932E-01  2.877529E-02  0.000000E+00  1.600194E-02  5.216266E-04 -3.385852E-19 -5.184836E-01  0.000000E+00
  1.380413E+00  1.359599E-01  5.000000E-01  2.931579E-01  2.854492E-02  0.000000E+00  1.613189E-02  5.286256E-04 -5.196454E-20 -5.234855E-01  0.000000E+00
  1.347294E+00  1.348692E-01  5.000000E-01  2.861242E-01  2.831327E-02  0.000000E+00  1.626767E-02  5.365986E-04  9.592188E-20 -5.283437E-01  0.000000E+00
  1.314179E+00  1.337704E-01  5.000000E-01  2.790914E-01  2.807992E-02  0.000000E+00  1.640748E-02  5.456848E-04  1.402994E-21 -5.329728E-01  0.000000E+00
  1.281074E+00  1.326620E-01  5.000000E-01  2.720606E-01  2.784453E-02  0.000000E+00  1.655021E-02  5.561779E-04  3.518276E-19 -5.372949E-01  0.000000E+00
  1.247974E+00  1.315407E-01  5.000000E-01  2.650310E-01  2.760639E-02  0.000000E+00  1.669499E-02  5.681605E-04  6.302271E-19 -5.412727E-01  0.000000E+00
  1.214880E+00  1.304045E-01  5.000000E-01  2.580028E-01  2.736508E-02  0.000000E+00  1.684165E-02  5.817569E-04 -5.589650E-21 -5.448783E-01  0.000000E+00
  1.181795E+00  1.292500E-01  5.000000E-01  2.509763E-01  2.711989E-02  0.000000E+00  1.699091E-02  5.973984E-04 -7.328659E-19 -5.480691E-01  0.000000E+00
  1.148718E+00  1.280734E-01  5.000000E-01  2.439516E-01  2.687001E-02  0.000000E+00  1.714333E-02  6.150738E-04 -5.885460E-19 -5.508620E-01  0.000000E+00
  1.115646E+00  1.268717E-01  5.000000E-01  2.369279E-01  2.661480E-02  0.000000E+00  1.730001E-02  6.347236E-04 -4.768398E-19 -5.532918E-01  0.000000E+00
  1.082583E+00  1.256419E-01  5.000000E-01  2.299061E-01  2.635363E-02  0.000000E+00  1.746255E-02  6.565824E-04 -5.723518E-19 -5.553636E-01  0.000000E+00
  1.049524E+00  1.243804E-01  5.000000E-01  2.228852E-01  2.608571E-02  0.000000E+00  1.763182E-02  6.807763E-04 -6.287379E-19 -5.570536E-01  0.000000E+00
  1.016475E+00  1.230841E-01  5.000000E-01  2.158664E-01  2.581042E-02  0.000000E+00  1.780757E-02  7.076846E-04 -5.582292E-19 -5.582187E-01  0.000000E+00
  9.834318E-01  1.217486E-01  5.000000E-01  2.088488E-01  2.552678E-02  0.000000E+00  1.798915E-02  7.394015E-04  8.127001E-21 -5.584307E-01  0.000000E+00
  9.503976E-01  1.203635E-01  5.000000E-01  2.018331E-01  2.523262E-02  0.000000E+00  1.817372E-02  7.794431E-04  3.609828E-19 -5.570529E-01  0.000000E+00
  9.173728E-01  1.189109E-01  5.000000E-01  1.948195E-01  2.492413E-02  0.000000E+00  1.835244E-02  8.289434E-04  6.428624E-20 -5.537012E-01  0.000000E+00
  8.843598E-01  1.173760E-01  5.000000E-01  1.878083E-01  2.459814E-02  0.000000E+00  1.851449E-02  8.865687E-04 -3.363832E-19 -5.483605E-01  0.000000E+00
  8.513623E-01  1.157452E-01  5.000000E-01  1.808005E-01  2.425180E-02  0.000000E+00  1.865367E-02  9.509740E-04 -5.312626E-19 -5.411935E-01  0.000000E+00
  8.183794E-01  1.140072E-01  5.000000E-01  1.737957E-01  2.388270E-02  0.000000E+00  1.876923E-02  1.020749E-03 -1.651218E-19 -5.324933E-01  0.000000E+00
  7.854121E-01  1.121533E-01  5.000000E-01  1.667943E-01  2.348898E-02  0.000000E+00  1.886493E-02  1.094696E-03  7.797663E-19 -5.225832E-01  0.000000E+00
  7.524593E-01  1.101767E-01  5.000000E-01  1.597959E-01  2.306919E-02  0.000000E+00  1.894662E-02  1.171935E-03  1.031199E-18 -5.117402E-01  0.000000E+00
  7.195226E-01  1.080723E-01  5.000000E-01  1.528009E-01  2.262228E-02  0.000000E+00  1.902019E-02  1.252226E-03  4.111808E-19 -5.001121E-01  0.000000E+00
  6.866079E-01  1.058359E-01  5.000000E-01  1.458107E-01  2.214731E-02  0.000000E+00  1.908973E-02  1.336105E-03 -9.034792E-22 -4.876748E-01  0.000000E+00
  6.537221E-01  1.034617E-01  5.000000E-01  1.388265E-01  2.164309E-02  0.000000E+00  1.915592E-02  1.424202E-03 -5.840485E-19 -4.742995E-01  0.000000E+00
  6.208691E-01  1.009431E-01  5.000000E-01  1.318494E-01  2.110821E-02  0.000000E+00  1.921592E-02  1.516644E-03 -8.827094E-19 -4.598539E-01  0.000000E+00
  5.880524E-01  9.827344E-02  5.000000E-01  1.248799E-01  2.054123E-02  0.000000E+00  1.926504E-02  1.612866E-03  2.730967E-19 -4.442874E-01  0.000000E+00
  5.552711E-01  9.544606E-02  5.000000E-01  1.179180E-01  1.994077E-02  0.000000E+00  1.929919E-02  1.711864E-03  9.724372E-19 -4.276752E-01  0.000000E+00
  5.225283E-01  9.245616E-02  5.000000E-01  1.109642E-01  1.930579E-02  0.000000E+00  1.931727E-02  1.813136E-03  2.802569E-19 -4.102031E-01  0.000000E+00
  4.898261E-01  8.929815E-02  5.000000E-01  1.040191E-01  1.863510E-02  0.000000E+00  1.932096E-02  1.916266E-03  6.024440E-21 -3.922643E-01  0.000000E+00
  4.571624E-01  8.596772E-02  5.000000E-01  9.708209E-02  1.792780E-02  0.000000E+00  1.931340E-02  2.020306E-03 -8.802560E-19 -3.745298E-01  0.000000E+00
  4.245350E-01  8.246234E-02  5.000000E-01  9.015283E-02  1.718334E-02  0.000000E+00  1.929780E-02  2.123845E-03 -1.584908E-18 -3.578024E-01  0.000000E+00
  3.919369E-01  7.878244E-02  5.000000E-01  8.322981E-02  1.640183E-02  0.000000E+00  1.927507E-02  2.225672E-03  2.101697E-18 -3.425549E-01  0.000000E+00
  3.593832E-01  7.493203E-02  5.000000E-01  7.631620E-02  1.558409E-02  0.000000E+00  1.924085E-02  2.326877E-03  3.854101E-18 -3.281433E-01  0.000000E+00
  3.269046E-01  7.091121E-02  5.000000E-01  6.941854E-02  1.473017E-02  0.000000E+00  1.918071E-02  2.431801E-03  9.910059E-19 -3.122898E-01  0.000000E+00
  2.945750E-01  6.671141E-02  5.000000E-01  6.255253E-02  1.383823E-02  0.000000E+00  1.906589E-02  2.544943E-03 -3.217338E-18 -2.917118E-01  0.000000E+00
  2.624265E-01  6.230253E-02  5.000000E-01  5.572497E-02  1.290190E-02  0.000000E+00  1.885649E-02  2.660796E-03 -1.304976E-17 -2.646450E-01  0.000000E+00
  2.304268E-01  5.765773E-02  5.000000E-01  4.892903E-02  1.191546E-02  0.000000E+00  1.853392E-02  2.768604E-03 -2.690022E-17 -2.331362E-01  0.000000E+00
  1.986088E-01  5.276799E-02  5.000000E-01  4.217166E-02  1.087700E-02  0.000000E+00  1.813961E-02  2.865553E-03 -3.333899E-17 -2.041846E-01  0.000000E+00
  1.669282E-01  4.761364E-02  5.000000E-01  3.544349E-02  9.782337E-03  0.000000E+00  1.777706E-02  2.938592E-03  9.149099E-18 -1.909435E-01  0.000000E+00
  1.350509E-01  4.223354E-02  5.000000E-01  2.867354E-02  8.639736E-03  0.000000E+00  1.768962E-02  3.040436E-03  1.841699E-16 -2.012559E-01  0.000000E+00
  1.043791E-01  3.686572E-02  5.000000E-01  2.215959E-02  7.499744E-03  0.000000E+00  1.829926E-02  3.407004E-03  5.819906E-16 -2.217350E-01  0.000000E+00
  7.632629E-02  3.134922E-02  5.000000E-01  1.620187E-02  6.328174E-03  0.000000E+00  1.984845E-02  4.217545E-03  1.174923E-15 -2.416924E-01  0.000000E+00
  5.118571E-02  2.562265E-02  5.000000E-01  1.086263E-02  5.111991E-03  0.000000E+00  2.241978E-02  5.629646E-03  1.720741E-15 -2.583546E-01  0.000000E+00
  3.264831E-02  2.059999E-02  5.000000E-01  6.925739E-03  4.045302E-03  0.000000E+00  2.632212E-02  8.355616E-03  1.871763E-15 -2.381964E-01  0.000000E+00
  2.051015E-02  1.628907E-02  5.000000E-01  4.347893E-03  3.129768E-03  0.000000E+00  3.100281E-02  1.286599E-02  1.497956E-15 -1.606609E-01  0.000000E+00
  1.247723E-02  1.253387E-02  5.000000E-01  2.641898E-03  2.332257E-03  0.000000E+00  3.484770E-02  1.851194E-02  1.174023E-15 -5.903089E-02  0.000000E+00
  7.055255E-03  9.326458E-03  5.000000E-01  1.490404E-03  1.651081E-03  0.000000E+00  3.684920E-02  2.513775E-02  2.185725E-15  5.181554E-02  0.000000E+00
  3.418635E-03  6.523443E-03  5.000000E-01  7.180754E-04  1.055790E-03  0.000000E+00  3.541808E-02  3.321194E-02  5.587811E-15  2.180238E-01  0.000000E+00
  1.108798E-03  3.943252E-03  5.000000E-01  2.275226E-04  5.078203E-04  0.000000E+00  2.597934E-02  3.970386E-02  1.080266E-14  5.234724E-01  0.000000E+00
  3.747479E-05  1.552107E-03  5.000000E-01  0.000000E+00  0.000000E+00  0.000000E+00  8.151380E-03  3.461206E-02  1.525457E-14  9.583154E-01  0.000000E+00
  3.747479E-05  1.552107E-03  5.000000E-01  0.000000E+00  0.000000E+00  0.000000E+00  8.151380E-03  3.461206E-02  1.525457E-14  9.583154E-01  0.000000E+00
  2.534065E-04 -8.078146E-04  5.000000E-01  4.585858E-05 -5.011894E-04  0.000000E+00 -1.707021E-03  1.476557E-02  1.549558E-14  1.203670E+00  0.000000E+00
  1.848580E-03 -3.212492E-03  5.000000E-01  3.846343E-04 -1.011884E-03  0.000000E+00  4.635904E-03 -3.271479E-03  1.140129E-14  1.086554E+00  0.000000E+00
  4.867645E-03 -5.638229E-03  5.000000E-01  1.025809E-03 -1.527051E-03  0.000000E+00  1.440951E-02 -9.462827E-03  6.056150E-15  8.631946E-01  0.000000E+00
  9.380877E-03 -8.169068E-03  5.000000E-01  1.984309E-03 -2.064539E-03  0.000000E+00  1.977911E-02 -9.680433E-03  1.957474E-15  7.042323E-01  0.000000E+00
  1.589077E-02 -1.094892E-02  5.000000E-01  3.366850E-03 -2.654910E-03  0.000000E+00  2.128807E-02 -8.031264E-03  2.415260E-16  5.861735E-01  0.000000E+00
  2.547297E-02 -1.409815E-02  5.000000E-01  5.401873E-03 -3.323731E-03  0.000000E+00  2.053106E-02 -5.944566E-03  3.018059E-16  4.803312E-01  0.000000E+00
  3.989163E-02 -1.767215E-02  5.000000E-01  8.464043E-03 -4.082761E-03  0.000000E+00  1.869477E-02 -4.071021E-03  6.894680E-16  3.900165E-01  0.000000E+00
  6.092142E-02 -2.153917E-02  5.000000E-01  1.293025E-02 -4.904019E-03  0.000000E+00  1.679627E-02 -2.791059E-03  5.744353E-16  3.291531E-01  0.000000E+00
  8.832839E-02 -2.554511E-02  5.000000E-01  1.875082E-02 -5.754783E-03  0.000000E+00  1.545197E-02 -2.118863E-03  1.831798E-16  2.978951E-01  0.000000E+00
  1.189914E-01 -2.945984E-02  5.000000E-01  2.526288E-02 -6.586175E-03  0.000000E+00  1.476863E-02 -1.822648E-03 -5.466886E-17  2.799716E-01  0.000000E+00
  1.511926E-01 -3.330368E-02  5.000000E-01  3.210162E-02 -7.402512E-03  0.000000E+00  1.460825E-02 -1.717482E-03 -8.779604E-17  2.625239E-01  0.000000E+00
  1.838450E-01 -3.709410E-02  5.000000E-01  3.903620E-02 -8.207505E-03  0.000000E+00  1.476414E-02 -1.687410E-03 -4.494894E-17  2.397326E-01  0.000000E+00
  2.165049E-01 -4.077841E-02  5.000000E-01  4.597235E-02 -8.989962E-03  0.000000E+00  1.504159E-02 -1.659678E-03 -9.367932E-18  2.118959E-01  0.000000E+00
  2.491496E-01 -4.430474E-02  5.000000E-01  5.290529E-02 -9.738867E-03  0.000000E+00  1.532092E-02 -1.615913E-03  3.266714E-18  1.843458E-01  0.000000E+00
  2.819003E-01 -4.767730E-02  5.000000E-01  5.986073E-02 -1.045512E-02  0.000000E+00  1.555461E-02 -1.565786E-03  4.303445E-18  1.613404E-01  0.000000E+00
  3.147601E-01 -5.091266E-02  5.000000E-01  6.683936E-02 -1.114223E-02  0.000000E+00  1.573456E-02 -1.517482E-03  9.411890E-19  1.428772E-01  0.000000E+00
  3.477303E-01 -5.403130E-02  5.000000E-01  7.384141E-02 -1.180455E-02  0.000000E+00  1.587024E-02 -1.474097E-03 -1.500031E-18  1.268575E-01  0.000000E+00
  3.807756E-01 -5.705048E-02  5.000000E-01  8.085941E-02 -1.244575E-02  0.000000E+00  1.597128E-02 -1.432737E-03 -7.785270E-19  1.112888E-01  0.000000E+00
  4.138291E-01 -5.996731E-02  5.000000E-01  8.787917E-02 -1.306521E-02  0.000000E+00  1.603841E-02 -1.385870E-03 -1.247451E-18  9.520748E-02  0.000000E+00
  4.468689E-01 -6.276724E-02  5.000000E-01  9.489601E-02 -1.365985E-02  0.000000E+00  1.606971E-02 -1.329929E-03 -1.473330E-18  7.908564E-02  0.000000E+00
  4.799091E-01 -6.544059E-02  5.000000E-01  1.019129E-01 -1.422760E-02  0.000000E+00  1.606628E-02 -1.266874E-03 -2.869953E-20  6.404315E-02  0.000000E+00
  5.129612E-01 -6.798293E-02  5.000000E-01  1.089324E-01 -1.476753E-02  0.000000E+00  1.603178E-02 -1.200055E-03  6.272211E-19  5.080586E-02  0.000000E+00
  5.460360E-01 -7.039470E-02  5.000000E-01  1.159567E-01 -1.527973E-02  0.000000E+00  1.597129E-02 -1.132313E-03  1.440045E-18  3.949244E-02  0.000000E+00
  5.791347E-01 -7.267883E-02  5.000000E-01  1.229860E-01 -1.576483E-02  0.000000E+00  1.588995E-02 -1.065283E-03  1.820076E-18  2.985816E-02  0.000000E+00
  6.122565E-01 -7.483873E-02  5.000000E-01  1.300203E-01 -1.622354E-02  0.000000E+00  1.579251E-02 -9.997646E-04  1.676351E-18  2.161700E-02  0.000000E+00
  6.454013E-01 -7.687833E-02  5.000000E-01  1.370594E-01 -1.665670E-02  0.000000E+00  1.568351E-02 -9.365978E-04  2.092208E-18  1.462776E-02  0.000000E+00
  6.785693E-01 -7.880306E-02  5.000000E-01  1.441035E-01 -1.706546E-02  0.000000E+00  1.556654E-02 -8.766155E-04  1.319876E-18  8.847163E-03  0.000000E+00
  7.117575E-01 -8.061931E-02  5.000000E-01  1.511518E-01 -1.745119E-02  0.000000E+00  1.544255E-02 -8.198531E-04  2.018923E-19  4.201249E-03  0.000000E+00
  7.449560E-01 -8.233187E-02  5.000000E-01  1.582024E-01 -1.781490E-02  0.000000E+00  1.530933E-02 -7.655624E-04  9.246265E-21  5.924637E-04  0.000000E+00
  7.781569E-01 -8.394398E-02  5.000000E-01  1.652534E-01 -1.815727E-02  0.000000E+00  1.516327E-02 -7.132655E-04 -3.509365E-19 -1.982471E-03  0.000000E+00
  8.113578E-01 -8.545944E-02  5.000000E-01  1.723045E-01 -1.847911E-02  0.000000E+00  1.500212E-02 -6.634351E-04 -3.565144E-19 -3.415104E-03  0.000000E+00
  8.445597E-01 -8.688435E-02  5.000000E-01  1.793558E-01 -1.878173E-02  0.000000E+00  1.482699E-02 -6.173989E-04  3.244977E-19 -3.593285E-03  0.000000E+00
  8.777625E-01 -8.822833E-02  5.000000E-01  1.864072E-01 -1.906716E-02  0.000000E+00  1.464338E-02 -5.767307E-04  4.927253E-19 -2.545501E-03  0.000000E+00
  9.109638E-01 -8.950351E-02  5.000000E-01  1.934584E-01 -1.933798E-02  0.000000E+00  1.446158E-02 -5.432113E-04  3.878466E-20 -4.769292E-04  0.000000E+00
  9.441676E-01 -9.072651E-02  5.000000E-01  2.005100E-01 -1.959771E-02  0.000000E+00  1.429577E-02 -5.190902E-04 -1.336416E-19  2.263197E-03  0.000000E+00
  9.773746E-01 -9.191884E-02  5.000000E-01  2.075624E-01 -1.985093E-02  0.000000E+00  1.416012E-02 -5.062458E-04  4.464451E-19  5.159085E-03  0.000000E+00
  1.010583E+00 -9.310509E-02  5.000000E-01  2.146150E-01 -2.010286E-02  0.000000E+00  1.406264E-02 -5.039783E-04  2.792836E-19  7.482807E-03  0.000000E+00
  1.043798E+00 -9.430424E-02  5.000000E-01  2.216690E-01 -2.035753E-02  0.000000E+00  1.400106E-02 -5.076487E-04 -1.056299E-19  8.407637E-03  0.000000E+00
  1.077015E+00 -9.551880E-02  5.000000E-01  2.287236E-01 -2.061547E-02  0.000000E+00  1.396834E-02 -5.132273E-04  2.501285E-19  7.653324E-03  0.000000E+00
  1.110238E+00 -9.674971E-02  5.000000E-01  2.357793E-01 -2.087689E-02  0.000000E+00  1.395875E-02 -5.196245E-04  1.323500E-19  5.572492E-03  0.000000E+00
  1.143462E+00 -9.799632E-02  5.000000E-01  2.428354E-01 -2.114164E-02  0.000000E+00  1.396811E-02 -5.265377E-04 -3.638283E-19  2.576004E-03  0.000000E+00
  1.176693E+00 -9.925872E-02  5.000000E-01  2.498927E-01 -2.140974E-02  0.000000E+00  1.399349E-02 -5.337808E-04 -1.645452E-19 -1.116910E-03  0.000000E+00
  1.209925E+00 -1.005357E-01  5.000000E-01  2.569505E-01 -2.168095E-02  0.000000E+00  1.403220E-02 -5.406826E-04  6.009302E-19 -5.510318E-03  0.000000E+00
  1.243158E+00 -1.018240E-01  5.000000E-01  2.640083E-01 -2.195454E-02  0.000000E+00  1.408223E-02 -5.467892E-04  6.865863E-19 -1.062829E-02  0.000000E+00
  1.276395E+00 -1.031209E-01  5.000000E-01  2.710670E-01 -2.222997E-02  0.000000E+00  1.414204E-02 -5.517553E-04  4.371227E-19 -1.645068E-02  0.000000E+00
  1.309630E+00 -1.044218E-01  5.000000E-01  2.781253E-01 -2.250625E-02  0.000000E+00  1.420989E-02 -5.549228E-04  2.342139E-19 -2.295475E-02  0.000000E+00
  1.342868E+00 -1.057210E-01  5.000000E-01  2.851842E-01 -2.278218E-02  0.000000E+00  1.428441E-02 -5.560795E-04 -3.665750E-19 -3.004425E-02  0.000000E+00
  1.376108E+00 -1.070140E-01  5.000000E-01  2.922436E-01 -2.305677E-02  0.000000E+00  1.436373E-02 -5.547723E-04 -2.439335E-19 -3.764301E-02  0.000000E+00
  1.409347E+00 -1.082931E-01  5.000000E-01  2.993027E-01 -2.332842E-02  0.000000E+00  1.444512E-02 -5.503849E-04  4.112214E-19 -4.568398E-02  0.000000E+00
  1.442589E+00 -1.095514E-01  5.000000E-01  3.063625E-01 -2.359566E-02  0.000000E+00  1.452521E-02 -5.426129E-04  6.259989E-19 -5.404146E-02  0.000000E+00
  1.475831E+00 -1.107812E-01  5.000000E-01  3.134222E-01 -2.385683E-02  0.000000E+00  1.459940E-02 -5.309211E-04  3.739931E-19 -6.258436E-02  0.000000E+00
  1.509072E+00 -1.119737E-01  5.000000E-01  3.204819E-01 -2.411009E-02  0.000000E+00  1.466244E-02 -5.147594E-04  3.332946E-20 -7.114825E-02  0.000000E+00
  1.542314E+00 -1.131197E-01  5.000000E-01  3.275416E-01 -2.435348E-02  0.000000E+00  1.471012E-02 -4.940376E-04  2.224617E-19 -7.950614E-02  0.000000E+00
  1.575558E+00 -1.142111E-01  5.000000E-01  3.346018E-01 -2.458526E-02  0.000000E+00  1.474086E-02 -4.693972E-04 -2.051154E-19 -8.741114E-02  0.000000E+00
  1.608800E+00 -1.152411E-01  5.000000E-01  3.416615E-01 -2.480401E-02  0.000000E+00  1.475712E-02 -4.428279E-04 -1.132071E-18 -9.461133E-02  0.000000E+00
  1.642044E+00 -1.162104E-01  5.000000E-01  3.487219E-01 -2.500985E-02  0.000000E+00  1.476327E-02 -4.160309E-04 -8.837637E-19 -1.010514E-01  0.000000E+00
  1.675286E+00 -1.171191E-01  5.000000E-01  3.557816E-01 -2.520285E-02  0.000000E+00  1.476249E-02 -3.891751E-04 -1.806972E-20 -1.069354E-01  0.000000E+00
  1.708526E+00 -1.179675E-01  5.000000E-01  3.628410E-01 -2.538303E-02  0.000000E+00  1.475693E-02 -3.621804E-04  2.629445E-19 -1.124650E-01  0.000000E+00
  1.741762E+00 -1.187552E-01  5.000000E-01  3.698996E-01 -2.555032E-02  0.000000E+00  1.474763E-02 -3.348053E-04  5.356730E-20 -1.177648E-01  0.000000E+00
  1.774995E+00 -1.194809E-01  5.000000E-01  3.769573E-01 -2.570444E-02  0.000000E+00  1.473542E-02 -3.071891E-04 -2.161179E-20 -1.228371E-01  0.000000E+00
  1.808227E+00 -1.201451E-01  5.000000E-01  3.840150E-01 -2.584551E-02  0.000000E+00  1.472079E-02 -2.794487E-04  7.333173E-20 -1.276579E-01  0.000000E+00
  1.841453E+00 -1.207469E-01  5.000000E-01  3.910714E-01 -2.597331E-02  0.000000E+00  1.470367E-02 -2.514217E-04 -7.818274E-20 -1.322411E-01  0.000000E+00
  1.874678E+00 -1.212858E-01  5.000000E-01  3.981276E-01 -2.608774E-02  0.000000E+00  1.468416E-02 -2.232034E-04 -3.493821E-19 -1.365832E-01  0.000000E+00
  1.907900E+00 -1.217613E-01  5.000000E-01  4.051830E-01 -2.618873E-02  0.000000E+00  1.466241E-02 -1.947938E-04 -2.143553E-19 -1.406990E-01  0.000000E+00
  1.941118E+00 -1.221728E-01  5.000000E-01  4.122377E-01 -2.627613E-02  0.000000E+00  1.463891E-02 -1.661707E-04 -1.225683E-19 -1.446125E-01  0.000000E+00
  1.974334E+00 -1.225197E-01  5.000000E-01  4.192920E-01 -2.634980E-02  0.000000E+00  1.461495E-02 -1.375559E-04 -2.125956E-19 -1.483290E-01  0.000000E+00
  2.007549E+00 -1.228023E-01  5.000000E-01  4.263460E-01 -2.640982E-02  0.000000E+00  1.459220E-02 -1.089924E-04 -9.600485E-20 -1.518864E-01  0.000000E+00
  2.040760E+00 -1.230202E-01  5.000000E-01  4.333993E-01 -2.645609E-02  0.000000E+00  1.457220E-02 -8.035951E-05 -5.454823E-20 -1.553532E-01  0.000000E+00
  2.073970E+00 -1.231729E-01  5.000000E-01  4.404522E-01 -2.648852E-02  0.000000E+00  1.455624E-02 -5.174053E-05 -3.789213E-20 -1.587680E-01  0.000000E+00
  2.107177E+00 -1.232606E-01  5.000000E-01  4.475046E-01 -2.650716E-02  0.000000E+00  1.454366E-02 -2.253223E-05 -8.841019E-21 -1.622074E-01  0.000000E+00
  2.140379E+00 -1.232803E-01  5.000000E-01  4.545558E-01 -2.651133E-02  0.000000E+00  1.453163E-02  8.260759E-06 -3.540666E-20 -1.657169E-01  0.000000E+00
  2.173577E+00 -1.232273E-01  5.000000E-01  4.616063E-01 -2.650008E-02  0.000000E+00  1.451641E-02  4.119314E-05 -4.581953E-20 -1.692065E-01  0.000000E+00
  2.206768E+00 -1.230962E-01  5.000000E-01  4.686553E-01 -2.647223E-02  0.000000E+00  1.449404E-02  7.637855E-05  2.615920E-20 -1.724844E-01  0.000000E+00
  2.239954E+00 -1.228818E-01  5.000000E-01  4.757033E-01 -2.642670E-02  0.000000E+00  1.446055E-02  1.137280E-04  4.107473E-20 -1.753351E-01  0.000000E+00
  2.273134E+00 -1.225784E-01  5.000000E-01  4.827499E-01 -2.636227E-02  0.000000E+00  1.441206E-02  1.530726E-04  7.152278E-20 -1.775629E-01  0.000000E+00
  2.306309E+00 -1.221811E-01  5.000000E-01  4.897953E-01 -2.627789E-02  0.000000E+00  1.434501E-02  1.941957E-04  1.023416E-19 -1.789952E-01  0.000000E+00
  2.339476E+00 -1.216844E-01  5.000000E-01  4.968392E-01 -2.617241E-02  0.000000E+00  1.425656E-02  2.369336E-04  1.730896E-19 -1.794920E-01  0.000000E+00
  2.372638E+00 -1.210826E-01  5.000000E-01  5.038821E-01 -2.604460E-02  0.000000E+00  1.414607E-02  2.804627E-04  2.224672E-19 -1.788765E-01  0.000000E+00
  2.405805E+00 -1.203729E-01  5.000000E-01  5.109259E-01 -2.589388E-02  0.000000E+00  1.401498E-02  3.236093E-04  2.167188E-19 -1.769927E-01  0.000000E+00
  2.438976E+00 -1.195544E-01  5.000000E-01  5.179706E-01 -2.572005E-02  0.000000E+00  1.386470E-02  3.658937E-04 -2.145310E-19 -1.738324E-01  0.000000E+00
  2.472150E+00 -1.186256E-01  5.000000E-01  5.250160E-01 -2.552280E-02  0.000000E+00  1.369546E-02  4.071450E-04 -3.296777E-19 -1.694545E-01  0.000000E+00
  2.505329E+00 -1.175853E-01  5.000000E-01  5.320624E-01 -2.530185E-02  0.000000E+00  1.350630E-02  4.470224E-04 -4.235217E-19 -1.638796E-01  0.000000E+00
  2.538512E+00 -1.164325E-01  5.000000E-01  5.391097E-01 -2.505703E-02  0.000000E+00  1.329493E-02  4.852759E-04 -2.465801E-19 -1.570970E-01  0.000000E+00
  2.571700E+00 -1.151657E-01  5.000000E-01  5.461580E-01 -2.478800E-02  0.000000E+00  1.305937E-02  5.215180E-04  1.707288E-19 -1.490418E-01  0.000000E+00
  2.604894E+00 -1.137845E-01  5.000000E-01  5.532074E-01 -2.449467E-02  0.000000E+00  1.279972E-02  5.552610E-04 -4.111934E-19 -1.396556E-01  0.000000E+00
  2.638090E+00 -1.122882E-01  5.000000E-01  5.602575E-01 -2.417689E-02  0.000000E+00  1.252124E-02  5.848114E-04 -9.517668E-19 -1.288382E-01  0.000000E+00
  2.671292E+00 -1.106854E-01  5.000000E-01  5.673087E-01 -2.383649E-02  0.000000E+00  1.223405E-02  6.079054E-04 -7.535192E-19 -1.165948E-01  0.000000E+00
  2.704497E+00 -1.089908E-01  5.000000E-01  5.743608E-01 -2.347660E-02  0.000000E+00  1.194837E-02  6.240448E-04 -6.504471E-19 -1.033183E-01  0.000000E+00
  2.737708E+00 -1.072194E-01  5.000000E-01  5.814140E-01 -2.310041E-02  0.000000E+00  1.167221E-02  6.339641E-04 -1.199748E-19 -8.958971E-02  0.000000E+00
  2.770923E+00 -1.053861E-01  5.000000E-01  5.884680E-01 -2.271104E-02  0.000000E+00  1.141140E-02  6.385158E-04  4.939215E-19 -7.588528E-02  0.000000E+00
  2.804143E+00 -1.035053E-01  5.000000E-01  5.955230E-01 -2.231161E-02  0.000000E+00  1.117002E-02  6.383552E-04 -2.082717E-19 -6.249008E-02  0.000000E+00
  2.837367E+00 -1.015920E-01  5.000000E-01  6.025790E-01 -2.190528E-02  0.000000E+00  1.095056E-02  6.340888E-04 -9.092063E-19 -4.957443E-02  0.000000E+00
  2.870594E+00 -9.966062E-02  5.000000E-01  6.096357E-01 -2.149510E-02  0.000000E+00  1.075439E-02  6.262751E-04 -1.172986E-18 -3.726474E-02  0.000000E+00
  2.903823E+00 -9.772531E-02  5.000000E-01  6.166926E-01 -2.108408E-02  0.000000E+00  1.058216E-02  6.155091E-04 -8.395035E-19 -2.569644E-02  0.000000E+00
  2.937051E+00 -9.579844E-02  5.000000E-01  6.237496E-01 -2.067486E-02  0.000000E+00  1.043494E-02  6.021102E-04 -4.501354E-19 -1.497630E-02  0.000000E+00
  2.970283E+00 -9.389370E-02  5.000000E-01  6.308072E-01 -2.027034E-02  0.000000E+00  1.031521E-02  5.862736E-04  2.833956E-19 -5.206786E-03  0.000000E+00
  3.003515E+00 -9.202421E-02  5.000000E-01  6.378649E-01 -1.987331E-02  0.000000E+00  1.022722E-02  5.683740E-04  7.367995E-19  3.462289E-03  0.000000E+00
  3.036751E+00 -9.020297E-02  5.000000E-01  6.449232E-01 -1.948652E-02  0.000000E+00  1.017764E-02  5.486993E-04  3.731599E-19  1.086288E-02  0.000000E+00
  3.069988E+00 -8.844372E-02  5.000000E-01  6.519820E-01 -1.911290E-02  0.000000E+00  1.017428E-02  5.276104E-04  2.444345E-19  1.674782E-02  0.000000E+00
  3.103226E+00 -8.675872E-02  5.000000E-01  6.590409E-01 -1.875505E-02  0.000000E+00  1.022414E-02  5.050657E-04 -4.123897E-20  2.086798E-02  0.000000E+00
  3.136469E+00 -8.516197E-02  5.000000E-01  6.661010E-01 -1.841594E-02  0.000000E+00  1.032916E-02  4.817325E-04  1.330753E-19  2.295095E-02  0.000000E+00
  3.169712E+00 -8.366105E-02  5.000000E-01  6.731611E-01 -1.809718E-02  0.000000E+00  1.048003E-02  4.619806E-04  4.623612E-19  2.249334E-02  0.000000E+00
  3.202960E+00 -8.223490E-02  5.000000E-01  6.802220E-01 -1.779430E-02  0.000000E+00  1.065882E-02  4.508917E-04  2.713909E-19  1.937817E-02  0.000000E+00
  3.236210E+00 -8.085129E-02  5.000000E-01  6.872835E-01 -1.750046E-02  0.000000E+00  1.084731E-02  4.499579E-04  2.239564E-20  1.437347E-02  0.000000E+00
  3.269464E+00 -7.947903E-02  5.000000E-01  6.943459E-01 -1.720902E-02  0.000000E+00  1.102928E-02  4.588703E-04  3.026816E-19  8.487363E-03  0.000000E+00
  3.302721E+00 -7.808728E-02  5.000000E-01  7.014089E-01 -1.691345E-02  0.000000E+00  1.119040E-02  4.771621E-04  7.924782E-19  2.476782E-03  0.000000E+00
  3.335981E+00 -7.664633E-02  5.000000E-01  7.084724E-01 -1.660743E-02  0.000000E+00  1.131909E-02  5.039684E-04  1.143002E-19 -3.106462E-03  0.000000E+00
  3.369247E+00 -7.512896E-02  5.000000E-01  7.155373E-01 -1.628517E-02  0.000000E+00  1.140695E-02  5.380206E-04 -3.898989E-19 -7.794310E-03  0.000000E+00
  3.402518E+00 -7.351176E-02  5.000000E-01  7.226033E-01 -1.594172E-02  0.000000E+00  1.144773E-02  5.781078E-04 -2.229783E-19 -1.121787E-02  0.000000E+00
  3.435792E+00 -7.177199E-02  5.000000E-01  7.296699E-01 -1.557224E-02  0.000000E+00  1.143726E-02  6.227407E-04  3.411182E-20 -1.303001E-02  0.000000E+00
  3.469073E+00 -6.989108E-02  5.000000E-01  7.367379E-01 -1.517278E-02  0.000000E+00  1.137322E-02  6.701391E-04 -7.166286E-19 -1.289063E-02  0.000000E+00
  3.502353E+00 -6.785280E-02  5.000000E-01  7.438057E-01 -1.473990E-02  0.000000E+00  1.125426E-02  7.184378E-04 -5.100360E-19 -1.053673E-02  0.000000E+00
  3.535630E+00 -6.564449E-02  5.000000E-01  7.508729E-01 -1.427091E-02  0.000000E+00  1.107909E-02  7.655927E-04  1.590335E-19 -5.776337E-03  0.000000E+00
  3.568904E+00 -6.325564E-02  5.000000E-01  7.579395E-01 -1.376357E-02  0.000000E+00  1.084545E-02  8.096884E-04 -6.744681E-19  1.490581E-03  0.000000E+00
  3.602176E+00 -6.067736E-02  5.000000E-01  7.650057E-01 -1.321601E-02  0.000000E+00  1.055040E-02  8.486833E-04 -1.092436E-18  1.133191E-02  0.000000E+00
  3.635446E+00 -5.790310E-02  5.000000E-01  7.720714E-01 -1.262682E-02  0.000000E+00  1.019215E-02  8.804787E-04 -3.632555E-19  2.380535E-02  0.000000E+00
  3.668713E+00 -5.492848E-02  5.000000E-01  7.791365E-01 -1.199509E-02  0.000000E+00  9.773367E-03  9.033180E-04  2.619813E-19  3.892491E-02  0.000000E+00
  3.701976E+00 -5.175261E-02  5.000000E-01  7.862009E-01 -1.132061E-02  0.000000E+00  9.304553E-03  9.156614E-04  4.373623E-19  5.655717E-02  0.000000E+00
  3.735241E+00 -4.837843E-02  5.000000E-01  7.932655E-01 -1.060402E-02  0.000000E+00  8.808757E-03  9.136752E-04  4.070457E-19  7.670183E-02  0.000000E+00
  3.768500E+00 -4.484904E-02  5.000000E-01  8.003289E-01 -9.854463E-03  0.000000E+00  8.316280E-03  8.947349E-04 -4.255589E-19  9.897597E-02  0.000000E+00
  3.801751E+00 -4.122256E-02  5.000000E-01  8.073904E-01 -9.084288E-03  0.000000E+00  7.851691E-03  8.620789E-04  1.800720E-19  1.220044E-01  0.000000E+00
  3.834989E+00 -3.755128E-02  5.000000E-01  8.144495E-01 -8.304598E-03  0.000000E+00  7.430432E-03  8.207736E-04  3.841907E-19  1.443979E-01  0.000000E+00
  3.868211E+00 -3.388473E-02  5.000000E-01  8.215050E-01 -7.525914E-03  0.000000E+00  7.060267E-03  7.750571E-04 -5.204985E-19  1.653882E-01  0.000000E+00
  3.901422E+00 -3.026230E-02  5.000000E-01  8.285582E-01 -6.756598E-03  0.000000E+00  6.743345E-03  7.280445E-04 -1.365847E-19  1.847200E-01  0.000000E+00
  3.934617E+00 -2.671908E-02  5.000000E-01  8.356079E-01 -6.004105E-03  0.000000E+00  6.478352E-03  6.815574E-04  4.881189E-19  2.024028E-01  0.000000E+00
  3.967800E+00 -2.328305E-02  5.000000E-01  8.426552E-01 -5.274377E-03  0.000000E+00  6.261405E-03  6.366143E-04  1.153892E-18  2.184643E-01  0.000000E+00
  4.000972E+00 -1.997660E-02  5.000000E-01  8.497001E-01 -4.572168E-03  0.000000E+00  6.086872E-03  5.937439E-04  7.315293E-19  2.329602E-01  0.000000E+00
  4.034139E+00 -1.681591E-02  5.000000E-01  8.567440E-01 -3.900916E-03  0.000000E+00  5.947658E-03  5.534338E-04 -9.813943E-19  2.459634E-01  0.000000E+00
  4.067311E+00 -1.380741E-02  5.000000E-01  8.637890E-01 -3.261984E-03  0.000000E+00  5.835663E-03  5.159024E-04 -1.404220E-19  2.576110E-01  0.000000E+00
  4.100488E+00 -1.095354E-02  5.000000E-01  8.708348E-01 -2.655891E-03  0.000000E+00  5.742631E-03  4.808184E-04  1.283322E-18  2.681558E-01  0.000000E+00
  4.133669E+00 -8.254312E-03  5.000000E-01  8.778818E-01 -2.082642E-03  0.000000E+00  5.660437E-03  4.477629E-04  1.504326E-18  2.778475E-01  0.000000E+00
  4.166856E+00 -5.706260E-03  5.000000E-01  8.849299E-01 -1.541499E-03  0.000000E+00  5.581697E-03  4.164262E-04  8.598358E-19  2.869122E-01  0.000000E+00
  4.200049E+00 -3.304824E-03  5.000000E-01  8.919793E-01 -1.031493E-03  0.000000E+00  5.500800E-03  3.866356E-04 -1.025935E-18  2.955417E-01  0.000000E+00
  4.233242E+00 -1.043076E-03  5.000000E-01  8.990285E-01 -5.511530E-04  0.000000E+00  5.415492E-03  3.576599E-04 -9.861922E-19  3.039412E-01  0.000000E+00
  4.266405E+00  1.075211E-03  5.000000E-01  9.060715E-01 -1.012810E-04  0.000000E+00  5.328274E-03  3.274804E-04  5.856282E-19  3.123388E-01  0.000000E+00
  4.299502E+00  3.027639E-03  5.000000E-01  9.131007E-01  3.133666E-04  0.000000E+00  5.245869E-03  2.938219E-04  4.676623E-19  3.207897E-01  0.000000E+00
  4.332522E+00  4.776054E-03  5.000000E-01  9.201132E-01  6.846870E-04  0.000000E+00  5.176741E-03  2.559167E-04  1.946017E-19  3.289453E-01  0.000000E+00
  4.365472E+00  6.285609E-03  5.000000E-01  9.271110E-01  1.005279E-03  0.000000E+00  5.129953E-03  2.140590E-04  3.957069E-19  3.362880E-01  0.000000E+00
  4.398350E+00  7.520331E-03  5.000000E-01  9.340935E-01  1.267504E-03  0.000000E+00  5.116278E-03  1.681174E-04  6.548009E-20  3.425022E-01  0.000000E+00
  4.431155E+00  8.443349E-03  5.000000E-01  9.410605E-01  1.463530E-03  0.000000E+00  5.148273E-03  1.170498E-04 -1.091647E-19  3.474099E-01  0.000000E+00
  4.463888E+00  9.010989E-03  5.000000E-01  9.480121E-01  1.584083E-03  0.000000E+00  5.235998E-03  5.962601E-05 -1.534691E-19  3.506587E-01  0.000000E+00
  4.496579E+00  9.190419E-03  5.000000E-01  9.549550E-01  1.622190E-03  0.000000E+00  5.377976E-03 -4.809482E-06 -1.396118E-19  3.519751E-01  0.000000E+00
  4.529252E+00  8.960604E-03  5.000000E-01  9.618938E-01  1.573383E-03  0.000000E+00  5.544884E-03 -7.467391E-05 -1.394990E-19  3.514588E-01  0.000000E+00
  4.561929E+00  8.315942E-03  5.000000E-01  9.688337E-01  1.436472E-03  0.000000E+00  5.652900E-03 -1.461205E-04 -3.264726E-19  3.479955E-01  0.000000E+00
  4.594574E+00  7.249581E-03  5.000000E-01  9.757666E-01  1.210003E-03  0.000000E+00  5.565098E-03 -2.188090E-04 -9.544212E-19  3.400964E-01  0.000000E+00
  4.627203E+00  5.749203E-03  5.000000E-01  9.826962E-01  8.913600E-04  0.000000E+00  5.199927E-03 -2.852328E-04 -4.440852E-19  3.357462E-01  0.000000E+00
  4.659162E+00  3.840022E-03  5.000000E-01  9.894836E-01  4.858968E-04  0.000000E+00  4.615018E-03 -3.020082E-04  2.289158E-18  3.387635E-01  0.000000E+00
  4.689251E+00  1.622704E-03  5.000000E-01  9.958737E-01  1.499296E-05  0.000000E+00  3.762659E-03 -2.596186E-04  6.437709E-18  2.859660E-01  0.000000E+00
  4.708680E+00 -3.870846E-05  5.000000E-01  9.999999E-01 -3.378501E-04  0.000000E+00  2.659663E-03 -2.481637E-04  5.333764E-18  1.270607E-01  0.000000E+00
    1    2
    2    3
    3    4
    4    5
    5    6
    6    7
    7    8
    8    9
    9   10
   10   11
   11   12
   12   13
   13   14
   14   15
   15   16
   16   17
   17   18
   18   19
   19   20
   20   21
   21   22
   22   23
   23   24
   24   25
   25   26
   26   27
   27   28
   28   29
   29   30
   30   31
   31   32
   32   33
   33   34
   34   35
   35   36
   36   37
   37   38
   38   39
   39   40
   40   41
   41   42
   42   43
   43   44
   44   45
   45   46
   46   47
   47   48
   48   49
   49   50
   50   51
   51   52
   52   53
   53   54
   54   55
   55   56
   56   57
   57   58
   58   59
   59   60
   60   61
   61   62
   62   63
   63   64
   64   65
   65   66
   66   67
   67   68
   68   69
   69   70
   70   71
   71   72
   72   73
   73   74
   74   75
   75   76
   76   77
   77   78
   78   79
   79   80
   80   81
   81   82
   82   83
   83   84
   84   85
   85   86
   86   87
   87   88
   88   89
   89   90
   90   91
   91   92
   92   93
   93   94
   94   95
   95   96
   96   97
   97   98
   98   99
   99  100
  100  101
  101  102
  102  103
  103  104
  104  105
  105  106
  106  107
  107  108
  108  109
  109  110
  110  111
  111  112
  112  113
  113  114
  114  115
  115  116
  116  117
  117  118
  118  119
  119  120
  120  121
  121  122
  122  123
  123  124
  124  125
  125  126
  126  127
  127  128
  128  129
  129  130
  130  131
  131  132
  132  133
  133  134
  134  135
  135  136
  136  137
  137  138
  138  139
  139  140
  140  141
  141  142
  142  143
  143  144
  144  145
  145  146
  146  147
  147  148
  148  149
  149  150
  151  152
  152  153
  153  154
  154  155
  155  156
  156  157
  157  158
  158  159
  159  160
  160  161
  161  162
  162  163
  163  164
  164  165
  165  166
  166  167
  167  168
  168  169
  169  170
  170  171
  171  172
  172  173
  173  174
  174  175
  175  176
  176  177
  177  178
  178  179
  179  180
  180  181
  181  182
  182  183
  183  184
  184  185
  185  186
  186  187
  187  188
  188  189
  189  190
  190  191
  191  192
  192  193
  193  194
  194  195
  195  196
  196  197
  197  198
  198  199
  199  200
  200  201
  201  202
  202  203
  203  204
  204  205
  205  206
  206  207
  207  208
  208  209
  209  210
  210  211
  211  212
  212  213
  213  214
  214  215
  215  216
  216  217
  217  218
  218  219
  219  220
  220  221
  221  222
  222  223
  223  224
  224  225
  225  226
  226  227
  227  228
  228  229
  229  230
  230  231
  231  232
  232  233
  233  234
  234  235
  235  236
  236  237
  237  238
  238  239
  239  240
  240  241
  241  242
  242  243
  243  244
  244  245
  245  246
  246  247
  247  248
  248  249
  249  250
  250  251
  251  252
  252  253
  253  254
  254  255
  255  256
  256  257
  257  258
  258  259
  259  260
  260  261
  261  262
  262  263
  263  264
  264  265
  265  266
  266  267
  267  268
  268  269
  269  270
  270  271
  271  272
  272  273
  273  274
  274  275
  275  276
  276  277
  277  278
  278  279
  279  280
  280  281
  281  282
  282  283
  283  284
  284  285
  285  286
  286  287
  287  288
  288  289
  289  290
  290  291
  291  292
  292  293
  293  294
  294  295
  295  296
  296  297
  297  298
  298  299
  299  300
