 Title = "ADflow Slice Data"
Variables =  "CoordinateX"  "CoordinateY"  "CoordinateZ"  "XoC"  "YoC"  "ZoC" "VelocityX" "VelocityY" "VelocityZ" "CoefPressure" "Mach" 
Zone T= "Slice_0001 None Absolute Regular z = 0.50000000"
 Nodes =          300  Elements=          298  ZONETYPE=FELINESEG
 DATAPACKING=POINT
  4.708680E+00 -5.137590E-04  5.000000E-01  9.999999E-01 -3.206938E-04  0.000000E+00  1.197864E-02 -7.226415E-04  3.772708E-17 -8.886170E-02  0.000000E+00
  4.689187E+00  2.633529E-03  5.000000E-01  9.958601E-01  3.477128E-04  0.000000E+00  1.268212E-02 -1.913333E-03  4.620595E-17 -1.717637E-01  0.000000E+00
  4.658673E+00  7.537677E-03  5.000000E-01  9.893797E-01  1.389233E-03  0.000000E+00  1.903358E-02 -3.079688E-03  9.975350E-17 -1.940618E-01  0.000000E+00
  4.626256E+00  1.270928E-02  5.000000E-01  9.824952E-01  2.487555E-03  0.000000E+00  2.576554E-02 -4.077363E-03  1.870604E-16 -2.070766E-01  0.000000E+00
  4.593146E+00  1.794168E-02  5.000000E-01  9.754635E-01  3.598787E-03  0.000000E+00  3.071885E-02 -4.831207E-03  2.883394E-16 -2.092703E-01  0.000000E+00
  4.560031E+00  2.311688E-02  5.000000E-01  9.684306E-01  4.697873E-03  0.000000E+00  3.318000E-02 -5.164657E-03  3.900319E-16 -2.064303E-01  0.000000E+00
  4.526891E+00  2.823134E-02  5.000000E-01  9.613923E-01  5.784059E-03  0.000000E+00  3.389179E-02 -5.200097E-03  4.954040E-16 -2.033510E-01  0.000000E+00
  4.493752E+00  3.327444E-02  5.000000E-01  9.543545E-01  6.855089E-03  0.000000E+00  3.404841E-02 -5.144486E-03  6.159889E-16 -2.006550E-01  0.000000E+00
  4.460612E+00  3.823800E-02  5.000000E-01  9.473164E-01  7.909228E-03  0.000000E+00  3.428690E-02 -5.094645E-03  7.496202E-16 -1.980007E-01  0.000000E+00
  4.427470E+00  4.311529E-02  5.000000E-01  9.402779E-01  8.945044E-03  0.000000E+00  3.470345E-02 -5.059947E-03  8.755109E-16 -1.952105E-01  0.000000E+00
  4.394325E+00  4.789494E-02  5.000000E-01  9.332387E-01  9.960125E-03  0.000000E+00  3.519569E-02 -5.023198E-03  9.711507E-16 -1.921851E-01  0.000000E+00
  4.361178E+00  5.256836E-02  5.000000E-01  9.261991E-01  1.095264E-02  0.000000E+00  3.566680E-02 -4.970054E-03  1.016569E-15 -1.888653E-01  0.000000E+00
  4.328027E+00  5.712509E-02  5.000000E-01  9.191586E-01  1.192038E-02  0.000000E+00  3.608258E-02 -4.894317E-03  1.005546E-15 -1.852052E-01  0.000000E+00
  4.294876E+00  6.155325E-02  5.000000E-01  9.121181E-01  1.286081E-02  0.000000E+00  3.644729E-02 -4.797523E-03  9.443652E-16 -1.812024E-01  0.000000E+00
  4.261727E+00  6.584327E-02  5.000000E-01  9.050782E-01  1.377191E-02  0.000000E+00  3.677746E-02 -4.683154E-03  8.478310E-16 -1.768696E-01  0.000000E+00
  4.228582E+00  6.998612E-02  5.000000E-01  8.980388E-01  1.465175E-02  0.000000E+00  3.709037E-02 -4.552468E-03  7.320166E-16 -1.721877E-01  0.000000E+00
  4.195443E+00  7.397035E-02  5.000000E-01  8.910010E-01  1.549790E-02  0.000000E+00  3.739681E-02 -4.405008E-03  5.965307E-16 -1.671136E-01  0.000000E+00
  4.162308E+00  7.778378E-02  5.000000E-01  8.839639E-01  1.630778E-02  0.000000E+00  3.769465E-02 -4.241022E-03  4.375850E-16 -1.616425E-01  0.000000E+00
  4.129179E+00  8.141685E-02  5.000000E-01  8.769281E-01  1.707935E-02  0.000000E+00  3.797835E-02 -4.060415E-03  2.633933E-16 -1.557833E-01  0.000000E+00
  4.096054E+00  8.485836E-02  5.000000E-01  8.698932E-01  1.781025E-02  0.000000E+00  3.824354E-02 -3.863241E-03  9.080977E-17 -1.495432E-01  0.000000E+00
  4.062934E+00  8.809970E-02  5.000000E-01  8.628593E-01  1.849863E-02  0.000000E+00  3.848501E-02 -3.650522E-03 -4.909835E-17 -1.429457E-01  0.000000E+00
  4.029817E+00  9.113225E-02  5.000000E-01  8.558262E-01  1.914267E-02  0.000000E+00  3.869860E-02 -3.423288E-03 -1.331471E-16 -1.360201E-01  0.000000E+00
  3.996705E+00  9.394915E-02  5.000000E-01  8.487940E-01  1.974091E-02  0.000000E+00  3.887808E-02 -3.184246E-03 -1.588243E-16 -1.288311E-01  0.000000E+00
  3.963594E+00  9.654684E-02  5.000000E-01  8.417620E-01  2.029259E-02  0.000000E+00  3.901752E-02 -2.937311E-03 -1.365785E-16 -1.214733E-01  0.000000E+00
  3.930486E+00  9.892483E-02  5.000000E-01  8.347306E-01  2.079762E-02  0.000000E+00  3.911465E-02 -2.686501E-03 -8.817951E-17 -1.140534E-01  0.000000E+00
  3.897377E+00  1.010852E-01  5.000000E-01  8.276991E-01  2.125643E-02  0.000000E+00  3.916869E-02 -2.437726E-03 -3.249650E-17 -1.067121E-01  0.000000E+00
  3.864269E+00  1.030363E-01  5.000000E-01  8.206677E-01  2.167079E-02  0.000000E+00  3.918269E-02 -2.197249E-03  1.449879E-17 -9.961391E-02  0.000000E+00
  3.831161E+00  1.047886E-01  5.000000E-01  8.136366E-01  2.204294E-02  0.000000E+00  3.916247E-02 -1.971980E-03  3.830671E-17 -9.296160E-02  0.000000E+00
  3.798054E+00  1.063605E-01  5.000000E-01  8.066053E-01  2.237677E-02  0.000000E+00  3.911607E-02 -1.770345E-03  3.551674E-17 -8.699282E-02  0.000000E+00
  3.764948E+00  1.077753E-01  5.000000E-01  7.995744E-01  2.267724E-02  0.000000E+00  3.905476E-02 -1.600649E-03  1.556855E-17 -8.193730E-02  0.000000E+00
  3.731842E+00  1.090636E-01  5.000000E-01  7.925435E-01  2.295083E-02  0.000000E+00  3.898823E-02 -1.471487E-03 -6.004803E-18 -7.798458E-02  0.000000E+00
  3.698737E+00  1.102634E-01  5.000000E-01  7.855130E-01  2.320565E-02  0.000000E+00  3.893832E-02 -1.381560E-03 -1.737518E-17 -7.506544E-02  0.000000E+00
  3.665634E+00  1.114028E-01  5.000000E-01  7.784827E-01  2.344764E-02  0.000000E+00  3.893803E-02 -1.313401E-03 -1.309437E-17 -7.276904E-02  0.000000E+00
  3.632534E+00  1.124872E-01  5.000000E-01  7.714529E-01  2.367794E-02  0.000000E+00  3.899149E-02 -1.251834E-03  3.505108E-18 -7.072057E-02  0.000000E+00
  3.599434E+00  1.135186E-01  5.000000E-01  7.644234E-01  2.389698E-02  0.000000E+00  3.907158E-02 -1.193595E-03  2.438255E-17 -6.878155E-02  0.000000E+00
  3.566334E+00  1.144998E-01  5.000000E-01  7.573938E-01  2.410535E-02  0.000000E+00  3.915524E-02 -1.137825E-03  4.360294E-17 -6.690100E-02  0.000000E+00
  3.533236E+00  1.154325E-01  5.000000E-01  7.503646E-01  2.430344E-02  0.000000E+00  3.923333E-02 -1.083264E-03  5.820747E-17 -6.505664E-02  0.000000E+00
  3.500138E+00  1.163176E-01  5.000000E-01  7.433353E-01  2.449142E-02  0.000000E+00  3.930434E-02 -1.030125E-03  6.707026E-17 -6.325924E-02  0.000000E+00
  3.467038E+00  1.171575E-01  5.000000E-01  7.363057E-01  2.466980E-02  0.000000E+00  3.937111E-02 -9.790289E-04  6.949216E-17 -6.152025E-02  0.000000E+00
  3.433936E+00  1.179539E-01  5.000000E-01  7.292757E-01  2.483893E-02  0.000000E+00  3.943834E-02 -9.295013E-04  6.478642E-17 -5.982968E-02  0.000000E+00
  3.400832E+00  1.187079E-01  5.000000E-01  7.222453E-01  2.499907E-02  0.000000E+00  3.950820E-02 -8.811623E-04  5.333512E-17 -5.817567E-02  0.000000E+00
  3.367728E+00  1.194206E-01  5.000000E-01  7.152146E-01  2.515043E-02  0.000000E+00  3.958126E-02 -8.334355E-04  3.854397E-17 -5.653897E-02  0.000000E+00
  3.334620E+00  1.200922E-01  5.000000E-01  7.081834E-01  2.529304E-02  0.000000E+00  3.965687E-02 -7.856404E-04  2.551624E-17 -5.489838E-02  0.000000E+00
  3.301512E+00  1.207225E-01  5.000000E-01  7.011520E-01  2.542690E-02  0.000000E+00  3.973298E-02 -7.373277E-04  1.786667E-17 -5.324091E-02  0.000000E+00
  3.268401E+00  1.213110E-01  5.000000E-01  6.941201E-01  2.555189E-02  0.000000E+00  3.980829E-02 -6.878478E-04  1.670260E-17 -5.154711E-02  0.000000E+00
  3.235290E+00  1.218567E-01  5.000000E-01  6.870881E-01  2.566779E-02  0.000000E+00  3.988203E-02 -6.364163E-04  2.029287E-17 -4.979239E-02  0.000000E+00
  3.202177E+00  1.223578E-01  5.000000E-01  6.800557E-01  2.577420E-02  0.000000E+00  3.995232E-02 -5.827487E-04  2.532709E-17 -4.796758E-02  0.000000E+00
  3.169063E+00  1.228127E-01  5.000000E-01  6.730231E-01  2.587082E-02  0.000000E+00  4.001781E-02 -5.265852E-04  2.968090E-17 -4.607507E-02  0.000000E+00
  3.135947E+00  1.232193E-01  5.000000E-01  6.659902E-01  2.595717E-02  0.000000E+00  4.007746E-02 -4.683884E-04  3.246225E-17 -4.414017E-02  0.000000E+00
  3.102831E+00  1.235767E-01  5.000000E-01  6.589571E-01  2.603307E-02  0.000000E+00  4.012874E-02 -4.110417E-04  3.226927E-17 -4.223366E-02  0.000000E+00
  3.069714E+00  1.238876E-01  5.000000E-01  6.519238E-01  2.609909E-02  0.000000E+00  4.017202E-02 -3.572225E-04  2.847923E-17 -4.042460E-02  0.000000E+00
  3.036593E+00  1.241555E-01  5.000000E-01  6.448898E-01  2.615600E-02  0.000000E+00  4.021231E-02 -3.074347E-04  2.199045E-17 -3.873758E-02  0.000000E+00
  3.003475E+00  1.243839E-01  5.000000E-01  6.378564E-01  2.620450E-02  0.000000E+00  4.025520E-02 -2.608250E-04  1.434206E-17 -3.716285E-02  0.000000E+00
  2.970356E+00  1.245746E-01  5.000000E-01  6.308226E-01  2.624500E-02  0.000000E+00  4.030175E-02 -2.175532E-04  7.460049E-18 -3.570150E-02  0.000000E+00
  2.937236E+00  1.247313E-01  5.000000E-01  6.237888E-01  2.627828E-02  0.000000E+00  4.035132E-02 -1.779346E-04  2.727842E-18 -3.435731E-02  0.000000E+00
  2.904117E+00  1.248565E-01  5.000000E-01  6.167550E-01  2.630488E-02  0.000000E+00  4.040430E-02 -1.415409E-04  4.348326E-19 -3.312271E-02  0.000000E+00
  2.870996E+00  1.249532E-01  5.000000E-01  6.097211E-01  2.632540E-02  0.000000E+00  4.046053E-02 -1.084614E-04  4.518336E-20 -3.199687E-02  0.000000E+00
  2.837877E+00  1.250239E-01  5.000000E-01  6.026873E-01  2.634043E-02  0.000000E+00  4.052067E-02 -7.847406E-05  7.320110E-19 -3.097391E-02  0.000000E+00
  2.804757E+00  1.250712E-01  5.000000E-01  5.956535E-01  2.635048E-02  0.000000E+00  4.058517E-02 -5.159213E-05  2.064473E-18 -3.005122E-02  0.000000E+00
  2.771639E+00  1.250980E-01  5.000000E-01  5.886200E-01  2.635615E-02  0.000000E+00  4.065530E-02 -2.731373E-05  3.815926E-18 -2.921898E-02  0.000000E+00
  2.738522E+00  1.251055E-01  5.000000E-01  5.815867E-01  2.635776E-02  0.000000E+00  4.073166E-02 -5.583236E-06  5.543791E-18 -2.847486E-02  0.000000E+00
  2.705406E+00  1.250968E-01  5.000000E-01  5.745537E-01  2.635590E-02  0.000000E+00  4.081458E-02  1.336846E-05  6.732593E-18 -2.782117E-02  0.000000E+00
  2.672292E+00  1.250736E-01  5.000000E-01  5.675211E-01  2.635097E-02  0.000000E+00  4.090509E-02  2.976832E-05  7.022679E-18 -2.725140E-02  0.000000E+00
  2.639177E+00  1.250382E-01  5.000000E-01  5.604885E-01  2.634346E-02  0.000000E+00  4.100349E-02  4.357488E-05  6.421577E-18 -2.675233E-02  0.000000E+00
  2.606068E+00  1.249929E-01  5.000000E-01  5.534568E-01  2.633383E-02  0.000000E+00  4.111177E-02  5.655441E-05  5.374778E-18 -2.626835E-02  0.000000E+00
  2.572958E+00  1.249369E-01  5.000000E-01  5.464251E-01  2.632193E-02  0.000000E+00  4.123140E-02  7.182011E-05  4.413405E-18 -2.571387E-02  0.000000E+00
  2.539852E+00  1.248673E-01  5.000000E-01  5.393941E-01  2.630716E-02  0.000000E+00  4.136057E-02  9.210017E-05  3.822532E-18 -2.501151E-02  0.000000E+00
  2.506749E+00  1.247791E-01  5.000000E-01  5.323639E-01  2.628844E-02  0.000000E+00  4.149366E-02  1.183866E-04  3.455915E-18 -2.412457E-02  0.000000E+00
  2.473650E+00  1.246681E-01  5.000000E-01  5.253345E-01  2.626485E-02  0.000000E+00  4.162466E-02  1.504250E-04  3.071883E-18 -2.305103E-02  0.000000E+00
  2.440554E+00  1.245295E-01  5.000000E-01  5.183056E-01  2.623543E-02  0.000000E+00  4.175015E-02  1.876483E-04  2.752169E-18 -2.180091E-02  0.000000E+00
  2.407460E+00  1.243602E-01  5.000000E-01  5.112774E-01  2.619946E-02  0.000000E+00  4.187021E-02  2.302979E-04  2.483077E-18 -2.037445E-02  0.000000E+00
  2.374373E+00  1.241552E-01  5.000000E-01  5.042504E-01  2.615593E-02  0.000000E+00  4.198543E-02  2.788275E-04  2.179920E-18 -1.877606E-02  0.000000E+00
  2.341286E+00  1.239103E-01  5.000000E-01  4.972236E-01  2.610392E-02  0.000000E+00  4.209312E-02  3.313630E-04  1.826666E-18 -1.705555E-02  0.000000E+00
  2.308194E+00  1.236237E-01  5.000000E-01  4.901958E-01  2.604305E-02  0.000000E+00  4.219191E-02  3.854352E-04  1.103775E-18 -1.527612E-02  0.000000E+00
  2.275097E+00  1.232951E-01  5.000000E-01  4.831667E-01  2.597326E-02  0.000000E+00  4.228460E-02  4.398637E-04  1.491280E-19 -1.347663E-02  0.000000E+00
  2.241991E+00  1.229245E-01  5.000000E-01  4.761359E-01  2.589455E-02  0.000000E+00  4.237536E-02  4.943828E-04 -8.990369E-19 -1.167171E-02  0.000000E+00
  2.208879E+00  1.225120E-01  5.000000E-01  4.691038E-01  2.580695E-02  0.000000E+00  4.246726E-02  5.492354E-04 -1.856070E-18 -9.859005E-03  0.000000E+00
  2.175760E+00  1.220573E-01  5.000000E-01  4.620701E-01  2.571039E-02  0.000000E+00  4.256124E-02  6.047262E-04 -2.876576E-18 -8.029669E-03  0.000000E+00
  2.142637E+00  1.215602E-01  5.000000E-01  4.550354E-01  2.560482E-02  0.000000E+00  4.265692E-02  6.611708E-04 -3.813786E-18 -6.173260E-03  0.000000E+00
  2.109507E+00  1.210198E-01  5.000000E-01  4.479994E-01  2.549006E-02  0.000000E+00  4.275343E-02  7.188065E-04 -4.396821E-18 -4.283205E-03  0.000000E+00
  2.076374E+00  1.204356E-01  5.000000E-01  4.409628E-01  2.536598E-02  0.000000E+00  4.284981E-02  7.777359E-04 -5.473521E-18 -2.363273E-03  0.000000E+00
  2.043241E+00  1.198065E-01  5.000000E-01  4.339262E-01  2.523237E-02  0.000000E+00  4.294366E-02  8.366521E-04 -6.564908E-18 -4.461178E-04  0.000000E+00
  2.010106E+00  1.191338E-01  5.000000E-01  4.268892E-01  2.508951E-02  0.000000E+00  4.303396E-02  8.940383E-04 -7.189009E-18  1.432584E-03  0.000000E+00
  1.976970E+00  1.184190E-01  5.000000E-01  4.198519E-01  2.493770E-02  0.000000E+00  4.312322E-02  9.500768E-04 -8.301251E-18  3.267484E-03  0.000000E+00
  1.943835E+00  1.176631E-01  5.000000E-01  4.128148E-01  2.477716E-02  0.000000E+00  4.321350E-02  1.005159E-03 -9.332178E-18  5.060072E-03  0.000000E+00
  1.910699E+00  1.168668E-01  5.000000E-01  4.057775E-01  2.460805E-02  0.000000E+00  4.330447E-02  1.058786E-03 -9.731761E-18  6.799284E-03  0.000000E+00
  1.877561E+00  1.160319E-01  5.000000E-01  3.987399E-01  2.443075E-02  0.000000E+00  4.339610E-02  1.110714E-03 -1.010351E-17  8.476554E-03  0.000000E+00
  1.844424E+00  1.151598E-01  5.000000E-01  3.917024E-01  2.424552E-02  0.000000E+00  4.348870E-02  1.160776E-03 -1.039944E-17  1.008246E-02  0.000000E+00
  1.811282E+00  1.142520E-01  5.000000E-01  3.846638E-01  2.405274E-02  0.000000E+00  4.358216E-02  1.208059E-03 -9.783895E-18  1.159719E-02  0.000000E+00
  1.778139E+00  1.133116E-01  5.000000E-01  3.776250E-01  2.385301E-02  0.000000E+00  4.367848E-02  1.252709E-03 -8.688235E-18  1.301838E-02  0.000000E+00
  1.744992E+00  1.123400E-01  5.000000E-01  3.705854E-01  2.364667E-02  0.000000E+00  4.377913E-02  1.294687E-03 -7.434960E-18  1.434296E-02  0.000000E+00
  1.711843E+00  1.113402E-01  5.000000E-01  3.635455E-01  2.343433E-02  0.000000E+00  4.388527E-02  1.334031E-03 -5.006516E-18  1.557071E-02  0.000000E+00
  1.678692E+00  1.103137E-01  5.000000E-01  3.565049E-01  2.321633E-02  0.000000E+00  4.399770E-02  1.370669E-03 -3.108347E-18  1.670293E-02  0.000000E+00
  1.645539E+00  1.092636E-01  5.000000E-01  3.494640E-01  2.299333E-02  0.000000E+00  4.411748E-02  1.404859E-03 -1.985952E-18  1.775038E-02  0.000000E+00
  1.612385E+00  1.081913E-01  5.000000E-01  3.424230E-01  2.276560E-02  0.000000E+00  4.424597E-02  1.437514E-03 -4.857142E-19  1.873710E-02  0.000000E+00
  1.579236E+00  1.070986E-01  5.000000E-01  3.353830E-01  2.253353E-02  0.000000E+00  4.438333E-02  1.469517E-03  1.847861E-19  1.968602E-02  0.000000E+00
  1.546090E+00  1.059854E-01  5.000000E-01  3.283435E-01  2.229710E-02  0.000000E+00  4.452807E-02  1.500932E-03 -3.481024E-19  2.060416E-02  0.000000E+00
  1.512946E+00  1.048531E-01  5.000000E-01  3.213046E-01  2.205663E-02  0.000000E+00  4.467891E-02  1.531459E-03 -9.219170E-19  2.149207E-02  0.000000E+00
  1.479807E+00  1.037024E-01  5.000000E-01  3.142666E-01  2.181225E-02  0.000000E+00  4.483697E-02  1.561977E-03 -1.087653E-18  2.236707E-02  0.000000E+00
  1.446672E+00  1.025332E-01  5.000000E-01  3.072296E-01  2.156395E-02  0.000000E+00  4.500237E-02  1.592755E-03 -3.046704E-19  2.323783E-02  0.000000E+00
  1.413540E+00  1.013459E-01  5.000000E-01  3.001932E-01  2.131179E-02  0.000000E+00  4.517530E-02  1.624057E-03  5.653457E-19  2.411518E-02  0.000000E+00
  1.380413E+00  1.001401E-01  5.000000E-01  2.931579E-01  2.105571E-02  0.000000E+00  4.535678E-02  1.656825E-03  4.488234E-19  2.502257E-02  0.000000E+00
  1.347294E+00  9.891486E-02  5.000000E-01  2.861242E-01  2.079550E-02  0.000000E+00  4.554688E-02  1.691836E-03  7.371128E-20  2.598116E-02  0.000000E+00
  1.314179E+00  9.766865E-02  5.000000E-01  2.790914E-01  2.053084E-02  0.000000E+00  4.574442E-02  1.729178E-03 -8.119425E-19  2.700113E-02  0.000000E+00
  1.281074E+00  9.640046E-02  5.000000E-01  2.720606E-01  2.026151E-02  0.000000E+00  4.594903E-02  1.769363E-03 -2.021379E-18  2.809571E-02  0.000000E+00
  1.247974E+00  9.510801E-02  5.000000E-01  2.650310E-01  1.998702E-02  0.000000E+00  4.615973E-02  1.812279E-03 -2.558353E-18  2.926610E-02  0.000000E+00
  1.214880E+00  9.379033E-02  5.000000E-01  2.580028E-01  1.970718E-02  0.000000E+00  4.637634E-02  1.857870E-03 -3.151039E-18  3.051372E-02  0.000000E+00
  1.181795E+00  9.244554E-02  5.000000E-01  2.509763E-01  1.942158E-02  0.000000E+00  4.659996E-02  1.906903E-03 -3.133482E-18  3.184995E-02  0.000000E+00
  1.148718E+00  9.107156E-02  5.000000E-01  2.439516E-01  1.912978E-02  0.000000E+00  4.682973E-02  1.958903E-03 -1.942948E-18  3.326513E-02  0.000000E+00
  1.115646E+00  8.966707E-02  5.000000E-01  2.369279E-01  1.883150E-02  0.000000E+00  4.706527E-02  2.013288E-03 -1.146518E-18  3.474595E-02  0.000000E+00
  1.082583E+00  8.823107E-02  5.000000E-01  2.299061E-01  1.852653E-02  0.000000E+00  4.730822E-02  2.070271E-03  8.648066E-20  3.629115E-02  0.000000E+00
  1.049524E+00  8.676198E-02  5.000000E-01  2.228852E-01  1.821453E-02  0.000000E+00  4.756022E-02  2.129824E-03  1.138540E-18  3.789561E-02  0.000000E+00
  1.016475E+00  8.525916E-02  5.000000E-01  2.158664E-01  1.789537E-02  0.000000E+00  4.782286E-02  2.191943E-03  5.456330E-19  3.954739E-02  0.000000E+00
  9.834318E-01  8.372104E-02  5.000000E-01  2.088488E-01  1.756871E-02  0.000000E+00  4.809585E-02  2.255050E-03 -4.900835E-20  4.120597E-02  0.000000E+00
  9.503976E-01  8.214925E-02  5.000000E-01  2.018331E-01  1.723490E-02  0.000000E+00  4.838047E-02  2.317737E-03  7.021739E-19  4.283757E-02  0.000000E+00
  9.173728E-01  8.054461E-02  5.000000E-01  1.948195E-01  1.689411E-02  0.000000E+00  4.868188E-02  2.381080E-03 -4.230224E-19  4.445874E-02  0.000000E+00
  8.843598E-01  7.890747E-02  5.000000E-01  1.878083E-01  1.654642E-02  0.000000E+00  4.900491E-02  2.447267E-03 -1.921757E-18  4.611851E-02  0.000000E+00
  8.513623E-01  7.723629E-02  5.000000E-01  1.808005E-01  1.619151E-02  0.000000E+00  4.935144E-02  2.518539E-03 -1.943478E-18  4.787298E-02  0.000000E+00
  8.183794E-01  7.552843E-02  5.000000E-01  1.737957E-01  1.582880E-02  0.000000E+00  4.971961E-02  2.595804E-03 -1.939201E-18  4.975490E-02  0.000000E+00
  7.854121E-01  7.378114E-02  5.000000E-01  1.667943E-01  1.545772E-02  0.000000E+00  5.010759E-02  2.679420E-03 -5.227608E-19  5.178139E-02  0.000000E+00
  7.524593E-01  7.199140E-02  5.000000E-01  1.597959E-01  1.507762E-02  0.000000E+00  5.051519E-02  2.769559E-03  4.643940E-19  5.396415E-02  0.000000E+00
  7.195226E-01  7.015651E-02  5.000000E-01  1.528009E-01  1.468794E-02  0.000000E+00  5.094463E-02  2.867153E-03  1.585249E-19  5.632910E-02  0.000000E+00
  6.866079E-01  6.827312E-02  5.000000E-01  1.458107E-01  1.428795E-02  0.000000E+00  5.139962E-02  2.974469E-03 -1.228868E-18  5.892752E-02  0.000000E+00
  6.537221E-01  6.633646E-02  5.000000E-01  1.388265E-01  1.387665E-02  0.000000E+00  5.188143E-02  3.093815E-03 -2.615831E-18  6.181267E-02  0.000000E+00
  6.208691E-01  6.434069E-02  5.000000E-01  1.318494E-01  1.345280E-02  0.000000E+00  5.238715E-02  3.226448E-03 -3.598043E-18  6.501359E-02  0.000000E+00
  5.880524E-01  6.227962E-02  5.000000E-01  1.248799E-01  1.301508E-02  0.000000E+00  5.291135E-02  3.372222E-03 -4.820124E-18  6.852776E-02  0.000000E+00
  5.552711E-01  6.014742E-02  5.000000E-01  1.179180E-01  1.256225E-02  0.000000E+00  5.344864E-02  3.529921E-03 -7.547501E-18  7.233073E-02  0.000000E+00
  5.225283E-01  5.793963E-02  5.000000E-01  1.109642E-01  1.209337E-02  0.000000E+00  5.399604E-02  3.699024E-03 -1.081770E-17  7.640257E-02  0.000000E+00
  4.898261E-01  5.565143E-02  5.000000E-01  1.040191E-01  1.160741E-02  0.000000E+00  5.454927E-02  3.878507E-03 -1.126908E-17  8.070923E-02  0.000000E+00
  4.571624E-01  5.327925E-02  5.000000E-01  9.708209E-02  1.110362E-02  0.000000E+00  5.509851E-02  4.065311E-03 -1.005098E-17  8.517768E-02  0.000000E+00
  4.245350E-01  5.082106E-02  5.000000E-01  9.015283E-02  1.058156E-02  0.000000E+00  5.562874E-02  4.254619E-03 -7.564957E-18  8.970918E-02  0.000000E+00
  3.919369E-01  4.827730E-02  5.000000E-01  8.322981E-02  1.004133E-02  0.000000E+00  5.612289E-02  4.441780E-03 -5.122019E-18  9.424394E-02  0.000000E+00
  3.593832E-01  4.565112E-02  5.000000E-01  7.631620E-02  9.483593E-03  0.000000E+00  5.656612E-02  4.627815E-03 -4.215504E-18  9.888996E-02  0.000000E+00
  3.269046E-01  4.294334E-02  5.000000E-01  6.941854E-02  8.908526E-03  0.000000E+00  5.694194E-02  4.822684E-03 -8.900125E-18  1.039867E-01  0.000000E+00
  2.945750E-01  4.014927E-02  5.000000E-01  6.255253E-02  8.315134E-03  0.000000E+00  5.721844E-02  5.040171E-03 -1.757572E-17  1.099514E-01  0.000000E+00
  2.624265E-01  3.725082E-02  5.000000E-01  5.572497E-02  7.699575E-03  0.000000E+00  5.733342E-02  5.274835E-03 -1.031947E-17  1.168158E-01  0.000000E+00
  2.304268E-01  3.423404E-02  5.000000E-01  4.892903E-02  7.058885E-03  0.000000E+00  5.725644E-02  5.508133E-03  5.274097E-17  1.241799E-01  0.000000E+00
  1.986088E-01  3.109852E-02  5.000000E-01  4.217166E-02  6.392978E-03  0.000000E+00  5.708502E-02  5.734823E-03  2.322693E-16  1.315131E-01  0.000000E+00
  1.669282E-01  2.783916E-02  5.000000E-01  3.544349E-02  5.700770E-03  0.000000E+00  5.704404E-02  5.912442E-03  5.351226E-16  1.377094E-01  0.000000E+00
  1.350509E-01  2.449139E-02  5.000000E-01  2.867354E-02  4.989784E-03  0.000000E+00  5.778119E-02  6.114878E-03  7.456749E-16  1.437814E-01  0.000000E+00
  1.043791E-01  2.121114E-02  5.000000E-01  2.215959E-02  4.293141E-03  0.000000E+00  6.065176E-02  6.820957E-03 -2.260393E-17  1.566324E-01  0.000000E+00
  7.632629E-02  1.790332E-02  5.000000E-01  1.620187E-02  3.590642E-03  0.000000E+00  6.669280E-02  8.396231E-03 -4.582931E-15  1.804354E-01  0.000000E+00
  5.118571E-02  1.454245E-02  5.000000E-01  1.086263E-02  2.876875E-03  0.000000E+00  7.669366E-02  1.115227E-02 -1.931917E-14  2.155466E-01  0.000000E+00
  3.264831E-02  1.165698E-02  5.000000E-01  6.925739E-03  2.264072E-03  0.000000E+00  9.232067E-02  1.668487E-02 -5.010868E-14  2.727582E-01  0.000000E+00
  2.051015E-02  9.217190E-03  5.000000E-01  4.347893E-03  1.745921E-03  0.000000E+00  1.118907E-01  2.619833E-02 -8.147825E-14  3.592365E-01  0.000000E+00
  1.247723E-02  7.112638E-03  5.000000E-01  2.641898E-03  1.298966E-03  0.000000E+00  1.272154E-01  3.777512E-02 -6.605097E-14  4.624619E-01  0.000000E+00
  7.055255E-03  5.326831E-03  5.000000E-01  1.490404E-03  9.197040E-04  0.000000E+00  1.301377E-01  4.920506E-02  2.081633E-14  5.760167E-01  0.000000E+00
  3.418635E-03  3.770210E-03  5.000000E-01  7.180754E-04  5.891160E-04  0.000000E+00  1.167996E-01  6.075353E-02  1.133183E-13  7.401595E-01  0.000000E+00
  1.108798E-03  2.334971E-03  5.000000E-01  2.275226E-04  2.843064E-04  0.000000E+00  7.917823E-02  6.634861E-02  1.544494E-13  1.090674E+00  0.000000E+00
  3.747479E-05  9.962734E-04  5.000000E-01  0.000000E+00  0.000000E+00  0.000000E+00  2.888998E-02  2.227400E-02  2.391190E-13  1.550078E+00  0.000000E+00
  3.747479E-05  9.962734E-04  5.000000E-01  0.000000E+00  0.000000E+00  0.000000E+00  2.888998E-02  2.227400E-02  2.391190E-13  1.550078E+00  0.000000E+00
  2.534065E-04 -3.418783E-04  5.000000E-01  4.585858E-05 -2.841905E-04  0.000000E+00  3.900062E-02 -4.283995E-02  2.402132E-13  1.471262E+00  0.000000E+00
  1.848580E-03 -1.730025E-03  5.000000E-01  3.846343E-04 -5.789987E-04  0.000000E+00  9.325829E-02 -5.939124E-02  1.405075E-13  9.736093E-01  0.000000E+00
  4.867645E-03 -3.162087E-03  5.000000E-01  1.025809E-03 -8.831334E-04  0.000000E+00  1.207826E-01 -4.897036E-02  5.032504E-14  6.905978E-01  0.000000E+00
  9.380877E-03 -4.694046E-03  5.000000E-01  1.984309E-03 -1.208484E-03  0.000000E+00  1.279138E-01 -3.872934E-02 -6.936476E-14  5.653988E-01  0.000000E+00
  1.589077E-02 -6.427105E-03  5.000000E-01  3.366850E-03 -1.576543E-03  0.000000E+00  1.212148E-01 -2.921389E-02 -1.226177E-13  4.717674E-01  0.000000E+00
  2.547297E-02 -8.468023E-03  5.000000E-01  5.401873E-03 -2.009984E-03  0.000000E+00  1.048311E-01 -2.025505E-02 -9.289852E-14  3.868664E-01  0.000000E+00
  3.989163E-02 -1.091256E-02  5.000000E-01  8.464043E-03 -2.529145E-03  0.000000E+00  8.661259E-02 -1.333771E-02 -4.219743E-14  3.171830E-01  0.000000E+00
  6.092142E-02 -1.375595E-02  5.000000E-01  1.293025E-02 -3.133010E-03  0.000000E+00  7.220278E-02 -9.099156E-03 -1.233148E-14  2.686627E-01  0.000000E+00
  8.832839E-02 -1.692215E-02  5.000000E-01  1.875082E-02 -3.805433E-03  0.000000E+00  6.313313E-02 -7.012247E-03 -2.774934E-15  2.408367E-01  0.000000E+00
  1.189914E-01 -2.019056E-02  5.000000E-01  2.526288E-02 -4.499563E-03  0.000000E+00  5.835332E-02 -6.114165E-03 -9.335351E-16  2.273451E-01  0.000000E+00
  1.511926E-01 -2.351809E-02  5.000000E-01  3.210163E-02 -5.206249E-03  0.000000E+00  5.638368E-02 -5.800372E-03 -4.698234E-16  2.219187E-01  0.000000E+00
  1.838450E-01 -2.687731E-02  5.000000E-01  3.903620E-02 -5.919664E-03  0.000000E+00  5.596777E-02 -5.724437E-03 -1.553655E-16  2.194209E-01  0.000000E+00
  2.165049E-01 -3.021483E-02  5.000000E-01  4.597235E-02 -6.628472E-03  0.000000E+00  5.615937E-02 -5.672880E-03  6.907362E-18  2.164619E-01  0.000000E+00
  2.491496E-01 -3.348951E-02  5.000000E-01  5.290529E-02 -7.323932E-03  0.000000E+00  5.643532E-02 -5.586184E-03  4.083342E-17  2.124700E-01  0.000000E+00
  2.819003E-01 -3.670188E-02  5.000000E-01  5.986073E-02 -8.006161E-03  0.000000E+00  5.659499E-02 -5.482343E-03  2.470970E-17  2.082856E-01  0.000000E+00
  3.147601E-01 -3.985887E-02  5.000000E-01  6.683936E-02 -8.676628E-03  0.000000E+00  5.659645E-02 -5.378417E-03  6.728110E-18  2.045525E-01  0.000000E+00
  3.477303E-01 -4.297147E-02  5.000000E-01  7.384142E-02 -9.337668E-03  0.000000E+00  5.647358E-02 -5.283150E-03 -1.630741E-18  2.014393E-01  0.000000E+00
  3.807756E-01 -4.604859E-02  5.000000E-01  8.085941E-02 -9.991172E-03  0.000000E+00  5.626885E-02 -5.192118E-03 -4.282246E-18  1.986767E-01  0.000000E+00
  4.138291E-01 -4.908500E-02  5.000000E-01  8.787917E-02 -1.063603E-02  0.000000E+00  5.599476E-02 -5.088226E-03 -4.699786E-18  1.957667E-01  0.000000E+00
  4.468689E-01 -5.206881E-02  5.000000E-01  9.489601E-02 -1.126972E-02  0.000000E+00  5.565657E-02 -4.963957E-03 -5.548977E-18  1.924535E-01  0.000000E+00
  4.799091E-01 -5.499256E-02  5.000000E-01  1.019129E-01 -1.189065E-02  0.000000E+00  5.526880E-02 -4.825115E-03 -4.048574E-18  1.888070E-01  0.000000E+00
  5.129612E-01 -5.785249E-02  5.000000E-01  1.089324E-01 -1.249803E-02  0.000000E+00  5.484862E-02 -4.680044E-03 -3.426732E-18  1.850045E-01  0.000000E+00
  5.460360E-01 -6.064837E-02  5.000000E-01  1.159567E-01 -1.309181E-02  0.000000E+00  5.441117E-02 -4.535372E-03 -3.206151E-18  1.812025E-01  0.000000E+00
  5.791347E-01 -6.338162E-02  5.000000E-01  1.229860E-01 -1.367228E-02  0.000000E+00  5.396654E-02 -4.394481E-03 -1.153088E-18  1.774929E-01  0.000000E+00
  6.122565E-01 -6.605395E-02  5.000000E-01  1.300203E-01 -1.423982E-02  0.000000E+00  5.352135E-02 -4.258588E-03 -2.159546E-18  1.739217E-01  0.000000E+00
  6.454013E-01 -6.866746E-02  5.000000E-01  1.370594E-01 -1.479486E-02  0.000000E+00  5.308406E-02 -4.129282E-03 -3.122453E-18  1.705293E-01  0.000000E+00
  6.785693E-01 -7.122524E-02  5.000000E-01  1.441035E-01 -1.533808E-02  0.000000E+00  5.266593E-02 -4.008442E-03 -1.927652E-18  1.673442E-01  0.000000E+00
  7.117575E-01 -7.373077E-02  5.000000E-01  1.511518E-01 -1.587019E-02  0.000000E+00  5.227529E-02 -3.895824E-03 -2.445804E-18  1.643396E-01  0.000000E+00
  7.449560E-01 -7.618561E-02  5.000000E-01  1.582024E-01 -1.639153E-02  0.000000E+00  5.191297E-02 -3.788671E-03 -4.567284E-18  1.614357E-01  0.000000E+00
  7.781569E-01 -7.858952E-02  5.000000E-01  1.652534E-01 -1.690207E-02  0.000000E+00  5.157439E-02 -3.684319E-03 -3.459410E-18  1.585613E-01  0.000000E+00
  8.113578E-01 -8.094190E-02  5.000000E-01  1.723045E-01 -1.740165E-02  0.000000E+00  5.125349E-02 -3.581906E-03 -8.217417E-19  1.556973E-01  0.000000E+00
  8.445597E-01 -8.324277E-02  5.000000E-01  1.793558E-01 -1.789030E-02  0.000000E+00  5.094430E-02 -3.482148E-03 -9.069213E-19  1.528729E-01  0.000000E+00
  8.777625E-01 -8.549333E-02  5.000000E-01  1.864072E-01 -1.836827E-02  0.000000E+00  5.064031E-02 -3.385697E-03 -7.448650E-19  1.501328E-01  0.000000E+00
  9.109638E-01 -8.769486E-02  5.000000E-01  1.934584E-01 -1.883582E-02  0.000000E+00  5.033702E-02 -3.293411E-03 -9.425058E-19  1.475317E-01  0.000000E+00
  9.441676E-01 -8.985035E-02  5.000000E-01  2.005100E-01 -1.929359E-02  0.000000E+00  5.003687E-02 -3.207681E-03 -1.036702E-18  1.451388E-01  0.000000E+00
  9.773746E-01 -9.196441E-02  5.000000E-01  2.075624E-01 -1.974257E-02  0.000000E+00  4.974779E-02 -3.130620E-03 -1.066606E-18  1.429929E-01  0.000000E+00
  1.010583E+00 -9.404198E-02  5.000000E-01  2.146150E-01 -2.018379E-02  0.000000E+00  4.947724E-02 -3.061922E-03 -1.284776E-18  1.410587E-01  0.000000E+00
  1.043798E+00 -9.608721E-02  5.000000E-01  2.216690E-01 -2.061815E-02  0.000000E+00  4.922528E-02 -2.997022E-03 -1.056112E-18  1.392109E-01  0.000000E+00
  1.077015E+00 -9.809883E-02  5.000000E-01  2.287236E-01 -2.104536E-02  0.000000E+00  4.898938E-02 -2.931817E-03 -1.987101E-18  1.373320E-01  0.000000E+00
  1.110238E+00 -1.000755E-01  5.000000E-01  2.357793E-01 -2.146516E-02  0.000000E+00  4.876926E-02 -2.865318E-03 -3.049283E-18  1.353721E-01  0.000000E+00
  1.143462E+00 -1.020148E-01  5.000000E-01  2.428354E-01 -2.187701E-02  0.000000E+00  4.856540E-02 -2.797517E-03 -3.584122E-18  1.333164E-01  0.000000E+00
  1.176693E+00 -1.039154E-01  5.000000E-01  2.498927E-01 -2.228066E-02  0.000000E+00  4.837845E-02 -2.728709E-03 -5.221106E-18  1.311616E-01  0.000000E+00
  1.209925E+00 -1.057754E-01  5.000000E-01  2.569505E-01 -2.267568E-02  0.000000E+00  4.820611E-02 -2.657550E-03 -5.462350E-18  1.288814E-01  0.000000E+00
  1.243158E+00 -1.075914E-01  5.000000E-01  2.640083E-01 -2.306135E-02  0.000000E+00  4.804650E-02 -2.583577E-03 -3.307231E-18  1.264637E-01  0.000000E+00
  1.276395E+00 -1.093614E-01  5.000000E-01  2.710670E-01 -2.343725E-02  0.000000E+00  4.789819E-02 -2.506815E-03 -1.995055E-18  1.239071E-01  0.000000E+00
  1.309630E+00 -1.110821E-01  5.000000E-01  2.781253E-01 -2.380268E-02  0.000000E+00  4.775816E-02 -2.426256E-03 -1.768530E-18  1.211990E-01  0.000000E+00
  1.342868E+00 -1.127501E-01  5.000000E-01  2.851842E-01 -2.415693E-02  0.000000E+00  4.762622E-02 -2.342566E-03 -1.841782E-18  1.183544E-01  0.000000E+00
  1.376108E+00 -1.143635E-01  5.000000E-01  2.922436E-01 -2.449958E-02  0.000000E+00  4.750200E-02 -2.255713E-03 -1.934115E-18  1.153781E-01  0.000000E+00
  1.409347E+00 -1.159186E-01  5.000000E-01  2.993027E-01 -2.482984E-02  0.000000E+00  4.738469E-02 -2.165247E-03 -1.488593E-18  1.122673E-01  0.000000E+00
  1.442589E+00 -1.174129E-01  5.000000E-01  3.063625E-01 -2.514721E-02  0.000000E+00  4.727480E-02 -2.071868E-03 -1.913987E-18  1.090365E-01  0.000000E+00
  1.475831E+00 -1.188439E-01  5.000000E-01  3.134222E-01 -2.545110E-02  0.000000E+00  4.716962E-02 -1.975422E-03 -3.946058E-18  1.056906E-01  0.000000E+00
  1.509072E+00 -1.202088E-01  5.000000E-01  3.204819E-01 -2.574097E-02  0.000000E+00  4.706230E-02 -1.875491E-03 -7.096045E-18  1.022403E-01  0.000000E+00
  1.542314E+00 -1.215049E-01  5.000000E-01  3.275416E-01 -2.601623E-02  0.000000E+00  4.694426E-02 -1.772690E-03 -9.246582E-18  9.873159E-02  0.000000E+00
  1.575558E+00 -1.227309E-01  5.000000E-01  3.346018E-01 -2.627661E-02  0.000000E+00  4.680888E-02 -1.669133E-03 -1.032778E-17  9.525547E-02  0.000000E+00
  1.608800E+00 -1.238870E-01  5.000000E-01  3.416615E-01 -2.652214E-02  0.000000E+00  4.665833E-02 -1.570389E-03 -1.083284E-17  9.196246E-02  0.000000E+00
  1.642044E+00 -1.249799E-01  5.000000E-01  3.487219E-01 -2.675424E-02  0.000000E+00  4.649832E-02 -1.480926E-03 -1.092096E-17  8.897053E-02  0.000000E+00
  1.675286E+00 -1.260158E-01  5.000000E-01  3.557816E-01 -2.697425E-02  0.000000E+00  4.633027E-02 -1.400730E-03 -1.207575E-17  8.629894E-02  0.000000E+00
  1.708526E+00 -1.270012E-01  5.000000E-01  3.628410E-01 -2.718351E-02  0.000000E+00  4.615523E-02 -1.329449E-03 -1.311540E-17  8.393816E-02  0.000000E+00
  1.741762E+00 -1.279419E-01  5.000000E-01  3.698996E-01 -2.738331E-02  0.000000E+00  4.597352E-02 -1.266287E-03 -1.345817E-17  8.186765E-02  0.000000E+00
  1.774995E+00 -1.288432E-01  5.000000E-01  3.769573E-01 -2.757472E-02  0.000000E+00  4.578738E-02 -1.211673E-03 -1.364332E-17  8.008964E-02  0.000000E+00
  1.808227E+00 -1.297120E-01  5.000000E-01  3.840150E-01 -2.775922E-02  0.000000E+00  4.559909E-02 -1.165940E-03 -1.374800E-17  7.860919E-02  0.000000E+00
  1.841453E+00 -1.305537E-01  5.000000E-01  3.910714E-01 -2.793799E-02  0.000000E+00  4.540879E-02 -1.128500E-03 -1.334054E-17  7.741802E-02  0.000000E+00
  1.874678E+00 -1.313746E-01  5.000000E-01  3.981276E-01 -2.811231E-02  0.000000E+00  4.521641E-02 -1.099570E-03 -1.225181E-17  7.652099E-02  0.000000E+00
  1.907900E+00 -1.321807E-01  5.000000E-01  4.051830E-01 -2.828351E-02  0.000000E+00  4.501980E-02 -1.078996E-03 -1.106907E-17  7.592081E-02  0.000000E+00
  1.941118E+00 -1.329781E-01  5.000000E-01  4.122377E-01 -2.845285E-02  0.000000E+00  4.481561E-02 -1.066494E-03 -9.510568E-18  7.562270E-02  0.000000E+00
  1.974334E+00 -1.337727E-01  5.000000E-01  4.192920E-01 -2.862161E-02  0.000000E+00  4.460331E-02 -1.062576E-03 -7.412673E-18  7.564740E-02  0.000000E+00
  2.007549E+00 -1.345716E-01  5.000000E-01  4.263460E-01 -2.879129E-02  0.000000E+00  4.438703E-02 -1.067325E-03 -5.207978E-18  7.600256E-02  0.000000E+00
  2.040760E+00 -1.353809E-01  5.000000E-01  4.333993E-01 -2.896316E-02  0.000000E+00  4.417852E-02 -1.080544E-03 -3.441190E-18  7.666538E-02  0.000000E+00
  2.073970E+00 -1.362069E-01  5.000000E-01  4.404522E-01 -2.913859E-02  0.000000E+00  4.399806E-02 -1.102707E-03 -2.206051E-18  7.757476E-02  0.000000E+00
  2.107177E+00 -1.370563E-01  5.000000E-01  4.475046E-01 -2.931897E-02  0.000000E+00  4.385826E-02 -1.128322E-03 -1.018973E-18  7.852310E-02  0.000000E+00
  2.140379E+00 -1.379264E-01  5.000000E-01  4.545558E-01 -2.950377E-02  0.000000E+00  4.375670E-02 -1.146466E-03  2.443539E-21  7.919440E-02  0.000000E+00
  2.173577E+00 -1.388071E-01  5.000000E-01  4.616063E-01 -2.969079E-02  0.000000E+00  4.368921E-02 -1.150773E-03  4.694300E-19  7.937152E-02  0.000000E+00
  2.206768E+00 -1.396860E-01  5.000000E-01  4.686553E-01 -2.987747E-02  0.000000E+00  4.365480E-02 -1.140296E-03  7.238747E-19  7.897891E-02  0.000000E+00
  2.239954E+00 -1.405517E-01  5.000000E-01  4.757033E-01 -3.006132E-02  0.000000E+00  4.365099E-02 -1.114806E-03  8.105881E-19  7.799647E-02  0.000000E+00
  2.273134E+00 -1.413918E-01  5.000000E-01  4.827499E-01 -3.023973E-02  0.000000E+00  4.367265E-02 -1.074007E-03  1.638100E-19  7.642260E-02  0.000000E+00
  2.306309E+00 -1.421944E-01  5.000000E-01  4.897953E-01 -3.041017E-02  0.000000E+00  4.371202E-02 -1.017531E-03 -8.429584E-19  7.426432E-02  0.000000E+00
  2.339476E+00 -1.429470E-01  5.000000E-01  4.968392E-01 -3.057001E-02  0.000000E+00  4.375884E-02 -9.445836E-04 -2.168270E-18  7.153330E-02  0.000000E+00
  2.372638E+00 -1.436370E-01  5.000000E-01  5.038821E-01 -3.071656E-02  0.000000E+00  4.380698E-02 -8.565844E-04 -3.536513E-18  6.828749E-02  0.000000E+00
  2.405805E+00 -1.442548E-01  5.000000E-01  5.109259E-01 -3.084775E-02  0.000000E+00  4.385622E-02 -7.564409E-04 -4.833560E-18  6.461171E-02  0.000000E+00
  2.438976E+00 -1.447921E-01  5.000000E-01  5.179706E-01 -3.096186E-02  0.000000E+00  4.390644E-02 -6.449407E-04 -5.886191E-18  6.054806E-02  0.000000E+00
  2.472150E+00 -1.452402E-01  5.000000E-01  5.250160E-01 -3.105703E-02  0.000000E+00  4.395713E-02 -5.219280E-04 -6.416601E-18  5.610955E-02  0.000000E+00
  2.505329E+00 -1.455908E-01  5.000000E-01  5.320624E-01 -3.113149E-02  0.000000E+00  4.400764E-02 -3.877914E-04 -6.341122E-18  5.131103E-02  0.000000E+00
  2.538512E+00 -1.458359E-01  5.000000E-01  5.391097E-01 -3.118355E-02  0.000000E+00  4.405306E-02 -2.423352E-04 -5.468089E-18  4.616230E-02  0.000000E+00
  2.571700E+00 -1.459669E-01  5.000000E-01  5.461580E-01 -3.121136E-02  0.000000E+00  4.408404E-02 -8.598823E-05 -2.853125E-18  4.069727E-02  0.000000E+00
  2.604894E+00 -1.459765E-01  5.000000E-01  5.532074E-01 -3.121340E-02  0.000000E+00  4.408750E-02  8.039669E-05  1.880035E-18  3.498293E-02  0.000000E+00
  2.638090E+00 -1.458568E-01  5.000000E-01  5.602575E-01 -3.118798E-02  0.000000E+00  4.405799E-02  2.514921E-04  7.717787E-18  2.918105E-02  0.000000E+00
  2.671292E+00 -1.456081E-01  5.000000E-01  5.673087E-01 -3.113516E-02  0.000000E+00  4.400112E-02  4.187514E-04  1.283625E-17  2.350775E-02  0.000000E+00
  2.704497E+00 -1.452354E-01  5.000000E-01  5.743608E-01 -3.105601E-02  0.000000E+00  4.392126E-02  5.782955E-04  1.528640E-17  1.808214E-02  0.000000E+00
  2.737708E+00 -1.447443E-01  5.000000E-01  5.814140E-01 -3.095172E-02  0.000000E+00  4.382035E-02  7.297730E-04  1.329859E-17  1.293190E-02  0.000000E+00
  2.770923E+00 -1.441399E-01  5.000000E-01  5.884680E-01 -3.082335E-02  0.000000E+00  4.370125E-02  8.733396E-04  6.338194E-18  8.053074E-03  0.000000E+00
  2.804143E+00 -1.434273E-01  5.000000E-01  5.955231E-01 -3.067203E-02  0.000000E+00  4.356879E-02  1.008798E-03 -3.511220E-18  3.439077E-03  0.000000E+00
  2.837367E+00 -1.426121E-01  5.000000E-01  6.025790E-01 -3.049889E-02  0.000000E+00  4.342769E-02  1.136429E-03 -1.353921E-17 -9.252142E-04  0.000000E+00
  2.870594E+00 -1.416991E-01  5.000000E-01  6.096357E-01 -3.030498E-02  0.000000E+00  4.328135E-02  1.256848E-03 -2.073964E-17 -5.061708E-03  0.000000E+00
  2.903823E+00 -1.406930E-01  5.000000E-01  6.166926E-01 -3.009131E-02  0.000000E+00  4.313005E-02  1.371405E-03 -2.470693E-17 -9.003835E-03  0.000000E+00
  2.937051E+00 -1.395966E-01  5.000000E-01  6.237496E-01 -2.985846E-02  0.000000E+00  4.297441E-02  1.480335E-03 -2.645683E-17 -1.276453E-02  0.000000E+00
  2.970283E+00 -1.384142E-01  5.000000E-01  6.308072E-01 -2.960736E-02  0.000000E+00  4.281569E-02  1.583237E-03 -2.446418E-17 -1.634205E-02  0.000000E+00
  3.003515E+00 -1.371495E-01  5.000000E-01  6.378649E-01 -2.933876E-02  0.000000E+00  4.265381E-02  1.680488E-03 -1.796350E-17 -1.974221E-02  0.000000E+00
  3.036751E+00 -1.358060E-01  5.000000E-01  6.449232E-01 -2.905344E-02  0.000000E+00  4.249026E-02  1.771743E-03 -9.048072E-18 -2.295891E-02  0.000000E+00
  3.069988E+00 -1.343883E-01  5.000000E-01  6.519820E-01 -2.875235E-02  0.000000E+00  4.232522E-02  1.857556E-03  3.504218E-20 -2.600310E-02  0.000000E+00
  3.103226E+00 -1.328990E-01  5.000000E-01  6.590410E-01 -2.843607E-02  0.000000E+00  4.216123E-02  1.937684E-03  8.350114E-18 -2.887487E-02  0.000000E+00
  3.136469E+00 -1.313433E-01  5.000000E-01  6.661010E-01 -2.810567E-02  0.000000E+00  4.200094E-02  2.012418E-03  1.313703E-17 -3.158306E-02  0.000000E+00
  3.169712E+00 -1.297239E-01  5.000000E-01  6.731611E-01 -2.776175E-02  0.000000E+00  4.184354E-02  2.083286E-03  1.229300E-17 -3.416427E-02  0.000000E+00
  3.202960E+00 -1.280433E-01  5.000000E-01  6.802220E-01 -2.740484E-02  0.000000E+00  4.168812E-02  2.151092E-03  7.491580E-18 -3.664509E-02  0.000000E+00
  3.236210E+00 -1.263031E-01  5.000000E-01  6.872835E-01 -2.703526E-02  0.000000E+00  4.153528E-02  2.215908E-03  1.800964E-18 -3.902996E-02  0.000000E+00
  3.269464E+00 -1.245057E-01  5.000000E-01  6.943459E-01 -2.665353E-02  0.000000E+00  4.138550E-02  2.277635E-03 -3.554593E-18 -4.131740E-02  0.000000E+00
  3.302721E+00 -1.226531E-01  5.000000E-01  7.014089E-01 -2.626008E-02  0.000000E+00  4.123652E-02  2.336824E-03 -7.321329E-18 -4.352061E-02  0.000000E+00
  3.335981E+00 -1.207467E-01  5.000000E-01  7.084724E-01 -2.585521E-02  0.000000E+00  4.108740E-02  2.393169E-03 -7.113555E-18 -4.563832E-02  0.000000E+00
  3.369247E+00 -1.187885E-01  5.000000E-01  7.155373E-01 -2.543934E-02  0.000000E+00  4.094071E-02  2.445749E-03 -2.017156E-18 -4.764892E-02  0.000000E+00
  3.402518E+00 -1.167821E-01  5.000000E-01  7.226033E-01 -2.501324E-02  0.000000E+00  4.079700E-02  2.495242E-03  7.171906E-18 -4.955869E-02  0.000000E+00
  3.435792E+00 -1.147287E-01  5.000000E-01  7.296699E-01 -2.457715E-02  0.000000E+00  4.065630E-02  2.542152E-03  1.950511E-17 -5.138188E-02  0.000000E+00
  3.469073E+00 -1.126308E-01  5.000000E-01  7.367379E-01 -2.413161E-02  0.000000E+00  4.051954E-02  2.586533E-03  3.234225E-17 -5.312367E-02  0.000000E+00
  3.502353E+00 -1.104901E-01  5.000000E-01  7.438057E-01 -2.367697E-02  0.000000E+00  4.038623E-02  2.628802E-03  4.340963E-17 -5.479368E-02  0.000000E+00
  3.535630E+00 -1.083088E-01  5.000000E-01  7.508729E-01 -2.321370E-02  0.000000E+00  4.025458E-02  2.668977E-03  5.219929E-17 -5.640104E-02  0.000000E+00
  3.568904E+00 -1.060879E-01  5.000000E-01  7.579395E-01 -2.274204E-02  0.000000E+00  4.012034E-02  2.708132E-03  5.708773E-17 -5.797454E-02  0.000000E+00
  3.602176E+00 -1.038270E-01  5.000000E-01  7.650057E-01 -2.226189E-02  0.000000E+00  3.998409E-02  2.747569E-03  5.917999E-17 -5.954045E-02  0.000000E+00
  3.635446E+00 -1.015254E-01  5.000000E-01  7.720714E-01 -2.177308E-02  0.000000E+00  3.985830E-02  2.788783E-03  6.394852E-17 -6.112865E-02  0.000000E+00
  3.668713E+00 -9.918147E-02  5.000000E-01  7.791365E-01 -2.127529E-02  0.000000E+00  3.976993E-02  2.833347E-03  7.691469E-17 -6.279651E-02  0.000000E+00
  3.701976E+00 -9.679513E-02  5.000000E-01  7.862009E-01 -2.076849E-02  0.000000E+00  3.974270E-02  2.887224E-03  1.057258E-16 -6.472571E-02  0.000000E+00
  3.735241E+00 -9.435866E-02  5.000000E-01  7.932655E-01 -2.025104E-02  0.000000E+00  3.976140E-02  2.967542E-03  1.594292E-16 -6.734128E-02  0.000000E+00
  3.768500E+00 -9.184130E-02  5.000000E-01  8.003289E-01 -1.971642E-02  0.000000E+00  3.979020E-02  3.087193E-03  2.426088E-16 -7.099042E-02  0.000000E+00
  3.801751E+00 -8.920922E-02  5.000000E-01  8.073904E-01 -1.915743E-02  0.000000E+00  3.980791E-02  3.242443E-03  3.486155E-16 -7.564060E-02  0.000000E+00
  3.834989E+00 -8.643587E-02  5.000000E-01  8.144495E-01 -1.856844E-02  0.000000E+00  3.980581E-02  3.421019E-03  4.629393E-16 -8.101384E-02  0.000000E+00
  3.868211E+00 -8.350746E-02  5.000000E-01  8.215050E-01 -1.794652E-02  0.000000E+00  3.977422E-02  3.611653E-03  5.646963E-16 -8.681195E-02  0.000000E+00
  3.901422E+00 -8.041352E-02  5.000000E-01  8.285582E-01 -1.728944E-02  0.000000E+00  3.970405E-02  3.805517E-03  6.291221E-16 -9.278262E-02  0.000000E+00
  3.934617E+00 -7.715248E-02  5.000000E-01  8.356079E-01 -1.659687E-02  0.000000E+00  3.959590E-02  3.994292E-03  6.384289E-16 -9.869609E-02  0.000000E+00
  3.967800E+00 -7.372725E-02  5.000000E-01  8.426552E-01 -1.586944E-02  0.000000E+00  3.945578E-02  4.172649E-03  5.898809E-16 -1.043989E-01  0.000000E+00
  4.000972E+00 -7.014467E-02  5.000000E-01  8.497001E-01 -1.510859E-02  0.000000E+00  3.929314E-02  4.337975E-03  4.983436E-16 -1.098190E-01  0.000000E+00
  4.034139E+00 -6.641303E-02  5.000000E-01  8.567440E-01 -1.431608E-02  0.000000E+00  3.911235E-02  4.492587E-03  3.845284E-16 -1.149922E-01  0.000000E+00
  4.067311E+00 -6.253446E-02  5.000000E-01  8.637890E-01 -1.349237E-02  0.000000E+00  3.891715E-02  4.640430E-03  2.591351E-16 -1.199907E-01  0.000000E+00
  4.100488E+00 -5.851135E-02  5.000000E-01  8.708348E-01 -1.263796E-02  0.000000E+00  3.871913E-02  4.782437E-03  1.209885E-16 -1.248320E-01  0.000000E+00
  4.133669E+00 -5.434781E-02  5.000000E-01  8.778818E-01 -1.175372E-02  0.000000E+00  3.852476E-02  4.918922E-03 -2.851370E-17 -1.295267E-01  0.000000E+00
  4.166856E+00 -5.004698E-02  5.000000E-01  8.849299E-01 -1.084033E-02  0.000000E+00  3.832435E-02  5.048356E-03 -1.780971E-16 -1.340682E-01  0.000000E+00
  4.200049E+00 -4.561394E-02  5.000000E-01  8.919793E-01 -9.898864E-03  0.000000E+00  3.808554E-02  5.165645E-03 -3.035072E-16 -1.383827E-01  0.000000E+00
  4.233242E+00 -4.105339E-02  5.000000E-01  8.990286E-01 -8.930315E-03  0.000000E+00  3.777500E-02  5.256056E-03 -3.799760E-16 -1.421616E-01  0.000000E+00
  4.266405E+00 -3.639089E-02  5.000000E-01  9.060715E-01 -7.940115E-03  0.000000E+00  3.739242E-02  5.291224E-03 -3.968194E-16 -1.447461E-01  0.000000E+00
  4.299502E+00 -3.168576E-02  5.000000E-01  9.131007E-01 -6.940860E-03  0.000000E+00  3.696275E-02  5.240925E-03 -3.616258E-16 -1.453544E-01  0.000000E+00
  4.332522E+00 -2.702501E-02  5.000000E-01  9.201132E-01 -5.951031E-03  0.000000E+00  3.649095E-02  5.091304E-03 -2.972469E-16 -1.434736E-01  0.000000E+00
  4.365472E+00 -2.249154E-02  5.000000E-01  9.271110E-01 -4.988234E-03  0.000000E+00  3.595753E-02  4.841896E-03 -2.197757E-16 -1.388460E-01  0.000000E+00
  4.398350E+00 -1.817158E-02  5.000000E-01  9.340935E-01 -4.070781E-03  0.000000E+00  3.533994E-02  4.492518E-03 -1.388526E-16 -1.312089E-01  0.000000E+00
  4.431155E+00 -1.415264E-02  5.000000E-01  9.410605E-01 -3.217256E-03  0.000000E+00  3.459622E-02  4.039793E-03 -6.608836E-17 -1.202346E-01  0.000000E+00
  4.463888E+00 -1.053118E-02  5.000000E-01  9.480121E-01 -2.448148E-03  0.000000E+00  3.360993E-02  3.487491E-03 -8.615527E-18 -1.057529E-01  0.000000E+00
  4.496579E+00 -7.380613E-03  5.000000E-01  9.549550E-01 -1.779045E-03  0.000000E+00  3.220214E-02  2.858144E-03  2.779549E-17 -8.781045E-02  0.000000E+00
  4.529252E+00 -4.751454E-03  5.000000E-01  9.618938E-01 -1.220676E-03  0.000000E+00  3.027492E-02  2.196970E-03  4.119521E-17 -6.641601E-02  0.000000E+00
  4.561929E+00 -2.664391E-03  5.000000E-01  9.688337E-01 -7.774351E-04  0.000000E+00  2.793721E-02  1.556991E-03  3.710569E-17 -4.162603E-02  0.000000E+00
  4.594574E+00 -1.141805E-03  5.000000E-01  9.757666E-01 -4.540753E-04  0.000000E+00  2.543173E-02  9.646567E-04  2.397541E-17 -1.407704E-02  0.000000E+00
  4.627203E+00 -2.015620E-04  5.000000E-01  9.826962E-01 -2.543908E-04  0.000000E+00  2.298908E-02  4.392753E-04  1.109511E-17  1.519028E-02  0.000000E+00
  4.659162E+00  1.367164E-04  5.000000E-01  9.894836E-01 -1.825488E-04  0.000000E+00  2.051603E-02  6.604447E-05  7.635114E-18  3.779346E-02  0.000000E+00
  4.689251E+00 -8.593377E-05  5.000000E-01  9.958737E-01 -2.298342E-04  0.000000E+00  1.661513E-02 -1.232849E-04  2.775419E-17  1.343594E-02  0.000000E+00
  4.708680E+00 -5.137590E-04  5.000000E-01  9.999999E-01 -3.206938E-04  0.000000E+00  1.197864E-02 -7.226415E-04  3.772708E-17 -8.886170E-02  0.000000E+00
    1    2
    2    3
    3    4
    4    5
    5    6
    6    7
    7    8
    8    9
    9   10
   10   11
   11   12
   12   13
   13   14
   14   15
   15   16
   16   17
   17   18
   18   19
   19   20
   20   21
   21   22
   22   23
   23   24
   24   25
   25   26
   26   27
   27   28
   28   29
   29   30
   30   31
   31   32
   32   33
   33   34
   34   35
   35   36
   36   37
   37   38
   38   39
   39   40
   40   41
   41   42
   42   43
   43   44
   44   45
   45   46
   46   47
   47   48
   48   49
   49   50
   50   51
   51   52
   52   53
   53   54
   54   55
   55   56
   56   57
   57   58
   58   59
   59   60
   60   61
   61   62
   62   63
   63   64
   64   65
   65   66
   66   67
   67   68
   68   69
   69   70
   70   71
   71   72
   72   73
   73   74
   74   75
   75   76
   76   77
   77   78
   78   79
   79   80
   80   81
   81   82
   82   83
   83   84
   84   85
   85   86
   86   87
   87   88
   88   89
   89   90
   90   91
   91   92
   92   93
   93   94
   94   95
   95   96
   96   97
   97   98
   98   99
   99  100
  100  101
  101  102
  102  103
  103  104
  104  105
  105  106
  106  107
  107  108
  108  109
  109  110
  110  111
  111  112
  112  113
  113  114
  114  115
  115  116
  116  117
  117  118
  118  119
  119  120
  120  121
  121  122
  122  123
  123  124
  124  125
  125  126
  126  127
  127  128
  128  129
  129  130
  130  131
  131  132
  132  133
  133  134
  134  135
  135  136
  136  137
  137  138
  138  139
  139  140
  140  141
  141  142
  142  143
  143  144
  144  145
  145  146
  146  147
  147  148
  148  149
  149  150
  151  152
  152  153
  153  154
  154  155
  155  156
  156  157
  157  158
  158  159
  159  160
  160  161
  161  162
  162  163
  163  164
  164  165
  165  166
  166  167
  167  168
  168  169
  169  170
  170  171
  171  172
  172  173
  173  174
  174  175
  175  176
  176  177
  177  178
  178  179
  179  180
  180  181
  181  182
  182  183
  183  184
  184  185
  185  186
  186  187
  187  188
  188  189
  189  190
  190  191
  191  192
  192  193
  193  194
  194  195
  195  196
  196  197
  197  198
  198  199
  199  200
  200  201
  201  202
  202  203
  203  204
  204  205
  205  206
  206  207
  207  208
  208  209
  209  210
  210  211
  211  212
  212  213
  213  214
  214  215
  215  216
  216  217
  217  218
  218  219
  219  220
  220  221
  221  222
  222  223
  223  224
  224  225
  225  226
  226  227
  227  228
  228  229
  229  230
  230  231
  231  232
  232  233
  233  234
  234  235
  235  236
  236  237
  237  238
  238  239
  239  240
  240  241
  241  242
  242  243
  243  244
  244  245
  245  246
  246  247
  247  248
  248  249
  249  250
  250  251
  251  252
  252  253
  253  254
  254  255
  255  256
  256  257
  257  258
  258  259
  259  260
  260  261
  261  262
  262  263
  263  264
  264  265
  265  266
  266  267
  267  268
  268  269
  269  270
  270  271
  271  272
  272  273
  273  274
  274  275
  275  276
  276  277
  277  278
  278  279
  279  280
  280  281
  281  282
  282  283
  283  284
  284  285
  285  286
  286  287
  287  288
  288  289
  289  290
  290  291
  291  292
  292  293
  293  294
  294  295
  295  296
  296  297
  297  298
  298  299
  299  300
