 Title = "ADflow Slice Data"
Variables =  "CoordinateX"  "CoordinateY"  "CoordinateZ"  "XoC"  "YoC"  "ZoC" "VelocityX" "VelocityY" "VelocityZ" "CoefPressure" "Mach" 
Zone T= "Slice_0001 None Absolute Regular z = 0.50000000"
 Nodes =          300  Elements=          298  ZONETYPE=FELINESEG
 DATAPACKING=POINT
  4.708680E+00 -5.043254E-04  5.000000E-01  9.999999E-01 -3.352088E-04  0.000000E+00  1.214183E-02 -6.997872E-04  2.760972E-17 -8.572385E-02  0.000000E+00
  4.689187E+00  2.465007E-03  5.000000E-01  9.958601E-01  2.954044E-04  0.000000E+00  1.304930E-02 -1.850974E-03  2.586019E-17 -1.621799E-01  0.000000E+00
  4.658673E+00  7.040653E-03  5.000000E-01  9.893797E-01  1.267159E-03  0.000000E+00  1.949042E-02 -2.925159E-03  5.097508E-17 -1.821440E-01  0.000000E+00
  4.626256E+00  1.181572E-02  5.000000E-01  9.824952E-01  2.281266E-03  0.000000E+00  2.615437E-02 -3.807057E-03  9.234880E-17 -1.934092E-01  0.000000E+00
  4.593146E+00  1.661110E-02  5.000000E-01  9.754634E-01  3.299687E-03  0.000000E+00  3.095104E-02 -4.450520E-03  1.429266E-16 -1.947457E-01  0.000000E+00
  4.560031E+00  2.133181E-02  5.000000E-01  9.684306E-01  4.302251E-03  0.000000E+00  3.329382E-02 -4.721933E-03  1.967663E-16 -1.915892E-01  0.000000E+00
  4.526891E+00  2.598590E-02  5.000000E-01  9.613923E-01  5.290664E-03  0.000000E+00  3.394700E-02 -4.738973E-03  2.544316E-16 -1.884933E-01  0.000000E+00
  4.493752E+00  3.057278E-02  5.000000E-01  9.543545E-01  6.264804E-03  0.000000E+00  3.406018E-02 -4.683769E-03  3.210008E-16 -1.860129E-01  0.000000E+00
  4.460612E+00  3.509249E-02  5.000000E-01  9.473164E-01  7.224679E-03  0.000000E+00  3.424324E-02 -4.639591E-03  3.967002E-16 -1.837784E-01  0.000000E+00
  4.427470E+00  3.954521E-02  5.000000E-01  9.402779E-01  8.170329E-03  0.000000E+00  3.459157E-02 -4.614079E-03  4.691805E-16 -1.815941E-01  0.000000E+00
  4.394325E+00  4.392606E-02  5.000000E-01  9.332387E-01  9.100714E-03  0.000000E+00  3.501020E-02 -4.592140E-03  5.238128E-16 -1.793453E-01  0.000000E+00
  4.361178E+00  4.823197E-02  5.000000E-01  9.261991E-01  1.001518E-02  0.000000E+00  3.540756E-02 -4.560999E-03  5.495912E-16 -1.769594E-01  0.000000E+00
  4.328027E+00  5.245769E-02  5.000000E-01  9.191586E-01  1.091262E-02  0.000000E+00  3.575086E-02 -4.514757E-03  5.448289E-16 -1.743821E-01  0.000000E+00
  4.294876E+00  5.659617E-02  5.000000E-01  9.121180E-01  1.179153E-02  0.000000E+00  3.604482E-02 -4.454462E-03  5.143684E-16 -1.716031E-01  0.000000E+00
  4.261727E+00  6.064210E-02  5.000000E-01  9.050782E-01  1.265079E-02  0.000000E+00  3.630681E-02 -4.383033E-03  4.654463E-16 -1.686272E-01  0.000000E+00
  4.228582E+00  6.459030E-02  5.000000E-01  8.980388E-01  1.348929E-02  0.000000E+00  3.655500E-02 -4.301446E-03  4.040708E-16 -1.654317E-01  0.000000E+00
  4.195443E+00  6.843297E-02  5.000000E-01  8.910010E-01  1.430538E-02  0.000000E+00  3.680122E-02 -4.209141E-03  3.324674E-16 -1.619720E-01  0.000000E+00
  4.162308E+00  7.216138E-02  5.000000E-01  8.839639E-01  1.509720E-02  0.000000E+00  3.704563E-02 -4.106157E-03  2.479831E-16 -1.582376E-01  0.000000E+00
  4.129179E+00  7.576868E-02  5.000000E-01  8.769281E-01  1.586330E-02  0.000000E+00  3.728532E-02 -3.992105E-03  1.529390E-16 -1.542273E-01  0.000000E+00
  4.096054E+00  7.924608E-02  5.000000E-01  8.698932E-01  1.660182E-02  0.000000E+00  3.751842E-02 -3.866533E-03  5.833624E-17 -1.499353E-01  0.000000E+00
  4.062934E+00  8.258656E-02  5.000000E-01  8.628593E-01  1.731125E-02  0.000000E+00  3.774230E-02 -3.729619E-03 -2.051813E-17 -1.453665E-01  0.000000E+00
  4.029817E+00  8.578235E-02  5.000000E-01  8.558262E-01  1.798996E-02  0.000000E+00  3.795525E-02 -3.581276E-03 -6.859945E-17 -1.405259E-01  0.000000E+00
  3.996705E+00  8.882640E-02  5.000000E-01  8.487939E-01  1.863644E-02  0.000000E+00  3.815354E-02 -3.422561E-03 -8.000128E-17 -1.354420E-01  0.000000E+00
  3.963594E+00  9.171363E-02  5.000000E-01  8.417620E-01  1.924962E-02  0.000000E+00  3.833334E-02 -3.255221E-03 -6.329368E-17 -1.301598E-01  0.000000E+00
  3.930486E+00  9.444035E-02  5.000000E-01  8.347306E-01  1.982871E-02  0.000000E+00  3.849331E-02 -3.080712E-03 -2.984268E-17 -1.247232E-01  0.000000E+00
  3.897377E+00  9.700374E-02  5.000000E-01  8.276991E-01  2.037311E-02  0.000000E+00  3.863206E-02 -2.901741E-03  9.404224E-18 -1.191932E-01  0.000000E+00
  3.864269E+00  9.940462E-02  5.000000E-01  8.206677E-01  2.088300E-02  0.000000E+00  3.874987E-02 -2.720963E-03  3.860992E-17 -1.136375E-01  0.000000E+00
  3.831161E+00  1.016438E-01  5.000000E-01  8.136366E-01  2.135854E-02  0.000000E+00  3.884758E-02 -2.541330E-03  4.826379E-17 -1.081430E-01  0.000000E+00
  3.798054E+00  1.037266E-01  5.000000E-01  8.066053E-01  2.180088E-02  0.000000E+00  3.892642E-02 -2.367026E-03  3.764441E-17 -1.028187E-01  0.000000E+00
  3.764948E+00  1.056604E-01  5.000000E-01  7.995744E-01  2.221157E-02  0.000000E+00  3.898981E-02 -2.202201E-03  1.264040E-17 -9.777138E-02  0.000000E+00
  3.731842E+00  1.074564E-01  5.000000E-01  7.925435E-01  2.259299E-02  0.000000E+00  3.903967E-02 -2.051865E-03 -1.196921E-17 -9.310944E-02  0.000000E+00
  3.698737E+00  1.091302E-01  5.000000E-01  7.855129E-01  2.294846E-02  0.000000E+00  3.908413E-02 -1.917047E-03 -2.265305E-17 -8.884074E-02  0.000000E+00
  3.665634E+00  1.106940E-01  5.000000E-01  7.784827E-01  2.328058E-02  0.000000E+00  3.913732E-02 -1.792025E-03 -1.593716E-17 -8.483346E-02  0.000000E+00
  3.632534E+00  1.121519E-01  5.000000E-01  7.714529E-01  2.359021E-02  0.000000E+00  3.920233E-02 -1.671358E-03  3.751350E-18 -8.096428E-02  0.000000E+00
  3.599434E+00  1.135067E-01  5.000000E-01  7.644234E-01  2.387792E-02  0.000000E+00  3.926950E-02 -1.554138E-03  2.924906E-17 -7.719832E-02  0.000000E+00
  3.566334E+00  1.147620E-01  5.000000E-01  7.573938E-01  2.414453E-02  0.000000E+00  3.933053E-02 -1.440533E-03  5.418818E-17 -7.353172E-02  0.000000E+00
  3.533236E+00  1.159214E-01  5.000000E-01  7.503646E-01  2.439076E-02  0.000000E+00  3.938278E-02 -1.330223E-03  7.307478E-17 -6.996822E-02  0.000000E+00
  3.500138E+00  1.169881E-01  5.000000E-01  7.433353E-01  2.461728E-02  0.000000E+00  3.942519E-02 -1.224205E-03  8.428474E-17 -6.653883E-02  0.000000E+00
  3.467038E+00  1.179670E-01  5.000000E-01  7.363057E-01  2.482520E-02  0.000000E+00  3.945889E-02 -1.123882E-03  8.624330E-17 -6.327878E-02  0.000000E+00
  3.433936E+00  1.188637E-01  5.000000E-01  7.292757E-01  2.501563E-02  0.000000E+00  3.948744E-02 -1.029679E-03  7.841401E-17 -6.020650E-02  0.000000E+00
  3.400832E+00  1.196835E-01  5.000000E-01  7.222452E-01  2.518972E-02  0.000000E+00  3.951345E-02 -9.421562E-04  6.288181E-17 -5.734042E-02  0.000000E+00
  3.367728E+00  1.204324E-01  5.000000E-01  7.152146E-01  2.534878E-02  0.000000E+00  3.953918E-02 -8.616857E-04  4.335401E-17 -5.469262E-02  0.000000E+00
  3.334620E+00  1.211165E-01  5.000000E-01  7.081834E-01  2.549406E-02  0.000000E+00  3.956649E-02 -7.885026E-04  2.618722E-17 -5.227246E-02  0.000000E+00
  3.301512E+00  1.217420E-01  5.000000E-01  7.011520E-01  2.562691E-02  0.000000E+00  3.959651E-02 -7.230032E-04  1.569681E-17 -5.009467E-02  0.000000E+00
  3.268401E+00  1.223156E-01  5.000000E-01  6.941201E-01  2.574872E-02  0.000000E+00  3.963134E-02 -6.652828E-04  1.241951E-17 -4.816458E-02  0.000000E+00
  3.235290E+00  1.228437E-01  5.000000E-01  6.870881E-01  2.586088E-02  0.000000E+00  3.967363E-02 -6.151618E-04  1.404283E-17 -4.647799E-02  0.000000E+00
  3.202177E+00  1.233324E-01  5.000000E-01  6.800557E-01  2.596467E-02  0.000000E+00  3.972442E-02 -5.728003E-04  1.780590E-17 -4.503528E-02  0.000000E+00
  3.169063E+00  1.237885E-01  5.000000E-01  6.730231E-01  2.606154E-02  0.000000E+00  3.978431E-02 -5.381018E-04  2.178882E-17 -4.382350E-02  0.000000E+00
  3.135947E+00  1.242180E-01  5.000000E-01  6.659902E-01  2.615276E-02  0.000000E+00  3.985547E-02 -5.094041E-04  2.436608E-17 -4.278467E-02  0.000000E+00
  3.102831E+00  1.246250E-01  5.000000E-01  6.589570E-01  2.623919E-02  0.000000E+00  3.994126E-02 -4.825985E-04  2.483318E-17 -4.180844E-02  0.000000E+00
  3.069714E+00  1.250084E-01  5.000000E-01  6.519238E-01  2.632061E-02  0.000000E+00  4.003986E-02 -4.543922E-04  2.339880E-17 -4.080367E-02  0.000000E+00
  3.036593E+00  1.253667E-01  5.000000E-01  6.448898E-01  2.639670E-02  0.000000E+00  4.014423E-02 -4.242016E-04  2.010286E-17 -3.973603E-02  0.000000E+00
  3.003475E+00  1.256983E-01  5.000000E-01  6.378564E-01  2.646713E-02  0.000000E+00  4.025003E-02 -3.912300E-04  1.521149E-17 -3.858217E-02  0.000000E+00
  2.970356E+00  1.260004E-01  5.000000E-01  6.308226E-01  2.653129E-02  0.000000E+00  4.035413E-02 -3.557351E-04  9.925871E-18 -3.734550E-02  0.000000E+00
  2.937236E+00  1.262721E-01  5.000000E-01  6.237888E-01  2.658898E-02  0.000000E+00  4.045569E-02 -3.181420E-04  5.424330E-18 -3.603604E-02  0.000000E+00
  2.904117E+00  1.265112E-01  5.000000E-01  6.167550E-01  2.663976E-02  0.000000E+00  4.055626E-02 -2.781382E-04  2.410049E-18 -3.465144E-02  0.000000E+00
  2.870996E+00  1.267162E-01  5.000000E-01  6.097211E-01  2.668329E-02  0.000000E+00  4.065644E-02 -2.358941E-04  1.249086E-18 -3.319423E-02  0.000000E+00
  2.837877E+00  1.268853E-01  5.000000E-01  6.026873E-01  2.671922E-02  0.000000E+00  4.075668E-02 -1.912486E-04  1.998368E-18 -3.166075E-02  0.000000E+00
  2.804757E+00  1.270168E-01  5.000000E-01  5.956534E-01  2.674714E-02  0.000000E+00  4.085647E-02 -1.442549E-04  4.578419E-18 -3.004954E-02  0.000000E+00
  2.771639E+00  1.271090E-01  5.000000E-01  5.886200E-01  2.676673E-02  0.000000E+00  4.095567E-02 -9.444444E-05  8.502728E-18 -2.835115E-02  0.000000E+00
  2.738522E+00  1.271593E-01  5.000000E-01  5.815867E-01  2.677740E-02  0.000000E+00  4.105318E-02 -4.177498E-05  1.244913E-17 -2.656283E-02  0.000000E+00
  2.705406E+00  1.271661E-01  5.000000E-01  5.745537E-01  2.677886E-02  0.000000E+00  4.114766E-02  1.352883E-05  1.491839E-17 -2.468642E-02  0.000000E+00
  2.672292E+00  1.271273E-01  5.000000E-01  5.675211E-01  2.677060E-02  0.000000E+00  4.123881E-02  7.172016E-05  1.507451E-17 -2.271890E-02  0.000000E+00
  2.639177E+00  1.270407E-01  5.000000E-01  5.604885E-01  2.675222E-02  0.000000E+00  4.132612E-02  1.326781E-04  1.309067E-17 -2.066704E-02  0.000000E+00
  2.606068E+00  1.269044E-01  5.000000E-01  5.534568E-01  2.672328E-02  0.000000E+00  4.140908E-02  1.959921E-04  1.008611E-17 -1.855014E-02  0.000000E+00
  2.572958E+00  1.267169E-01  5.000000E-01  5.464251E-01  2.668346E-02  0.000000E+00  4.148553E-02  2.594844E-04  7.513206E-18 -1.641836E-02  0.000000E+00
  2.539852E+00  1.264798E-01  5.000000E-01  5.393941E-01  2.663311E-02  0.000000E+00  4.155666E-02  3.222257E-04  5.774317E-18 -1.429859E-02  0.000000E+00
  2.506749E+00  1.261932E-01  5.000000E-01  5.323638E-01  2.657223E-02  0.000000E+00  4.162564E-02  3.848228E-04  4.686546E-18 -1.218814E-02  0.000000E+00
  2.473650E+00  1.258575E-01  5.000000E-01  5.253345E-01  2.650093E-02  0.000000E+00  4.169278E-02  4.471129E-04  3.879287E-18 -1.009193E-02  0.000000E+00
  2.440554E+00  1.254729E-01  5.000000E-01  5.183056E-01  2.641926E-02  0.000000E+00  4.175697E-02  5.085844E-04  2.949911E-18 -8.017442E-03  0.000000E+00
  2.407460E+00  1.250409E-01  5.000000E-01  5.112774E-01  2.632751E-02  0.000000E+00  4.181802E-02  5.695158E-04  2.450078E-18 -5.960714E-03  0.000000E+00
  2.374373E+00  1.245613E-01  5.000000E-01  5.042504E-01  2.622565E-02  0.000000E+00  4.187564E-02  6.303769E-04  2.196329E-18 -3.923656E-03  0.000000E+00
  2.341286E+00  1.240343E-01  5.000000E-01  4.972236E-01  2.611374E-02  0.000000E+00  4.192681E-02  6.892532E-04  1.456414E-18 -1.956963E-03  0.000000E+00
  2.308194E+00  1.234629E-01  5.000000E-01  4.901958E-01  2.599237E-02  0.000000E+00  4.197062E-02  7.436019E-04  5.804857E-19 -1.281252E-04  0.000000E+00
  2.275097E+00  1.228511E-01  5.000000E-01  4.831667E-01  2.586246E-02  0.000000E+00  4.201090E-02  7.921700E-04 -1.070732E-19  1.517797E-03  0.000000E+00
  2.241991E+00  1.222040E-01  5.000000E-01  4.761359E-01  2.572502E-02  0.000000E+00  4.205335E-02  8.346132E-04 -2.777097E-19  2.958899E-03  0.000000E+00
  2.208879E+00  1.215264E-01  5.000000E-01  4.691037E-01  2.558113E-02  0.000000E+00  4.210289E-02  8.710748E-04 -1.233484E-19  4.189970E-03  0.000000E+00
  2.175760E+00  1.208232E-01  5.000000E-01  4.620701E-01  2.543178E-02  0.000000E+00  4.216229E-02  9.017225E-04 -5.554232E-19  5.212841E-03  0.000000E+00
  2.142637E+00  1.200992E-01  5.000000E-01  4.550354E-01  2.527801E-02  0.000000E+00  4.223256E-02  9.266921E-04 -1.003162E-18  6.035528E-03  0.000000E+00
  2.109507E+00  1.193588E-01  5.000000E-01  4.479994E-01  2.512077E-02  0.000000E+00  4.231382E-02  9.462120E-04 -1.071541E-18  6.680019E-03  0.000000E+00
  2.076374E+00  1.186068E-01  5.000000E-01  4.409628E-01  2.496107E-02  0.000000E+00  4.240798E-02  9.626509E-04 -1.271240E-18  7.214054E-03  0.000000E+00
  2.043241E+00  1.178441E-01  5.000000E-01  4.339262E-01  2.479908E-02  0.000000E+00  4.251543E-02  9.791576E-04 -1.355085E-18  7.721225E-03  0.000000E+00
  2.010106E+00  1.170701E-01  5.000000E-01  4.268892E-01  2.463470E-02  0.000000E+00  4.263165E-02  9.966599E-04 -1.625562E-18  8.245324E-03  0.000000E+00
  1.976970E+00  1.162841E-01  5.000000E-01  4.198519E-01  2.446779E-02  0.000000E+00  4.275201E-02  1.015453E-03 -1.845404E-18  8.808236E-03  0.000000E+00
  1.943835E+00  1.154854E-01  5.000000E-01  4.128148E-01  2.429815E-02  0.000000E+00  4.287383E-02  1.035878E-03 -2.300992E-18  9.420181E-03  0.000000E+00
  1.910699E+00  1.146723E-01  5.000000E-01  4.057775E-01  2.412547E-02  0.000000E+00  4.299531E-02  1.057442E-03 -2.867554E-18  1.007134E-02  0.000000E+00
  1.877561E+00  1.138447E-01  5.000000E-01  3.987399E-01  2.394971E-02  0.000000E+00  4.311679E-02  1.079974E-03 -3.071880E-18  1.075335E-02  0.000000E+00
  1.844424E+00  1.130016E-01  5.000000E-01  3.917024E-01  2.377065E-02  0.000000E+00  4.323950E-02  1.103404E-03 -3.649120E-18  1.145781E-02  0.000000E+00
  1.811282E+00  1.121426E-01  5.000000E-01  3.846638E-01  2.358822E-02  0.000000E+00  4.336381E-02  1.126891E-03 -3.518114E-18  1.216639E-02  0.000000E+00
  1.778139E+00  1.112682E-01  5.000000E-01  3.776250E-01  2.340253E-02  0.000000E+00  4.349180E-02  1.150692E-03 -2.855095E-18  1.287971E-02  0.000000E+00
  1.744992E+00  1.103779E-01  5.000000E-01  3.705854E-01  2.321344E-02  0.000000E+00  4.362463E-02  1.174870E-03 -2.478656E-18  1.359848E-02  0.000000E+00
  1.711843E+00  1.094720E-01  5.000000E-01  3.635455E-01  2.302105E-02  0.000000E+00  4.376299E-02  1.199577E-03 -2.123293E-18  1.432683E-02  0.000000E+00
  1.678692E+00  1.085497E-01  5.000000E-01  3.565049E-01  2.282518E-02  0.000000E+00  4.390703E-02  1.224854E-03 -1.625529E-18  1.507066E-02  0.000000E+00
  1.645539E+00  1.076114E-01  5.000000E-01  3.494640E-01  2.262591E-02  0.000000E+00  4.405721E-02  1.251101E-03 -5.370283E-19  1.584567E-02  0.000000E+00
  1.612385E+00  1.066559E-01  5.000000E-01  3.424230E-01  2.242298E-02  0.000000E+00  4.421441E-02  1.279409E-03 -4.579349E-19  1.668032E-02  0.000000E+00
  1.579236E+00  1.056820E-01  5.000000E-01  3.353830E-01  2.221615E-02  0.000000E+00  4.437832E-02  1.310768E-03 -1.195889E-18  1.759633E-02  0.000000E+00
  1.546090E+00  1.046868E-01  5.000000E-01  3.283435E-01  2.200480E-02  0.000000E+00  4.454618E-02  1.344589E-03 -3.600568E-19  1.858219E-02  0.000000E+00
  1.512946E+00  1.036700E-01  5.000000E-01  3.213046E-01  2.178886E-02  0.000000E+00  4.471571E-02  1.379417E-03  6.920215E-19  1.960882E-02  0.000000E+00
  1.479807E+00  1.026310E-01  5.000000E-01  3.142666E-01  2.156821E-02  0.000000E+00  4.488880E-02  1.415587E-03  9.152467E-19  2.067402E-02  0.000000E+00
  1.446672E+00  1.015689E-01  5.000000E-01  3.072296E-01  2.134264E-02  0.000000E+00  4.506708E-02  1.453241E-03  6.139945E-19  2.177679E-02  0.000000E+00
  1.413540E+00  1.004831E-01  5.000000E-01  3.001932E-01  2.111203E-02  0.000000E+00  4.525168E-02  1.492511E-03  5.484621E-19  2.292146E-02  0.000000E+00
  1.380413E+00  9.937245E-02  5.000000E-01  2.931579E-01  2.087616E-02  0.000000E+00  4.544387E-02  1.534195E-03  3.116262E-19  2.412642E-02  0.000000E+00
  1.347294E+00  9.823545E-02  5.000000E-01  2.861242E-01  2.063469E-02  0.000000E+00  4.564355E-02  1.578911E-03 -8.344905E-19  2.540770E-02  0.000000E+00
  1.314179E+00  9.707008E-02  5.000000E-01  2.790914E-01  2.038720E-02  0.000000E+00  4.584923E-02  1.626552E-03 -1.859538E-18  2.676966E-02  0.000000E+00
  1.281074E+00  9.587500E-02  5.000000E-01  2.720606E-01  2.013339E-02  0.000000E+00  4.606041E-02  1.677464E-03 -2.630002E-18  2.822014E-02  0.000000E+00
  1.247974E+00  9.464770E-02  5.000000E-01  2.650310E-01  1.987274E-02  0.000000E+00  4.627597E-02  1.731339E-03 -2.906884E-18  2.975477E-02  0.000000E+00
  1.214880E+00  9.338718E-02  5.000000E-01  2.580028E-01  1.960504E-02  0.000000E+00  4.649561E-02  1.787938E-03 -2.685364E-18  3.136951E-02  0.000000E+00
  1.181795E+00  9.209157E-02  5.000000E-01  2.509763E-01  1.932988E-02  0.000000E+00  4.672036E-02  1.847887E-03 -1.972602E-18  3.307105E-02  0.000000E+00
  1.148718E+00  9.075896E-02  5.000000E-01  2.439516E-01  1.904687E-02  0.000000E+00  4.694911E-02  1.910511E-03 -1.545324E-18  3.484408E-02  0.000000E+00
  1.115646E+00  8.938832E-02  5.000000E-01  2.369279E-01  1.875578E-02  0.000000E+00  4.718122E-02  1.975019E-03 -1.264708E-18  3.666942E-02  0.000000E+00
  1.082583E+00  8.797906E-02  5.000000E-01  2.299061E-01  1.845649E-02  0.000000E+00  4.741828E-02  2.041462E-03 -4.561890E-19  3.853999E-02  0.000000E+00
  1.049524E+00  8.653012E-02  5.000000E-01  2.228852E-01  1.814877E-02  0.000000E+00  4.766210E-02  2.109661E-03  9.410943E-19  4.044254E-02  0.000000E+00
  1.016475E+00  8.504147E-02  5.000000E-01  2.158664E-01  1.783262E-02  0.000000E+00  4.791465E-02  2.179349E-03  1.965921E-18  4.234921E-02  0.000000E+00
  9.834318E-01  8.351236E-02  5.000000E-01  2.088488E-01  1.750787E-02  0.000000E+00  4.817470E-02  2.247411E-03  1.330015E-18  4.417819E-02  0.000000E+00
  9.503976E-01  8.194704E-02  5.000000E-01  2.018331E-01  1.717543E-02  0.000000E+00  4.844299E-02  2.310262E-03 -1.645285E-19  4.584579E-02  0.000000E+00
  9.173728E-01  8.035012E-02  5.000000E-01  1.948195E-01  1.683629E-02  0.000000E+00  4.872783E-02  2.368770E-03 -1.083997E-18  4.735766E-02  0.000000E+00
  8.843598E-01  7.872495E-02  5.000000E-01  1.878083E-01  1.649114E-02  0.000000E+00  4.903828E-02  2.426441E-03 -1.157396E-18  4.878810E-02  0.000000E+00
  8.513623E-01  7.707205E-02  5.000000E-01  1.808005E-01  1.614011E-02  0.000000E+00  4.937778E-02  2.486741E-03 -1.153450E-18  5.022647E-02  0.000000E+00
  8.183794E-01  7.539016E-02  5.000000E-01  1.737957E-01  1.578291E-02  0.000000E+00  4.974356E-02  2.551470E-03 -8.076115E-19  5.173567E-02  0.000000E+00
  7.854121E-01  7.367730E-02  5.000000E-01  1.667943E-01  1.541914E-02  0.000000E+00  5.013168E-02  2.621609E-03 -2.145277E-19  5.335704E-02  0.000000E+00
  7.524593E-01  7.193080E-02  5.000000E-01  1.597959E-01  1.504823E-02  0.000000E+00  5.053997E-02  2.697778E-03 -8.450423E-21  5.512145E-02  0.000000E+00
  7.195226E-01  7.014798E-02  5.000000E-01  1.528009E-01  1.466961E-02  0.000000E+00  5.096935E-02  2.781259E-03 -3.719507E-19  5.707124E-02  0.000000E+00
  6.866079E-01  6.832525E-02  5.000000E-01  1.458107E-01  1.428250E-02  0.000000E+00  5.142276E-02  2.874606E-03 -7.714981E-19  5.927199E-02  0.000000E+00
  6.537221E-01  6.645739E-02  5.000000E-01  1.388265E-01  1.388581E-02  0.000000E+00  5.190077E-02  2.980323E-03 -1.948497E-18  6.178740E-02  0.000000E+00
  6.208691E-01  6.453799E-02  5.000000E-01  1.318494E-01  1.347818E-02  0.000000E+00  5.239973E-02  3.099774E-03 -4.519374E-18  6.465172E-02  0.000000E+00
  5.880524E-01  6.256023E-02  5.000000E-01  1.248799E-01  1.305815E-02  0.000000E+00  5.291355E-02  3.232855E-03 -6.069633E-18  6.786241E-02  0.000000E+00
  5.552711E-01  6.051763E-02  5.000000E-01  1.179180E-01  1.262435E-02  0.000000E+00  5.343660E-02  3.378379E-03 -5.860387E-18  7.139182E-02  0.000000E+00
  5.225283E-01  5.840505E-02  5.000000E-01  1.109642E-01  1.217569E-02  0.000000E+00  5.396633E-02  3.535936E-03 -7.700907E-18  7.521725E-02  0.000000E+00
  4.898261E-01  5.621693E-02  5.000000E-01  1.040191E-01  1.171099E-02  0.000000E+00  5.449978E-02  3.704688E-03 -9.207641E-18  7.930434E-02  0.000000E+00
  4.571624E-01  5.394891E-02  5.000000E-01  9.708209E-02  1.122932E-02  0.000000E+00  5.502946E-02  3.881877E-03 -7.976631E-18  8.358284E-02  0.000000E+00
  4.245350E-01  5.159814E-02  5.000000E-01  9.015283E-02  1.073007E-02  0.000000E+00  5.554372E-02  4.063129E-03 -6.074310E-18  8.796034E-02  0.000000E+00
  3.919369E-01  4.916419E-02  5.000000E-01  8.322981E-02  1.021316E-02  0.000000E+00  5.602996E-02  4.244436E-03 -4.265251E-18  9.238835E-02  0.000000E+00
  3.593832E-01  4.664914E-02  5.000000E-01  7.631620E-02  9.679028E-03  0.000000E+00  5.647935E-02  4.427888E-03 -6.612601E-18  9.699546E-02  0.000000E+00
  3.269046E-01  4.405230E-02  5.000000E-01  6.941854E-02  9.127524E-03  0.000000E+00  5.688270E-02  4.625191E-03 -1.019530E-17  1.021555E-01  0.000000E+00
  2.945750E-01  4.136667E-02  5.000000E-01  6.255253E-02  8.557161E-03  0.000000E+00  5.721522E-02  4.852594E-03 -2.451321E-18  1.083328E-01  0.000000E+00
  2.624265E-01  3.857099E-02  5.000000E-01  5.572497E-02  7.963428E-03  0.000000E+00  5.741792E-02  5.106920E-03  5.131779E-17  1.156037E-01  0.000000E+00
  2.304268E-01  3.564788E-02  5.000000E-01  4.892903E-02  7.342630E-03  0.000000E+00  5.745745E-02  5.371116E-03  1.992879E-16  1.236020E-01  0.000000E+00
  1.986088E-01  3.259255E-02  5.000000E-01  4.217166E-02  6.693755E-03  0.000000E+00  5.742179E-02  5.640739E-03  4.264065E-16  1.318243E-01  0.000000E+00
  1.669282E-01  2.939449E-02  5.000000E-01  3.544349E-02  6.014564E-03  0.000000E+00  5.751529E-02  5.869180E-03  5.009881E-16  1.391461E-01  0.000000E+00
  1.350509E-01  2.608676E-02  5.000000E-01  2.867354E-02  5.312085E-03  0.000000E+00  5.837663E-02  6.131668E-03 -3.223141E-16  1.466799E-01  0.000000E+00
  1.043791E-01  2.281696E-02  5.000000E-01  2.215959E-02  4.617658E-03  0.000000E+00  6.139975E-02  6.948450E-03 -4.305888E-15  1.619312E-01  0.000000E+00
  7.632629E-02  1.946246E-02  5.000000E-01  1.620187E-02  3.905246E-03  0.000000E+00  6.762026E-02  8.737110E-03 -1.776157E-14  1.895815E-01  0.000000E+00
  5.118571E-02  1.598117E-02  5.000000E-01  1.086263E-02  3.165905E-03  0.000000E+00  7.777194E-02  1.187132E-02 -5.187894E-14  2.301870E-01  0.000000E+00
  3.264831E-02  1.292375E-02  5.000000E-01  6.925739E-03  2.516585E-03  0.000000E+00  9.348981E-02  1.815742E-02 -1.063926E-13  2.958272E-01  0.000000E+00
  2.051015E-02  1.027865E-02  5.000000E-01  4.347893E-03  1.954829E-03  0.000000E+00  1.125645E-01  2.885241E-02 -1.313690E-13  3.937671E-01  0.000000E+00
  1.247723E-02  7.957874E-03  5.000000E-01  2.641898E-03  1.461954E-03  0.000000E+00  1.257840E-01  4.140919E-02 -5.690258E-14  5.089086E-01  0.000000E+00
  7.055255E-03  5.965980E-03  5.000000E-01  1.490404E-03  1.038925E-03  0.000000E+00  1.246479E-01  5.268012E-02  4.355401E-14  6.359049E-01  0.000000E+00
  3.418635E-03  4.215616E-03  5.000000E-01  7.180754E-04  6.671906E-04  0.000000E+00  1.059666E-01  6.168853E-02 -1.082796E-13  8.176554E-01  0.000000E+00
  1.108798E-03  2.592705E-03  5.000000E-01  2.275226E-04  3.225242E-04  0.000000E+00  6.639216E-02  6.170363E-02 -6.260664E-13  1.162821E+00  0.000000E+00
  3.747479E-05  1.074053E-03  5.000000E-01  0.000000E+00  0.000000E+00  0.000000E+00  2.239345E-02  1.963627E-02 -1.091891E-12  1.561959E+00  0.000000E+00
  3.747479E-05  1.074053E-03  5.000000E-01  0.000000E+00  0.000000E+00  0.000000E+00  2.239345E-02  1.963627E-02 -1.091891E-12  1.561959E+00  0.000000E+00
  2.534065E-04 -4.450110E-04  5.000000E-01  4.585858E-05 -3.226119E-04  0.000000E+00  3.276526E-02 -3.994241E-02 -9.937472E-13  1.478496E+00  0.000000E+00
  1.848580E-03 -2.017424E-03  5.000000E-01  3.846343E-04 -6.565538E-04  0.000000E+00  8.253851E-02 -5.866026E-02 -4.494370E-13  1.025559E+00  0.000000E+00
  4.867645E-03 -3.631587E-03  5.000000E-01  1.025809E-03 -9.993624E-04  0.000000E+00  1.130500E-01 -5.127081E-02 -5.635072E-14  7.405430E-01  0.000000E+00
  9.380877E-03 -5.345936E-03  5.000000E-01  1.984309E-03 -1.363448E-03  0.000000E+00  1.244342E-01 -4.191614E-02 -4.715034E-14  6.049711E-01  0.000000E+00
  1.589077E-02 -7.266839E-03  5.000000E-01  3.366850E-03 -1.771401E-03  0.000000E+00  1.206751E-01 -3.203369E-02 -1.519526E-13  5.026716E-01  0.000000E+00
  2.547297E-02 -9.500118E-03  5.000000E-01  5.401873E-03 -2.245694E-03  0.000000E+00  1.055628E-01 -2.216090E-02 -1.588138E-13  4.078431E-01  0.000000E+00
  3.989163E-02 -1.212965E-02  5.000000E-01  8.464043E-03 -2.804142E-03  0.000000E+00  8.749511E-02 -1.437804E-02 -9.125773E-14  3.287039E-01  0.000000E+00
  6.092142E-02 -1.512507E-02  5.000000E-01  1.293025E-02 -3.440295E-03  0.000000E+00  7.293636E-02 -9.610024E-03 -3.310713E-14  2.738358E-01  0.000000E+00
  8.832839E-02 -1.839924E-02  5.000000E-01  1.875082E-02 -4.135648E-03  0.000000E+00  6.374042E-02 -7.282818E-03 -8.421263E-15  2.426927E-01  0.000000E+00
  1.189914E-01 -2.173993E-02  5.000000E-01  2.526288E-02 -4.845129E-03  0.000000E+00  5.885296E-02 -6.287097E-03 -1.900804E-15  2.276294E-01  0.000000E+00
  1.511926E-01 -2.512321E-02  5.000000E-01  3.210163E-02 -5.563654E-03  0.000000E+00  5.677436E-02 -5.935241E-03 -4.412060E-16  2.215957E-01  0.000000E+00
  1.838450E-01 -2.853500E-02  5.000000E-01  3.903620E-02 -6.288235E-03  0.000000E+00  5.623724E-02 -5.844622E-03  2.019635E-17  2.190185E-01  0.000000E+00
  2.165049E-01 -3.192773E-02  5.000000E-01  4.597235E-02 -7.008769E-03  0.000000E+00  5.628775E-02 -5.786492E-03  1.480443E-16  2.162719E-01  0.000000E+00
  2.491496E-01 -3.526396E-02  5.000000E-01  5.290529E-02 -7.717301E-03  0.000000E+00  5.641130E-02 -5.699563E-03  1.129204E-16  2.127443E-01  0.000000E+00
  2.819003E-01 -3.854886E-02  5.000000E-01  5.986073E-02 -8.414932E-03  0.000000E+00  5.642323E-02 -5.603729E-03  4.646984E-17  2.092898E-01  0.000000E+00
  3.147601E-01 -4.179372E-02  5.000000E-01  6.683936E-02 -9.104061E-03  0.000000E+00  5.629507E-02 -5.516457E-03  8.534552E-18  2.065333E-01  0.000000E+00
  3.477303E-01 -4.501329E-02  5.000000E-01  7.384141E-02 -9.787819E-03  0.000000E+00  5.606938E-02 -5.445895E-03 -2.697967E-18  2.046022E-01  0.000000E+00
  3.807756E-01 -4.821952E-02  5.000000E-01  8.085941E-02 -1.046874E-02  0.000000E+00  5.579182E-02 -5.386472E-03 -3.789909E-18  2.031750E-01  0.000000E+00
  4.138291E-01 -5.140919E-02  5.000000E-01  8.787917E-02 -1.114615E-02  0.000000E+00  5.547297E-02 -5.319537E-03 -1.833160E-18  2.016986E-01  0.000000E+00
  4.468689E-01 -5.457181E-02  5.000000E-01  9.489601E-02 -1.181781E-02  0.000000E+00  5.511296E-02 -5.236232E-03 -4.959890E-19  1.998759E-01  0.000000E+00
  4.799091E-01 -5.770133E-02  5.000000E-01  1.019129E-01 -1.248245E-02  0.000000E+00  5.471995E-02 -5.141311E-03  2.592128E-19  1.977570E-01  0.000000E+00
  5.129612E-01 -6.079529E-02  5.000000E-01  1.089324E-01 -1.313953E-02  0.000000E+00  5.430519E-02 -5.042183E-03  7.889539E-21  1.955165E-01  0.000000E+00
  5.460360E-01 -6.385461E-02  5.000000E-01  1.159567E-01 -1.378925E-02  0.000000E+00  5.387955E-02 -4.944673E-03  7.172052E-19  1.933169E-01  0.000000E+00
  5.791347E-01 -6.688157E-02  5.000000E-01  1.229860E-01 -1.443210E-02  0.000000E+00  5.345085E-02 -4.851456E-03  1.297215E-18  1.912528E-01  0.000000E+00
  6.122565E-01 -6.987840E-02  5.000000E-01  1.300203E-01 -1.506856E-02  0.000000E+00  5.302500E-02 -4.763086E-03 -1.323101E-18  1.893593E-01  0.000000E+00
  6.454013E-01 -7.284731E-02  5.000000E-01  1.370594E-01 -1.569908E-02  0.000000E+00  5.261065E-02 -4.680540E-03 -2.768550E-18  1.876490E-01  0.000000E+00
  6.785693E-01 -7.579102E-02  5.000000E-01  1.441035E-01 -1.632425E-02  0.000000E+00  5.221971E-02 -4.605046E-03 -2.582424E-18  1.861068E-01  0.000000E+00
  7.117575E-01 -7.871196E-02  5.000000E-01  1.511518E-01 -1.694459E-02  0.000000E+00  5.186158E-02 -4.535505E-03 -1.409467E-18  1.846510E-01  0.000000E+00
  7.449560E-01 -8.160977E-02  5.000000E-01  1.582024E-01 -1.756001E-02  0.000000E+00  5.153890E-02 -4.467984E-03  5.016311E-19  1.831388E-01  0.000000E+00
  7.781569E-01 -8.448115E-02  5.000000E-01  1.652534E-01 -1.816982E-02  0.000000E+00  5.125041E-02 -4.398374E-03  3.834967E-19  1.814317E-01  0.000000E+00
  8.113578E-01 -8.732127E-02  5.000000E-01  1.723045E-01 -1.877299E-02  0.000000E+00  5.099538E-02 -4.324188E-03 -1.043768E-18  1.794371E-01  0.000000E+00
  8.445597E-01 -9.012450E-02  5.000000E-01  1.793558E-01 -1.936833E-02  0.000000E+00  5.077462E-02 -4.244279E-03 -7.537214E-19  1.770986E-01  0.000000E+00
  8.777625E-01 -9.288469E-02  5.000000E-01  1.864072E-01 -1.995453E-02  0.000000E+00  5.058722E-02 -4.156937E-03  4.368410E-20  1.743602E-01  0.000000E+00
  9.109638E-01 -9.559377E-02  5.000000E-01  1.934584E-01 -2.052987E-02  0.000000E+00  5.042831E-02 -4.059888E-03  1.111587E-18  1.711686E-01  0.000000E+00
  9.441676E-01 -9.824336E-02  5.000000E-01  2.005100E-01 -2.109258E-02  0.000000E+00  5.028896E-02 -3.951523E-03  9.947826E-19  1.675016E-01  0.000000E+00
  9.773746E-01 -1.008246E-01  5.000000E-01  2.075624E-01 -2.164077E-02  0.000000E+00  5.015458E-02 -3.829601E-03 -8.102276E-19  1.633653E-01  0.000000E+00
  1.010583E+00 -1.033271E-01  5.000000E-01  2.146150E-01 -2.217223E-02  0.000000E+00  5.001356E-02 -3.695331E-03 -2.326957E-18  1.588566E-01  0.000000E+00
  1.043798E+00 -1.057446E-01  5.000000E-01  2.216690E-01 -2.268566E-02  0.000000E+00  4.986518E-02 -3.555620E-03 -4.099702E-18  1.541744E-01  0.000000E+00
  1.077015E+00 -1.080761E-01  5.000000E-01  2.287236E-01 -2.318082E-02  0.000000E+00  4.971101E-02 -3.415646E-03 -5.362975E-18  1.494763E-01  0.000000E+00
  1.110238E+00 -1.103219E-01  5.000000E-01  2.357793E-01 -2.365777E-02  0.000000E+00  4.954934E-02 -3.276306E-03 -6.291229E-18  1.448217E-01  0.000000E+00
  1.143462E+00 -1.124819E-01  5.000000E-01  2.428354E-01 -2.411649E-02  0.000000E+00  4.937983E-02 -3.138653E-03 -8.294222E-18  1.402471E-01  0.000000E+00
  1.176693E+00 -1.145579E-01  5.000000E-01  2.498927E-01 -2.455739E-02  0.000000E+00  4.920399E-02 -3.004252E-03 -9.487799E-18  1.357876E-01  0.000000E+00
  1.209925E+00 -1.165519E-01  5.000000E-01  2.569505E-01 -2.498087E-02  0.000000E+00  4.902111E-02 -2.873024E-03 -9.281574E-18  1.314536E-01  0.000000E+00
  1.243158E+00 -1.184653E-01  5.000000E-01  2.640083E-01 -2.538722E-02  0.000000E+00  4.883120E-02 -2.745889E-03 -7.177425E-18  1.272724E-01  0.000000E+00
  1.276395E+00 -1.203016E-01  5.000000E-01  2.710670E-01 -2.577720E-02  0.000000E+00  4.863461E-02 -2.624295E-03 -4.288484E-18  1.232840E-01  0.000000E+00
  1.309630E+00 -1.220639E-01  5.000000E-01  2.781253E-01 -2.615149E-02  0.000000E+00  4.842951E-02 -2.508531E-03 -2.853167E-18  1.195153E-01  0.000000E+00
  1.342868E+00 -1.237564E-01  5.000000E-01  2.851842E-01 -2.651093E-02  0.000000E+00  4.821606E-02 -2.400563E-03 -1.780759E-18  1.160207E-01  0.000000E+00
  1.376108E+00 -1.253854E-01  5.000000E-01  2.922436E-01 -2.685689E-02  0.000000E+00  4.799263E-02 -2.301431E-03 -1.841641E-18  1.128420E-01  0.000000E+00
  1.409347E+00 -1.269561E-01  5.000000E-01  2.993027E-01 -2.719045E-02  0.000000E+00  4.775587E-02 -2.211532E-03 -2.222699E-18  1.100109E-01  0.000000E+00
  1.442589E+00 -1.284757E-01  5.000000E-01  3.063625E-01 -2.751318E-02  0.000000E+00  4.750510E-02 -2.132350E-03 -2.371526E-18  1.075747E-01  0.000000E+00
  1.475831E+00 -1.299519E-01  5.000000E-01  3.134222E-01 -2.782668E-02  0.000000E+00  4.724276E-02 -2.064490E-03 -3.553676E-18  1.055607E-01  0.000000E+00
  1.509072E+00 -1.313925E-01  5.000000E-01  3.204819E-01 -2.813264E-02  0.000000E+00  4.697872E-02 -2.008495E-03 -4.767064E-18  1.039717E-01  0.000000E+00
  1.542314E+00 -1.328056E-01  5.000000E-01  3.275416E-01 -2.843274E-02  0.000000E+00  4.673280E-02 -1.965855E-03 -5.194242E-18  1.027792E-01  0.000000E+00
  1.575558E+00 -1.342005E-01  5.000000E-01  3.346018E-01 -2.872899E-02  0.000000E+00  4.652165E-02 -1.933478E-03 -5.592001E-18  1.018264E-01  0.000000E+00
  1.608800E+00 -1.355803E-01  5.000000E-01  3.416615E-01 -2.902202E-02  0.000000E+00  4.634546E-02 -1.900493E-03 -5.170414E-18  1.008035E-01  0.000000E+00
  1.642044E+00 -1.369385E-01  5.000000E-01  3.487219E-01 -2.931048E-02  0.000000E+00  4.619960E-02 -1.858579E-03 -4.372885E-18  9.945639E-02  0.000000E+00
  1.675286E+00 -1.382664E-01  5.000000E-01  3.557816E-01 -2.959249E-02  0.000000E+00  4.608310E-02 -1.805785E-03 -4.540302E-18  9.768261E-02  0.000000E+00
  1.708526E+00 -1.395550E-01  5.000000E-01  3.628410E-01 -2.986616E-02  0.000000E+00  4.599389E-02 -1.741584E-03 -6.044894E-18  9.544984E-02  0.000000E+00
  1.741762E+00 -1.407949E-01  5.000000E-01  3.698996E-01 -3.012949E-02  0.000000E+00  4.592681E-02 -1.664891E-03 -7.891441E-18  9.274088E-02  0.000000E+00
  1.774995E+00 -1.419758E-01  5.000000E-01  3.769573E-01 -3.038028E-02  0.000000E+00  4.587788E-02 -1.575872E-03 -9.904719E-18  8.956639E-02  0.000000E+00
  1.808227E+00 -1.430892E-01  5.000000E-01  3.840150E-01 -3.061673E-02  0.000000E+00  4.584354E-02 -1.474625E-03 -1.241823E-17  8.593858E-02  0.000000E+00
  1.841453E+00 -1.441249E-01  5.000000E-01  3.910714E-01 -3.083668E-02  0.000000E+00  4.581934E-02 -1.360336E-03 -1.436072E-17  8.185470E-02  0.000000E+00
  1.874678E+00 -1.450733E-01  5.000000E-01  3.981276E-01 -3.103811E-02  0.000000E+00  4.580303E-02 -1.233135E-03 -1.524527E-17  7.732555E-02  0.000000E+00
  1.907900E+00 -1.459250E-01  5.000000E-01  4.051830E-01 -3.121899E-02  0.000000E+00  4.579336E-02 -1.092856E-03 -1.591315E-17  7.235833E-02  0.000000E+00
  1.941118E+00 -1.466702E-01  5.000000E-01  4.122377E-01 -3.137724E-02  0.000000E+00  4.578993E-02 -9.392539E-04 -1.680827E-17  6.695922E-02  0.000000E+00
  1.974334E+00 -1.472990E-01  5.000000E-01  4.192920E-01 -3.151078E-02  0.000000E+00  4.579279E-02 -7.728806E-04 -1.690056E-17  6.114671E-02  0.000000E+00
  2.007549E+00 -1.478026E-01  5.000000E-01  4.263460E-01 -3.161775E-02  0.000000E+00  4.579599E-02 -5.936559E-04 -1.634804E-17  5.493439E-02  0.000000E+00
  2.040760E+00 -1.481714E-01  5.000000E-01  4.333993E-01 -3.169607E-02  0.000000E+00  4.578311E-02 -4.009237E-04 -1.580227E-17  4.834710E-02  0.000000E+00
  2.073970E+00 -1.483957E-01  5.000000E-01  4.404522E-01 -3.174371E-02  0.000000E+00  4.573154E-02 -1.957346E-04 -1.519018E-17  4.147921E-02  0.000000E+00
  2.107177E+00 -1.484670E-01  5.000000E-01  4.475046E-01 -3.175885E-02  0.000000E+00  4.562886E-02  1.410008E-05 -1.465460E-17  3.457851E-02  0.000000E+00
  2.140379E+00 -1.483860E-01  5.000000E-01  4.545558E-01 -3.174164E-02  0.000000E+00  4.548497E-02  2.130749E-04 -1.421765E-17  2.802755E-02  0.000000E+00
  2.173577E+00 -1.481666E-01  5.000000E-01  4.616063E-01 -3.169504E-02  0.000000E+00  4.531143E-02  3.921279E-04 -1.367620E-17  2.207447E-02  0.000000E+00
  2.206768E+00 -1.478223E-01  5.000000E-01  4.686553E-01 -3.162192E-02  0.000000E+00  4.511197E-02  5.507404E-04 -1.282121E-17  1.677049E-02  0.000000E+00
  2.239954E+00 -1.473671E-01  5.000000E-01  4.757033E-01 -3.152525E-02  0.000000E+00  4.489118E-02  6.890668E-04 -1.168978E-17  1.211056E-02  0.000000E+00
  2.273134E+00 -1.468144E-01  5.000000E-01  4.827499E-01 -3.140788E-02  0.000000E+00  4.465383E-02  8.072863E-04 -1.043849E-17  8.078392E-03  0.000000E+00
  2.306309E+00 -1.461783E-01  5.000000E-01  4.897953E-01 -3.127278E-02  0.000000E+00  4.440260E-02  9.055892E-04 -9.229961E-18  4.662523E-03  0.000000E+00
  2.339476E+00 -1.454723E-01  5.000000E-01  4.968392E-01 -3.112284E-02  0.000000E+00  4.413647E-02  9.845330E-04 -8.237248E-18  1.857848E-03  0.000000E+00
  2.372638E+00 -1.447096E-01  5.000000E-01  5.038821E-01 -3.096086E-02  0.000000E+00  4.385655E-02  1.042666E-03 -7.520767E-18 -2.951126E-04  0.000000E+00
  2.405805E+00 -1.439061E-01  5.000000E-01  5.109259E-01 -3.079021E-02  0.000000E+00  4.356633E-02  1.077395E-03 -6.590005E-18 -1.728259E-03  0.000000E+00
  2.438976E+00 -1.430798E-01  5.000000E-01  5.179706E-01 -3.061473E-02  0.000000E+00  4.326453E-02  1.088287E-03 -5.649171E-18 -2.408577E-03  0.000000E+00
  2.472150E+00 -1.422480E-01  5.000000E-01  5.250160E-01 -3.043808E-02  0.000000E+00  4.294638E-02  1.075837E-03 -4.976246E-18 -2.322188E-03  0.000000E+00
  2.505329E+00 -1.414283E-01  5.000000E-01  5.320624E-01 -3.026400E-02  0.000000E+00  4.261075E-02  1.040178E-03 -4.248765E-18 -1.447311E-03  0.000000E+00
  2.538512E+00 -1.406388E-01  5.000000E-01  5.391097E-01 -3.009632E-02  0.000000E+00  4.226643E-02  9.822797E-04 -3.234650E-18  2.206655E-04  0.000000E+00
  2.571700E+00 -1.398965E-01  5.000000E-01  5.461580E-01 -2.993867E-02  0.000000E+00  4.194039E-02  9.028929E-04 -2.984970E-18  2.651961E-03  0.000000E+00
  2.604894E+00 -1.392199E-01  5.000000E-01  5.532074E-01 -2.979500E-02  0.000000E+00  4.167033E-02  8.047782E-04 -3.781121E-18  5.698782E-03  0.000000E+00
  2.638090E+00 -1.386247E-01  5.000000E-01  5.602575E-01 -2.966859E-02  0.000000E+00  4.147120E-02  7.028322E-04 -4.675203E-18  8.915829E-03  0.000000E+00
  2.671292E+00 -1.381057E-01  5.000000E-01  5.673087E-01 -2.955837E-02  0.000000E+00  4.133074E-02  6.176314E-04 -6.114265E-18  1.171896E-02  0.000000E+00
  2.704497E+00 -1.376433E-01  5.000000E-01  5.743608E-01 -2.946016E-02  0.000000E+00  4.124023E-02  5.577353E-04 -7.013676E-18  1.376997E-02  0.000000E+00
  2.737708E+00 -1.372181E-01  5.000000E-01  5.814140E-01 -2.936985E-02  0.000000E+00  4.119775E-02  5.232490E-04 -6.439617E-18  1.496982E-02  0.000000E+00
  2.770923E+00 -1.368101E-01  5.000000E-01  5.884680E-01 -2.928320E-02  0.000000E+00  4.119876E-02  5.140519E-04 -4.710167E-18  1.529280E-02  0.000000E+00
  2.804143E+00 -1.363995E-01  5.000000E-01  5.955230E-01 -2.919601E-02  0.000000E+00  4.123771E-02  5.298195E-04 -2.544347E-18  1.474078E-02  0.000000E+00
  2.837367E+00 -1.359668E-01  5.000000E-01  6.025790E-01 -2.910411E-02  0.000000E+00  4.130835E-02  5.707332E-04 -9.598708E-19  1.331360E-02  0.000000E+00
  2.870594E+00 -1.354918E-01  5.000000E-01  6.096357E-01 -2.900323E-02  0.000000E+00  4.140409E-02  6.373488E-04 -1.451824E-19  1.100588E-02  0.000000E+00
  2.903823E+00 -1.349544E-01  5.000000E-01  6.166926E-01 -2.888909E-02  0.000000E+00  4.151719E-02  7.310132E-04 -1.040112E-18  7.802962E-03  0.000000E+00
  2.937051E+00 -1.343322E-01  5.000000E-01  6.237496E-01 -2.875697E-02  0.000000E+00  4.164271E-02  8.520623E-04 -3.238694E-18  3.712949E-03  0.000000E+00
  2.970283E+00 -1.336051E-01  5.000000E-01  6.308072E-01 -2.860254E-02  0.000000E+00  4.177882E-02  1.000270E-03 -3.476553E-18 -1.240210E-03  0.000000E+00
  3.003515E+00 -1.327517E-01  5.000000E-01  6.378649E-01 -2.842130E-02  0.000000E+00  4.192324E-02  1.176164E-03  1.085832E-18 -7.040041E-03  0.000000E+00
  3.036751E+00 -1.317511E-01  5.000000E-01  6.449232E-01 -2.820880E-02  0.000000E+00  4.207061E-02  1.379373E-03  1.103941E-17 -1.365570E-02  0.000000E+00
  3.069988E+00 -1.305832E-01  5.000000E-01  6.519820E-01 -2.796076E-02  0.000000E+00  4.220212E-02  1.609843E-03  2.303788E-17 -2.105477E-02  0.000000E+00
  3.103226E+00 -1.292264E-01  5.000000E-01  6.590409E-01 -2.767262E-02  0.000000E+00  4.228472E-02  1.865511E-03  3.166279E-17 -2.913965E-02  0.000000E+00
  3.136469E+00 -1.276615E-01  5.000000E-01  6.661010E-01 -2.734026E-02  0.000000E+00  4.228179E-02  2.139762E-03  3.212196E-17 -3.767356E-02  0.000000E+00
  3.169712E+00 -1.258723E-01  5.000000E-01  6.731611E-01 -2.696028E-02  0.000000E+00  4.219105E-02  2.410626E-03  2.293541E-17 -4.611685E-02  0.000000E+00
  3.202960E+00 -1.238720E-01  5.000000E-01  6.802220E-01 -2.653548E-02  0.000000E+00  4.203760E-02  2.653364E-03  7.381950E-18 -5.387564E-02  0.000000E+00
  3.236210E+00 -1.216848E-01  5.000000E-01  6.872835E-01 -2.607095E-02  0.000000E+00  4.183559E-02  2.859784E-03 -1.029210E-17 -6.068034E-02  0.000000E+00
  3.269464E+00 -1.193359E-01  5.000000E-01  6.943459E-01 -2.557211E-02  0.000000E+00  4.159332E-02  3.029408E-03 -2.715071E-17 -6.647718E-02  0.000000E+00
  3.302721E+00 -1.168505E-01  5.000000E-01  7.014089E-01 -2.504428E-02  0.000000E+00  4.131893E-02  3.163723E-03 -3.986884E-17 -7.129649E-02  0.000000E+00
  3.335981E+00 -1.142529E-01  5.000000E-01  7.084724E-01 -2.449262E-02  0.000000E+00  4.102275E-02  3.264206E-03 -4.451171E-17 -7.517778E-02  0.000000E+00
  3.369247E+00 -1.115671E-01  5.000000E-01  7.155373E-01 -2.392221E-02  0.000000E+00  4.071738E-02  3.332376E-03 -3.831395E-17 -7.815050E-02  0.000000E+00
  3.402518E+00 -1.088175E-01  5.000000E-01  7.226033E-01 -2.333827E-02  0.000000E+00  4.041125E-02  3.371570E-03 -2.367834E-17 -8.027478E-02  0.000000E+00
  3.435792E+00 -1.060253E-01  5.000000E-01  7.296699E-01 -2.274526E-02  0.000000E+00  4.011021E-02  3.385078E-03 -5.501178E-18 -8.162128E-02  0.000000E+00
  3.469073E+00 -1.032109E-01  5.000000E-01  7.367379E-01 -2.214755E-02  0.000000E+00  3.981906E-02  3.375755E-03  1.066890E-17 -8.225459E-02  0.000000E+00
  3.502353E+00 -1.003926E-01  5.000000E-01  7.438057E-01 -2.154903E-02  0.000000E+00  3.953927E-02  3.346656E-03  2.193394E-17 -8.224388E-02  0.000000E+00
  3.535630E+00 -9.758756E-02  5.000000E-01  7.508729E-01 -2.095330E-02  0.000000E+00  3.926935E-02  3.300253E-03  2.919944E-17 -8.165615E-02  0.000000E+00
  3.568904E+00 -9.480979E-02  5.000000E-01  7.579395E-01 -2.036337E-02  0.000000E+00  3.900444E-02  3.239760E-03  2.997895E-17 -8.057335E-02  0.000000E+00
  3.602176E+00 -9.207029E-02  5.000000E-01  7.650057E-01 -1.978157E-02  0.000000E+00  3.874525E-02  3.168618E-03  2.190876E-17 -7.907265E-02  0.000000E+00
  3.635446E+00 -8.937796E-02  5.000000E-01  7.720714E-01 -1.920978E-02  0.000000E+00  3.850754E-02  3.090683E-03  2.218454E-18 -7.723679E-02  0.000000E+00
  3.668713E+00 -8.673962E-02  5.000000E-01  7.791365E-01 -1.864947E-02  0.000000E+00  3.832635E-02  3.010097E-03 -3.148292E-17 -7.518735E-02  0.000000E+00
  3.701976E+00 -8.416197E-02  5.000000E-01  7.862009E-01 -1.810204E-02  0.000000E+00  3.823639E-02  2.935446E-03 -7.594260E-17 -7.319763E-02  0.000000E+00
  3.735241E+00 -8.164216E-02  5.000000E-01  7.932655E-01 -1.756689E-02  0.000000E+00  3.822762E-02  2.888197E-03 -1.243861E-16 -7.185057E-02  0.000000E+00
  3.768500E+00 -7.914684E-02  5.000000E-01  8.003289E-01 -1.703695E-02  0.000000E+00  3.826176E-02  2.886361E-03 -1.616179E-16 -7.167948E-02  0.000000E+00
  3.801751E+00 -7.663549E-02  5.000000E-01  8.073904E-01 -1.650360E-02  0.000000E+00  3.831487E-02  2.929008E-03 -1.744082E-16 -7.277550E-02  0.000000E+00
  3.834989E+00 -7.407407E-02  5.000000E-01  8.144495E-01 -1.595961E-02  0.000000E+00  3.837488E-02  3.005355E-03 -1.608898E-16 -7.492313E-02  0.000000E+00
  3.868211E+00 -7.144044E-02  5.000000E-01  8.215050E-01 -1.540030E-02  0.000000E+00  3.842776E-02  3.105142E-03 -1.234282E-16 -7.784981E-02  0.000000E+00
  3.901422E+00 -6.871587E-02  5.000000E-01  8.285582E-01 -1.482166E-02  0.000000E+00  3.845952E-02  3.220039E-03 -7.376413E-17 -8.130522E-02  0.000000E+00
  3.934617E+00 -6.589033E-02  5.000000E-01  8.356079E-01 -1.422159E-02  0.000000E+00  3.846518E-02  3.341931E-03 -2.987151E-17 -8.505028E-02  0.000000E+00
  3.967800E+00 -6.295849E-02  5.000000E-01  8.426552E-01 -1.359894E-02  0.000000E+00  3.844558E-02  3.465170E-03 -1.555216E-18 -8.891261E-02  0.000000E+00
  4.000972E+00 -5.991921E-02  5.000000E-01  8.497001E-01 -1.295347E-02  0.000000E+00  3.840588E-02  3.586403E-03  7.980563E-18 -9.279520E-02  0.000000E+00
  4.034139E+00 -5.677330E-02  5.000000E-01  8.567440E-01 -1.228536E-02  0.000000E+00  3.834818E-02  3.706766E-03 -6.066390E-19 -9.670314E-02  0.000000E+00
  4.067311E+00 -5.351660E-02  5.000000E-01  8.637890E-01 -1.159371E-02  0.000000E+00  3.827484E-02  3.828935E-03 -2.442991E-17 -1.006789E-01  0.000000E+00
  4.100488E+00 -5.014562E-02  5.000000E-01  8.708348E-01 -1.087780E-02  0.000000E+00  3.819528E-02  3.952850E-03 -6.483338E-17 -1.047183E-01  0.000000E+00
  4.133669E+00 -4.665887E-02  5.000000E-01  8.778818E-01 -1.013730E-02  0.000000E+00  3.811412E-02  4.078019E-03 -1.217529E-16 -1.088130E-01  0.000000E+00
  4.166856E+00 -4.305428E-02  5.000000E-01  8.849299E-01 -9.371774E-03  0.000000E+00  3.802104E-02  4.202644E-03 -1.891599E-16 -1.129393E-01  0.000000E+00
  4.200049E+00 -3.933175E-02  5.000000E-01  8.919793E-01 -8.581200E-03  0.000000E+00  3.788486E-02  4.322220E-03 -2.475626E-16 -1.170098E-01  0.000000E+00
  4.233242E+00 -3.549088E-02  5.000000E-01  8.990285E-01 -7.765494E-03  0.000000E+00  3.767233E-02  4.423548E-03 -2.783123E-16 -1.207182E-01  0.000000E+00
  4.266405E+00 -3.154991E-02  5.000000E-01  9.060715E-01 -6.928529E-03  0.000000E+00  3.737854E-02  4.480233E-03 -2.743511E-16 -1.234321E-01  0.000000E+00
  4.299502E+00 -2.755747E-02  5.000000E-01  9.131007E-01 -6.080631E-03  0.000000E+00  3.702145E-02  4.463374E-03 -2.390733E-16 -1.244073E-01  0.000000E+00
  4.332522E+00 -2.358748E-02  5.000000E-01  9.201132E-01 -5.237503E-03  0.000000E+00  3.660375E-02  4.359292E-03 -1.852275E-16 -1.231585E-01  0.000000E+00
  4.365472E+00 -1.971062E-02  5.000000E-01  9.271110E-01 -4.414153E-03  0.000000E+00  3.611026E-02  4.167264E-03 -1.280077E-16 -1.194494E-01  0.000000E+00
  4.398350E+00 -1.600096E-02  5.000000E-01  9.340935E-01 -3.626313E-03  0.000000E+00  3.552767E-02  3.887184E-03 -7.815365E-17 -1.130530E-01  0.000000E+00
  4.431155E+00 -1.253443E-02  5.000000E-01  9.410605E-01 -2.890108E-03  0.000000E+00  3.482903E-02  3.516160E-03 -3.966479E-17 -1.036950E-01  0.000000E+00
  4.463888E+00 -9.396152E-03  5.000000E-01  9.480121E-01 -2.223614E-03  0.000000E+00  3.391908E-02  3.057633E-03 -1.385167E-17 -9.125864E-02  0.000000E+00
  4.496579E+00 -6.651649E-03  5.000000E-01  9.549550E-01 -1.640749E-03  0.000000E+00  3.263353E-02  2.530257E-03  4.030028E-19 -7.582107E-02  0.000000E+00
  4.529252E+00 -4.346903E-03  5.000000E-01  9.618938E-01 -1.151278E-03  0.000000E+00  3.085721E-02  1.969902E-03  4.956332E-18 -5.737880E-02  0.000000E+00
  4.561929E+00 -2.501930E-03  5.000000E-01  9.688337E-01 -7.594509E-04  0.000000E+00  2.863927E-02  1.417807E-03  3.254287E-18 -3.589476E-02  0.000000E+00
  4.594574E+00 -1.139754E-03  5.000000E-01  9.757666E-01 -4.701583E-04  0.000000E+00  2.614850E-02  8.936679E-04 -1.036100E-18 -1.174835E-02  0.000000E+00
  4.627203E+00 -2.814497E-04  5.000000E-01  9.826962E-01 -2.878755E-04  0.000000E+00  2.357823E-02  4.177699E-04 -4.591546E-18  1.444533E-02  0.000000E+00
  4.659162E+00  4.700917E-05  5.000000E-01  9.894836E-01 -2.181189E-04  0.000000E+00  2.087152E-02  7.925188E-05 -2.577942E-18  3.483743E-02  0.000000E+00
  4.689251E+00 -1.294379E-04  5.000000E-01  9.958737E-01 -2.555920E-04  0.000000E+00  1.674605E-02 -9.726833E-05  1.935126E-17  1.049330E-02  0.000000E+00
  4.708680E+00 -5.043254E-04  5.000000E-01  9.999999E-01 -3.352088E-04  0.000000E+00  1.214183E-02 -6.997872E-04  2.760972E-17 -8.572385E-02  0.000000E+00
    1    2
    2    3
    3    4
    4    5
    5    6
    6    7
    7    8
    8    9
    9   10
   10   11
   11   12
   12   13
   13   14
   14   15
   15   16
   16   17
   17   18
   18   19
   19   20
   20   21
   21   22
   22   23
   23   24
   24   25
   25   26
   26   27
   27   28
   28   29
   29   30
   30   31
   31   32
   32   33
   33   34
   34   35
   35   36
   36   37
   37   38
   38   39
   39   40
   40   41
   41   42
   42   43
   43   44
   44   45
   45   46
   46   47
   47   48
   48   49
   49   50
   50   51
   51   52
   52   53
   53   54
   54   55
   55   56
   56   57
   57   58
   58   59
   59   60
   60   61
   61   62
   62   63
   63   64
   64   65
   65   66
   66   67
   67   68
   68   69
   69   70
   70   71
   71   72
   72   73
   73   74
   74   75
   75   76
   76   77
   77   78
   78   79
   79   80
   80   81
   81   82
   82   83
   83   84
   84   85
   85   86
   86   87
   87   88
   88   89
   89   90
   90   91
   91   92
   92   93
   93   94
   94   95
   95   96
   96   97
   97   98
   98   99
   99  100
  100  101
  101  102
  102  103
  103  104
  104  105
  105  106
  106  107
  107  108
  108  109
  109  110
  110  111
  111  112
  112  113
  113  114
  114  115
  115  116
  116  117
  117  118
  118  119
  119  120
  120  121
  121  122
  122  123
  123  124
  124  125
  125  126
  126  127
  127  128
  128  129
  129  130
  130  131
  131  132
  132  133
  133  134
  134  135
  135  136
  136  137
  137  138
  138  139
  139  140
  140  141
  141  142
  142  143
  143  144
  144  145
  145  146
  146  147
  147  148
  148  149
  149  150
  151  152
  152  153
  153  154
  154  155
  155  156
  156  157
  157  158
  158  159
  159  160
  160  161
  161  162
  162  163
  163  164
  164  165
  165  166
  166  167
  167  168
  168  169
  169  170
  170  171
  171  172
  172  173
  173  174
  174  175
  175  176
  176  177
  177  178
  178  179
  179  180
  180  181
  181  182
  182  183
  183  184
  184  185
  185  186
  186  187
  187  188
  188  189
  189  190
  190  191
  191  192
  192  193
  193  194
  194  195
  195  196
  196  197
  197  198
  198  199
  199  200
  200  201
  201  202
  202  203
  203  204
  204  205
  205  206
  206  207
  207  208
  208  209
  209  210
  210  211
  211  212
  212  213
  213  214
  214  215
  215  216
  216  217
  217  218
  218  219
  219  220
  220  221
  221  222
  222  223
  223  224
  224  225
  225  226
  226  227
  227  228
  228  229
  229  230
  230  231
  231  232
  232  233
  233  234
  234  235
  235  236
  236  237
  237  238
  238  239
  239  240
  240  241
  241  242
  242  243
  243  244
  244  245
  245  246
  246  247
  247  248
  248  249
  249  250
  250  251
  251  252
  252  253
  253  254
  254  255
  255  256
  256  257
  257  258
  258  259
  259  260
  260  261
  261  262
  262  263
  263  264
  264  265
  265  266
  266  267
  267  268
  268  269
  269  270
  270  271
  271  272
  272  273
  273  274
  274  275
  275  276
  276  277
  277  278
  278  279
  279  280
  280  281
  281  282
  282  283
  283  284
  284  285
  285  286
  286  287
  287  288
  288  289
  289  290
  290  291
  291  292
  292  293
  293  294
  294  295
  295  296
  296  297
  297  298
  298  299
  299  300
