 Title = "ADflow Slice Data"
Variables =  "CoordinateX"  "CoordinateY"  "CoordinateZ"  "XoC"  "YoC"  "ZoC" "VelocityX" "VelocityY" "VelocityZ" "CoefPressure" "Mach" 
Zone T= "Slice_0001 None Absolute Regular z = 0.50000000"
 Nodes =          300  Elements=          298  ZONETYPE=FELINESEG
 DATAPACKING=POINT
  4.708680E+00 -5.548070E-04  5.000000E-01  1.000000E+00 -3.043580E-04  0.000000E+00  1.210079E-02 -8.360251E-04  3.375720E-17 -9.378136E-02  0.000000E+00
  4.689187E+00  3.084058E-03  5.000000E-01  9.958601E-01  4.684476E-04  0.000000E+00  1.224438E-02 -2.105822E-03  5.770833E-17 -1.906621E-01  0.000000E+00
  4.658673E+00  8.690485E-03  5.000000E-01  9.893797E-01  1.659115E-03  0.000000E+00  1.857107E-02 -3.406336E-03  1.393626E-16 -2.138230E-01  0.000000E+00
  4.626256E+00  1.453044E-02  5.000000E-01  9.824952E-01  2.899377E-03  0.000000E+00  2.555280E-02 -4.536495E-03  2.655610E-16 -2.265336E-01  0.000000E+00
  4.593146E+00  2.037408E-02  5.000000E-01  9.754635E-01  4.140423E-03  0.000000E+00  3.080255E-02 -5.382826E-03  4.150197E-16 -2.273984E-01  0.000000E+00
  4.560031E+00  2.609706E-02  5.000000E-01  9.684306E-01  5.355843E-03  0.000000E+00  3.340592E-02 -5.724123E-03  5.621346E-16 -2.231053E-01  0.000000E+00
  4.526891E+00  3.170247E-02  5.000000E-01  9.613923E-01  6.546295E-03  0.000000E+00  3.414289E-02 -5.717374E-03  7.107297E-16 -2.187013E-01  0.000000E+00
  4.493752E+00  3.718394E-02  5.000000E-01  9.543545E-01  7.710424E-03  0.000000E+00  3.431325E-02 -5.612805E-03  8.820611E-16 -2.147694E-01  0.000000E+00
  4.460612E+00  4.253657E-02  5.000000E-01  9.473164E-01  8.847192E-03  0.000000E+00  3.459145E-02 -5.521422E-03  1.069922E-15 -2.109394E-01  0.000000E+00
  4.427470E+00  4.775613E-02  5.000000E-01  9.402779E-01  9.955697E-03  0.000000E+00  3.506779E-02 -5.451024E-03  1.245182E-15 -2.070101E-01  0.000000E+00
  4.394325E+00  5.283271E-02  5.000000E-01  9.332387E-01  1.103384E-02  0.000000E+00  3.562607E-02 -5.379851E-03  1.375177E-15 -2.028616E-01  0.000000E+00
  4.361178E+00  5.775887E-02  5.000000E-01  9.261991E-01  1.208003E-02  0.000000E+00  3.616151E-02 -5.290826E-03  1.430919E-15 -1.984214E-01  0.000000E+00
  4.328027E+00  6.252484E-02  5.000000E-01  9.191586E-01  1.309221E-02  0.000000E+00  3.663846E-02 -5.176967E-03  1.403418E-15 -1.936334E-01  0.000000E+00
  4.294876E+00  6.711903E-02  5.000000E-01  9.121181E-01  1.406790E-02  0.000000E+00  3.706167E-02 -5.039921E-03  1.303996E-15 -1.884876E-01  0.000000E+00
  4.261727E+00  7.153214E-02  5.000000E-01  9.050782E-01  1.500514E-02  0.000000E+00  3.744797E-02 -4.883338E-03  1.154902E-15 -1.829905E-01  0.000000E+00
  4.228582E+00  7.575528E-02  5.000000E-01  8.980388E-01  1.590203E-02  0.000000E+00  3.781451E-02 -4.708428E-03  9.818879E-16 -1.771166E-01  0.000000E+00
  4.195443E+00  7.977695E-02  5.000000E-01  8.910010E-01  1.675613E-02  0.000000E+00  3.817135E-02 -4.514564E-03  7.926112E-16 -1.708165E-01  0.000000E+00
  4.162308E+00  8.358487E-02  5.000000E-01  8.839639E-01  1.756484E-02  0.000000E+00  3.851477E-02 -4.301941E-03  5.784445E-16 -1.640835E-01  0.000000E+00
  4.129179E+00  8.716960E-02  5.000000E-01  8.769281E-01  1.832615E-02  0.000000E+00  3.883751E-02 -4.070534E-03  3.449814E-16 -1.569273E-01  0.000000E+00
  4.096054E+00  9.052007E-02  5.000000E-01  8.698932E-01  1.903771E-02  0.000000E+00  3.913368E-02 -3.820653E-03  1.189699E-16 -1.493588E-01  0.000000E+00
  4.062934E+00  9.362815E-02  5.000000E-01  8.628593E-01  1.969779E-02  0.000000E+00  3.939638E-02 -3.553813E-03 -6.253124E-17 -1.414084E-01  0.000000E+00
  4.029817E+00  9.648600E-02  5.000000E-01  8.558262E-01  2.030472E-02  0.000000E+00  3.961995E-02 -3.271739E-03 -1.710572E-16 -1.331168E-01  0.000000E+00
  3.996705E+00  9.908796E-02  5.000000E-01  8.487940E-01  2.085732E-02  0.000000E+00  3.979654E-02 -2.978172E-03 -2.044456E-16 -1.245669E-01  0.000000E+00
  3.963594E+00  1.014324E-01  5.000000E-01  8.417620E-01  2.135521E-02  0.000000E+00  3.991880E-02 -2.678353E-03 -1.803440E-16 -1.158802E-01  0.000000E+00
  3.930486E+00  1.035213E-01  5.000000E-01  8.347306E-01  2.179885E-02  0.000000E+00  3.998390E-02 -2.377869E-03 -1.225453E-16 -1.071994E-01  0.000000E+00
  3.897377E+00  1.053605E-01  5.000000E-01  8.276991E-01  2.218945E-02  0.000000E+00  3.999154E-02 -2.084525E-03 -5.690447E-17 -9.871120E-02  0.000000E+00
  3.864269E+00  1.069629E-01  5.000000E-01  8.206677E-01  2.252975E-02  0.000000E+00  3.994638E-02 -1.806644E-03 -1.893065E-18 -9.063813E-02  0.000000E+00
  3.831161E+00  1.083451E-01  5.000000E-01  8.136366E-01  2.282330E-02  0.000000E+00  3.985719E-02 -1.553298E-03  3.123212E-17 -8.325265E-02  0.000000E+00
  3.798054E+00  1.095330E-01  5.000000E-01  8.066053E-01  2.307559E-02  0.000000E+00  3.973630E-02 -1.335131E-03  3.724145E-17 -7.687027E-02  0.000000E+00
  3.764948E+00  1.105594E-01  5.000000E-01  7.995744E-01  2.329357E-02  0.000000E+00  3.960008E-02 -1.162518E-03  2.373405E-17 -7.179490E-02  0.000000E+00
  3.731842E+00  1.114657E-01  5.000000E-01  7.925435E-01  2.348606E-02  0.000000E+00  3.946334E-02 -1.045765E-03  5.837262E-18 -6.826333E-02  0.000000E+00
  3.698737E+00  1.123028E-01  5.000000E-01  7.855130E-01  2.366382E-02  0.000000E+00  3.935592E-02 -9.820455E-04 -4.588739E-18 -6.616503E-02  0.000000E+00
  3.665634E+00  1.131079E-01  5.000000E-01  7.784827E-01  2.383481E-02  0.000000E+00  3.932104E-02 -9.473574E-04 -3.544620E-18 -6.493715E-02  0.000000E+00
  3.632534E+00  1.138886E-01  5.000000E-01  7.714529E-01  2.400061E-02  0.000000E+00  3.936348E-02 -9.214202E-04  5.188353E-18 -6.406526E-02  0.000000E+00
  3.599434E+00  1.146479E-01  5.000000E-01  7.644234E-01  2.416186E-02  0.000000E+00  3.944679E-02 -9.000099E-04  1.642186E-17 -6.335004E-02  0.000000E+00
  3.566334E+00  1.153891E-01  5.000000E-01  7.573938E-01  2.431928E-02  0.000000E+00  3.953981E-02 -8.818671E-04  2.692858E-17 -6.271108E-02  0.000000E+00
  3.533236E+00  1.161144E-01  5.000000E-01  7.503646E-01  2.447331E-02  0.000000E+00  3.962982E-02 -8.652367E-04  3.487623E-17 -6.210877E-02  0.000000E+00
  3.500138E+00  1.168244E-01  5.000000E-01  7.433353E-01  2.462409E-02  0.000000E+00  3.971517E-02 -8.498064E-04  3.995023E-17 -6.153936E-02  0.000000E+00
  3.467038E+00  1.175208E-01  5.000000E-01  7.363057E-01  2.477200E-02  0.000000E+00  3.979984E-02 -8.356520E-04  4.207824E-17 -6.099829E-02  0.000000E+00
  3.433936E+00  1.182043E-01  5.000000E-01  7.292757E-01  2.491716E-02  0.000000E+00  3.988942E-02 -8.217185E-04  4.060120E-17 -6.045771E-02  0.000000E+00
  3.400832E+00  1.188745E-01  5.000000E-01  7.222453E-01  2.505950E-02  0.000000E+00  3.998623E-02 -8.070299E-04  3.588105E-17 -5.988680E-02  0.000000E+00
  3.367728E+00  1.195305E-01  5.000000E-01  7.152146E-01  2.519881E-02  0.000000E+00  4.009036E-02 -7.903963E-04  2.994266E-17 -5.924718E-02  0.000000E+00
  3.334620E+00  1.201698E-01  5.000000E-01  7.081834E-01  2.533459E-02  0.000000E+00  4.020032E-02 -7.705131E-04  2.469947E-17 -5.849884E-02  0.000000E+00
  3.301512E+00  1.207895E-01  5.000000E-01  7.011520E-01  2.546619E-02  0.000000E+00  4.031306E-02 -7.463176E-04  2.267258E-17 -5.761044E-02  0.000000E+00
  3.268401E+00  1.213856E-01  5.000000E-01  6.941201E-01  2.559279E-02  0.000000E+00  4.042618E-02 -7.165700E-04  2.426187E-17 -5.654532E-02  0.000000E+00
  3.235290E+00  1.219532E-01  5.000000E-01  6.870881E-01  2.571333E-02  0.000000E+00  4.053773E-02 -6.799400E-04  2.867805E-17 -5.526403E-02  0.000000E+00
  3.202177E+00  1.224863E-01  5.000000E-01  6.800557E-01  2.582654E-02  0.000000E+00  4.064467E-02 -6.356727E-04  3.469885E-17 -5.374616E-02  0.000000E+00
  3.169063E+00  1.229789E-01  5.000000E-01  6.730231E-01  2.593116E-02  0.000000E+00  4.074465E-02 -5.831626E-04  3.984521E-17 -5.199066E-02  0.000000E+00
  3.135947E+00  1.234241E-01  5.000000E-01  6.659902E-01  2.602572E-02  0.000000E+00  4.083513E-02 -5.232308E-04  4.280377E-17 -5.003926E-02  0.000000E+00
  3.102831E+00  1.238173E-01  5.000000E-01  6.589571E-01  2.610922E-02  0.000000E+00  4.091105E-02 -4.606041E-04  4.252616E-17 -4.800767E-02  0.000000E+00
  3.069714E+00  1.241594E-01  5.000000E-01  6.519238E-01  2.618188E-02  0.000000E+00  4.097248E-02 -3.996761E-04  3.801444E-17 -4.600693E-02  0.000000E+00
  3.036593E+00  1.244530E-01  5.000000E-01  6.448898E-01  2.624424E-02  0.000000E+00  4.102708E-02 -3.413703E-04  2.992454E-17 -4.407839E-02  0.000000E+00
  3.003475E+00  1.247003E-01  5.000000E-01  6.378564E-01  2.629675E-02  0.000000E+00  4.108266E-02 -2.849107E-04  2.028514E-17 -4.221810E-02  0.000000E+00
  2.970356E+00  1.249021E-01  5.000000E-01  6.308226E-01  2.633961E-02  0.000000E+00  4.114105E-02 -2.305153E-04  1.125539E-17 -4.042904E-02  0.000000E+00
  2.937236E+00  1.250611E-01  5.000000E-01  6.237888E-01  2.637338E-02  0.000000E+00  4.120138E-02 -1.785458E-04  4.798731E-18 -3.871559E-02  0.000000E+00
  2.904117E+00  1.251789E-01  5.000000E-01  6.167550E-01  2.639838E-02  0.000000E+00  4.126346E-02 -1.286018E-04  1.380377E-18 -3.707072E-02  0.000000E+00
  2.870996E+00  1.252572E-01  5.000000E-01  6.097211E-01  2.641502E-02  0.000000E+00  4.132654E-02 -8.080486E-05  5.381388E-19 -3.549444E-02  0.000000E+00
  2.837877E+00  1.252980E-01  5.000000E-01  6.026873E-01  2.642369E-02  0.000000E+00  4.139085E-02 -3.495604E-05  1.608554E-18 -3.398174E-02  0.000000E+00
  2.804757E+00  1.253028E-01  5.000000E-01  5.956535E-01  2.642470E-02  0.000000E+00  4.145646E-02  8.908391E-06  4.069388E-18 -3.253075E-02  0.000000E+00
  2.771639E+00  1.252734E-01  5.000000E-01  5.886200E-01  2.641847E-02  0.000000E+00  4.152418E-02  5.128363E-05  7.372084E-18 -3.113213E-02  0.000000E+00
  2.738522E+00  1.252106E-01  5.000000E-01  5.815867E-01  2.640512E-02  0.000000E+00  4.159395E-02  9.221864E-05  1.043196E-17 -2.978379E-02  0.000000E+00
  2.705406E+00  1.251162E-01  5.000000E-01  5.745537E-01  2.638507E-02  0.000000E+00  4.166546E-02  1.314792E-04  1.210861E-17 -2.848833E-02  0.000000E+00
  2.672292E+00  1.249912E-01  5.000000E-01  5.675211E-01  2.635853E-02  0.000000E+00  4.173928E-02  1.693112E-04  1.179645E-17 -2.724132E-02  0.000000E+00
  2.639177E+00  1.248371E-01  5.000000E-01  5.604885E-01  2.632579E-02  0.000000E+00  4.181547E-02  2.056375E-04  9.841229E-18 -2.603898E-02  0.000000E+00
  2.606068E+00  1.246551E-01  5.000000E-01  5.534568E-01  2.628714E-02  0.000000E+00  4.189500E-02  2.412685E-04  7.254430E-18 -2.485969E-02  0.000000E+00
  2.572958E+00  1.244452E-01  5.000000E-01  5.464251E-01  2.624258E-02  0.000000E+00  4.197787E-02  2.769576E-04  5.077236E-18 -2.367905E-02  0.000000E+00
  2.539852E+00  1.242077E-01  5.000000E-01  5.393941E-01  2.619214E-02  0.000000E+00  4.206377E-02  3.137965E-04  3.801589E-18 -2.246645E-02  0.000000E+00
  2.506749E+00  1.239409E-01  5.000000E-01  5.323639E-01  2.613546E-02  0.000000E+00  4.215117E-02  3.525866E-04  3.029927E-18 -2.120039E-02  0.000000E+00
  2.473650E+00  1.236435E-01  5.000000E-01  5.253345E-01  2.607230E-02  0.000000E+00  4.223696E-02  3.930713E-04  2.391015E-18 -1.988215E-02  0.000000E+00
  2.440554E+00  1.233143E-01  5.000000E-01  5.183056E-01  2.600239E-02  0.000000E+00  4.231886E-02  4.346675E-04  1.754732E-18 -1.852087E-02  0.000000E+00
  2.407460E+00  1.229531E-01  5.000000E-01  5.112774E-01  2.592568E-02  0.000000E+00  4.239698E-02  4.776181E-04  1.215414E-18 -1.711523E-02  0.000000E+00
  2.374373E+00  1.225583E-01  5.000000E-01  5.042504E-01  2.584183E-02  0.000000E+00  4.247169E-02  5.223788E-04  9.625068E-19 -1.566906E-02  0.000000E+00
  2.341286E+00  1.221286E-01  5.000000E-01  4.972236E-01  2.575059E-02  0.000000E+00  4.254029E-02  5.670136E-04  7.087687E-19 -1.423330E-02  0.000000E+00
  2.308194E+00  1.216655E-01  5.000000E-01  4.901958E-01  2.565224E-02  0.000000E+00  4.260185E-02  6.089784E-04  5.879593E-20 -1.287354E-02  0.000000E+00
  2.275097E+00  1.211718E-01  5.000000E-01  4.831667E-01  2.554738E-02  0.000000E+00  4.266005E-02  6.470510E-04 -5.911545E-19 -1.163141E-02  0.000000E+00
  2.241991E+00  1.206507E-01  5.000000E-01  4.761359E-01  2.543672E-02  0.000000E+00  4.272030E-02  6.809366E-04 -1.256120E-18 -1.052478E-02  0.000000E+00
  2.208879E+00  1.201057E-01  5.000000E-01  4.691038E-01  2.532096E-02  0.000000E+00  4.278710E-02  7.108427E-04 -1.941497E-18 -9.554871E-03  0.000000E+00
  2.175760E+00  1.195397E-01  5.000000E-01  4.620701E-01  2.520077E-02  0.000000E+00  4.286284E-02  7.370178E-04 -2.327366E-18 -8.716012E-03  0.000000E+00
  2.142637E+00  1.189559E-01  5.000000E-01  4.550354E-01  2.507679E-02  0.000000E+00  4.294818E-02  7.596936E-04 -2.733604E-18 -7.996594E-03  0.000000E+00
  2.109507E+00  1.183570E-01  5.000000E-01  4.479994E-01  2.494958E-02  0.000000E+00  4.304302E-02  7.792000E-04 -3.762528E-18 -7.372215E-03  0.000000E+00
  2.076374E+00  1.177456E-01  5.000000E-01  4.409628E-01  2.481975E-02  0.000000E+00  4.314908E-02  7.979043E-04 -4.989924E-18 -6.776970E-03  0.000000E+00
  2.043241E+00  1.171209E-01  5.000000E-01  4.339262E-01  2.468708E-02  0.000000E+00  4.326659E-02  8.188385E-04 -5.879985E-18 -6.132951E-03  0.000000E+00
  2.010106E+00  1.164808E-01  5.000000E-01  4.268892E-01  2.455112E-02  0.000000E+00  4.339105E-02  8.428691E-04 -7.085251E-18 -5.401151E-03  0.000000E+00
  1.976970E+00  1.158229E-01  5.000000E-01  4.198519E-01  2.441140E-02  0.000000E+00  4.351801E-02  8.703002E-04 -8.352714E-18 -4.562553E-03  0.000000E+00
  1.943835E+00  1.151447E-01  5.000000E-01  4.128148E-01  2.426736E-02  0.000000E+00  4.364492E-02  9.014690E-04 -9.680249E-18 -3.608841E-03  0.000000E+00
  1.910699E+00  1.144432E-01  5.000000E-01  4.057776E-01  2.411840E-02  0.000000E+00  4.376984E-02  9.358684E-04 -1.072610E-17 -2.550780E-03  0.000000E+00
  1.877561E+00  1.137168E-01  5.000000E-01  3.987399E-01  2.396411E-02  0.000000E+00  4.389286E-02  9.732930E-04 -1.137188E-17 -1.397532E-03  0.000000E+00
  1.844424E+00  1.129628E-01  5.000000E-01  3.917024E-01  2.380398E-02  0.000000E+00  4.401478E-02  1.013622E-03 -1.175781E-17 -1.581780E-04  0.000000E+00
  1.811282E+00  1.121795E-01  5.000000E-01  3.846638E-01  2.363763E-02  0.000000E+00  4.413549E-02  1.055967E-03 -1.147411E-17  1.148472E-03  0.000000E+00
  1.778139E+00  1.113659E-01  5.000000E-01  3.776250E-01  2.346485E-02  0.000000E+00  4.425650E-02  1.100509E-03 -1.060041E-17  2.521760E-03  0.000000E+00
  1.744992E+00  1.105201E-01  5.000000E-01  3.705854E-01  2.328522E-02  0.000000E+00  4.437832E-02  1.147236E-03 -8.894362E-18  3.960778E-03  0.000000E+00
  1.711843E+00  1.096411E-01  5.000000E-01  3.635455E-01  2.309855E-02  0.000000E+00  4.450085E-02  1.196212E-03 -6.564375E-18  5.467743E-03  0.000000E+00
  1.678692E+00  1.087269E-01  5.000000E-01  3.565049E-01  2.290439E-02  0.000000E+00  4.462347E-02  1.247384E-03 -4.974787E-18  7.046719E-03  0.000000E+00
  1.645539E+00  1.077766E-01  5.000000E-01  3.494640E-01  2.270258E-02  0.000000E+00  4.474592E-02  1.301051E-03 -4.066434E-18  8.710874E-03  0.000000E+00
  1.612385E+00  1.067879E-01  5.000000E-01  3.424231E-01  2.249260E-02  0.000000E+00  4.486865E-02  1.358197E-03 -2.655050E-18  1.048208E-02  0.000000E+00
  1.579236E+00  1.057587E-01  5.000000E-01  3.353830E-01  2.227402E-02  0.000000E+00  4.499098E-02  1.419476E-03 -1.889648E-18  1.236227E-02  0.000000E+00
  1.546090E+00  1.046853E-01  5.000000E-01  3.283435E-01  2.204605E-02  0.000000E+00  4.510834E-02  1.482310E-03 -1.904142E-18  1.428447E-02  0.000000E+00
  1.512946E+00  1.035691E-01  5.000000E-01  3.213046E-01  2.180901E-02  0.000000E+00  4.521741E-02  1.542369E-03 -1.120490E-18  1.614695E-02  0.000000E+00
  1.479807E+00  1.024132E-01  5.000000E-01  3.142666E-01  2.156351E-02  0.000000E+00  4.532332E-02  1.598793E-03  1.056176E-19  1.790509E-02  0.000000E+00
  1.446672E+00  1.012201E-01  5.000000E-01  3.072296E-01  2.131013E-02  0.000000E+00  4.543239E-02  1.651785E-03  8.375803E-19  1.954585E-02  0.000000E+00
  1.413540E+00  9.999272E-02  5.000000E-01  3.001932E-01  2.104947E-02  0.000000E+00  4.554872E-02  1.701644E-03  1.231751E-18  2.107301E-02  0.000000E+00
  1.380413E+00  9.873355E-02  5.000000E-01  2.931579E-01  2.078205E-02  0.000000E+00  4.567464E-02  1.749330E-03  7.112612E-19  2.250923E-02  0.000000E+00
  1.347294E+00  9.744430E-02  5.000000E-01  2.861242E-01  2.050824E-02  0.000000E+00  4.581013E-02  1.795642E-03 -1.300025E-19  2.387722E-02  0.000000E+00
  1.314179E+00  9.612610E-02  5.000000E-01  2.790914E-01  2.022829E-02  0.000000E+00  4.595365E-02  1.840710E-03 -4.727280E-19  2.518950E-02  0.000000E+00
  1.281074E+00  9.478053E-02  5.000000E-01  2.720606E-01  1.994252E-02  0.000000E+00  4.610475E-02  1.885147E-03 -8.516689E-19  2.646256E-02  0.000000E+00
  1.247974E+00  9.340775E-02  5.000000E-01  2.650310E-01  1.965098E-02  0.000000E+00  4.626275E-02  1.928979E-03 -2.048289E-18  2.770206E-02  0.000000E+00
  1.214880E+00  9.200916E-02  5.000000E-01  2.580028E-01  1.935395E-02  0.000000E+00  4.642795E-02  1.972323E-03 -2.976741E-18  2.891496E-02  0.000000E+00
  1.181795E+00  9.058506E-02  5.000000E-01  2.509763E-01  1.905151E-02  0.000000E+00  4.660211E-02  2.016142E-03 -2.228766E-18  3.011888E-02  0.000000E+00
  1.148718E+00  8.913540E-02  5.000000E-01  2.439516E-01  1.874364E-02  0.000000E+00  4.678506E-02  2.060156E-03 -1.771243E-18  3.131045E-02  0.000000E+00
  1.115646E+00  8.766076E-02  5.000000E-01  2.369279E-01  1.843046E-02  0.000000E+00  4.697717E-02  2.103977E-03 -1.324289E-18  3.248268E-02  0.000000E+00
  1.082583E+00  8.616190E-02  5.000000E-01  2.299061E-01  1.811214E-02  0.000000E+00  4.718077E-02  2.148002E-03  4.751724E-19  3.364031E-02  0.000000E+00
  1.049524E+00  8.463888E-02  5.000000E-01  2.228852E-01  1.778869E-02  0.000000E+00  4.739788E-02  2.192359E-03  1.615292E-18  3.478605E-02  0.000000E+00
  1.016475E+00  8.309257E-02  5.000000E-01  2.158664E-01  1.746029E-02  0.000000E+00  4.763040E-02  2.237308E-03  1.586028E-18  3.592645E-02  0.000000E+00
  9.834318E-01  8.152271E-02  5.000000E-01  2.088488E-01  1.712689E-02  0.000000E+00  4.788002E-02  2.283190E-03  4.455143E-19  3.707586E-02  0.000000E+00
  9.503976E-01  7.992991E-02  5.000000E-01  2.018331E-01  1.678862E-02  0.000000E+00  4.815003E-02  2.331905E-03 -1.026158E-18  3.828069E-02  0.000000E+00
  9.173728E-01  7.831178E-02  5.000000E-01  1.948195E-01  1.644497E-02  0.000000E+00  4.844312E-02  2.386042E-03 -1.418526E-18  3.960474E-02  0.000000E+00
  8.843598E-01  7.666551E-02  5.000000E-01  1.878083E-01  1.609534E-02  0.000000E+00  4.875919E-02  2.447414E-03 -1.966201E-18  4.110223E-02  0.000000E+00
  8.513623E-01  7.498670E-02  5.000000E-01  1.808005E-01  1.573880E-02  0.000000E+00  4.909729E-02  2.517686E-03 -1.920923E-18  4.281864E-02  0.000000E+00
  8.183794E-01  7.327025E-02  5.000000E-01  1.737957E-01  1.537427E-02  0.000000E+00  4.945536E-02  2.597251E-03 -1.405180E-18  4.477104E-02  0.000000E+00
  7.854121E-01  7.151130E-02  5.000000E-01  1.667943E-01  1.500071E-02  0.000000E+00  4.983286E-02  2.686000E-03 -9.769000E-19  4.695983E-02  0.000000E+00
  7.524593E-01  6.970517E-02  5.000000E-01  1.597959E-01  1.461713E-02  0.000000E+00  5.023164E-02  2.783698E-03 -5.374632E-19  4.937990E-02  0.000000E+00
  7.195226E-01  6.784784E-02  5.000000E-01  1.528010E-01  1.422268E-02  0.000000E+00  5.065592E-02  2.890869E-03 -1.031732E-18  5.203897E-02  0.000000E+00
  6.866079E-01  6.593504E-02  5.000000E-01  1.458107E-01  1.381645E-02  0.000000E+00  5.111082E-02  3.009316E-03 -2.325965E-18  5.496747E-02  0.000000E+00
  6.537221E-01  6.396153E-02  5.000000E-01  1.388265E-01  1.339733E-02  0.000000E+00  5.159919E-02  3.140896E-03 -3.004900E-18  5.819692E-02  0.000000E+00
  6.208691E-01  6.192131E-02  5.000000E-01  1.318494E-01  1.296403E-02  0.000000E+00  5.212025E-02  3.286502E-03 -3.332485E-18  6.173728E-02  0.000000E+00
  5.880524E-01  5.980843E-02  5.000000E-01  1.248799E-01  1.251531E-02  0.000000E+00  5.267107E-02  3.445733E-03 -5.561104E-18  6.557106E-02  0.000000E+00
  5.552711E-01  5.761754E-02  5.000000E-01  1.179180E-01  1.205002E-02  0.000000E+00  5.324880E-02  3.617227E-03 -8.738872E-18  6.966256E-02  0.000000E+00
  5.225283E-01  5.534490E-02  5.000000E-01  1.109642E-01  1.156737E-02  0.000000E+00  5.385252E-02  3.800291E-03 -9.834369E-18  7.398204E-02  0.000000E+00
  4.898261E-01  5.298667E-02  5.000000E-01  1.040191E-01  1.106654E-02  0.000000E+00  5.447937E-02  3.993725E-03 -1.063788E-17  7.848693E-02  0.000000E+00
  4.571624E-01  5.054042E-02  5.000000E-01  9.708209E-02  1.054701E-02  0.000000E+00  5.512022E-02  4.194347E-03 -1.173810E-17  8.309792E-02  0.000000E+00
  4.245350E-01  4.800545E-02  5.000000E-01  9.015283E-02  1.000865E-02  0.000000E+00  5.575894E-02  4.397153E-03 -8.838197E-18  8.771073E-02  0.000000E+00
  3.919369E-01  4.538347E-02  5.000000E-01  8.322981E-02  9.451804E-03  0.000000E+00  5.637376E-02  4.596945E-03 -2.896643E-18  9.225318E-02  0.000000E+00
  3.593832E-01  4.267919E-02  5.000000E-01  7.631621E-02  8.877480E-03  0.000000E+00  5.693915E-02  4.793108E-03  2.071382E-18  9.679855E-02  0.000000E+00
  3.269046E-01  3.989558E-02  5.000000E-01  6.941854E-02  8.286310E-03  0.000000E+00  5.741944E-02  4.992048E-03  1.296239E-19  1.016178E-01  0.000000E+00
  2.945750E-01  3.703168E-02  5.000000E-01  6.255253E-02  7.678088E-03  0.000000E+00  5.775507E-02  5.201895E-03 -3.353269E-17  1.070379E-01  0.000000E+00
  2.624265E-01  3.407505E-02  5.000000E-01  5.572497E-02  7.050172E-03  0.000000E+00  5.785328E-02  5.411697E-03 -1.351678E-16  1.130292E-01  0.000000E+00
  2.304268E-01  3.101747E-02  5.000000E-01  4.892903E-02  6.400818E-03  0.000000E+00  5.765612E-02  5.598390E-03 -2.955896E-16  1.191687E-01  0.000000E+00
  1.986088E-01  2.786497E-02  5.000000E-01  4.217167E-02  5.731304E-03  0.000000E+00  5.724627E-02  5.753110E-03 -3.226477E-16  1.249023E-01  0.000000E+00
  1.669282E-01  2.462018E-02  5.000000E-01  3.544349E-02  5.042190E-03  0.000000E+00  5.687356E-02  5.841639E-03  3.009708E-16  1.291833E-01  0.000000E+00
  1.350509E-01  2.131809E-02  5.000000E-01  2.867354E-02  4.340909E-03  0.000000E+00  5.722312E-02  5.937080E-03  2.268336E-15  1.327980E-01  0.000000E+00
  1.043791E-01  1.812034E-02  5.000000E-01  2.215959E-02  3.661785E-03  0.000000E+00  5.962836E-02  6.441706E-03  6.429972E-15  1.413532E-01  0.000000E+00
  7.632629E-02  1.498090E-02  5.000000E-01  1.620187E-02  2.995044E-03  0.000000E+00  6.520955E-02  7.641359E-03  1.898352E-14  1.580993E-01  0.000000E+00
  5.118571E-02  1.190047E-02  5.000000E-01  1.086263E-02  2.340836E-03  0.000000E+00  7.500113E-02  9.768844E-03  7.478851E-14  1.834662E-01  0.000000E+00
  3.264831E-02  9.359218E-03  5.000000E-01  6.925739E-03  1.801137E-03  0.000000E+00  9.084881E-02  1.406393E-02  2.735335E-13  2.257067E-01  0.000000E+00
  2.051015E-02  7.306338E-03  5.000000E-01  4.347893E-03  1.365156E-03  0.000000E+00  1.119287E-01  2.158930E-02  7.078466E-13  2.894955E-01  0.000000E+00
  1.247723E-02  5.599266E-03  5.000000E-01  2.641898E-03  1.002616E-03  0.000000E+00  1.321728E-01  3.143845E-02  1.116108E-12  3.658475E-01  0.000000E+00
  7.055255E-03  4.187684E-03  5.000000E-01  1.490404E-03  7.028306E-04  0.000000E+00  1.447479E-01  4.297734E-02  3.455925E-13  4.502892E-01  0.000000E+00
  3.418635E-03  2.981561E-03  5.000000E-01  7.180754E-04  4.466797E-04  0.000000E+00  1.447658E-01  5.864607E-02 -4.031536E-12  5.762777E-01  0.000000E+00
  1.108798E-03  1.886964E-03  5.000000E-01  2.275226E-04  2.142141E-04  0.000000E+00  1.137566E-01  7.516867E-02 -1.521355E-11  9.274706E-01  0.000000E+00
  3.747479E-05  8.783059E-04  5.000000E-01  0.000000E+00  0.000000E+00  0.000000E+00  5.001008E-02  1.705632E-02 -3.195027E-11  1.525579E+00  0.000000E+00
  3.747479E-05  8.783059E-04  5.000000E-01  0.000000E+00  0.000000E+00  0.000000E+00  5.001008E-02  1.705632E-02 -3.195027E-11  1.525579E+00  0.000000E+00
  2.534065E-04 -1.216348E-04  5.000000E-01  4.585858E-05 -2.123628E-04  0.000000E+00  6.233600E-02 -6.092813E-02 -3.058398E-11  1.444960E+00  0.000000E+00
  1.848580E-03 -1.156122E-03  5.000000E-01  3.846343E-04 -4.320625E-04  0.000000E+00  1.289180E-01 -6.314986E-02 -1.223735E-11  8.227779E-01  0.000000E+00
  4.867645E-03 -2.226815E-03  5.000000E-01  1.025809E-03 -6.594513E-04  0.000000E+00  1.463632E-01 -4.500025E-02 -1.284877E-12  5.458505E-01  0.000000E+00
  9.380877E-03 -3.382437E-03  5.000000E-01  1.984309E-03 -9.048772E-04  0.000000E+00  1.404770E-01 -3.241554E-02  1.994007E-12  4.477077E-01  0.000000E+00
  1.589077E-02 -4.708231E-03  5.000000E-01  3.366850E-03 -1.186443E-03  0.000000E+00  1.252097E-01 -2.331841E-02  1.721602E-12  3.814225E-01  0.000000E+00
  2.547297E-02 -6.300955E-03  5.000000E-01  5.401873E-03 -1.524699E-03  0.000000E+00  1.046514E-01 -1.596305E-02  7.582456E-13  3.217675E-01  0.000000E+00
  3.989163E-02 -8.261351E-03  5.000000E-01  8.464043E-03 -1.941039E-03  0.000000E+00  8.498558E-02 -1.064025E-02  1.887202E-13  2.718611E-01  0.000000E+00
  6.092142E-02 -1.062115E-02  5.000000E-01  1.293025E-02 -2.442203E-03  0.000000E+00  7.030253E-02 -7.461102E-03  1.456986E-14  2.370123E-01  0.000000E+00
  8.832839E-02 -1.334185E-02  5.000000E-01  1.875082E-02 -3.020011E-03  0.000000E+00  6.132474E-02 -5.929851E-03 -6.233052E-15  2.182121E-01  0.000000E+00
  1.189914E-01 -1.623287E-02  5.000000E-01  2.526288E-02 -3.633994E-03  0.000000E+00  5.669933E-02 -5.310900E-03 -1.786239E-15  2.108068E-01  0.000000E+00
  1.511926E-01 -1.924281E-02  5.000000E-01  3.210163E-02 -4.273231E-03  0.000000E+00  5.485016E-02 -5.148523E-03  4.331812E-17  2.096605E-01  0.000000E+00
  1.838450E-01 -2.233562E-02  5.000000E-01  3.903620E-02 -4.930068E-03  0.000000E+00  5.451675E-02 -5.173803E-03 -4.927721E-17  2.105541E-01  0.000000E+00
  2.165049E-01 -2.545690E-02  5.000000E-01  4.597236E-02 -5.592951E-03  0.000000E+00  5.477522E-02 -5.212719E-03 -1.783171E-16  2.106850E-01  0.000000E+00
  2.491496E-01 -2.856526E-02  5.000000E-01  5.290529E-02 -6.253090E-03  0.000000E+00  5.510540E-02 -5.213515E-03 -1.169718E-16  2.096072E-01  0.000000E+00
  2.819003E-01 -3.165758E-02  5.000000E-01  5.986073E-02 -6.909822E-03  0.000000E+00  5.530068E-02 -5.190618E-03 -3.365925E-17  2.081217E-01  0.000000E+00
  3.147601E-01 -3.473699E-02  5.000000E-01  6.683936E-02 -7.563813E-03  0.000000E+00  5.531852E-02 -5.159895E-03  1.739288E-18  2.068752E-01  0.000000E+00
  3.477303E-01 -3.781141E-02  5.000000E-01  7.384142E-02 -8.216745E-03  0.000000E+00  5.519589E-02 -5.131035E-03  5.069773E-18  2.060755E-01  0.000000E+00
  3.807756E-01 -4.088750E-02  5.000000E-01  8.085941E-02 -8.870030E-03  0.000000E+00  5.498121E-02 -5.102069E-03  1.554818E-18  2.055103E-01  0.000000E+00
  4.138291E-01 -4.395925E-02  5.000000E-01  8.787917E-02 -9.522395E-03  0.000000E+00  5.469505E-02 -5.059082E-03 -1.387735E-18  2.047405E-01  0.000000E+00
  4.468689E-01 -4.701496E-02  5.000000E-01  9.489601E-02 -1.017135E-02  0.000000E+00  5.434858E-02 -4.995964E-03 -1.085757E-18  2.035403E-01  0.000000E+00
  4.799091E-01 -5.004735E-02  5.000000E-01  1.019129E-01 -1.081536E-02  0.000000E+00  5.395924E-02 -4.918265E-03 -1.450806E-19  2.019861E-01  0.000000E+00
  5.129612E-01 -5.305259E-02  5.000000E-01  1.089324E-01 -1.145360E-02  0.000000E+00  5.354573E-02 -4.833823E-03  1.736988E-19  2.002542E-01  0.000000E+00
  5.460360E-01 -5.603021E-02  5.000000E-01  1.159567E-01 -1.208597E-02  0.000000E+00  5.312381E-02 -4.748892E-03 -9.340118E-19  1.984959E-01  0.000000E+00
  5.791347E-01 -5.898121E-02  5.000000E-01  1.229860E-01 -1.271269E-02  0.000000E+00  5.270366E-02 -4.666648E-03 -8.166727E-19  1.967933E-01  0.000000E+00
  6.122565E-01 -6.190684E-02  5.000000E-01  1.300203E-01 -1.333402E-02  0.000000E+00  5.229169E-02 -4.588134E-03  2.217260E-19  1.951802E-01  0.000000E+00
  6.454013E-01 -6.480855E-02  5.000000E-01  1.370594E-01 -1.395027E-02  0.000000E+00  5.189600E-02 -4.514642E-03 -8.474066E-19  1.936826E-01  0.000000E+00
  6.785693E-01 -6.768853E-02  5.000000E-01  1.441035E-01 -1.456191E-02  0.000000E+00  5.152761E-02 -4.447658E-03 -1.625372E-18  1.923110E-01  0.000000E+00
  7.117575E-01 -7.054894E-02  5.000000E-01  1.511518E-01 -1.516939E-02  0.000000E+00  5.119521E-02 -4.386530E-03 -2.636937E-18  1.910158E-01  0.000000E+00
  7.449560E-01 -7.338949E-02  5.000000E-01  1.582024E-01 -1.577266E-02  0.000000E+00  5.090094E-02 -4.327965E-03 -2.977064E-18  1.896849E-01  0.000000E+00
  7.781569E-01 -7.620745E-02  5.000000E-01  1.652534E-01 -1.637112E-02  0.000000E+00  5.064266E-02 -4.268436E-03 -2.134480E-18  1.882040E-01  0.000000E+00
  8.113578E-01 -7.899886E-02  5.000000E-01  1.723045E-01 -1.696395E-02  0.000000E+00  5.041820E-02 -4.205872E-03 -1.005467E-18  1.864990E-01  0.000000E+00
  8.445597E-01 -8.175931E-02  5.000000E-01  1.793558E-01 -1.755020E-02  0.000000E+00  5.022680E-02 -4.139469E-03 -7.091616E-19  1.845315E-01  0.000000E+00
  8.777625E-01 -8.448413E-02  5.000000E-01  1.864072E-01 -1.812888E-02  0.000000E+00  5.006650E-02 -4.067975E-03 -1.265742E-18  1.822648E-01  0.000000E+00
  9.109638E-01 -8.716721E-02  5.000000E-01  1.934584E-01 -1.869870E-02  0.000000E+00  4.993271E-02 -3.989739E-03 -1.580348E-18  1.796629E-01  0.000000E+00
  9.441676E-01 -8.980247E-02  5.000000E-01  2.005100E-01 -1.925837E-02  0.000000E+00  4.981876E-02 -3.903860E-03 -9.867846E-19  1.767137E-01  0.000000E+00
  9.773746E-01 -9.238367E-02  5.000000E-01  2.075624E-01 -1.980655E-02  0.000000E+00  4.971434E-02 -3.808868E-03 -1.294150E-18  1.734195E-01  0.000000E+00
  1.010583E+00 -9.490329E-02  5.000000E-01  2.146150E-01 -2.034166E-02  0.000000E+00  4.961106E-02 -3.705421E-03 -1.532897E-18  1.698406E-01  0.000000E+00
  1.043798E+00 -9.735699E-02  5.000000E-01  2.216690E-01 -2.086276E-02  0.000000E+00  4.950753E-02 -3.597706E-03 -2.671701E-18  1.661030E-01  0.000000E+00
  1.077015E+00 -9.974308E-02  5.000000E-01  2.287237E-01 -2.136951E-02  0.000000E+00  4.940382E-02 -3.488690E-03 -4.855017E-18  1.623052E-01  0.000000E+00
  1.110238E+00 -1.020609E-01  5.000000E-01  2.357793E-01 -2.186176E-02  0.000000E+00  4.929804E-02 -3.378654E-03 -6.528987E-18  1.584834E-01  0.000000E+00
  1.143462E+00 -1.043092E-01  5.000000E-01  2.428354E-01 -2.233924E-02  0.000000E+00  4.918989E-02 -3.268217E-03 -9.135004E-18  1.546611E-01  0.000000E+00
  1.176693E+00 -1.064883E-01  5.000000E-01  2.498927E-01 -2.280203E-02  0.000000E+00  4.908081E-02 -3.158470E-03 -1.016912E-17  1.508614E-01  0.000000E+00
  1.209925E+00 -1.085984E-01  5.000000E-01  2.569505E-01 -2.325015E-02  0.000000E+00  4.896973E-02 -3.048895E-03 -8.664953E-18  1.470810E-01  0.000000E+00
  1.243158E+00 -1.106386E-01  5.000000E-01  2.640083E-01 -2.368344E-02  0.000000E+00  4.885593E-02 -2.939906E-03 -7.843695E-18  1.433314E-01  0.000000E+00
  1.276395E+00 -1.126101E-01  5.000000E-01  2.710670E-01 -2.410216E-02  0.000000E+00  4.873906E-02 -2.832429E-03 -6.399066E-18  1.396362E-01  0.000000E+00
  1.309630E+00 -1.145135E-01  5.000000E-01  2.781253E-01 -2.450639E-02  0.000000E+00  4.861683E-02 -2.726305E-03 -3.667649E-18  1.360082E-01  0.000000E+00
  1.342868E+00 -1.163497E-01  5.000000E-01  2.851842E-01 -2.489634E-02  0.000000E+00  4.848928E-02 -2.623060E-03 -2.478049E-18  1.324884E-01  0.000000E+00
  1.376108E+00 -1.181216E-01  5.000000E-01  2.922436E-01 -2.527265E-02  0.000000E+00  4.835544E-02 -2.523408E-03 -2.846611E-18  1.291070E-01  0.000000E+00
  1.409347E+00 -1.198307E-01  5.000000E-01  2.993027E-01 -2.563563E-02  0.000000E+00  4.821333E-02 -2.427530E-03 -3.458871E-18  1.258846E-01  0.000000E+00
  1.442589E+00 -1.214806E-01  5.000000E-01  3.063625E-01 -2.598603E-02  0.000000E+00  4.806314E-02 -2.336737E-03 -4.653793E-18  1.228576E-01  0.000000E+00
  1.475831E+00 -1.230748E-01  5.000000E-01  3.134222E-01 -2.632459E-02  0.000000E+00  4.790544E-02 -2.251471E-03 -6.727787E-18  1.200453E-01  0.000000E+00
  1.509072E+00 -1.246169E-01  5.000000E-01  3.204819E-01 -2.665210E-02  0.000000E+00  4.774315E-02 -2.172012E-03 -7.680564E-18  1.174545E-01  0.000000E+00
  1.542314E+00 -1.261109E-01  5.000000E-01  3.275416E-01 -2.696940E-02  0.000000E+00  4.758400E-02 -2.099596E-03 -9.330481E-18  1.150891E-01  0.000000E+00
  1.575558E+00 -1.275621E-01  5.000000E-01  3.346018E-01 -2.727759E-02  0.000000E+00  4.743469E-02 -2.033406E-03 -1.057474E-17  1.129000E-01  0.000000E+00
  1.608800E+00 -1.289727E-01  5.000000E-01  3.416615E-01 -2.757715E-02  0.000000E+00  4.729619E-02 -1.969585E-03 -1.011339E-17  1.107766E-01  0.000000E+00
  1.642044E+00 -1.303425E-01  5.000000E-01  3.487219E-01 -2.786807E-02  0.000000E+00  4.716822E-02 -1.905276E-03 -9.028532E-18  1.086274E-01  0.000000E+00
  1.675286E+00 -1.316698E-01  5.000000E-01  3.557816E-01 -2.814997E-02  0.000000E+00  4.705085E-02 -1.839371E-03 -8.886661E-18  1.064049E-01  0.000000E+00
  1.708526E+00 -1.329530E-01  5.000000E-01  3.628410E-01 -2.842249E-02  0.000000E+00  4.694351E-02 -1.771466E-03 -1.036895E-17  1.040887E-01  0.000000E+00
  1.741762E+00 -1.341900E-01  5.000000E-01  3.698996E-01 -2.868518E-02  0.000000E+00  4.684358E-02 -1.700661E-03 -1.247660E-17  1.016617E-01  0.000000E+00
  1.774995E+00 -1.353777E-01  5.000000E-01  3.769573E-01 -2.893742E-02  0.000000E+00  4.675010E-02 -1.627342E-03 -1.398408E-17  9.913149E-02  0.000000E+00
  1.808227E+00 -1.365150E-01  5.000000E-01  3.840150E-01 -2.917896E-02  0.000000E+00  4.666249E-02 -1.551827E-03 -1.540876E-17  9.650684E-02  0.000000E+00
  1.841453E+00 -1.375993E-01  5.000000E-01  3.910714E-01 -2.940923E-02  0.000000E+00  4.657874E-02 -1.473500E-03 -1.641552E-17  9.378067E-02  0.000000E+00
  1.874678E+00 -1.386285E-01  5.000000E-01  3.981276E-01 -2.962783E-02  0.000000E+00  4.649814E-02 -1.392650E-03 -1.680229E-17  9.095852E-02  0.000000E+00
  1.907900E+00 -1.396008E-01  5.000000E-01  4.051830E-01 -2.983431E-02  0.000000E+00  4.641951E-02 -1.309218E-03 -1.699920E-17  8.804221E-02  0.000000E+00
  1.941118E+00 -1.405138E-01  5.000000E-01  4.122377E-01 -3.002821E-02  0.000000E+00  4.634153E-02 -1.223048E-03 -1.631463E-17  8.503351E-02  0.000000E+00
  1.974334E+00 -1.413654E-01  5.000000E-01  4.192920E-01 -3.020908E-02  0.000000E+00  4.626459E-02 -1.134814E-03 -1.556348E-17  8.194779E-02  0.000000E+00
  2.007549E+00 -1.421546E-01  5.000000E-01  4.263460E-01 -3.037667E-02  0.000000E+00  4.618832E-02 -1.044615E-03 -1.449235E-17  7.879135E-02  0.000000E+00
  2.040760E+00 -1.428791E-01  5.000000E-01  4.333993E-01 -3.053054E-02  0.000000E+00  4.611075E-02 -9.519869E-04 -1.338158E-17  7.556167E-02  0.000000E+00
  2.073970E+00 -1.435372E-01  5.000000E-01  4.404522E-01 -3.067030E-02  0.000000E+00  4.603091E-02 -8.574260E-04 -1.239931E-17  7.227340E-02  0.000000E+00
  2.107177E+00 -1.441275E-01  5.000000E-01  4.475046E-01 -3.079568E-02  0.000000E+00  4.594778E-02 -7.612134E-04 -1.202331E-17  6.894239E-02  0.000000E+00
  2.140379E+00 -1.446486E-01  5.000000E-01  4.545558E-01 -3.090633E-02  0.000000E+00  4.586252E-02 -6.644261E-04 -1.170251E-17  6.559689E-02  0.000000E+00
  2.173577E+00 -1.451007E-01  5.000000E-01  4.616063E-01 -3.100235E-02  0.000000E+00  4.577671E-02 -5.677185E-04 -1.092502E-17  6.225396E-02  0.000000E+00
  2.206768E+00 -1.454831E-01  5.000000E-01  4.686553E-01 -3.108357E-02  0.000000E+00  4.569079E-02 -4.707310E-04 -1.004354E-17  5.890801E-02  0.000000E+00
  2.239954E+00 -1.457957E-01  5.000000E-01  4.757033E-01 -3.114996E-02  0.000000E+00  4.560516E-02 -3.733094E-04 -9.089125E-18  5.555249E-02  0.000000E+00
  2.273134E+00 -1.460375E-01  5.000000E-01  4.827499E-01 -3.120131E-02  0.000000E+00  4.551920E-02 -2.753638E-04 -8.558139E-18  5.218283E-02  0.000000E+00
  2.306309E+00 -1.462082E-01  5.000000E-01  4.897953E-01 -3.123757E-02  0.000000E+00  4.543003E-02 -1.768423E-04 -8.554715E-18  4.879968E-02  0.000000E+00
  2.339476E+00 -1.463070E-01  5.000000E-01  4.968392E-01 -3.125853E-02  0.000000E+00  4.533192E-02 -7.732099E-05 -8.914844E-18  4.540759E-02  0.000000E+00
  2.372638E+00 -1.463325E-01  5.000000E-01  5.038821E-01 -3.126396E-02  0.000000E+00  4.522273E-02  2.141197E-05 -9.543947E-18  4.205670E-02  0.000000E+00
  2.405805E+00 -1.462865E-01  5.000000E-01  5.109259E-01 -3.125419E-02  0.000000E+00  4.510519E-02  1.162143E-04 -9.877302E-18  3.882328E-02  0.000000E+00
  2.438976E+00 -1.461726E-01  5.000000E-01  5.179706E-01 -3.122999E-02  0.000000E+00  4.498040E-02  2.062090E-04 -9.693801E-18  3.574144E-02  0.000000E+00
  2.472150E+00 -1.459934E-01  5.000000E-01  5.250160E-01 -3.119194E-02  0.000000E+00  4.484804E-02  2.915100E-04 -9.245290E-18  3.281784E-02  0.000000E+00
  2.505329E+00 -1.457522E-01  5.000000E-01  5.320625E-01 -3.114072E-02  0.000000E+00  4.470923E-02  3.717051E-04 -8.475179E-18  3.006150E-02  0.000000E+00
  2.538512E+00 -1.454526E-01  5.000000E-01  5.391097E-01 -3.107709E-02  0.000000E+00  4.456614E-02  4.469904E-04 -7.148358E-18  2.746992E-02  0.000000E+00
  2.571700E+00 -1.450974E-01  5.000000E-01  5.461580E-01 -3.100166E-02  0.000000E+00  4.442478E-02  5.170329E-04 -4.932321E-18  2.504147E-02  0.000000E+00
  2.604894E+00 -1.446909E-01  5.000000E-01  5.532074E-01 -3.091531E-02  0.000000E+00  4.429237E-02  5.822100E-04 -1.795328E-18  2.274924E-02  0.000000E+00
  2.638090E+00 -1.442356E-01  5.000000E-01  5.602575E-01 -3.081863E-02  0.000000E+00  4.417082E-02  6.455997E-04  1.686707E-18  2.050846E-02  0.000000E+00
  2.671292E+00 -1.437314E-01  5.000000E-01  5.673087E-01 -3.071154E-02  0.000000E+00  4.405754E-02  7.109600E-04  4.466358E-18  1.821851E-02  0.000000E+00
  2.704497E+00 -1.431750E-01  5.000000E-01  5.743608E-01 -3.059337E-02  0.000000E+00  4.395077E-02  7.798599E-04  5.865542E-18  1.582454E-02  0.000000E+00
  2.737708E+00 -1.425637E-01  5.000000E-01  5.814140E-01 -3.046357E-02  0.000000E+00  4.385016E-02  8.523917E-04  4.597145E-18  1.331307E-02  0.000000E+00
  2.770923E+00 -1.418946E-01  5.000000E-01  5.884680E-01 -3.032145E-02  0.000000E+00  4.375493E-02  9.287648E-04  8.035982E-19  1.067894E-02  0.000000E+00
  2.804143E+00 -1.411644E-01  5.000000E-01  5.955231E-01 -3.016638E-02  0.000000E+00  4.366533E-02  1.008785E-03 -4.191209E-18  7.924454E-03  0.000000E+00
  2.837367E+00 -1.403704E-01  5.000000E-01  6.025790E-01 -2.999774E-02  0.000000E+00  4.358152E-02  1.092667E-03 -9.536534E-18  5.043876E-03  0.000000E+00
  2.870594E+00 -1.395091E-01  5.000000E-01  6.096357E-01 -2.981484E-02  0.000000E+00  4.350301E-02  1.180918E-03 -1.413241E-17  2.023402E-03  0.000000E+00
  2.903823E+00 -1.385772E-01  5.000000E-01  6.166926E-01 -2.961692E-02  0.000000E+00  4.342712E-02  1.274770E-03 -1.694142E-17 -1.163368E-03  0.000000E+00
  2.937051E+00 -1.375691E-01  5.000000E-01  6.237496E-01 -2.940283E-02  0.000000E+00  4.335274E-02  1.374347E-03 -1.752683E-17 -4.522877E-03  0.000000E+00
  2.970283E+00 -1.364810E-01  5.000000E-01  6.308072E-01 -2.917175E-02  0.000000E+00  4.328058E-02  1.479159E-03 -1.579032E-17 -8.047657E-03  0.000000E+00
  3.003515E+00 -1.353084E-01  5.000000E-01  6.378649E-01 -2.892271E-02  0.000000E+00  4.321059E-02  1.589503E-03 -1.013038E-17 -1.173931E-02  0.000000E+00
  3.036751E+00 -1.340468E-01  5.000000E-01  6.449232E-01 -2.865477E-02  0.000000E+00  4.314285E-02  1.704877E-03 -9.582690E-19 -1.558778E-02  0.000000E+00
  3.069988E+00 -1.326924E-01  5.000000E-01  6.519820E-01 -2.836714E-02  0.000000E+00  4.307178E-02  1.825499E-03  9.040797E-18 -1.959481E-02  0.000000E+00
  3.103226E+00 -1.312401E-01  5.000000E-01  6.590410E-01 -2.805871E-02  0.000000E+00  4.298808E-02  1.950418E-03  1.638811E-17 -2.373240E-02  0.000000E+00
  3.136469E+00 -1.296869E-01  5.000000E-01  6.661010E-01 -2.772884E-02  0.000000E+00  4.288084E-02  2.077650E-03  1.985952E-17 -2.792945E-02  0.000000E+00
  3.169712E+00 -1.280294E-01  5.000000E-01  6.731611E-01 -2.737684E-02  0.000000E+00  4.274823E-02  2.201012E-03  1.780718E-17 -3.202690E-02  0.000000E+00
  3.202960E+00 -1.262738E-01  5.000000E-01  6.802220E-01 -2.700399E-02  0.000000E+00  4.259768E-02  2.312983E-03  1.097435E-17 -3.583785E-02  0.000000E+00
  3.236210E+00 -1.244291E-01  5.000000E-01  6.872835E-01 -2.661222E-02  0.000000E+00  4.243393E-02  2.411171E-03  1.736397E-18 -3.927138E-02  0.000000E+00
  3.269464E+00 -1.225054E-01  5.000000E-01  6.943459E-01 -2.620366E-02  0.000000E+00  4.225974E-02  2.495625E-03 -7.606105E-18 -4.230775E-02  0.000000E+00
  3.302721E+00 -1.205119E-01  5.000000E-01  7.014089E-01 -2.578029E-02  0.000000E+00  4.207609E-02  2.567432E-03 -1.331662E-17 -4.496775E-02  0.000000E+00
  3.335981E+00 -1.184571E-01  5.000000E-01  7.084724E-01 -2.534392E-02  0.000000E+00  4.188561E-02  2.627018E-03 -1.418461E-17 -4.726718E-02  0.000000E+00
  3.369247E+00 -1.163499E-01  5.000000E-01  7.155373E-01 -2.489638E-02  0.000000E+00  4.169413E-02  2.674347E-03 -9.634410E-18 -4.920595E-02  0.000000E+00
  3.402518E+00 -1.141998E-01  5.000000E-01  7.226033E-01 -2.443976E-02  0.000000E+00  4.150486E-02  2.711087E-03 -7.053809E-19 -5.081425E-02  0.000000E+00
  3.435792E+00 -1.120136E-01  5.000000E-01  7.296699E-01 -2.397547E-02  0.000000E+00  4.131990E-02  2.738773E-03  1.178441E-17 -5.213203E-02  0.000000E+00
  3.469073E+00 -1.097988E-01  5.000000E-01  7.367379E-01 -2.350510E-02  0.000000E+00  4.114171E-02  2.758493E-03  2.485733E-17 -5.319157E-02  0.000000E+00
  3.502353E+00 -1.075613E-01  5.000000E-01  7.438057E-01 -2.302990E-02  0.000000E+00  4.097063E-02  2.771665E-03  3.534706E-17 -5.402997E-02  0.000000E+00
  3.535630E+00 -1.053066E-01  5.000000E-01  7.508729E-01 -2.255107E-02  0.000000E+00  4.080511E-02  2.779253E-03  4.170137E-17 -5.468316E-02  0.000000E+00
  3.568904E+00 -1.030388E-01  5.000000E-01  7.579395E-01 -2.206945E-02  0.000000E+00  4.064082E-02  2.783222E-03  4.207785E-17 -5.520558E-02  0.000000E+00
  3.602176E+00 -1.007596E-01  5.000000E-01  7.650057E-01 -2.158540E-02  0.000000E+00  4.047873E-02  2.785767E-03  4.002238E-17 -5.564842E-02  0.000000E+00
  3.635446E+00 -9.846962E-02  5.000000E-01  7.720715E-01 -2.109906E-02  0.000000E+00  4.033320E-02  2.789310E-03  3.661797E-17 -5.606754E-02  0.000000E+00
  3.668713E+00 -9.616815E-02  5.000000E-01  7.791365E-01 -2.061028E-02  0.000000E+00  4.023520E-02  2.796369E-03  3.240100E-17 -5.655115E-02  0.000000E+00
  3.701976E+00 -9.385538E-02  5.000000E-01  7.862009E-01 -2.011911E-02  0.000000E+00  4.021285E-02  2.814100E-03  3.710405E-17 -5.732634E-02  0.000000E+00
  3.735241E+00 -9.152294E-02  5.000000E-01  7.932655E-01 -1.962375E-02  0.000000E+00  4.025094E-02  2.862269E-03  6.315293E-17 -5.889793E-02  0.000000E+00
  3.768500E+00 -8.913612E-02  5.000000E-01  8.003289E-01 -1.911685E-02  0.000000E+00  4.030966E-02  2.956582E-03  1.177382E-16 -6.169528E-02  0.000000E+00
  3.801751E+00 -8.665572E-02  5.000000E-01  8.073904E-01 -1.859008E-02  0.000000E+00  4.036466E-02  3.094208E-03  2.002591E-16 -6.572099E-02  0.000000E+00
  3.834989E+00 -8.404980E-02  5.000000E-01  8.144495E-01 -1.803664E-02  0.000000E+00  4.040461E-02  3.262611E-03  3.034990E-16 -7.069363E-02  0.000000E+00
  3.868211E+00 -8.129942E-02  5.000000E-01  8.215050E-01 -1.745253E-02  0.000000E+00  4.041703E-02  3.449979E-03  4.075129E-16 -7.629491E-02  0.000000E+00
  3.901422E+00 -7.838938E-02  5.000000E-01  8.285582E-01 -1.683451E-02  0.000000E+00  4.039021E-02  3.646759E-03  4.847419E-16 -8.224547E-02  0.000000E+00
  3.934617E+00 -7.531382E-02  5.000000E-01  8.356080E-01 -1.618134E-02  0.000000E+00  4.032279E-02  3.843724E-03  5.138678E-16 -8.828590E-02  0.000000E+00
  3.967800E+00 -7.207191E-02  5.000000E-01  8.426552E-01 -1.549283E-02  0.000000E+00  4.021949E-02  4.034601E-03  4.879036E-16 -9.423557E-02  0.000000E+00
  4.000972E+00 -6.866725E-02  5.000000E-01  8.497001E-01 -1.476977E-02  0.000000E+00  4.008906E-02  4.215896E-03  4.150431E-16 -1.000002E-01  0.000000E+00
  4.034139E+00 -6.510535E-02  5.000000E-01  8.567440E-01 -1.401331E-02  0.000000E+00  3.993569E-02  4.389407E-03  3.141228E-16 -1.056015E-01  0.000000E+00
  4.067311E+00 -6.138575E-02  5.000000E-01  8.637890E-01 -1.322336E-02  0.000000E+00  3.976323E-02  4.558809E-03  1.965094E-16 -1.111029E-01  0.000000E+00
  4.100488E+00 -5.750839E-02  5.000000E-01  8.708348E-01 -1.239990E-02  0.000000E+00  3.958382E-02  4.724701E-03  5.422148E-17 -1.165145E-01  0.000000E+00
  4.133669E+00 -5.347513E-02  5.000000E-01  8.778818E-01 -1.154333E-02  0.000000E+00  3.940416E-02  4.887145E-03 -1.108505E-16 -1.218416E-01  0.000000E+00
  4.166856E+00 -4.928686E-02  5.000000E-01  8.849299E-01 -1.065385E-02  0.000000E+00  3.921411E-02  5.044424E-03 -2.766494E-16 -1.270741E-01  0.000000E+00
  4.200049E+00 -4.494651E-02  5.000000E-01  8.919793E-01 -9.732065E-03  0.000000E+00  3.897952E-02  5.191151E-03 -4.171997E-16 -1.321331E-01  0.000000E+00
  4.233242E+00 -4.045652E-02  5.000000E-01  8.990286E-01 -8.778502E-03  0.000000E+00  3.866551E-02  5.311602E-03 -5.014430E-16 -1.366909E-01  0.000000E+00
  4.266405E+00 -3.584093E-02  5.000000E-01  9.060715E-01 -7.798264E-03  0.000000E+00  3.827349E-02  5.375208E-03 -5.130185E-16 -1.400445E-01  0.000000E+00
  4.299502E+00 -3.115944E-02  5.000000E-01  9.131007E-01 -6.804030E-03  0.000000E+00  3.783335E-02  5.349079E-03 -4.607601E-16 -1.413543E-01  0.000000E+00
  4.332522E+00 -2.650187E-02  5.000000E-01  9.201132E-01 -5.814877E-03  0.000000E+00  3.735375E-02  5.217630E-03 -3.693358E-16 -1.400627E-01  0.000000E+00
  4.365472E+00 -2.195486E-02  5.000000E-01  9.271110E-01 -4.849204E-03  0.000000E+00  3.681497E-02  4.979206E-03 -2.668560E-16 -1.358784E-01  0.000000E+00
  4.398350E+00 -1.760954E-02  5.000000E-01  9.340935E-01 -3.926363E-03  0.000000E+00  3.618934E-02  4.631673E-03 -1.669180E-16 -1.284938E-01  0.000000E+00
  4.431155E+00 -1.355955E-02  5.000000E-01  9.410605E-01 -3.066246E-03  0.000000E+00  3.542245E-02  4.168653E-03 -7.802989E-17 -1.175122E-01  0.000000E+00
  4.463888E+00 -9.909549E-03  5.000000E-01  9.480121E-01 -2.291075E-03  0.000000E+00  3.437708E-02  3.591858E-03 -1.071360E-17 -1.026853E-01  0.000000E+00
  4.496579E+00 -6.741151E-03  5.000000E-01  9.549550E-01 -1.618185E-03  0.000000E+00  3.285785E-02  2.925680E-03  2.992472E-17 -8.398516E-02  0.000000E+00
  4.529252E+00 -4.112612E-03  5.000000E-01  9.618939E-01 -1.059948E-03  0.000000E+00  3.078263E-02  2.222310E-03  4.525744E-17 -6.135119E-02  0.000000E+00
  4.561929E+00 -2.051002E-03  5.000000E-01  9.688337E-01 -6.221130E-04  0.000000E+00  2.832278E-02  1.543196E-03  3.854664E-17 -3.482732E-02  0.000000E+00
  4.594574E+00 -5.859142E-04  5.000000E-01  9.757666E-01 -3.109644E-04  0.000000E+00  2.579639E-02  9.174322E-04  2.105778E-17 -5.234925E-03  0.000000E+00
  4.627203E+00  2.561799E-04  5.000000E-01  9.826962E-01 -1.321243E-04  0.000000E+00  2.345952E-02  3.595113E-04  6.414514E-18  2.599833E-02  0.000000E+00
  4.659162E+00  4.486691E-04  5.000000E-01  9.894836E-01 -9.124429E-05  0.000000E+00  2.115072E-02 -4.839527E-05  1.385525E-18  4.988385E-02  0.000000E+00
  4.689251E+00  3.275709E-05  5.000000E-01  9.958737E-01 -1.795738E-04  0.000000E+00  1.726626E-02 -2.415728E-04  2.017590E-17  2.389655E-02  0.000000E+00
  4.708680E+00 -5.548070E-04  5.000000E-01  1.000000E+00 -3.043580E-04  0.000000E+00  1.210079E-02 -8.360251E-04  3.375720E-17 -9.378136E-02  0.000000E+00
    1    2
    2    3
    3    4
    4    5
    5    6
    6    7
    7    8
    8    9
    9   10
   10   11
   11   12
   12   13
   13   14
   14   15
   15   16
   16   17
   17   18
   18   19
   19   20
   20   21
   21   22
   22   23
   23   24
   24   25
   25   26
   26   27
   27   28
   28   29
   29   30
   30   31
   31   32
   32   33
   33   34
   34   35
   35   36
   36   37
   37   38
   38   39
   39   40
   40   41
   41   42
   42   43
   43   44
   44   45
   45   46
   46   47
   47   48
   48   49
   49   50
   50   51
   51   52
   52   53
   53   54
   54   55
   55   56
   56   57
   57   58
   58   59
   59   60
   60   61
   61   62
   62   63
   63   64
   64   65
   65   66
   66   67
   67   68
   68   69
   69   70
   70   71
   71   72
   72   73
   73   74
   74   75
   75   76
   76   77
   77   78
   78   79
   79   80
   80   81
   81   82
   82   83
   83   84
   84   85
   85   86
   86   87
   87   88
   88   89
   89   90
   90   91
   91   92
   92   93
   93   94
   94   95
   95   96
   96   97
   97   98
   98   99
   99  100
  100  101
  101  102
  102  103
  103  104
  104  105
  105  106
  106  107
  107  108
  108  109
  109  110
  110  111
  111  112
  112  113
  113  114
  114  115
  115  116
  116  117
  117  118
  118  119
  119  120
  120  121
  121  122
  122  123
  123  124
  124  125
  125  126
  126  127
  127  128
  128  129
  129  130
  130  131
  131  132
  132  133
  133  134
  134  135
  135  136
  136  137
  137  138
  138  139
  139  140
  140  141
  141  142
  142  143
  143  144
  144  145
  145  146
  146  147
  147  148
  148  149
  149  150
  151  152
  152  153
  153  154
  154  155
  155  156
  156  157
  157  158
  158  159
  159  160
  160  161
  161  162
  162  163
  163  164
  164  165
  165  166
  166  167
  167  168
  168  169
  169  170
  170  171
  171  172
  172  173
  173  174
  174  175
  175  176
  176  177
  177  178
  178  179
  179  180
  180  181
  181  182
  182  183
  183  184
  184  185
  185  186
  186  187
  187  188
  188  189
  189  190
  190  191
  191  192
  192  193
  193  194
  194  195
  195  196
  196  197
  197  198
  198  199
  199  200
  200  201
  201  202
  202  203
  203  204
  204  205
  205  206
  206  207
  207  208
  208  209
  209  210
  210  211
  211  212
  212  213
  213  214
  214  215
  215  216
  216  217
  217  218
  218  219
  219  220
  220  221
  221  222
  222  223
  223  224
  224  225
  225  226
  226  227
  227  228
  228  229
  229  230
  230  231
  231  232
  232  233
  233  234
  234  235
  235  236
  236  237
  237  238
  238  239
  239  240
  240  241
  241  242
  242  243
  243  244
  244  245
  245  246
  246  247
  247  248
  248  249
  249  250
  250  251
  251  252
  252  253
  253  254
  254  255
  255  256
  256  257
  257  258
  258  259
  259  260
  260  261
  261  262
  262  263
  263  264
  264  265
  265  266
  266  267
  267  268
  268  269
  269  270
  270  271
  271  272
  272  273
  273  274
  274  275
  275  276
  276  277
  277  278
  278  279
  279  280
  280  281
  281  282
  282  283
  283  284
  284  285
  285  286
  286  287
  287  288
  288  289
  289  290
  290  291
  291  292
  292  293
  293  294
  294  295
  295  296
  296  297
  297  298
  298  299
  299  300
