 Title = "ADflow Slice Data"
Variables =  "CoordinateX"  "CoordinateY"  "CoordinateZ"  "XoC"  "YoC"  "ZoC" "VelocityX" "VelocityY" "VelocityZ" "CoefPressure" "Mach" 
Zone T= "Slice_0001 None Absolute Regular z = 0.50000000"
 Nodes =          300  Elements=          298  ZONETYPE=FELINESEG
 DATAPACKING=POINT
  4.708680E+00 -7.667877E-05  5.000000E-01  9.999999E-01 -4.902872E-04  0.000000E+00  1.262809E-02 -8.375880E-04  1.060739E-17 -5.363118E-02  0.000000E+00
  4.689187E+00  2.258821E-03  5.000000E-01  9.958600E-01  5.715641E-06  0.000000E+00  1.361597E-02 -1.553084E-03  5.310863E-18 -1.227646E-01  0.000000E+00
  4.658673E+00  5.975972E-03  5.000000E-01  9.893796E-01  7.951470E-04  0.000000E+00  1.981724E-02 -2.470241E-03  9.068633E-18 -1.424768E-01  0.000000E+00
  4.626256E+00  9.990607E-03  5.000000E-01  9.824951E-01  1.647757E-03  0.000000E+00  2.608263E-02 -3.249281E-03  1.359394E-17 -1.556829E-01  0.000000E+00
  4.593146E+00  1.414525E-02  5.000000E-01  9.754634E-01  2.530100E-03  0.000000E+00  3.055043E-02 -3.855826E-03  1.915231E-17 -1.610103E-01  0.000000E+00
  4.560031E+00  1.834278E-02  5.000000E-01  9.684305E-01  3.421553E-03  0.000000E+00  3.286791E-02 -4.192064E-03  2.623190E-17 -1.615359E-01  0.000000E+00
  4.526891E+00  2.257600E-02  5.000000E-01  9.613923E-01  4.320584E-03  0.000000E+00  3.365054E-02 -4.316864E-03  3.582811E-17 -1.613590E-01  0.000000E+00
  4.493752E+00  2.683332E-02  5.000000E-01  9.543544E-01  5.224734E-03  0.000000E+00  3.384648E-02 -4.360640E-03  4.584704E-17 -1.613813E-01  0.000000E+00
  4.460612E+00  3.110682E-02  5.000000E-01  9.473164E-01  6.132322E-03  0.000000E+00  3.402586E-02 -4.396990E-03  5.725181E-17 -1.614249E-01  0.000000E+00
  4.427470E+00  3.539010E-02  5.000000E-01  9.402778E-01  7.041984E-03  0.000000E+00  3.432333E-02 -4.440934E-03  7.100655E-17 -1.613770E-01  0.000000E+00
  4.394325E+00  3.967462E-02  5.000000E-01  9.332387E-01  7.951911E-03  0.000000E+00  3.468339E-02 -4.485038E-03  8.140105E-17 -1.611730E-01  0.000000E+00
  4.361178E+00  4.395369E-02  5.000000E-01  9.261990E-01  8.860681E-03  0.000000E+00  3.503226E-02 -4.520026E-03  8.866798E-17 -1.607664E-01  0.000000E+00
  4.328027E+00  4.821984E-02  5.000000E-01  9.191585E-01  9.766706E-03  0.000000E+00  3.533767E-02 -4.540890E-03  9.363598E-17 -1.601249E-01  0.000000E+00
  4.294876E+00  5.246455E-02  5.000000E-01  9.121180E-01  1.066818E-02  0.000000E+00  3.560100E-02 -4.548065E-03  9.428140E-17 -1.592465E-01  0.000000E+00
  4.261727E+00  5.668055E-02  5.000000E-01  9.050781E-01  1.156355E-02  0.000000E+00  3.583799E-02 -4.543962E-03  9.119400E-17 -1.581364E-01  0.000000E+00
  4.228582E+00  6.086093E-02  5.000000E-01  8.980388E-01  1.245136E-02  0.000000E+00  3.606592E-02 -4.529844E-03  8.657918E-17 -1.567786E-01  0.000000E+00
  4.195443E+00  6.499675E-02  5.000000E-01  8.910009E-01  1.332971E-02  0.000000E+00  3.629641E-02 -4.505608E-03  7.654819E-17 -1.551422E-01  0.000000E+00
  4.162308E+00  6.907858E-02  5.000000E-01  8.839639E-01  1.419659E-02  0.000000E+00  3.653237E-02 -4.471205E-03  6.054266E-17 -1.532130E-01  0.000000E+00
  4.129179E+00  7.309766E-02  5.000000E-01  8.769280E-01  1.505014E-02  0.000000E+00  3.677387E-02 -4.426033E-03  3.933996E-17 -1.509759E-01  0.000000E+00
  4.096054E+00  7.704360E-02  5.000000E-01  8.698932E-01  1.588816E-02  0.000000E+00  3.702079E-02 -4.369121E-03  1.704521E-17 -1.484092E-01  0.000000E+00
  4.062934E+00  8.090655E-02  5.000000E-01  8.628592E-01  1.670856E-02  0.000000E+00  3.727209E-02 -4.299651E-03 -1.519455E-18 -1.454942E-01  0.000000E+00
  4.029817E+00  8.467537E-02  5.000000E-01  8.558261E-01  1.750896E-02  0.000000E+00  3.752711E-02 -4.216381E-03 -1.415631E-17 -1.422057E-01  0.000000E+00
  3.996705E+00  8.833848E-02  5.000000E-01  8.487939E-01  1.828692E-02  0.000000E+00  3.778350E-02 -4.118527E-03 -1.456583E-17 -1.385275E-01  0.000000E+00
  3.963594E+00  9.188466E-02  5.000000E-01  8.417619E-01  1.904004E-02  0.000000E+00  3.803827E-02 -4.005480E-03 -5.922456E-18 -1.344466E-01  0.000000E+00
  3.930486E+00  9.530220E-02  5.000000E-01  8.347306E-01  1.976584E-02  0.000000E+00  3.828920E-02 -3.876127E-03  7.854478E-18 -1.299408E-01  0.000000E+00
  3.897377E+00  9.857873E-02  5.000000E-01  8.276990E-01  2.046170E-02  0.000000E+00  3.853248E-02 -3.729863E-03  2.296791E-17 -1.249935E-01  0.000000E+00
  3.864269E+00  1.017026E-01  5.000000E-01  8.206677E-01  2.112513E-02  0.000000E+00  3.876403E-02 -3.565806E-03  3.420569E-17 -1.195846E-01  0.000000E+00
  3.831161E+00  1.046604E-01  5.000000E-01  8.136365E-01  2.175329E-02  0.000000E+00  3.897858E-02 -3.383190E-03  3.759623E-17 -1.136997E-01  0.000000E+00
  3.798054E+00  1.074404E-01  5.000000E-01  8.066053E-01  2.234370E-02  0.000000E+00  3.916940E-02 -3.182156E-03  3.296238E-17 -1.073423E-01  0.000000E+00
  3.764948E+00  1.100303E-01  5.000000E-01  7.995743E-01  2.289373E-02  0.000000E+00  3.933074E-02 -2.963226E-03  2.384775E-17 -1.005293E-01  0.000000E+00
  3.731842E+00  1.124195E-01  5.000000E-01  7.925435E-01  2.340113E-02  0.000000E+00  3.945605E-02 -2.728624E-03  1.251762E-17 -9.332262E-02  0.000000E+00
  3.698737E+00  1.145997E-01  5.000000E-01  7.855129E-01  2.386415E-02  0.000000E+00  3.953795E-02 -2.483132E-03  4.670789E-18 -8.584695E-02  0.000000E+00
  3.665634E+00  1.165677E-01  5.000000E-01  7.784826E-01  2.428211E-02  0.000000E+00  3.956883E-02 -2.234891E-03  3.035041E-18 -7.829232E-02  0.000000E+00
  3.632534E+00  1.183288E-01  5.000000E-01  7.714529E-01  2.465613E-02  0.000000E+00  3.954900E-02 -1.990839E-03  5.150251E-18 -7.082732E-02  0.000000E+00
  3.599434E+00  1.198900E-01  5.000000E-01  7.644233E-01  2.498769E-02  0.000000E+00  3.948594E-02 -1.755000E-03  8.952634E-18 -6.356350E-02  0.000000E+00
  3.566334E+00  1.212610E-01  5.000000E-01  7.573938E-01  2.527885E-02  0.000000E+00  3.938610E-02 -1.530802E-03  1.238410E-17 -5.659561E-02  0.000000E+00
  3.533236E+00  1.224528E-01  5.000000E-01  7.503645E-01  2.553196E-02  0.000000E+00  3.925406E-02 -1.320982E-03  1.279698E-17 -5.001335E-02  0.000000E+00
  3.500138E+00  1.234784E-01  5.000000E-01  7.433353E-01  2.574978E-02  0.000000E+00  3.909182E-02 -1.129079E-03  1.052020E-17 -4.392942E-02  0.000000E+00
  3.467038E+00  1.243546E-01  5.000000E-01  7.363056E-01  2.593585E-02  0.000000E+00  3.890262E-02 -9.588449E-04  7.270947E-18 -3.846689E-02  0.000000E+00
  3.433936E+00  1.251000E-01  5.000000E-01  7.292757E-01  2.609416E-02  0.000000E+00  3.869332E-02 -8.131964E-04  3.424423E-18 -3.374058E-02  0.000000E+00
  3.400832E+00  1.257359E-01  5.000000E-01  7.222452E-01  2.622920E-02  0.000000E+00  3.847242E-02 -6.949891E-04 -7.606838E-19 -2.986670E-02  0.000000E+00
  3.367728E+00  1.262860E-01  5.000000E-01  7.152145E-01  2.634604E-02  0.000000E+00  3.825007E-02 -6.066729E-04 -4.805667E-18 -2.695480E-02  0.000000E+00
  3.334620E+00  1.267761E-01  5.000000E-01  7.081834E-01  2.645013E-02  0.000000E+00  3.803766E-02 -5.502793E-04 -7.585509E-18 -2.510503E-02  0.000000E+00
  3.301512E+00  1.272341E-01  5.000000E-01  7.011519E-01  2.654740E-02  0.000000E+00  3.784728E-02 -5.276599E-04 -9.353735E-18 -2.440809E-02  0.000000E+00
  3.268401E+00  1.276896E-01  5.000000E-01  6.941201E-01  2.664414E-02  0.000000E+00  3.769194E-02 -5.400994E-04 -1.010334E-17 -2.493324E-02  0.000000E+00
  3.235290E+00  1.281734E-01  5.000000E-01  6.870880E-01  2.674687E-02  0.000000E+00  3.758406E-02 -5.883583E-04 -9.604461E-18 -2.672161E-02  0.000000E+00
  3.202177E+00  1.287166E-01  5.000000E-01  6.800557E-01  2.686224E-02  0.000000E+00  3.753263E-02 -6.732252E-04 -8.141039E-18 -2.977553E-02  0.000000E+00
  3.169063E+00  1.293512E-01  5.000000E-01  6.730230E-01  2.699701E-02  0.000000E+00  3.754281E-02 -7.947743E-04 -5.811576E-18 -3.400196E-02  0.000000E+00
  3.135947E+00  1.301083E-01  5.000000E-01  6.659902E-01  2.715780E-02  0.000000E+00  3.762238E-02 -9.463457E-04 -2.614038E-18 -3.907569E-02  0.000000E+00
  3.102831E+00  1.310076E-01  5.000000E-01  6.589570E-01  2.734878E-02  0.000000E+00  3.778446E-02 -1.107410E-03 -1.622209E-20 -4.437004E-02  0.000000E+00
  3.069714E+00  1.320403E-01  5.000000E-01  6.519238E-01  2.756810E-02  0.000000E+00  3.801610E-02 -1.260230E-03  8.172555E-19 -4.934372E-02  0.000000E+00
  3.036593E+00  1.331935E-01  5.000000E-01  6.448898E-01  2.781303E-02  0.000000E+00  3.827588E-02 -1.400529E-03  1.879434E-18 -5.378758E-02  0.000000E+00
  3.003475E+00  1.344540E-01  5.000000E-01  6.378563E-01  2.808071E-02  0.000000E+00  3.853239E-02 -1.526352E-03  2.773857E-18 -5.763588E-02  0.000000E+00
  2.970356E+00  1.358073E-01  5.000000E-01  6.308226E-01  2.836812E-02  0.000000E+00  3.877270E-02 -1.636951E-03  2.708999E-18 -6.089611E-02  0.000000E+00
  2.937236E+00  1.372404E-01  5.000000E-01  6.237887E-01  2.867248E-02  0.000000E+00  3.899824E-02 -1.732216E-03  2.698426E-18 -6.359459E-02  0.000000E+00
  2.904117E+00  1.387394E-01  5.000000E-01  6.167550E-01  2.899082E-02  0.000000E+00  3.921668E-02 -1.811765E-03  3.021856E-18 -6.574497E-02  0.000000E+00
  2.870996E+00  1.402905E-01  5.000000E-01  6.097210E-01  2.932024E-02  0.000000E+00  3.943365E-02 -1.875603E-03  3.692794E-18 -6.735976E-02  0.000000E+00
  2.837877E+00  1.418798E-01  5.000000E-01  6.026873E-01  2.965778E-02  0.000000E+00  3.965183E-02 -1.923364E-03  4.367160E-18 -6.844192E-02  0.000000E+00
  2.804757E+00  1.434933E-01  5.000000E-01  5.956534E-01  3.000045E-02  0.000000E+00  3.987091E-02 -1.954739E-03  4.868514E-18 -6.899309E-02  0.000000E+00
  2.771639E+00  1.451171E-01  5.000000E-01  5.886200E-01  3.034531E-02  0.000000E+00  4.008971E-02 -1.968916E-03  5.269115E-18 -6.900571E-02  0.000000E+00
  2.738522E+00  1.467362E-01  5.000000E-01  5.815867E-01  3.068916E-02  0.000000E+00  4.030562E-02 -1.965394E-03  6.173164E-18 -6.847647E-02  0.000000E+00
  2.705406E+00  1.483367E-01  5.000000E-01  5.745536E-01  3.102906E-02  0.000000E+00  4.051574E-02 -1.943900E-03  7.211079E-18 -6.740494E-02  0.000000E+00
  2.672292E+00  1.499037E-01  5.000000E-01  5.675211E-01  3.136187E-02  0.000000E+00  4.071847E-02 -1.903821E-03  7.944227E-18 -6.578876E-02  0.000000E+00
  2.639177E+00  1.514232E-01  5.000000E-01  5.604884E-01  3.168456E-02  0.000000E+00  4.091216E-02 -1.845043E-03  8.213678E-18 -6.364895E-02  0.000000E+00
  2.606068E+00  1.528803E-01  5.000000E-01  5.534568E-01  3.199402E-02  0.000000E+00  4.109264E-02 -1.769823E-03  8.603686E-18 -6.107011E-02  0.000000E+00
  2.572958E+00  1.542649E-01  5.000000E-01  5.464250E-01  3.228807E-02  0.000000E+00  4.125198E-02 -1.685205E-03  9.080205E-18 -5.822436E-02  0.000000E+00
  2.539852E+00  1.555749E-01  5.000000E-01  5.393941E-01  3.256628E-02  0.000000E+00  4.139230E-02 -1.595978E-03  8.494226E-18 -5.523434E-02  0.000000E+00
  2.506749E+00  1.568074E-01  5.000000E-01  5.323638E-01  3.282804E-02  0.000000E+00  4.152388E-02 -1.502526E-03  8.001638E-18 -5.212927E-02  0.000000E+00
  2.473650E+00  1.579601E-01  5.000000E-01  5.253345E-01  3.307284E-02  0.000000E+00  4.165190E-02 -1.405203E-03  7.596500E-18 -4.892021E-02  0.000000E+00
  2.440554E+00  1.590303E-01  5.000000E-01  5.183056E-01  3.330013E-02  0.000000E+00  4.177623E-02 -1.304499E-03  6.955824E-18 -4.561235E-02  0.000000E+00
  2.407460E+00  1.600166E-01  5.000000E-01  5.112773E-01  3.350959E-02  0.000000E+00  4.189530E-02 -1.200086E-03  6.124753E-18 -4.219782E-02  0.000000E+00
  2.374373E+00  1.609158E-01  5.000000E-01  5.042504E-01  3.370056E-02  0.000000E+00  4.200667E-02 -1.091428E-03  5.526972E-18 -3.867485E-02  0.000000E+00
  2.341286E+00  1.617256E-01  5.000000E-01  4.972235E-01  3.387254E-02  0.000000E+00  4.210482E-02 -9.803024E-04  5.403785E-18 -3.508960E-02  0.000000E+00
  2.308194E+00  1.624461E-01  5.000000E-01  4.901958E-01  3.402556E-02  0.000000E+00  4.218623E-02 -8.692826E-04  4.616023E-18 -3.150590E-02  0.000000E+00
  2.275097E+00  1.630790E-01  5.000000E-01  4.831666E-01  3.415996E-02  0.000000E+00  4.225216E-02 -7.598782E-04  3.490450E-18 -2.796684E-02  0.000000E+00
  2.241991E+00  1.636262E-01  5.000000E-01  4.761359E-01  3.427619E-02  0.000000E+00  4.230549E-02 -6.527377E-04  2.135588E-18 -2.449293E-02  0.000000E+00
  2.208879E+00  1.640901E-01  5.000000E-01  4.691037E-01  3.437471E-02  0.000000E+00  4.234809E-02 -5.479463E-04  1.097086E-18 -2.108738E-02  0.000000E+00
  2.175760E+00  1.644727E-01  5.000000E-01  4.620701E-01  3.445595E-02  0.000000E+00  4.237981E-02 -4.454570E-04  5.139863E-19 -1.774703E-02  0.000000E+00
  2.142637E+00  1.647759E-01  5.000000E-01  4.550354E-01  3.452035E-02  0.000000E+00  4.239969E-02 -3.451597E-04 -1.005621E-19 -1.447228E-02  0.000000E+00
  2.109507E+00  1.650016E-01  5.000000E-01  4.479994E-01  3.456828E-02  0.000000E+00  4.240677E-02 -2.472714E-04 -9.180076E-19 -1.128943E-02  0.000000E+00
  2.076374E+00  1.651519E-01  5.000000E-01  4.409628E-01  3.460019E-02  0.000000E+00  4.239753E-02 -1.549808E-04 -1.731480E-18 -8.304620E-03  0.000000E+00
  2.043241E+00  1.652331E-01  5.000000E-01  4.339261E-01  3.461745E-02  0.000000E+00  4.236690E-02 -7.564681E-05 -2.603907E-18 -5.710004E-03  0.000000E+00
  2.010106E+00  1.652594E-01  5.000000E-01  4.268892E-01  3.462302E-02  0.000000E+00  4.231973E-02 -1.424375E-05 -3.921108E-18 -3.652018E-03  0.000000E+00
  1.976970E+00  1.652448E-01  5.000000E-01  4.198518E-01  3.461992E-02  0.000000E+00  4.226989E-02  2.912051E-05 -5.885362E-18 -2.173346E-03  0.000000E+00
  1.943835E+00  1.652031E-01  5.000000E-01  4.128148E-01  3.461108E-02  0.000000E+00  4.222765E-02  5.494013E-05 -8.491890E-18 -1.282578E-03  0.000000E+00
  1.910699E+00  1.651480E-01  5.000000E-01  4.057775E-01  3.459936E-02  0.000000E+00  4.219665E-02  6.277721E-05 -1.141744E-17 -9.915536E-04  0.000000E+00
  1.877561E+00  1.650940E-01  5.000000E-01  3.987399E-01  3.458790E-02  0.000000E+00  4.217838E-02  5.244415E-05 -1.430335E-17 -1.305920E-03  0.000000E+00
  1.844424E+00  1.650550E-01  5.000000E-01  3.917024E-01  3.457962E-02  0.000000E+00  4.217421E-02  2.379010E-05 -1.661012E-17 -2.231587E-03  0.000000E+00
  1.811282E+00  1.650460E-01  5.000000E-01  3.846638E-01  3.457770E-02  0.000000E+00  4.218565E-02 -2.419168E-05 -1.739540E-17 -3.785314E-03  0.000000E+00
  1.778139E+00  1.650824E-01  5.000000E-01  3.776250E-01  3.458544E-02  0.000000E+00  4.221772E-02 -9.145886E-05 -1.596704E-17 -5.962864E-03  0.000000E+00
  1.744992E+00  1.651789E-01  5.000000E-01  3.705853E-01  3.460594E-02  0.000000E+00  4.227603E-02 -1.782448E-04 -1.243464E-17 -8.759244E-03  0.000000E+00
  1.711843E+00  1.653512E-01  5.000000E-01  3.635455E-01  3.464254E-02  0.000000E+00  4.236684E-02 -2.848065E-04 -7.866954E-18 -1.216678E-02  0.000000E+00
  1.678692E+00  1.656138E-01  5.000000E-01  3.565048E-01  3.469831E-02  0.000000E+00  4.249644E-02 -4.116650E-04 -3.834200E-18 -1.617784E-02  0.000000E+00
  1.645539E+00  1.659826E-01  5.000000E-01  3.494640E-01  3.477662E-02  0.000000E+00  4.267082E-02 -5.591659E-04 -1.401365E-18 -2.077003E-02  0.000000E+00
  1.612385E+00  1.664715E-01  5.000000E-01  3.424230E-01  3.488045E-02  0.000000E+00  4.289413E-02 -7.270816E-04 -4.102334E-19 -2.587336E-02  0.000000E+00
  1.579236E+00  1.670946E-01  5.000000E-01  3.353830E-01  3.501279E-02  0.000000E+00  4.316992E-02 -9.131236E-04 -4.923683E-20 -3.129416E-02  0.000000E+00
  1.546090E+00  1.678621E-01  5.000000E-01  3.283435E-01  3.517578E-02  0.000000E+00  4.351739E-02 -1.100255E-03  5.340248E-19 -3.651128E-02  0.000000E+00
  1.512946E+00  1.687597E-01  5.000000E-01  3.213046E-01  3.536641E-02  0.000000E+00  4.395123E-02 -1.262188E-03  1.737159E-18 -4.085249E-02  0.000000E+00
  1.479807E+00  1.697546E-01  5.000000E-01  3.142666E-01  3.557771E-02  0.000000E+00  4.444654E-02 -1.384636E-03  2.862831E-18 -4.393210E-02  0.000000E+00
  1.446672E+00  1.708130E-01  5.000000E-01  3.072295E-01  3.580249E-02  0.000000E+00  4.496197E-02 -1.464416E-03  3.346004E-18 -4.566258E-02  0.000000E+00
  1.413540E+00  1.719016E-01  5.000000E-01  3.001932E-01  3.603368E-02  0.000000E+00  4.547477E-02 -1.500051E-03  3.714533E-18 -4.605712E-02  0.000000E+00
  1.380413E+00  1.729874E-01  5.000000E-01  2.931578E-01  3.626427E-02  0.000000E+00  4.598242E-02 -1.490540E-03  4.234086E-18 -4.515473E-02  0.000000E+00
  1.347294E+00  1.740379E-01  5.000000E-01  2.861242E-01  3.648736E-02  0.000000E+00  4.649045E-02 -1.436012E-03  4.656599E-18 -4.300746E-02  0.000000E+00
  1.314179E+00  1.750222E-01  5.000000E-01  2.790914E-01  3.669640E-02  0.000000E+00  4.700300E-02 -1.337948E-03  4.574979E-18 -3.968141E-02  0.000000E+00
  1.281074E+00  1.759118E-01  5.000000E-01  2.720606E-01  3.688534E-02  0.000000E+00  4.752198E-02 -1.197704E-03  4.810484E-18 -3.523877E-02  0.000000E+00
  1.247974E+00  1.766798E-01  5.000000E-01  2.650310E-01  3.704844E-02  0.000000E+00  4.804526E-02 -1.017668E-03  6.007927E-18 -2.975475E-02  0.000000E+00
  1.214880E+00  1.773029E-01  5.000000E-01  2.580028E-01  3.718078E-02  0.000000E+00  4.857023E-02 -8.004262E-04  7.238083E-18 -2.330251E-02  0.000000E+00
  1.181795E+00  1.777595E-01  5.000000E-01  2.509763E-01  3.727774E-02  0.000000E+00  4.909594E-02 -5.477621E-04  7.334622E-18 -1.594015E-02  0.000000E+00
  1.148718E+00  1.780302E-01  5.000000E-01  2.439516E-01  3.733523E-02  0.000000E+00  4.961874E-02 -2.630490E-04  5.982179E-18 -7.747820E-03  0.000000E+00
  1.115646E+00  1.780992E-01  5.000000E-01  2.369279E-01  3.734988E-02  0.000000E+00  5.013565E-02  5.009514E-05  4.280722E-18  1.192893E-03  0.000000E+00
  1.082583E+00  1.779531E-01  5.000000E-01  2.299060E-01  3.731885E-02  0.000000E+00  5.064600E-02  3.890346E-04  3.345562E-18  1.081885E-02  0.000000E+00
  1.049524E+00  1.775801E-01  5.000000E-01  2.228852E-01  3.723964E-02  0.000000E+00  5.114787E-02  7.508814E-04  3.723520E-18  2.107238E-02  0.000000E+00
  1.016475E+00  1.769713E-01  5.000000E-01  2.158664E-01  3.711034E-02  0.000000E+00  5.163964E-02  1.133448E-03  5.019872E-18  3.192406E-02  0.000000E+00
  9.834318E-01  1.761181E-01  5.000000E-01  2.088488E-01  3.692914E-02  0.000000E+00  5.212366E-02  1.537936E-03  7.374788E-18  4.341500E-02  0.000000E+00
  9.503976E-01  1.750103E-01  5.000000E-01  2.018331E-01  3.669389E-02  0.000000E+00  5.260230E-02  1.968105E-03  9.101642E-18  5.562481E-02  0.000000E+00
  9.173728E-01  1.736351E-01  5.000000E-01  1.948195E-01  3.640183E-02  0.000000E+00  5.306600E-02  2.421731E-03  8.584074E-18  6.852346E-02  0.000000E+00
  8.843598E-01  1.719850E-01  5.000000E-01  1.878083E-01  3.605138E-02  0.000000E+00  5.350150E-02  2.891530E-03  8.234452E-18  8.197036E-02  0.000000E+00
  8.513623E-01  1.700557E-01  5.000000E-01  1.808005E-01  3.564164E-02  0.000000E+00  5.390569E-02  3.371599E-03  7.083268E-18  9.581250E-02  0.000000E+00
  8.183794E-01  1.678460E-01  5.000000E-01  1.737957E-01  3.517236E-02  0.000000E+00  5.428118E-02  3.856319E-03  3.723658E-18  1.098901E-01  0.000000E+00
  7.854121E-01  1.653580E-01  5.000000E-01  1.667942E-01  3.464396E-02  0.000000E+00  5.463457E-02  4.341278E-03  1.842900E-18  1.240661E-01  0.000000E+00
  7.524593E-01  1.625954E-01  5.000000E-01  1.597959E-01  3.405726E-02  0.000000E+00  5.497504E-02  4.823540E-03  3.203357E-18  1.382478E-01  0.000000E+00
  7.195226E-01  1.595640E-01  5.000000E-01  1.528009E-01  3.341346E-02  0.000000E+00  5.531310E-02  5.302781E-03  2.639871E-18  1.524220E-01  0.000000E+00
  6.866079E-01  1.562694E-01  5.000000E-01  1.458107E-01  3.271378E-02  0.000000E+00  5.565854E-02  5.781862E-03 -1.090668E-18  1.666703E-01  0.000000E+00
  6.537221E-01  1.527156E-01  5.000000E-01  1.388265E-01  3.195904E-02  0.000000E+00  5.601537E-02  6.264398E-03 -2.415590E-18  1.811206E-01  0.000000E+00
  6.208691E-01  1.489046E-01  5.000000E-01  1.318494E-01  3.114968E-02  0.000000E+00  5.637986E-02  6.752588E-03 -9.167949E-19  1.958806E-01  0.000000E+00
  5.880524E-01  1.448373E-01  5.000000E-01  1.248799E-01  3.028589E-02  0.000000E+00  5.674294E-02  7.246410E-03 -3.666001E-18  2.109880E-01  0.000000E+00
  5.552711E-01  1.405141E-01  5.000000E-01  1.179180E-01  2.936774E-02  0.000000E+00  5.709527E-02  7.744262E-03 -4.051614E-18  2.264044E-01  0.000000E+00
  5.225283E-01  1.359364E-01  5.000000E-01  1.109642E-01  2.839555E-02  0.000000E+00  5.743369E-02  8.246388E-03 -5.221475E-19  2.420714E-01  0.000000E+00
  4.898261E-01  1.311040E-01  5.000000E-01  1.040191E-01  2.736925E-02  0.000000E+00  5.775844E-02  8.753068E-03  6.438852E-20  2.579157E-01  0.000000E+00
  4.571624E-01  1.260168E-01  5.000000E-01  9.708208E-02  2.628887E-02  0.000000E+00  5.806831E-02  9.262038E-03 -2.064507E-18  2.738499E-01  0.000000E+00
  4.245350E-01  1.206760E-01  5.000000E-01  9.015283E-02  2.515462E-02  0.000000E+00  5.835824E-02  9.768428E-03 -2.898052E-18  2.898190E-01  0.000000E+00
  3.919369E-01  1.150848E-01  5.000000E-01  8.322980E-02  2.396718E-02  0.000000E+00  5.861773E-02  1.026714E-02  7.584089E-19  3.059064E-01  0.000000E+00
  3.593832E-01  1.092502E-01  5.000000E-01  7.631620E-02  2.272806E-02  0.000000E+00  5.883369E-02  1.076204E-02  7.365141E-18  3.225424E-01  0.000000E+00
  3.269046E-01  1.031750E-01  5.000000E-01  6.941854E-02  2.143783E-02  0.000000E+00  5.898715E-02  1.127215E-02  1.292915E-17  3.406092E-01  0.000000E+00
  2.945750E-01  9.685287E-02  5.000000E-01  6.255252E-02  2.009517E-02  0.000000E+00  5.904039E-02  1.182392E-02  3.904689E-18  3.611428E-01  0.000000E+00
  2.624265E-01  9.024952E-02  5.000000E-01  5.572497E-02  1.869278E-02  0.000000E+00  5.891791E-02  1.240951E-02 -4.689285E-17  3.843425E-01  0.000000E+00
  2.304268E-01  8.332818E-02  5.000000E-01  4.892902E-02  1.722285E-02  0.000000E+00  5.857776E-02  1.300101E-02 -1.768113E-16  4.092817E-01  0.000000E+00
  1.986088E-01  7.607235E-02  5.000000E-01  4.217166E-02  1.568189E-02  0.000000E+00  5.811151E-02  1.360420E-02 -3.843120E-16  4.344123E-01  0.000000E+00
  1.669282E-01  6.844521E-02  5.000000E-01  3.544349E-02  1.406208E-02  0.000000E+00  5.768168E-02  1.414780E-02 -4.567578E-16  4.566467E-01  0.000000E+00
  1.350509E-01  6.045862E-02  5.000000E-01  2.867354E-02  1.236592E-02  0.000000E+00  5.783627E-02  1.478889E-02  2.776931E-16  4.772286E-01  0.000000E+00
  1.043791E-01  5.245045E-02  5.000000E-01  2.215959E-02  1.066518E-02  0.000000E+00  5.980244E-02  1.652861E-02  2.859958E-15  5.109538E-01  0.000000E+00
  7.632629E-02  4.428560E-02  5.000000E-01  1.620187E-02  8.931170E-03  0.000000E+00  6.392134E-02  2.001800E-02  7.382518E-15  5.667094E-01  0.000000E+00
  5.118571E-02  3.588194E-02  5.000000E-01  1.086263E-02  7.146439E-03  0.000000E+00  6.938810E-02  2.536130E-02  1.108069E-14  6.421001E-01  0.000000E+00
  3.264831E-02  2.857672E-02  5.000000E-01  6.925739E-03  5.594990E-03  0.000000E+00  7.541922E-02  3.415945E-02  9.639578E-15  7.544396E-01  0.000000E+00
  2.051015E-02  2.242782E-02  5.000000E-01  4.347892E-03  4.289114E-03  0.000000E+00  7.787680E-02  4.521299E-02  3.431143E-15  9.091751E-01  0.000000E+00
  1.247723E-02  1.716019E-02  5.000000E-01  2.641898E-03  3.170400E-03  0.000000E+00  7.050506E-02  5.149650E-02  1.280719E-15  1.073716E+00  0.000000E+00
  7.055255E-03  1.271117E-02  5.000000E-01  1.490404E-03  2.225538E-03  0.000000E+00  5.222737E-02  4.771530E-02  9.518922E-15  1.231464E+00  0.000000E+00
  3.418635E-03  8.870200E-03  5.000000E-01  7.180754E-04  1.409810E-03  0.000000E+00  2.774168E-02  3.274552E-02  2.049658E-14  1.389440E+00  0.000000E+00
  1.108798E-03  5.389719E-03  5.000000E-01  2.275226E-04  6.706412E-04  0.000000E+00  5.337299E-03  5.025438E-03  2.526698E-14  1.532268E+00  0.000000E+00
  3.747479E-05  2.231909E-03  5.000000E-01  0.000000E+00  0.000000E+00  0.000000E+00  1.541923E-04 -3.520641E-02  2.549426E-14  1.569046E+00  0.000000E+00
  3.747479E-05  2.231909E-03  5.000000E-01  0.000000E+00  0.000000E+00  0.000000E+00  1.541923E-04 -3.520641E-02  2.549426E-14  1.569046E+00  0.000000E+00
  2.534065E-04 -7.924876E-04  5.000000E-01  4.585858E-05 -6.423074E-04  0.000000E+00  2.493211E-02 -7.154202E-02  2.431310E-14  1.388623E+00  0.000000E+00
  1.848580E-03 -3.763845E-03  5.000000E-01  3.846343E-04 -1.273351E-03  0.000000E+00  6.719916E-02 -8.506417E-02  1.967407E-14  1.065112E+00  0.000000E+00
  4.867645E-03 -6.637134E-03  5.000000E-01  1.025809E-03 -1.883567E-03  0.000000E+00  1.036115E-01 -8.019001E-02  9.388286E-15  7.872110E-01  0.000000E+00
  9.380877E-03 -9.503356E-03  5.000000E-01  1.984309E-03 -2.492282E-03  0.000000E+00  1.236124E-01 -6.722524E-02 -1.143040E-17  6.063514E-01  0.000000E+00
  1.589077E-02 -1.249062E-02  5.000000E-01  3.366850E-03 -3.126704E-03  0.000000E+00  1.247344E-01 -4.937829E-02  1.192151E-15  4.706322E-01  0.000000E+00
  2.547297E-02 -1.563838E-02  5.000000E-01  5.401873E-03 -3.795210E-03  0.000000E+00  1.108144E-01 -3.096714E-02  1.045447E-14  3.476207E-01  0.000000E+00
  3.989163E-02 -1.883026E-02  5.000000E-01  8.464043E-03 -4.473086E-03  0.000000E+00  9.112055E-02 -1.674322E-02  1.707209E-14  2.393426E-01  0.000000E+00
  6.092142E-02 -2.171131E-02  5.000000E-01  1.293025E-02 -5.084950E-03  0.000000E+00  7.450573E-02 -8.525360E-03  1.647408E-14  1.621612E-01  0.000000E+00
  8.832839E-02 -2.410754E-02  5.000000E-01  1.875082E-02 -5.593851E-03  0.000000E+00  6.430324E-02 -4.879034E-03  1.154928E-14  1.202800E-01  0.000000E+00
  1.189914E-01 -2.605115E-02  5.000000E-01  2.526288E-02 -6.006626E-03  0.000000E+00  5.910523E-02 -3.434275E-03  6.265803E-15  1.017317E-01  0.000000E+00
  1.511926E-01 -2.775893E-02  5.000000E-01  3.210162E-02 -6.369317E-03  0.000000E+00  5.693656E-02 -2.905887E-03  2.571009E-15  9.479595E-02  0.000000E+00
  1.838450E-01 -2.937628E-02  5.000000E-01  3.903620E-02 -6.712803E-03  0.000000E+00  5.631353E-02 -2.693228E-03  6.516482E-16  9.134858E-02  0.000000E+00
  2.165049E-01 -3.090074E-02  5.000000E-01  4.597235E-02 -7.036559E-03  0.000000E+00  5.617857E-02 -2.494818E-03 -5.273711E-17  8.690305E-02  0.000000E+00
  2.491496E-01 -3.229182E-02  5.000000E-01  5.290529E-02 -7.331992E-03  0.000000E+00  5.604292E-02 -2.268820E-03 -1.655094E-16  8.131005E-02  0.000000E+00
  2.819003E-01 -3.356059E-02  5.000000E-01  5.986073E-02 -7.601446E-03  0.000000E+00  5.578933E-02 -2.071214E-03 -9.854364E-17  7.612168E-02  0.000000E+00
  3.147601E-01 -3.473987E-02  5.000000E-01  6.683936E-02 -7.851896E-03  0.000000E+00  5.542300E-02 -1.929804E-03 -3.201874E-17  7.225907E-02  0.000000E+00
  3.477303E-01 -3.586524E-02  5.000000E-01  7.384141E-02 -8.090897E-03  0.000000E+00  5.499885E-02 -1.846971E-03 -2.680360E-18  6.986778E-02  0.000000E+00
  3.807756E-01 -3.696979E-02  5.000000E-01  8.085941E-02 -8.325477E-03  0.000000E+00  5.455730E-02 -1.804223E-03  3.529164E-18  6.850474E-02  0.000000E+00
  4.138291E-01 -3.806494E-02  5.000000E-01  8.787916E-02 -8.558060E-03  0.000000E+00  5.408760E-02 -1.769082E-03  1.997534E-18  6.745647E-02  0.000000E+00
  4.468689E-01 -3.914533E-02  5.000000E-01  9.489601E-02 -8.787509E-03  0.000000E+00  5.357750E-02 -1.727407E-03 -1.351766E-20  6.638095E-02  0.000000E+00
  4.799091E-01 -4.020865E-02  5.000000E-01  1.019129E-01 -9.013332E-03  0.000000E+00  5.303740E-02 -1.685643E-03 -2.425397E-19  6.539348E-02  0.000000E+00
  5.129612E-01 -4.125873E-02  5.000000E-01  1.089324E-01 -9.236342E-03  0.000000E+00  5.248383E-02 -1.653723E-03 -1.725422E-19  6.474467E-02  0.000000E+00
  5.460360E-01 -4.230493E-02  5.000000E-01  1.159567E-01 -9.458529E-03  0.000000E+00  5.193023E-02 -1.638972E-03 -3.668851E-19  6.463792E-02  0.000000E+00
  5.791347E-01 -4.335989E-02  5.000000E-01  1.229860E-01 -9.682577E-03  0.000000E+00  5.138251E-02 -1.644343E-03 -6.446958E-19  6.517099E-02  0.000000E+00
  6.122565E-01 -4.443682E-02  5.000000E-01  1.300203E-01 -9.911290E-03  0.000000E+00  5.084178E-02 -1.670050E-03 -5.942242E-19  6.637234E-02  0.000000E+00
  6.454013E-01 -4.554928E-02  5.000000E-01  1.370594E-01 -1.014755E-02  0.000000E+00  5.031251E-02 -1.716847E-03 -2.697209E-19  6.826896E-02  0.000000E+00
  6.785693E-01 -4.671220E-02  5.000000E-01  1.441035E-01 -1.039453E-02  0.000000E+00  4.980388E-02 -1.785800E-03 -8.317952E-19  7.088529E-02  0.000000E+00
  7.117575E-01 -4.794109E-02  5.000000E-01  1.511518E-01 -1.065551E-02  0.000000E+00  4.932216E-02 -1.875292E-03 -1.184768E-18  7.418829E-02  0.000000E+00
  7.449560E-01 -4.924885E-02  5.000000E-01  1.582024E-01 -1.093325E-02  0.000000E+00  4.886566E-02 -1.980737E-03 -4.498668E-19  7.808200E-02  0.000000E+00
  7.781569E-01 -5.064506E-02  5.000000E-01  1.652534E-01 -1.122977E-02  0.000000E+00  4.842857E-02 -2.097869E-03 -2.235870E-20  8.247182E-02  0.000000E+00
  8.113578E-01 -5.213772E-02  5.000000E-01  1.723045E-01 -1.154677E-02  0.000000E+00  4.800652E-02 -2.224635E-03 -5.829486E-19  8.730706E-02  0.000000E+00
  8.445597E-01 -5.373448E-02  5.000000E-01  1.793557E-01 -1.188588E-02  0.000000E+00  4.759839E-02 -2.360514E-03 -1.157819E-18  9.256853E-02  0.000000E+00
  8.777625E-01 -5.544309E-02  5.000000E-01  1.864072E-01 -1.224875E-02  0.000000E+00  4.720399E-02 -2.504148E-03 -9.268737E-19  9.822069E-02  0.000000E+00
  9.109638E-01 -5.726934E-02  5.000000E-01  1.934584E-01 -1.263660E-02  0.000000E+00  4.682444E-02 -2.653406E-03  2.000413E-20  1.042028E-01  0.000000E+00
  9.441676E-01 -5.921812E-02  5.000000E-01  2.005100E-01 -1.305047E-02  0.000000E+00  4.646441E-02 -2.806779E-03 -3.218793E-19  1.104440E-01  0.000000E+00
  9.773746E-01 -6.129300E-02  5.000000E-01  2.075624E-01 -1.349113E-02  0.000000E+00  4.612787E-02 -2.961259E-03 -5.404510E-19  1.168289E-01  0.000000E+00
  1.010583E+00 -6.349369E-02  5.000000E-01  2.146150E-01 -1.395850E-02  0.000000E+00  4.581760E-02 -3.113211E-03  1.874199E-18  1.232146E-01  0.000000E+00
  1.043798E+00 -6.581813E-02  5.000000E-01  2.216690E-01 -1.445215E-02  0.000000E+00  4.553664E-02 -3.259565E-03  4.512596E-18  1.294601E-01  0.000000E+00
  1.077015E+00 -6.826069E-02  5.000000E-01  2.287236E-01 -1.497089E-02  0.000000E+00  4.528862E-02 -3.397819E-03  4.509002E-18  1.354338E-01  0.000000E+00
  1.110238E+00 -7.081446E-02  5.000000E-01  2.357793E-01 -1.551325E-02  0.000000E+00  4.507779E-02 -3.525728E-03  3.721999E-18  1.410065E-01  0.000000E+00
  1.143462E+00 -7.346925E-02  5.000000E-01  2.428353E-01 -1.607706E-02  0.000000E+00  4.491007E-02 -3.641634E-03  4.787506E-18  1.460521E-01  0.000000E+00
  1.176693E+00 -7.621442E-02  5.000000E-01  2.498927E-01 -1.666007E-02  0.000000E+00  4.479252E-02 -3.744124E-03  4.283059E-18  1.504374E-01  0.000000E+00
  1.209925E+00 -7.903605E-02  5.000000E-01  2.569505E-01 -1.725932E-02  0.000000E+00  4.472888E-02 -3.829530E-03  1.575840E-18  1.539868E-01  0.000000E+00
  1.243158E+00 -8.191616E-02  5.000000E-01  2.640083E-01 -1.787098E-02  0.000000E+00  4.472269E-02 -3.894950E-03  8.998099E-19  1.565374E-01  0.000000E+00
  1.276395E+00 -8.483611E-02  5.000000E-01  2.710670E-01 -1.849111E-02  0.000000E+00  4.477687E-02 -3.937723E-03  9.131960E-19  1.579410E-01  0.000000E+00
  1.309630E+00 -8.777299E-02  5.000000E-01  2.781253E-01 -1.911483E-02  0.000000E+00  4.489120E-02 -3.953538E-03  1.899511E-20  1.580404E-01  0.000000E+00
  1.342868E+00 -9.070154E-02  5.000000E-01  2.851842E-01 -1.973678E-02  0.000000E+00  4.506728E-02 -3.939865E-03 -1.429967E-18  1.567237E-01  0.000000E+00
  1.376108E+00 -9.359590E-02  5.000000E-01  2.922435E-01 -2.035147E-02  0.000000E+00  4.530541E-02 -3.893107E-03 -1.024337E-18  1.538846E-01  0.000000E+00
  1.409347E+00 -9.642562E-02  5.000000E-01  2.993027E-01 -2.095243E-02  0.000000E+00  4.560337E-02 -3.808957E-03  1.015252E-19  1.494302E-01  0.000000E+00
  1.442589E+00 -9.916031E-02  5.000000E-01  3.063624E-01 -2.153321E-02  0.000000E+00  4.595492E-02 -3.684207E-03 -9.060909E-21  1.433192E-01  0.000000E+00
  1.475831E+00 -1.017676E-01  5.000000E-01  3.134222E-01 -2.208694E-02  0.000000E+00  4.633957E-02 -3.514068E-03 -3.561731E-19  1.355410E-01  0.000000E+00
  1.509072E+00 -1.042143E-01  5.000000E-01  3.204819E-01 -2.260655E-02  0.000000E+00  4.671673E-02 -3.292976E-03 -2.753448E-18  1.261593E-01  0.000000E+00
  1.542314E+00 -1.064665E-01  5.000000E-01  3.275416E-01 -2.308488E-02  0.000000E+00  4.703113E-02 -3.017615E-03 -5.707662E-18  1.153909E-01  0.000000E+00
  1.575558E+00 -1.084928E-01  5.000000E-01  3.346018E-01 -2.351520E-02  0.000000E+00  4.724079E-02 -2.697081E-03 -6.157715E-18  1.037431E-01  0.000000E+00
  1.608800E+00 -1.102740E-01  5.000000E-01  3.416615E-01 -2.389349E-02  0.000000E+00  4.735097E-02 -2.362771E-03 -5.512901E-18  9.206143E-02  0.000000E+00
  1.642044E+00 -1.118214E-01  5.000000E-01  3.487219E-01 -2.422213E-02  0.000000E+00  4.738305E-02 -2.040231E-03 -5.588850E-18  8.099200E-02  0.000000E+00
  1.675286E+00 -1.131481E-01  5.000000E-01  3.557815E-01 -2.450388E-02  0.000000E+00  4.734352E-02 -1.733713E-03 -6.646884E-18  7.069590E-02  0.000000E+00
  1.708526E+00 -1.142673E-01  5.000000E-01  3.628410E-01 -2.474158E-02  0.000000E+00  4.724006E-02 -1.444269E-03 -9.381573E-18  6.116208E-02  0.000000E+00
  1.741762E+00 -1.151919E-01  5.000000E-01  3.698995E-01 -2.493792E-02  0.000000E+00  4.708245E-02 -1.172193E-03 -1.351617E-17  5.233631E-02  0.000000E+00
  1.774995E+00 -1.159334E-01  5.000000E-01  3.769573E-01 -2.509540E-02  0.000000E+00  4.688344E-02 -9.189248E-04 -1.758412E-17  4.419110E-02  0.000000E+00
  1.808227E+00 -1.165057E-01  5.000000E-01  3.840150E-01 -2.521694E-02  0.000000E+00  4.665448E-02 -6.854514E-04 -1.966968E-17  3.670796E-02  0.000000E+00
  1.841453E+00 -1.169209E-01  5.000000E-01  3.910714E-01 -2.530512E-02  0.000000E+00  4.640273E-02 -4.714004E-04 -1.945950E-17  2.985794E-02  0.000000E+00
  1.874678E+00 -1.171917E-01  5.000000E-01  3.981276E-01 -2.536264E-02  0.000000E+00  4.613411E-02 -2.771767E-04 -1.741309E-17  2.362941E-02  0.000000E+00
  1.907900E+00 -1.173310E-01  5.000000E-01  4.051830E-01 -2.539223E-02  0.000000E+00  4.585154E-02 -1.026648E-04 -1.467957E-17  1.800933E-02  0.000000E+00
  1.941118E+00 -1.173514E-01  5.000000E-01  4.122377E-01 -2.539656E-02  0.000000E+00  4.555584E-02  5.243330E-05 -1.205185E-17  1.298703E-02  0.000000E+00
  1.974334E+00 -1.172654E-01  5.000000E-01  4.192919E-01 -2.537830E-02  0.000000E+00  4.524961E-02  1.876301E-04 -9.638101E-18  8.568001E-03  0.000000E+00
  2.007549E+00 -1.170868E-01  5.000000E-01  4.263460E-01 -2.534036E-02  0.000000E+00  4.493775E-02  3.031131E-04 -7.616616E-18  4.747574E-03  0.000000E+00
  2.040760E+00 -1.168282E-01  5.000000E-01  4.333992E-01 -2.528544E-02  0.000000E+00  4.462983E-02  3.997115E-04 -5.742126E-18  1.500418E-03  0.000000E+00
  2.073970E+00 -1.165026E-01  5.000000E-01  4.404522E-01 -2.521628E-02  0.000000E+00  4.434196E-02  4.778086E-04 -3.978197E-18 -1.218061E-03  0.000000E+00
  2.107177E+00 -1.161232E-01  5.000000E-01  4.475045E-01 -2.513572E-02  0.000000E+00  4.408247E-02  5.427649E-04 -2.953538E-18 -3.560961E-03  0.000000E+00
  2.140379E+00 -1.156959E-01  5.000000E-01  4.545558E-01 -2.504496E-02  0.000000E+00  4.384678E-02  6.038139E-04 -2.472079E-18 -5.759053E-03  0.000000E+00
  2.173577E+00 -1.152198E-01  5.000000E-01  4.616063E-01 -2.494386E-02  0.000000E+00  4.363010E-02  6.661778E-04 -2.447595E-18 -7.966531E-03  0.000000E+00
  2.206768E+00 -1.146930E-01  5.000000E-01  4.686553E-01 -2.483198E-02  0.000000E+00  4.343153E-02  7.307096E-04 -2.578738E-18 -1.023395E-02  0.000000E+00
  2.239954E+00 -1.141138E-01  5.000000E-01  4.757033E-01 -2.470897E-02  0.000000E+00  4.324974E-02  7.974688E-04 -2.412021E-18 -1.257208E-02  0.000000E+00
  2.273134E+00 -1.134800E-01  5.000000E-01  4.827498E-01 -2.457437E-02  0.000000E+00  4.308158E-02  8.664199E-04 -2.379700E-18 -1.497990E-02  0.000000E+00
  2.306309E+00 -1.127900E-01  5.000000E-01  4.897953E-01 -2.442783E-02  0.000000E+00  4.292182E-02  9.374279E-04 -2.776198E-18 -1.745118E-02  0.000000E+00
  2.339476E+00 -1.120418E-01  5.000000E-01  4.968391E-01 -2.426892E-02  0.000000E+00  4.276294E-02  1.010634E-03 -3.703776E-18 -1.997779E-02  0.000000E+00
  2.372638E+00 -1.112330E-01  5.000000E-01  5.038821E-01 -2.409716E-02  0.000000E+00  4.260156E-02  1.084175E-03 -4.385212E-18 -2.251137E-02  0.000000E+00
  2.405805E+00 -1.103642E-01  5.000000E-01  5.109258E-01 -2.391265E-02  0.000000E+00  4.243945E-02  1.155101E-03 -4.631074E-18 -2.498131E-02  0.000000E+00
  2.438976E+00 -1.094379E-01  5.000000E-01  5.179706E-01 -2.371593E-02  0.000000E+00  4.227672E-02  1.222630E-03 -5.315351E-18 -2.735684E-02  0.000000E+00
  2.472150E+00 -1.084560E-01  5.000000E-01  5.250160E-01 -2.350740E-02  0.000000E+00  4.211217E-02  1.286901E-03 -5.165462E-18 -2.963234E-02  0.000000E+00
  2.505329E+00 -1.074207E-01  5.000000E-01  5.320624E-01 -2.328752E-02  0.000000E+00  4.194617E-02  1.347605E-03 -5.040913E-18 -3.180008E-02  0.000000E+00
  2.538512E+00 -1.063344E-01  5.000000E-01  5.391097E-01 -2.305682E-02  0.000000E+00  4.178047E-02  1.405016E-03 -5.794476E-18 -3.386288E-02  0.000000E+00
  2.571700E+00 -1.051991E-01  5.000000E-01  5.461579E-01 -2.281570E-02  0.000000E+00  4.162116E-02  1.459047E-03 -6.400796E-18 -3.582426E-02  0.000000E+00
  2.604894E+00 -1.040177E-01  5.000000E-01  5.532074E-01 -2.256480E-02  0.000000E+00  4.147583E-02  1.510382E-03 -6.506965E-18 -3.771439E-02  0.000000E+00
  2.638090E+00 -1.027918E-01  5.000000E-01  5.602574E-01 -2.230445E-02  0.000000E+00  4.134594E-02  1.562590E-03 -5.999887E-18 -3.962694E-02  0.000000E+00
  2.671292E+00 -1.015188E-01  5.000000E-01  5.673087E-01 -2.203409E-02  0.000000E+00  4.122756E-02  1.620029E-03 -6.303920E-18 -4.167524E-02  0.000000E+00
  2.704497E+00 -1.001927E-01  5.000000E-01  5.743607E-01 -2.175248E-02  0.000000E+00  4.111801E-02  1.684533E-03 -6.521091E-18 -4.392131E-02  0.000000E+00
  2.737708E+00 -9.880810E-02  5.000000E-01  5.814140E-01 -2.145841E-02  0.000000E+00  4.101638E-02  1.756203E-03 -5.715206E-18 -4.638104E-02  0.000000E+00
  2.770923E+00 -9.735888E-02  5.000000E-01  5.884680E-01 -2.115063E-02  0.000000E+00  4.092129E-02  1.835196E-03 -5.766465E-18 -4.905930E-02  0.000000E+00
  2.804143E+00 -9.583897E-02  5.000000E-01  5.955230E-01 -2.082784E-02  0.000000E+00  4.083215E-02  1.921359E-03 -6.506724E-18 -5.195301E-02  0.000000E+00
  2.837367E+00 -9.424260E-02  5.000000E-01  6.025790E-01 -2.048881E-02  0.000000E+00  4.074812E-02  2.014869E-03 -7.687001E-18 -5.506566E-02  0.000000E+00
  2.870594E+00 -9.256337E-02  5.000000E-01  6.096356E-01 -2.013219E-02  0.000000E+00  4.066771E-02  2.116118E-03 -8.599534E-18 -5.840733E-02  0.000000E+00
  2.903823E+00 -9.079486E-02  5.000000E-01  6.166926E-01 -1.975660E-02  0.000000E+00  4.058788E-02  2.226012E-03 -8.206274E-18 -6.199720E-02  0.000000E+00
  2.937051E+00 -8.892878E-02  5.000000E-01  6.237495E-01 -1.936029E-02  0.000000E+00  4.050791E-02  2.344621E-03 -8.176810E-18 -6.583790E-02  0.000000E+00
  2.970283E+00 -8.695822E-02  5.000000E-01  6.308072E-01 -1.894179E-02  0.000000E+00  4.042990E-02  2.471652E-03 -9.722002E-18 -6.992147E-02  0.000000E+00
  3.003515E+00 -8.487572E-02  5.000000E-01  6.378648E-01 -1.849952E-02  0.000000E+00  4.035580E-02  2.607486E-03 -1.212957E-17 -7.425050E-02  0.000000E+00
  3.036751E+00 -8.267373E-02  5.000000E-01  6.449232E-01 -1.803187E-02  0.000000E+00  4.028564E-02  2.751784E-03 -1.215572E-17 -7.882092E-02  0.000000E+00
  3.069988E+00 -8.034542E-02  5.000000E-01  6.519820E-01 -1.753739E-02  0.000000E+00  4.020898E-02  2.904227E-03 -1.052778E-17 -8.363060E-02  0.000000E+00
  3.103226E+00 -7.788265E-02  5.000000E-01  6.590409E-01 -1.701436E-02  0.000000E+00  4.010347E-02  3.062724E-03 -1.085828E-17 -8.863273E-02  0.000000E+00
  3.136469E+00 -7.527874E-02  5.000000E-01  6.661010E-01 -1.646136E-02  0.000000E+00  3.994272E-02  3.221665E-03 -1.253976E-17 -9.367742E-02  0.000000E+00
  3.169712E+00 -7.252997E-02  5.000000E-01  6.731610E-01 -1.587759E-02  0.000000E+00  3.972772E-02  3.364717E-03 -1.318657E-17 -9.837991E-02  0.000000E+00
  3.202960E+00 -6.965649E-02  5.000000E-01  6.802220E-01 -1.526733E-02  0.000000E+00  3.948094E-02  3.474469E-03 -1.349287E-17 -1.023074E-01  0.000000E+00
  3.236210E+00 -6.668731E-02  5.000000E-01  6.872834E-01 -1.463675E-02  0.000000E+00  3.921397E-02  3.546221E-03 -1.320741E-17 -1.052695E-01  0.000000E+00
  3.269464E+00 -6.365194E-02  5.000000E-01  6.943459E-01 -1.399211E-02  0.000000E+00  3.893215E-02  3.581146E-03 -1.195250E-17 -1.072361E-01  0.000000E+00
  3.302721E+00 -6.057909E-02  5.000000E-01  7.014088E-01 -1.333951E-02  0.000000E+00  3.864018E-02  3.581863E-03 -1.097466E-17 -1.082390E-01  0.000000E+00
  3.335981E+00 -5.749586E-02  5.000000E-01  7.084724E-01 -1.268471E-02  0.000000E+00  3.834429E-02  3.550940E-03 -9.437560E-18 -1.083190E-01  0.000000E+00
  3.369247E+00 -5.442822E-02  5.000000E-01  7.155373E-01 -1.203322E-02  0.000000E+00  3.805181E-02  3.490834E-03 -8.016591E-18 -1.075150E-01  0.000000E+00
  3.402518E+00 -5.140176E-02  5.000000E-01  7.226032E-01 -1.139047E-02  0.000000E+00  3.776703E-02  3.405152E-03 -8.403499E-18 -1.058883E-01  0.000000E+00
  3.435792E+00 -4.843832E-02  5.000000E-01  7.296699E-01 -1.076111E-02  0.000000E+00  3.749281E-02  3.297369E-03 -9.620225E-18 -1.035044E-01  0.000000E+00
  3.469073E+00 -4.555844E-02  5.000000E-01  7.367378E-01 -1.014950E-02  0.000000E+00  3.723120E-02  3.170497E-03 -1.213366E-17 -1.004246E-01  0.000000E+00
  3.502353E+00 -4.278019E-02  5.000000E-01  7.438057E-01 -9.559463E-03  0.000000E+00  3.698136E-02  3.027509E-03 -1.525219E-17 -9.671452E-02  0.000000E+00
  3.535630E+00 -4.011963E-02  5.000000E-01  7.508728E-01 -8.994426E-03  0.000000E+00  3.673982E-02  2.870821E-03 -1.616182E-17 -9.243712E-02  0.000000E+00
  3.568904E+00 -3.758987E-02  5.000000E-01  7.579395E-01 -8.457167E-03  0.000000E+00  3.650081E-02  2.703316E-03 -1.581600E-17 -8.766368E-02  0.000000E+00
  3.602176E+00 -3.520097E-02  5.000000E-01  7.650056E-01 -7.949824E-03  0.000000E+00  3.626376E-02  2.528008E-03 -1.406127E-17 -8.246078E-02  0.000000E+00
  3.635446E+00 -3.296088E-02  5.000000E-01  7.720714E-01 -7.474083E-03  0.000000E+00  3.604161E-02  2.348092E-03 -1.689093E-17 -7.690095E-02  0.000000E+00
  3.668713E+00 -3.087556E-02  5.000000E-01  7.791364E-01 -7.031211E-03  0.000000E+00  3.586453E-02  2.166671E-03 -3.089802E-17 -7.109379E-02  0.000000E+00
  3.701976E+00 -2.895051E-02  5.000000E-01  7.862008E-01 -6.622378E-03  0.000000E+00  3.576518E-02  1.989799E-03 -5.815020E-17 -6.528014E-02  0.000000E+00
  3.735241E+00 -2.718363E-02  5.000000E-01  7.932655E-01 -6.247136E-03  0.000000E+00  3.574397E-02  1.833791E-03 -9.699244E-17 -5.996109E-02  0.000000E+00
  3.768500E+00 -2.554768E-02  5.000000E-01  8.003288E-01 -5.899701E-03  0.000000E+00  3.577751E-02  1.713496E-03 -1.394047E-16 -5.562027E-02  0.000000E+00
  3.801751E+00 -2.400810E-02  5.000000E-01  8.073904E-01 -5.572732E-03  0.000000E+00  3.584869E-02  1.629708E-03 -1.767023E-16 -5.239820E-02  0.000000E+00
  3.834989E+00 -2.253437E-02  5.000000E-01  8.144494E-01 -5.259748E-03  0.000000E+00  3.594641E-02  1.575574E-03 -2.015588E-16 -5.017771E-02  0.000000E+00
  3.868211E+00 -2.110423E-02  5.000000E-01  8.215050E-01 -4.956022E-03  0.000000E+00  3.605735E-02  1.544456E-03 -2.091760E-16 -4.877408E-02  0.000000E+00
  3.901422E+00 -1.969806E-02  5.000000E-01  8.285581E-01 -4.657386E-03  0.000000E+00  3.616786E-02  1.530924E-03 -2.000984E-16 -4.800284E-02  0.000000E+00
  3.934617E+00 -1.830256E-02  5.000000E-01  8.356079E-01 -4.361016E-03  0.000000E+00  3.627029E-02  1.529368E-03 -1.790317E-16 -4.767971E-02  0.000000E+00
  3.967800E+00 -1.690836E-02  5.000000E-01  8.426551E-01 -4.064921E-03  0.000000E+00  3.636167E-02  1.535597E-03 -1.519604E-16 -4.766384E-02  0.000000E+00
  4.000972E+00 -1.550947E-02  5.000000E-01  8.497000E-01 -3.767832E-03  0.000000E+00  3.644300E-02  1.546738E-03 -1.241562E-16 -4.786631E-02  0.000000E+00
  4.034139E+00 -1.410202E-02  5.000000E-01  8.567440E-01 -3.468925E-03  0.000000E+00  3.651446E-02  1.562904E-03 -9.760172E-17 -4.827238E-02  0.000000E+00
  4.067311E+00 -1.267942E-02  5.000000E-01  8.637889E-01 -3.166800E-03  0.000000E+00  3.657695E-02  1.585106E-03 -7.565704E-17 -4.889363E-02  0.000000E+00
  4.100488E+00 -1.123612E-02  5.000000E-01  8.708348E-01 -2.860277E-03  0.000000E+00  3.663532E-02  1.612169E-03 -5.912782E-17 -4.970430E-02  0.000000E+00
  4.133669E+00 -9.768708E-03  5.000000E-01  8.778817E-01 -2.548636E-03  0.000000E+00  3.669011E-02  1.642699E-03 -4.688968E-17 -5.066935E-02  0.000000E+00
  4.166856E+00 -8.274162E-03  5.000000E-01  8.849299E-01 -2.231231E-03  0.000000E+00  3.673053E-02  1.674937E-03 -3.917808E-17 -5.173317E-02  0.000000E+00
  4.200049E+00 -6.751526E-03  5.000000E-01  8.919792E-01 -1.907861E-03  0.000000E+00  3.673102E-02  1.706296E-03 -3.399500E-17 -5.278226E-02  0.000000E+00
  4.233242E+00 -5.200252E-03  5.000000E-01  8.990285E-01 -1.578408E-03  0.000000E+00  3.666298E-02  1.728856E-03 -2.938159E-17 -5.353694E-02  0.000000E+00
  4.266405E+00 -3.632022E-03  5.000000E-01  9.060714E-01 -1.245355E-03  0.000000E+00  3.651344E-02  1.725259E-03 -2.469005E-17 -5.348595E-02  0.000000E+00
  4.299502E+00 -2.078250E-03  5.000000E-01  9.131006E-01 -9.153718E-04  0.000000E+00  3.628303E-02  1.675991E-03 -1.951588E-17 -5.205551E-02  0.000000E+00
  4.332522E+00 -5.867939E-04  5.000000E-01  9.201132E-01 -5.986231E-04  0.000000E+00  3.596538E-02  1.572685E-03 -1.490511E-17 -4.888634E-02  0.000000E+00
  4.365472E+00  7.969714E-04  5.000000E-01  9.271109E-01 -3.047454E-04  0.000000E+00  3.554593E-02  1.416738E-03 -1.090335E-17 -4.382947E-02  0.000000E+00
  4.398350E+00  2.027021E-03  5.000000E-01  9.340935E-01 -4.351313E-05  0.000000E+00  3.501144E-02  1.210361E-03 -8.771422E-18 -3.677732E-02  0.000000E+00
  4.431155E+00  3.057634E-03  5.000000E-01  9.410604E-01  1.753638E-04  0.000000E+00  3.433963E-02  9.552096E-04 -1.053471E-17 -2.763164E-02  0.000000E+00
  4.463888E+00  3.839172E-03  5.000000E-01  9.480121E-01  3.413432E-04  0.000000E+00  3.347320E-02  6.602095E-04 -1.514735E-17 -1.644386E-02  0.000000E+00
  4.496579E+00  4.335172E-03  5.000000E-01  9.549549E-01  4.466814E-04  0.000000E+00  3.233194E-02  3.455556E-04 -2.023309E-17 -3.421462E-03  0.000000E+00
  4.529252E+00  4.523264E-03  5.000000E-01  9.618938E-01  4.866275E-04  0.000000E+00  3.088576E-02  3.706650E-05 -2.332000E-17  1.128024E-02  0.000000E+00
  4.561929E+00  4.398222E-03  5.000000E-01  9.688336E-01  4.600718E-04  0.000000E+00  2.918605E-02 -2.457766E-04 -2.333683E-17  2.747263E-02  0.000000E+00
  4.594574E+00  3.957004E-03  5.000000E-01  9.757665E-01  3.663678E-04  0.000000E+00  2.725950E-02 -5.008848E-04 -2.087759E-17  4.463782E-02  0.000000E+00
  4.627203E+00  3.197987E-03  5.000000E-01  9.826961E-01  2.051714E-04  0.000000E+00  2.500326E-02 -7.133577E-04 -1.776355E-17  6.188472E-02  0.000000E+00
  4.659162E+00  2.146107E-03  5.000000E-01  9.894835E-01 -1.822208E-05  0.000000E+00  2.205863E-02 -7.966963E-04 -1.292364E-17  7.106489E-02  0.000000E+00
  4.689251E+00  8.799513E-04  5.000000E-01  9.958736E-01 -2.871225E-04  0.000000E+00  1.735849E-02 -7.081210E-04  3.990701E-18  3.804423E-02  0.000000E+00
  4.708680E+00 -7.667877E-05  5.000000E-01  9.999999E-01 -4.902872E-04  0.000000E+00  1.262809E-02 -8.375880E-04  1.060739E-17 -5.363118E-02  0.000000E+00
    1    2
    2    3
    3    4
    4    5
    5    6
    6    7
    7    8
    8    9
    9   10
   10   11
   11   12
   12   13
   13   14
   14   15
   15   16
   16   17
   17   18
   18   19
   19   20
   20   21
   21   22
   22   23
   23   24
   24   25
   25   26
   26   27
   27   28
   28   29
   29   30
   30   31
   31   32
   32   33
   33   34
   34   35
   35   36
   36   37
   37   38
   38   39
   39   40
   40   41
   41   42
   42   43
   43   44
   44   45
   45   46
   46   47
   47   48
   48   49
   49   50
   50   51
   51   52
   52   53
   53   54
   54   55
   55   56
   56   57
   57   58
   58   59
   59   60
   60   61
   61   62
   62   63
   63   64
   64   65
   65   66
   66   67
   67   68
   68   69
   69   70
   70   71
   71   72
   72   73
   73   74
   74   75
   75   76
   76   77
   77   78
   78   79
   79   80
   80   81
   81   82
   82   83
   83   84
   84   85
   85   86
   86   87
   87   88
   88   89
   89   90
   90   91
   91   92
   92   93
   93   94
   94   95
   95   96
   96   97
   97   98
   98   99
   99  100
  100  101
  101  102
  102  103
  103  104
  104  105
  105  106
  106  107
  107  108
  108  109
  109  110
  110  111
  111  112
  112  113
  113  114
  114  115
  115  116
  116  117
  117  118
  118  119
  119  120
  120  121
  121  122
  122  123
  123  124
  124  125
  125  126
  126  127
  127  128
  128  129
  129  130
  130  131
  131  132
  132  133
  133  134
  134  135
  135  136
  136  137
  137  138
  138  139
  139  140
  140  141
  141  142
  142  143
  143  144
  144  145
  145  146
  146  147
  147  148
  148  149
  149  150
  151  152
  152  153
  153  154
  154  155
  155  156
  156  157
  157  158
  158  159
  159  160
  160  161
  161  162
  162  163
  163  164
  164  165
  165  166
  166  167
  167  168
  168  169
  169  170
  170  171
  171  172
  172  173
  173  174
  174  175
  175  176
  176  177
  177  178
  178  179
  179  180
  180  181
  181  182
  182  183
  183  184
  184  185
  185  186
  186  187
  187  188
  188  189
  189  190
  190  191
  191  192
  192  193
  193  194
  194  195
  195  196
  196  197
  197  198
  198  199
  199  200
  200  201
  201  202
  202  203
  203  204
  204  205
  205  206
  206  207
  207  208
  208  209
  209  210
  210  211
  211  212
  212  213
  213  214
  214  215
  215  216
  216  217
  217  218
  218  219
  219  220
  220  221
  221  222
  222  223
  223  224
  224  225
  225  226
  226  227
  227  228
  228  229
  229  230
  230  231
  231  232
  232  233
  233  234
  234  235
  235  236
  236  237
  237  238
  238  239
  239  240
  240  241
  241  242
  242  243
  243  244
  244  245
  245  246
  246  247
  247  248
  248  249
  249  250
  250  251
  251  252
  252  253
  253  254
  254  255
  255  256
  256  257
  257  258
  258  259
  259  260
  260  261
  261  262
  262  263
  263  264
  264  265
  265  266
  266  267
  267  268
  268  269
  269  270
  270  271
  271  272
  272  273
  273  274
  274  275
  275  276
  276  277
  277  278
  278  279
  279  280
  280  281
  281  282
  282  283
  283  284
  284  285
  285  286
  286  287
  287  288
  288  289
  289  290
  290  291
  291  292
  292  293
  293  294
  294  295
  295  296
  296  297
  297  298
  298  299
  299  300
