 Title = "ADflow Slice Data"
Variables =  "CoordinateX"  "CoordinateY"  "CoordinateZ"  "XoC"  "YoC"  "ZoC" "VelocityX" "VelocityY" "VelocityZ" "CoefPressure" "Mach" 
Zone T= "Slice_0001 None Absolute Regular z = 0.50000000"
 Nodes =          300  Elements=          298  ZONETYPE=FELINESEG
 DATAPACKING=POINT
  4.708680E+00 -5.503868E-04  5.000000E-01  1.000000E+00 -2.977554E-04  0.000000E+00  1.211453E-02 -8.485613E-04  3.482517E-17 -9.323194E-02  0.000000E+00
  4.689187E+00  3.098005E-03  5.000000E-01  9.958601E-01  4.770734E-04  0.000000E+00  1.232475E-02 -2.115175E-03  5.179650E-17 -1.898697E-01  0.000000E+00
  4.658673E+00  8.675051E-03  5.000000E-01  9.893797E-01  1.661501E-03  0.000000E+00  1.874357E-02 -3.403715E-03  1.232583E-16 -2.121236E-01  0.000000E+00
  4.626256E+00  1.443859E-02  5.000000E-01  9.824952E-01  2.885534E-03  0.000000E+00  2.577135E-02 -4.500138E-03  2.335252E-16 -2.238851E-01  0.000000E+00
  4.593146E+00  2.016959E-02  5.000000E-01  9.754635E-01  4.102658E-03  0.000000E+00  3.100750E-02 -5.301339E-03  3.632613E-16 -2.239950E-01  0.000000E+00
  4.560031E+00  2.575573E-02  5.000000E-01  9.684306E-01  5.289017E-03  0.000000E+00  3.357242E-02 -5.605742E-03  4.899334E-16 -2.191774E-01  0.000000E+00
  4.526891E+00  3.120852E-02  5.000000E-01  9.613924E-01  6.447056E-03  0.000000E+00  3.427406E-02 -5.576925E-03  6.170799E-16 -2.144449E-01  0.000000E+00
  4.493752E+00  3.652857E-02  5.000000E-01  9.543545E-01  7.576903E-03  0.000000E+00  3.441525E-02 -5.460285E-03  7.625810E-16 -2.103464E-01  0.000000E+00
  4.460612E+00  4.171669E-02  5.000000E-01  9.473164E-01  8.678733E-03  0.000000E+00  3.466492E-02 -5.361996E-03  9.227891E-16 -2.064860E-01  0.000000E+00
  4.427470E+00  4.677343E-02  5.000000E-01  9.402779E-01  9.752660E-03  0.000000E+00  3.511076E-02 -5.288422E-03  1.074213E-15 -2.026444E-01  0.000000E+00
  4.394325E+00  5.169313E-02  5.000000E-01  9.332387E-01  1.079748E-02  0.000000E+00  3.563654E-02 -5.217984E-03  1.185120E-15 -1.986885E-01  0.000000E+00
  4.361178E+00  5.647200E-02  5.000000E-01  9.261991E-01  1.181240E-02  0.000000E+00  3.613807E-02 -5.133909E-03  1.229879E-15 -1.945370E-01  0.000000E+00
  4.328027E+00  6.110353E-02  5.000000E-01  9.191586E-01  1.279602E-02  0.000000E+00  3.658026E-02 -5.029228E-03  1.204712E-15 -1.901272E-01  0.000000E+00
  4.294876E+00  6.557912E-02  5.000000E-01  9.121181E-01  1.374653E-02  0.000000E+00  3.696861E-02 -4.905387E-03  1.118466E-15 -1.854443E-01  0.000000E+00
  4.261727E+00  6.989211E-02  5.000000E-01  9.050782E-01  1.466250E-02  0.000000E+00  3.732081E-02 -4.765813E-03  9.884736E-16 -1.804908E-01  0.000000E+00
  4.228582E+00  7.403593E-02  5.000000E-01  8.980388E-01  1.554254E-02  0.000000E+00  3.765488E-02 -4.611556E-03  8.336101E-16 -1.752381E-01  0.000000E+00
  4.195443E+00  7.800123E-02  5.000000E-01  8.910010E-01  1.638468E-02  0.000000E+00  3.798179E-02 -4.441866E-03  6.636871E-16 -1.696341E-01  0.000000E+00
  4.162308E+00  8.177764E-02  5.000000E-01  8.839639E-01  1.718670E-02  0.000000E+00  3.829908E-02 -4.256781E-03  4.754488E-16 -1.636683E-01  0.000000E+00
  4.129179E+00  8.535730E-02  5.000000E-01  8.769281E-01  1.794693E-02  0.000000E+00  3.860086E-02 -4.056045E-03  2.680978E-16 -1.573453E-01  0.000000E+00
  4.096054E+00  8.873043E-02  5.000000E-01  8.698932E-01  1.866330E-02  0.000000E+00  3.888262E-02 -3.839615E-03  6.665838E-17 -1.506691E-01  0.000000E+00
  4.062934E+00  9.188983E-02  5.000000E-01  8.628593E-01  1.933427E-02  0.000000E+00  3.913896E-02 -3.608493E-03 -9.293992E-17 -1.436612E-01  0.000000E+00
  4.029817E+00  9.482814E-02  5.000000E-01  8.558262E-01  1.995830E-02  0.000000E+00  3.936563E-02 -3.363720E-03 -1.871309E-16 -1.363498E-01  0.000000E+00
  3.996705E+00  9.753970E-02  5.000000E-01  8.487940E-01  2.053417E-02  0.000000E+00  3.955615E-02 -3.108117E-03 -2.123541E-16 -1.288006E-01  0.000000E+00
  3.963594E+00  1.000222E-01  5.000000E-01  8.417620E-01  2.106139E-02  0.000000E+00  3.970431E-02 -2.845775E-03 -1.834951E-16 -1.211112E-01  0.000000E+00
  3.930486E+00  1.022764E-01  5.000000E-01  8.347306E-01  2.154012E-02  0.000000E+00  3.980773E-02 -2.580901E-03 -1.245711E-16 -1.133929E-01  0.000000E+00
  3.897377E+00  1.043056E-01  5.000000E-01  8.276991E-01  2.197108E-02  0.000000E+00  3.986577E-02 -2.319698E-03 -5.504224E-17 -1.057922E-01  0.000000E+00
  3.864269E+00  1.061196E-01  5.000000E-01  8.206677E-01  2.235632E-02  0.000000E+00  3.988174E-02 -2.068722E-03  4.528276E-18 -9.848135E-02  0.000000E+00
  3.831161E+00  1.077303E-01  5.000000E-01  8.136366E-01  2.269841E-02  0.000000E+00  3.986166E-02 -1.835159E-03  3.553497E-17 -9.167215E-02  0.000000E+00
  3.798054E+00  1.091578E-01  5.000000E-01  8.066053E-01  2.300157E-02  0.000000E+00  3.981393E-02 -1.627755E-03  3.518580E-17 -8.561167E-02  0.000000E+00
  3.764948E+00  1.104272E-01  5.000000E-01  7.995744E-01  2.327115E-02  0.000000E+00  3.975044E-02 -1.455089E-03  1.385183E-17 -8.053621E-02  0.000000E+00
  3.731842E+00  1.115708E-01  5.000000E-01  7.925435E-01  2.351402E-02  0.000000E+00  3.968124E-02 -1.325991E-03 -1.049987E-17 -7.663603E-02  0.000000E+00
  3.698737E+00  1.126287E-01  5.000000E-01  7.855130E-01  2.373870E-02  0.000000E+00  3.962956E-02 -1.238541E-03 -2.275140E-17 -7.382386E-02  0.000000E+00
  3.665634E+00  1.136300E-01  5.000000E-01  7.784827E-01  2.395135E-02  0.000000E+00  3.963070E-02 -1.173439E-03 -1.758577E-17 -7.165065E-02  0.000000E+00
  3.632534E+00  1.145795E-01  5.000000E-01  7.714529E-01  2.415301E-02  0.000000E+00  3.968856E-02 -1.114285E-03  1.005466E-18 -6.971437E-02  0.000000E+00
  3.599434E+00  1.154788E-01  5.000000E-01  7.644234E-01  2.434400E-02  0.000000E+00  3.977346E-02 -1.057854E-03  2.378028E-17 -6.787190E-02  0.000000E+00
  3.566334E+00  1.163303E-01  5.000000E-01  7.573938E-01  2.452483E-02  0.000000E+00  3.986064E-02 -1.003501E-03  4.449168E-17 -6.607511E-02  0.000000E+00
  3.533236E+00  1.171354E-01  5.000000E-01  7.503646E-01  2.469582E-02  0.000000E+00  3.994061E-02 -9.501211E-04  6.010353E-17 -6.430647E-02  0.000000E+00
  3.500138E+00  1.178950E-01  5.000000E-01  7.433353E-01  2.485713E-02  0.000000E+00  4.001219E-02 -8.980822E-04  6.934675E-17 -6.258185E-02  0.000000E+00
  3.467038E+00  1.186112E-01  5.000000E-01  7.363057E-01  2.500923E-02  0.000000E+00  4.007875E-02 -8.481417E-04  7.190956E-17 -6.091685E-02  0.000000E+00
  3.433936E+00  1.192858E-01  5.000000E-01  7.292757E-01  2.515251E-02  0.000000E+00  4.014541E-02 -7.999037E-04  6.683685E-17 -5.930458E-02  0.000000E+00
  3.400832E+00  1.199202E-01  5.000000E-01  7.222453E-01  2.528724E-02  0.000000E+00  4.021459E-02 -7.530679E-04  5.558336E-17 -5.773592E-02  0.000000E+00
  3.367728E+00  1.205156E-01  5.000000E-01  7.152146E-01  2.541368E-02  0.000000E+00  4.028702E-02 -7.071361E-04  4.165611E-17 -5.619414E-02  0.000000E+00
  3.334620E+00  1.210723E-01  5.000000E-01  7.081834E-01  2.553191E-02  0.000000E+00  4.036224E-02 -6.615066E-04  2.928431E-17 -5.466033E-02  0.000000E+00
  3.301512E+00  1.215906E-01  5.000000E-01  7.011520E-01  2.564199E-02  0.000000E+00  4.043844E-02 -6.158153E-04  2.221812E-17 -5.312412E-02  0.000000E+00
  3.268401E+00  1.220705E-01  5.000000E-01  6.941201E-01  2.574391E-02  0.000000E+00  4.051463E-02 -5.694907E-04  2.091512E-17 -5.156874E-02  0.000000E+00
  3.235290E+00  1.225113E-01  5.000000E-01  6.870881E-01  2.583753E-02  0.000000E+00  4.059043E-02 -5.218235E-04  2.347347E-17 -4.997216E-02  0.000000E+00
  3.202177E+00  1.229117E-01  5.000000E-01  6.800557E-01  2.592256E-02  0.000000E+00  4.066432E-02 -4.725994E-04  2.723740E-17 -4.832682E-02  0.000000E+00
  3.169063E+00  1.232708E-01  5.000000E-01  6.730231E-01  2.599883E-02  0.000000E+00  4.073521E-02 -4.216033E-04  3.015825E-17 -4.663405E-02  0.000000E+00
  3.135947E+00  1.235870E-01  5.000000E-01  6.659902E-01  2.606598E-02  0.000000E+00  4.080240E-02 -3.690843E-04  3.141102E-17 -4.491047E-02  0.000000E+00
  3.102831E+00  1.238597E-01  5.000000E-01  6.589571E-01  2.612389E-02  0.000000E+00  4.086402E-02 -3.171334E-04  3.045824E-17 -4.320593E-02  0.000000E+00
  3.069714E+00  1.240907E-01  5.000000E-01  6.519238E-01  2.617295E-02  0.000000E+00  4.092025E-02 -2.676707E-04  2.714983E-17 -4.156824E-02  0.000000E+00
  3.036593E+00  1.242827E-01  5.000000E-01  6.448898E-01  2.621372E-02  0.000000E+00  4.097476E-02 -2.209437E-04  2.180253E-17 -4.001090E-02  0.000000E+00
  3.003475E+00  1.244376E-01  5.000000E-01  6.378564E-01  2.624663E-02  0.000000E+00  4.103181E-02 -1.759831E-04  1.535239E-17 -3.851895E-02  0.000000E+00
  2.970356E+00  1.245565E-01  5.000000E-01  6.308226E-01  2.627186E-02  0.000000E+00  4.109166E-02 -1.328509E-04  9.441399E-18 -3.709017E-02  0.000000E+00
  2.937236E+00  1.246415E-01  5.000000E-01  6.237888E-01  2.628992E-02  0.000000E+00  4.115336E-02 -9.177960E-05  5.291609E-18 -3.572554E-02  0.000000E+00
  2.904117E+00  1.246939E-01  5.000000E-01  6.167550E-01  2.630105E-02  0.000000E+00  4.121710E-02 -5.227132E-05  3.170172E-18 -3.441520E-02  0.000000E+00
  2.870996E+00  1.247151E-01  5.000000E-01  6.097211E-01  2.630556E-02  0.000000E+00  4.128247E-02 -1.434728E-05  2.779191E-18 -3.315621E-02  0.000000E+00
  2.837877E+00  1.247066E-01  5.000000E-01  6.026873E-01  2.630374E-02  0.000000E+00  4.134977E-02  2.227650E-05  3.541948E-18 -3.194081E-02  0.000000E+00
  2.804757E+00  1.246691E-01  5.000000E-01  5.956535E-01  2.629578E-02  0.000000E+00  4.141890E-02  5.764398E-05  5.069102E-18 -3.076437E-02  0.000000E+00
  2.771639E+00  1.246040E-01  5.000000E-01  5.886200E-01  2.628197E-02  0.000000E+00  4.149042E-02  9.231307E-05  7.022363E-18 -2.961515E-02  0.000000E+00
  2.738522E+00  1.245113E-01  5.000000E-01  5.815867E-01  2.626228E-02  0.000000E+00  4.156401E-02  1.263922E-04  8.821355E-18 -2.848889E-02  0.000000E+00
  2.705406E+00  1.243922E-01  5.000000E-01  5.745537E-01  2.623698E-02  0.000000E+00  4.163915E-02  1.597038E-04  9.663860E-18 -2.738638E-02  0.000000E+00
  2.672292E+00  1.242469E-01  5.000000E-01  5.675211E-01  2.620612E-02  0.000000E+00  4.171621E-02  1.925328E-04  9.252453E-18 -2.630201E-02  0.000000E+00
  2.639177E+00  1.240761E-01  5.000000E-01  5.604885E-01  2.616985E-02  0.000000E+00  4.179511E-02  2.248283E-04  7.702521E-18 -2.523231E-02  0.000000E+00
  2.606068E+00  1.238802E-01  5.000000E-01  5.534568E-01  2.612825E-02  0.000000E+00  4.187654E-02  2.572632E-04  5.775994E-18 -2.416030E-02  0.000000E+00
  2.572958E+00  1.236588E-01  5.000000E-01  5.464251E-01  2.608122E-02  0.000000E+00  4.196015E-02  2.902204E-04  4.250653E-18 -2.307084E-02  0.000000E+00
  2.539852E+00  1.234118E-01  5.000000E-01  5.393941E-01  2.602876E-02  0.000000E+00  4.204575E-02  3.245235E-04  3.263747E-18 -2.194089E-02  0.000000E+00
  2.506749E+00  1.231373E-01  5.000000E-01  5.323639E-01  2.597047E-02  0.000000E+00  4.213237E-02  3.609318E-04  2.655923E-18 -2.075178E-02  0.000000E+00
  2.473650E+00  1.228342E-01  5.000000E-01  5.253345E-01  2.590609E-02  0.000000E+00  4.221733E-02  3.991853E-04  2.109155E-18 -1.950569E-02  0.000000E+00
  2.440554E+00  1.225009E-01  5.000000E-01  5.183056E-01  2.583531E-02  0.000000E+00  4.229850E-02  4.386928E-04  1.515896E-18 -1.821208E-02  0.000000E+00
  2.407460E+00  1.221371E-01  5.000000E-01  5.112774E-01  2.575806E-02  0.000000E+00  4.237591E-02  4.796888E-04  9.514138E-19 -1.686981E-02  0.000000E+00
  2.374373E+00  1.217412E-01  5.000000E-01  5.042504E-01  2.567398E-02  0.000000E+00  4.244986E-02  5.226207E-04  5.857484E-19 -1.548291E-02  0.000000E+00
  2.341286E+00  1.213119E-01  5.000000E-01  4.972236E-01  2.558280E-02  0.000000E+00  4.251757E-02  5.655357E-04  4.569277E-19 -1.410285E-02  0.000000E+00
  2.308194E+00  1.208504E-01  5.000000E-01  4.901958E-01  2.548478E-02  0.000000E+00  4.257806E-02  6.058637E-04  3.145318E-19 -1.279597E-02  0.000000E+00
  2.275097E+00  1.203594E-01  5.000000E-01  4.831667E-01  2.538051E-02  0.000000E+00  4.263498E-02  6.423581E-04 -3.791423E-19 -1.160470E-02  0.000000E+00
  2.241991E+00  1.198422E-01  5.000000E-01  4.761359E-01  2.527068E-02  0.000000E+00  4.269374E-02  6.747054E-04 -8.405535E-19 -1.054752E-02  0.000000E+00
  2.208879E+00  1.193023E-01  5.000000E-01  4.691038E-01  2.515600E-02  0.000000E+00  4.275886E-02  7.031008E-04 -1.187882E-18 -9.625996E-03  0.000000E+00
  2.175760E+00  1.187425E-01  5.000000E-01  4.620701E-01  2.503712E-02  0.000000E+00  4.283270E-02  7.277860E-04 -1.904127E-18 -8.834618E-03  0.000000E+00
  2.142637E+00  1.181660E-01  5.000000E-01  4.550354E-01  2.491469E-02  0.000000E+00  4.291591E-02  7.489909E-04 -2.256906E-18 -8.161980E-03  0.000000E+00
  2.109507E+00  1.175754E-01  5.000000E-01  4.479994E-01  2.478926E-02  0.000000E+00  4.300841E-02  7.670396E-04 -2.664566E-18 -7.584474E-03  0.000000E+00
  2.076374E+00  1.169735E-01  5.000000E-01  4.409628E-01  2.466143E-02  0.000000E+00  4.311179E-02  7.842075E-04 -3.491674E-18 -7.039028E-03  0.000000E+00
  2.043241E+00  1.163594E-01  5.000000E-01  4.339262E-01  2.453100E-02  0.000000E+00  4.322620E-02  8.033329E-04 -4.238562E-18 -6.452581E-03  0.000000E+00
  2.010106E+00  1.157312E-01  5.000000E-01  4.268892E-01  2.439760E-02  0.000000E+00  4.334728E-02  8.251592E-04 -4.826776E-18 -5.789859E-03  0.000000E+00
  1.976970E+00  1.150871E-01  5.000000E-01  4.198519E-01  2.426080E-02  0.000000E+00  4.347092E-02  8.499727E-04 -5.932517E-18 -5.033378E-03  0.000000E+00
  1.943835E+00  1.144247E-01  5.000000E-01  4.128148E-01  2.412012E-02  0.000000E+00  4.359483E-02  8.781013E-04 -6.733138E-18 -4.175589E-03  0.000000E+00
  1.910699E+00  1.137414E-01  5.000000E-01  4.057776E-01  2.397501E-02  0.000000E+00  4.371724E-02  9.090153E-04 -7.113922E-18 -3.227968E-03  0.000000E+00
  1.877561E+00  1.130358E-01  5.000000E-01  3.987399E-01  2.382516E-02  0.000000E+00  4.383831E-02  9.424861E-04 -7.942599E-18 -2.200413E-03  0.000000E+00
  1.844424E+00  1.123057E-01  5.000000E-01  3.917024E-01  2.367010E-02  0.000000E+00  4.395897E-02  9.783699E-04 -8.527598E-18 -1.102881E-03  0.000000E+00
  1.811282E+00  1.115497E-01  5.000000E-01  3.846638E-01  2.350955E-02  0.000000E+00  4.407928E-02  1.015744E-03 -8.549596E-18  4.474594E-05  0.000000E+00
  1.778139E+00  1.107673E-01  5.000000E-01  3.776250E-01  2.334339E-02  0.000000E+00  4.420104E-02  1.054773E-03 -8.132078E-18  1.240899E-03  0.000000E+00
  1.744992E+00  1.099569E-01  5.000000E-01  3.705854E-01  2.317127E-02  0.000000E+00  4.432514E-02  1.095423E-03 -7.013825E-18  2.483651E-03  0.000000E+00
  1.711843E+00  1.091180E-01  5.000000E-01  3.635455E-01  2.299311E-02  0.000000E+00  4.445197E-02  1.137747E-03 -5.600225E-18  3.774018E-03  0.000000E+00
  1.678692E+00  1.082489E-01  5.000000E-01  3.565049E-01  2.280854E-02  0.000000E+00  4.458145E-02  1.181679E-03 -4.655107E-18  5.114614E-03  0.000000E+00
  1.645539E+00  1.073494E-01  5.000000E-01  3.494640E-01  2.261752E-02  0.000000E+00  4.471388E-02  1.227512E-03 -3.243311E-18  6.517540E-03  0.000000E+00
  1.612385E+00  1.064176E-01  5.000000E-01  3.424231E-01  2.241962E-02  0.000000E+00  4.485004E-02  1.276222E-03 -2.069491E-18  8.006285E-03  0.000000E+00
  1.579236E+00  1.054518E-01  5.000000E-01  3.353830E-01  2.221450E-02  0.000000E+00  4.498954E-02  1.328615E-03 -1.868380E-18  9.594026E-03  0.000000E+00
  1.546090E+00  1.044488E-01  5.000000E-01  3.283435E-01  2.200148E-02  0.000000E+00  4.512910E-02  1.383482E-03 -1.433005E-18  1.125192E-02  0.000000E+00
  1.512946E+00  1.034084E-01  5.000000E-01  3.213046E-01  2.178054E-02  0.000000E+00  4.526612E-02  1.438535E-03 -1.146206E-18  1.293008E-02  0.000000E+00
  1.479807E+00  1.023312E-01  5.000000E-01  3.142666E-01  2.155176E-02  0.000000E+00  4.540338E-02  1.493747E-03 -1.235417E-18  1.461418E-02  0.000000E+00
  1.446672E+00  1.012169E-01  5.000000E-01  3.072296E-01  2.131511E-02  0.000000E+00  4.554371E-02  1.549235E-03 -4.553969E-19  1.629944E-02  0.000000E+00
  1.413540E+00  1.000658E-01  5.000000E-01  3.001932E-01  2.107065E-02  0.000000E+00  4.568892E-02  1.605130E-03  1.118587E-18  1.798907E-02  0.000000E+00
  1.380413E+00  9.887788E-02  5.000000E-01  2.931579E-01  2.081836E-02  0.000000E+00  4.584044E-02  1.662219E-03  1.402905E-18  1.970070E-02  0.000000E+00
  1.347294E+00  9.765243E-02  5.000000E-01  2.861242E-01  2.055811E-02  0.000000E+00  4.599811E-02  1.721104E-03 -1.163543E-19  2.144979E-02  0.000000E+00
  1.314179E+00  9.638835E-02  5.000000E-01  2.790915E-01  2.028965E-02  0.000000E+00  4.616045E-02  1.781682E-03 -1.634218E-18  2.324049E-02  0.000000E+00
  1.281074E+00  9.508521E-02  5.000000E-01  2.720606E-01  2.001289E-02  0.000000E+00  4.632697E-02  1.844298E-03 -2.732552E-18  2.508020E-02  0.000000E+00
  1.247974E+00  9.374136E-02  5.000000E-01  2.650310E-01  1.972749E-02  0.000000E+00  4.649675E-02  1.908682E-03 -3.763895E-18  2.696508E-02  0.000000E+00
  1.214880E+00  9.235662E-02  5.000000E-01  2.580028E-01  1.943341E-02  0.000000E+00  4.666975E-02  1.974638E-03 -4.123310E-18  2.889255E-02  0.000000E+00
  1.181795E+00  9.092993E-02  5.000000E-01  2.509763E-01  1.913042E-02  0.000000E+00  4.684725E-02  2.042824E-03 -3.931964E-18  3.087108E-02  0.000000E+00
  1.148718E+00  8.946013E-02  5.000000E-01  2.439516E-01  1.881827E-02  0.000000E+00  4.702841E-02  2.112647E-03 -3.273195E-18  3.288888E-02  0.000000E+00
  1.115646E+00  8.794686E-02  5.000000E-01  2.369279E-01  1.849689E-02  0.000000E+00  4.721293E-02  2.183425E-03 -1.140342E-18  3.493153E-02  0.000000E+00
  1.082583E+00  8.639014E-02  5.000000E-01  2.299061E-01  1.816628E-02  0.000000E+00  4.740257E-02  2.255302E-03  5.214405E-19  3.699668E-02  0.000000E+00
  1.049524E+00  8.478942E-02  5.000000E-01  2.228852E-01  1.782632E-02  0.000000E+00  4.759927E-02  2.328212E-03  7.892790E-19  3.907643E-02  0.000000E+00
  1.016475E+00  8.314514E-02  5.000000E-01  2.158664E-01  1.747712E-02  0.000000E+00  4.780512E-02  2.402044E-03  5.572184E-19  4.114984E-02  0.000000E+00
  9.834318E-01  8.145689E-02  5.000000E-01  2.088488E-01  1.711858E-02  0.000000E+00  4.801957E-02  2.474284E-03  2.649144E-19  4.314899E-02  0.000000E+00
  9.503976E-01  7.972860E-02  5.000000E-01  2.018331E-01  1.675153E-02  0.000000E+00  4.824398E-02  2.542121E-03  9.475738E-20  4.500436E-02  0.000000E+00
  9.173728E-01  7.796424E-02  5.000000E-01  1.948195E-01  1.637682E-02  0.000000E+00  4.848618E-02  2.606502E-03 -1.128346E-18  4.672114E-02  0.000000E+00
  8.843598E-01  7.616677E-02  5.000000E-01  1.878083E-01  1.599508E-02  0.000000E+00  4.875466E-02  2.670490E-03 -2.207828E-18  4.836181E-02  0.000000E+00
  8.513623E-01  7.433679E-02  5.000000E-01  1.808005E-01  1.560644E-02  0.000000E+00  4.905340E-02  2.737109E-03 -1.576862E-18  5.000347E-02  0.000000E+00
  8.183794E-01  7.247332E-02  5.000000E-01  1.737957E-01  1.521069E-02  0.000000E+00  4.938119E-02  2.807870E-03 -4.565928E-19  5.170127E-02  0.000000E+00
  7.854121E-01  7.057487E-02  5.000000E-01  1.667943E-01  1.480750E-02  0.000000E+00  4.973604E-02  2.883587E-03  4.366554E-19  5.349204E-02  0.000000E+00
  7.524593E-01  6.863941E-02  5.000000E-01  1.597959E-01  1.439646E-02  0.000000E+00  5.011766E-02  2.964814E-03  1.533063E-18  5.540205E-02  0.000000E+00
  7.195226E-01  6.666495E-02  5.000000E-01  1.528010E-01  1.397713E-02  0.000000E+00  5.052851E-02  3.052760E-03  2.051556E-19  5.746504E-02  0.000000E+00
  6.866079E-01  6.464877E-02  5.000000E-01  1.458107E-01  1.354894E-02  0.000000E+00  5.097280E-02  3.149824E-03 -1.806009E-18  5.973259E-02  0.000000E+00
  6.537221E-01  6.258671E-02  5.000000E-01  1.388265E-01  1.311101E-02  0.000000E+00  5.145289E-02  3.258362E-03 -1.761955E-18  6.225334E-02  0.000000E+00
  6.208691E-01  6.047352E-02  5.000000E-01  1.318494E-01  1.266222E-02  0.000000E+00  5.196769E-02  3.379665E-03 -3.591418E-18  6.505105E-02  0.000000E+00
  5.880524E-01  5.830366E-02  5.000000E-01  1.248799E-01  1.220140E-02  0.000000E+00  5.251401E-02  3.513659E-03 -5.926559E-18  6.811945E-02  0.000000E+00
  5.552711E-01  5.607200E-02  5.000000E-01  1.179180E-01  1.172745E-02  0.000000E+00  5.308875E-02  3.659245E-03 -6.495137E-18  7.143208E-02  0.000000E+00
  5.225283E-01  5.377478E-02  5.000000E-01  1.109642E-01  1.123958E-02  0.000000E+00  5.369061E-02  3.815930E-03 -7.716074E-18  7.496633E-02  0.000000E+00
  4.898261E-01  5.140807E-02  5.000000E-01  1.040191E-01  1.073694E-02  0.000000E+00  5.431620E-02  3.982653E-03 -9.502335E-18  7.868487E-02  0.000000E+00
  4.571624E-01  4.896918E-02  5.000000E-01  9.708209E-02  1.021898E-02  0.000000E+00  5.495595E-02  4.156357E-03 -1.022631E-17  8.251229E-02  0.000000E+00
  4.245350E-01  4.645707E-02  5.000000E-01  9.015283E-02  9.685474E-03  0.000000E+00  5.559329E-02  4.332160E-03 -6.157637E-18  8.634761E-02  0.000000E+00
  3.919369E-01  4.387310E-02  5.000000E-01  8.322981E-02  9.136702E-03  0.000000E+00  5.620597E-02  4.504980E-03 -8.927618E-20  9.012191E-02  0.000000E+00
  3.593832E-01  4.122151E-02  5.000000E-01  7.631621E-02  8.573570E-03  0.000000E+00  5.676809E-02  4.674322E-03  5.478217E-18  9.391107E-02  0.000000E+00
  3.269046E-01  3.850476E-02  5.000000E-01  6.941854E-02  7.996598E-03  0.000000E+00  5.724385E-02  4.846742E-03  2.557392E-18  9.798650E-02  0.000000E+00
  2.945750E-01  3.572120E-02  5.000000E-01  6.255253E-02  7.405439E-03  0.000000E+00  5.757405E-02  5.030660E-03 -3.311721E-17  1.026731E-01  0.000000E+00
  2.624265E-01  3.285773E-02  5.000000E-01  5.572497E-02  6.797308E-03  0.000000E+00  5.766709E-02  5.215773E-03 -1.347894E-16  1.079419E-01  0.000000E+00
  2.304268E-01  2.990560E-02  5.000000E-01  4.892903E-02  6.170347E-03  0.000000E+00  5.746699E-02  5.379818E-03 -2.937921E-16  1.133754E-01  0.000000E+00
  1.986088E-01  2.687006E-02  5.000000E-01  4.217167E-02  5.525674E-03  0.000000E+00  5.705841E-02  5.514222E-03 -3.103507E-16  1.184294E-01  0.000000E+00
  1.669282E-01  2.375324E-02  5.000000E-01  3.544349E-02  4.863737E-03  0.000000E+00  5.669170E-02  5.584295E-03  3.618410E-16  1.220706E-01  0.000000E+00
  1.350509E-01  2.059086E-02  5.000000E-01  2.867354E-02  4.192125E-03  0.000000E+00  5.705064E-02  5.659950E-03  2.474108E-15  1.250842E-01  0.000000E+00
  1.043791E-01  1.753742E-02  5.000000E-01  2.215959E-02  3.543650E-03  0.000000E+00  5.946847E-02  6.135585E-03  6.864515E-15  1.330378E-01  0.000000E+00
  7.632629E-02  1.453834E-02  5.000000E-01  1.620187E-02  2.906720E-03  0.000000E+00  6.506630E-02  7.290438E-03  1.920186E-14  1.491730E-01  0.000000E+00
  5.118571E-02  1.159005E-02  5.000000E-01  1.086263E-02  2.280575E-03  0.000000E+00  7.488356E-02  9.352506E-03  7.234045E-14  1.739443E-01  0.000000E+00
  3.264831E-02  9.149704E-03  5.000000E-01  6.925739E-03  1.762305E-03  0.000000E+00  9.079402E-02  1.355582E-02  2.621517E-13  2.155465E-01  0.000000E+00
  2.051015E-02  7.164351E-03  5.000000E-01  4.347893E-03  1.340665E-03  0.000000E+00  1.120139E-01  2.097980E-02  6.796072E-13  2.785770E-01  0.000000E+00
  1.247723E-02  5.502455E-03  5.000000E-01  2.641898E-03  9.877194E-04  0.000000E+00  1.325061E-01  3.077212E-02  1.073518E-12  3.540179E-01  0.000000E+00
  7.055255E-03  4.121484E-03  5.000000E-01  1.490404E-03  6.944351E-04  0.000000E+00  1.455214E-01  4.239376E-02  3.269549E-13  4.374531E-01  0.000000E+00
  3.418635E-03  2.935894E-03  5.000000E-01  7.180754E-04  4.426448E-04  0.000000E+00  1.462949E-01  5.847389E-02 -3.908028E-12  5.627900E-01  0.000000E+00
  1.108798E-03  1.854303E-03  5.000000E-01  2.275226E-04  2.129415E-04  0.000000E+00  1.158224E-01  7.602880E-02 -1.470161E-11  9.147858E-01  0.000000E+00
  3.747479E-05  8.516372E-04  5.000000E-01  0.000000E+00  0.000000E+00  0.000000E+00  5.061142E-02  1.994335E-02 -3.084040E-11  1.520421E+00  0.000000E+00
  3.747479E-05  8.516372E-04  5.000000E-01  0.000000E+00  0.000000E+00  0.000000E+00  5.061142E-02  1.994335E-02 -3.084040E-11  1.520421E+00  0.000000E+00
  2.534065E-04 -1.495449E-04  5.000000E-01  4.585858E-05 -2.126265E-04  0.000000E+00  6.074014E-02 -5.836754E-02 -2.948985E-11  1.452189E+00  0.000000E+00
  1.848580E-03 -1.192913E-03  5.000000E-01  3.846343E-04 -4.342122E-04  0.000000E+00  1.268806E-01 -6.276685E-02 -1.178960E-11  8.360967E-01  0.000000E+00
  4.867645E-03 -2.280195E-03  5.000000E-01  1.025809E-03 -6.651242E-04  0.000000E+00  1.449295E-01 -4.533439E-02 -1.253317E-12  5.591018E-01  0.000000E+00
  9.380877E-03 -3.460245E-03  5.000000E-01  1.984309E-03 -9.157378E-04  0.000000E+00  1.396758E-01 -3.297534E-02  1.917494E-12  4.601215E-01  0.000000E+00
  1.589077E-02 -4.820613E-03  5.000000E-01  3.366850E-03 -1.204646E-03  0.000000E+00  1.248285E-01 -2.390187E-02  1.669440E-12  3.929078E-01  0.000000E+00
  2.547297E-02 -6.462989E-03  5.000000E-01  5.401873E-03 -1.553447E-03  0.000000E+00  1.045322E-01 -1.647776E-02  7.415065E-13  3.324085E-01  0.000000E+00
  3.989163E-02 -8.495614E-03  5.000000E-01  8.464043E-03 -1.985127E-03  0.000000E+00  8.500523E-02 -1.105933E-02  1.865449E-13  2.816974E-01  0.000000E+00
  6.092142E-02 -1.095585E-02  5.000000E-01  1.293025E-02 -2.507620E-03  0.000000E+00  7.038071E-02 -7.795418E-03  1.461720E-14  2.460402E-01  0.000000E+00
  8.832839E-02 -1.379894E-02  5.000000E-01  1.875082E-02 -3.111423E-03  0.000000E+00  6.142395E-02 -6.202834E-03 -6.488507E-15  2.264282E-01  0.000000E+00
  1.189914E-01 -1.681546E-02  5.000000E-01  2.526288E-02 -3.752057E-03  0.000000E+00  5.680928E-02 -5.542290E-03 -2.067063E-15  2.182070E-01  0.000000E+00
  1.511926E-01 -1.994395E-02  5.000000E-01  3.210163E-02 -4.416472E-03  0.000000E+00  5.497093E-02 -5.350354E-03 -8.193273E-17  2.162332E-01  0.000000E+00
  1.838450E-01 -2.314278E-02  5.000000E-01  3.903620E-02 -5.095825E-03  0.000000E+00  5.465126E-02 -5.351807E-03 -7.500579E-17  2.162762E-01  0.000000E+00
  2.165049E-01 -2.635556E-02  5.000000E-01  4.597236E-02 -5.778141E-03  0.000000E+00  5.492589E-02 -5.368487E-03 -1.729406E-16  2.155275E-01  0.000000E+00
  2.491496E-01 -2.954067E-02  5.000000E-01  5.290529E-02 -6.454579E-03  0.000000E+00  5.527279E-02 -5.346559E-03 -1.092430E-16  2.135462E-01  0.000000E+00
  2.819003E-01 -3.269498E-02  5.000000E-01  5.986074E-02 -7.124477E-03  0.000000E+00  5.548381E-02 -5.299769E-03 -2.965674E-17  2.111399E-01  0.000000E+00
  3.147601E-01 -3.582119E-02  5.000000E-01  6.683936E-02 -7.788407E-03  0.000000E+00  5.551558E-02 -5.243999E-03  3.761653E-18  2.089583E-01  0.000000E+00
  3.477303E-01 -3.892677E-02  5.000000E-01  7.384142E-02 -8.447955E-03  0.000000E+00  5.540483E-02 -5.189223E-03  6.204138E-18  2.072091E-01  0.000000E+00
  3.807756E-01 -4.201790E-02  5.000000E-01  8.085941E-02 -9.104436E-03  0.000000E+00  5.520015E-02 -5.133788E-03  2.451413E-18  2.056816E-01  0.000000E+00
  4.138291E-01 -4.508827E-02  5.000000E-01  8.787917E-02 -9.756508E-03  0.000000E+00  5.492248E-02 -5.064075E-03 -3.548379E-19  2.039423E-01  0.000000E+00
  4.468689E-01 -4.812606E-02  5.000000E-01  9.489601E-02 -1.040166E-02  0.000000E+00  5.458333E-02 -4.974247E-03 -3.643948E-18  2.017728E-01  0.000000E+00
  4.799091E-01 -5.112395E-02  5.000000E-01  1.019129E-01 -1.103834E-02  0.000000E+00  5.420028E-02 -4.870092E-03 -4.997518E-18  1.992560E-01  0.000000E+00
  5.129612E-01 -5.407814E-02  5.000000E-01  1.089324E-01 -1.166574E-02  0.000000E+00  5.379189E-02 -4.759656E-03 -2.483136E-18  1.965740E-01  0.000000E+00
  5.460360E-01 -5.698830E-02  5.000000E-01  1.159567E-01 -1.228378E-02  0.000000E+00  5.337353E-02 -4.649406E-03 -1.005551E-18  1.938853E-01  0.000000E+00
  5.791347E-01 -5.985573E-02  5.000000E-01  1.229860E-01 -1.289275E-02  0.000000E+00  5.295478E-02 -4.542767E-03 -8.528278E-19  1.912827E-01  0.000000E+00
  6.122565E-01 -6.268219E-02  5.000000E-01  1.300203E-01 -1.349302E-02  0.000000E+00  5.254134E-02 -4.441092E-03 -1.433674E-18  1.888140E-01  0.000000E+00
  6.454013E-01 -6.546997E-02  5.000000E-01  1.370594E-01 -1.408508E-02  0.000000E+00  5.214050E-02 -4.346055E-03 -2.906727E-18  1.865239E-01  0.000000E+00
  6.785693E-01 -6.822241E-02  5.000000E-01  1.441035E-01 -1.466963E-02  0.000000E+00  5.176237E-02 -4.259605E-03 -3.821680E-18  1.844461E-01  0.000000E+00
  7.117575E-01 -7.094330E-02  5.000000E-01  1.511518E-01 -1.524748E-02  0.000000E+00  5.141453E-02 -4.181671E-03 -4.678292E-18  1.825594E-01  0.000000E+00
  7.449560E-01 -7.363459E-02  5.000000E-01  1.582024E-01 -1.581904E-02  0.000000E+00  5.109750E-02 -4.109681E-03 -3.233118E-18  1.807863E-01  0.000000E+00
  7.781569E-01 -7.629645E-02  5.000000E-01  1.652534E-01 -1.638436E-02  0.000000E+00  5.080665E-02 -4.040963E-03 -1.716915E-18  1.790534E-01  0.000000E+00
  8.113578E-01 -7.892861E-02  5.000000E-01  1.723045E-01 -1.694336E-02  0.000000E+00  5.053631E-02 -3.974412E-03 -1.649972E-18  1.773346E-01  0.000000E+00
  8.445597E-01 -8.153123E-02  5.000000E-01  1.793558E-01 -1.749610E-02  0.000000E+00  5.028163E-02 -3.910324E-03 -1.084801E-18  1.756479E-01  0.000000E+00
  8.777625E-01 -8.410528E-02  5.000000E-01  1.864072E-01 -1.804276E-02  0.000000E+00  5.003773E-02 -3.848805E-03 -1.588160E-18  1.740203E-01  0.000000E+00
  9.109638E-01 -8.665134E-02  5.000000E-01  1.934584E-01 -1.858348E-02  0.000000E+00  4.980122E-02 -3.789971E-03 -1.640277E-18  1.724793E-01  0.000000E+00
  9.441676E-01 -8.917116E-02  5.000000E-01  2.005100E-01 -1.911863E-02  0.000000E+00  4.957358E-02 -3.735190E-03  4.106653E-19  1.710600E-01  0.000000E+00
  9.773746E-01 -9.166739E-02  5.000000E-01  2.075624E-01 -1.964877E-02  0.000000E+00  4.935936E-02 -3.685380E-03  8.535742E-19  1.697694E-01  0.000000E+00
  1.010583E+00 -9.414221E-02  5.000000E-01  2.146150E-01 -2.017436E-02  0.000000E+00  4.916272E-02 -3.639959E-03  2.800216E-19  1.685661E-01  0.000000E+00
  1.043798E+00 -9.659750E-02  5.000000E-01  2.216690E-01 -2.069580E-02  0.000000E+00  4.898362E-02 -3.595905E-03 -7.624138E-19  1.673573E-01  0.000000E+00
  1.077015E+00 -9.903124E-02  5.000000E-01  2.287237E-01 -2.121267E-02  0.000000E+00  4.882025E-02 -3.550449E-03 -2.077964E-18  1.660591E-01  0.000000E+00
  1.110238E+00 -1.014415E-01  5.000000E-01  2.357793E-01 -2.172455E-02  0.000000E+00  4.867198E-02 -3.502673E-03 -2.354768E-18  1.646319E-01  0.000000E+00
  1.143462E+00 -1.038252E-01  5.000000E-01  2.428354E-01 -2.223078E-02  0.000000E+00  4.853913E-02 -3.452471E-03 -2.172311E-18  1.630631E-01  0.000000E+00
  1.176693E+00 -1.061803E-01  5.000000E-01  2.498927E-01 -2.273095E-02  0.000000E+00  4.842261E-02 -3.400060E-03 -2.069898E-18  1.613482E-01  0.000000E+00
  1.209925E+00 -1.085040E-01  5.000000E-01  2.569505E-01 -2.322444E-02  0.000000E+00  4.832050E-02 -3.343961E-03 -2.478604E-18  1.594558E-01  0.000000E+00
  1.243158E+00 -1.107919E-01  5.000000E-01  2.640083E-01 -2.371035E-02  0.000000E+00  4.823131E-02 -3.283564E-03 -1.503852E-18  1.573664E-01  0.000000E+00
  1.276395E+00 -1.130411E-01  5.000000E-01  2.710670E-01 -2.418802E-02  0.000000E+00  4.815388E-02 -3.218736E-03 -4.765338E-19  1.550711E-01  0.000000E+00
  1.309630E+00 -1.152470E-01  5.000000E-01  2.781253E-01 -2.465650E-02  0.000000E+00  4.808534E-02 -3.148252E-03 -2.709597E-18  1.525491E-01  0.000000E+00
  1.342868E+00 -1.174051E-01  5.000000E-01  2.851842E-01 -2.511483E-02  0.000000E+00  4.802535E-02 -3.072613E-03 -4.333881E-18  1.498095E-01  0.000000E+00
  1.376108E+00 -1.195121E-01  5.000000E-01  2.922436E-01 -2.556229E-02  0.000000E+00  4.797308E-02 -2.991587E-03 -2.764625E-18  1.468526E-01  0.000000E+00
  1.409347E+00 -1.215626E-01  5.000000E-01  2.993027E-01 -2.599777E-02  0.000000E+00  4.792690E-02 -2.904509E-03 -2.949776E-18  1.436721E-01  0.000000E+00
  1.442589E+00 -1.235528E-01  5.000000E-01  3.063625E-01 -2.642044E-02  0.000000E+00  4.788656E-02 -2.811941E-03 -4.085908E-18  1.402816E-01  0.000000E+00
  1.475831E+00 -1.254784E-01  5.000000E-01  3.134222E-01 -2.682939E-02  0.000000E+00  4.784946E-02 -2.713603E-03 -4.137875E-18  1.366854E-01  0.000000E+00
  1.509072E+00 -1.273350E-01  5.000000E-01  3.204819E-01 -2.722368E-02  0.000000E+00  4.781058E-02 -2.609021E-03 -6.320757E-18  1.328913E-01  0.000000E+00
  1.542314E+00 -1.291181E-01  5.000000E-01  3.275416E-01 -2.760239E-02  0.000000E+00  4.776517E-02 -2.498865E-03 -8.771245E-18  1.289356E-01  0.000000E+00
  1.575558E+00 -1.308250E-01  5.000000E-01  3.346018E-01 -2.796488E-02  0.000000E+00  4.770975E-02 -2.384359E-03 -9.987542E-18  1.248738E-01  0.000000E+00
  1.608800E+00 -1.324525E-01  5.000000E-01  3.416615E-01 -2.831053E-02  0.000000E+00  4.764548E-02 -2.268382E-03 -1.127316E-17  1.207865E-01  0.000000E+00
  1.642044E+00 -1.340020E-01  5.000000E-01  3.487219E-01 -2.863959E-02  0.000000E+00  4.757572E-02 -2.153364E-03 -1.181484E-17  1.167352E-01  0.000000E+00
  1.675286E+00 -1.354734E-01  5.000000E-01  3.557816E-01 -2.895210E-02  0.000000E+00  4.750119E-02 -2.039016E-03 -1.184433E-17  1.127222E-01  0.000000E+00
  1.708526E+00 -1.368673E-01  5.000000E-01  3.628410E-01 -2.924813E-02  0.000000E+00  4.742227E-02 -1.925040E-03 -1.378071E-17  1.087364E-01  0.000000E+00
  1.741762E+00 -1.381836E-01  5.000000E-01  3.698996E-01 -2.952767E-02  0.000000E+00  4.733819E-02 -1.810648E-03 -1.671083E-17  1.047591E-01  0.000000E+00
  1.774995E+00 -1.394213E-01  5.000000E-01  3.769573E-01 -2.979052E-02  0.000000E+00  4.725015E-02 -1.696384E-03 -1.940020E-17  1.007960E-01  0.000000E+00
  1.808227E+00 -1.405813E-01  5.000000E-01  3.840150E-01 -3.003689E-02  0.000000E+00  4.715947E-02 -1.582704E-03 -2.142816E-17  9.685454E-02  0.000000E+00
  1.841453E+00 -1.416632E-01  5.000000E-01  3.910714E-01 -3.026665E-02  0.000000E+00  4.706562E-02 -1.469081E-03 -2.183278E-17  9.292682E-02  0.000000E+00
  1.874678E+00 -1.426670E-01  5.000000E-01  3.981276E-01 -3.047983E-02  0.000000E+00  4.696883E-02 -1.355888E-03 -2.203258E-17  8.901837E-02  0.000000E+00
  1.907900E+00 -1.435928E-01  5.000000E-01  4.051830E-01 -3.067645E-02  0.000000E+00  4.686853E-02 -1.243131E-03 -2.164586E-17  8.513114E-02  0.000000E+00
  1.941118E+00 -1.444407E-01  5.000000E-01  4.122377E-01 -3.085651E-02  0.000000E+00  4.676360E-02 -1.130701E-03 -2.038598E-17  8.126732E-02  0.000000E+00
  1.974334E+00 -1.452105E-01  5.000000E-01  4.192920E-01 -3.102001E-02  0.000000E+00  4.665466E-02 -1.019333E-03 -1.901145E-17  7.744312E-02  0.000000E+00
  2.007549E+00 -1.459034E-01  5.000000E-01  4.263460E-01 -3.116717E-02  0.000000E+00  4.654278E-02 -9.091949E-04 -1.766444E-17  7.366460E-02  0.000000E+00
  2.040760E+00 -1.465195E-01  5.000000E-01  4.333993E-01 -3.129800E-02  0.000000E+00  4.642940E-02 -7.999155E-04 -1.600680E-17  6.992436E-02  0.000000E+00
  2.073970E+00 -1.470590E-01  5.000000E-01  4.404522E-01 -3.141259E-02  0.000000E+00  4.631860E-02 -6.919866E-04 -1.443478E-17  6.622037E-02  0.000000E+00
  2.107177E+00 -1.475230E-01  5.000000E-01  4.475046E-01 -3.151113E-02  0.000000E+00  4.621235E-02 -5.842274E-04 -1.331021E-17  6.251791E-02  0.000000E+00
  2.140379E+00 -1.479099E-01  5.000000E-01  4.545558E-01 -3.159329E-02  0.000000E+00  4.611051E-02 -4.747518E-04 -1.223860E-17  5.876723E-02  0.000000E+00
  2.173577E+00 -1.482179E-01  5.000000E-01  4.616063E-01 -3.165871E-02  0.000000E+00  4.601299E-02 -3.624800E-04 -1.128515E-17  5.493374E-02  0.000000E+00
  2.206768E+00 -1.484441E-01  5.000000E-01  4.686554E-01 -3.170675E-02  0.000000E+00  4.591976E-02 -2.468839E-04 -1.041154E-17  5.099845E-02  0.000000E+00
  2.239954E+00 -1.485860E-01  5.000000E-01  4.757033E-01 -3.173688E-02  0.000000E+00  4.583049E-02 -1.278069E-04 -9.388676E-18  4.695418E-02  0.000000E+00
  2.273134E+00 -1.486404E-01  5.000000E-01  4.827499E-01 -3.174844E-02  0.000000E+00  4.574344E-02 -5.165913E-06 -8.668801E-18  4.279912E-02  0.000000E+00
  2.306309E+00 -1.486047E-01  5.000000E-01  4.897953E-01 -3.174085E-02  0.000000E+00  4.565461E-02  1.210544E-04 -8.760224E-18  3.853702E-02  0.000000E+00
  2.339476E+00 -1.484757E-01  5.000000E-01  4.968392E-01 -3.171346E-02  0.000000E+00  4.555725E-02  2.512010E-04 -9.727066E-18  3.417509E-02  0.000000E+00
  2.372638E+00 -1.482501E-01  5.000000E-01  5.038821E-01 -3.166554E-02  0.000000E+00  4.544870E-02  3.833961E-04 -1.097391E-17  2.976524E-02  0.000000E+00
  2.405805E+00 -1.479272E-01  5.000000E-01  5.109259E-01 -3.159696E-02  0.000000E+00  4.533201E-02  5.144369E-04 -1.194150E-17  2.538448E-02  0.000000E+00
  2.438976E+00 -1.475083E-01  5.000000E-01  5.179706E-01 -3.150799E-02  0.000000E+00  4.520944E-02  6.434127E-04 -1.208945E-17  2.106684E-02  0.000000E+00
  2.472150E+00 -1.469940E-01  5.000000E-01  5.250160E-01 -3.139877E-02  0.000000E+00  4.508237E-02  7.704260E-04 -1.186645E-17  1.681739E-02  0.000000E+00
  2.505329E+00 -1.463853E-01  5.000000E-01  5.320625E-01 -3.126951E-02  0.000000E+00  4.495253E-02  8.950571E-04 -1.124392E-17  1.264203E-02  0.000000E+00
  2.538512E+00 -1.456836E-01  5.000000E-01  5.391097E-01 -3.112049E-02  0.000000E+00  4.481845E-02  1.017424E-03 -9.735173E-18  8.538898E-03  0.000000E+00
  2.571700E+00 -1.448896E-01  5.000000E-01  5.461580E-01 -3.095186E-02  0.000000E+00  4.467603E-02  1.136998E-03 -6.512457E-18  4.523024E-03  0.000000E+00
  2.604894E+00 -1.440053E-01  5.000000E-01  5.532074E-01 -3.076404E-02  0.000000E+00  4.451821E-02  1.253066E-03 -1.289094E-18  6.281499E-04  0.000000E+00
  2.638090E+00 -1.430319E-01  5.000000E-01  5.602575E-01 -3.055732E-02  0.000000E+00  4.434256E-02  1.362287E-03  3.344716E-18 -3.053052E-03  0.000000E+00
  2.671292E+00 -1.419761E-01  5.000000E-01  5.673087E-01 -3.033311E-02  0.000000E+00  4.415418E-02  1.459292E-03  7.356546E-18 -6.388466E-03  0.000000E+00
  2.704497E+00 -1.408478E-01  5.000000E-01  5.743608E-01 -3.009349E-02  0.000000E+00  4.395675E-02  1.541850E-03  9.706548E-18 -9.305717E-03  0.000000E+00
  2.737708E+00 -1.396572E-01  5.000000E-01  5.814140E-01 -2.984063E-02  0.000000E+00  4.375183E-02  1.610065E-03  8.950662E-18 -1.178980E-02  0.000000E+00
  2.770923E+00 -1.384142E-01  5.000000E-01  5.884680E-01 -2.957663E-02  0.000000E+00  4.354135E-02  1.664453E-03  5.274373E-18 -1.384635E-02  0.000000E+00
  2.804143E+00 -1.371284E-01  5.000000E-01  5.955231E-01 -2.930357E-02  0.000000E+00  4.332896E-02  1.705191E-03  5.012550E-20 -1.548084E-02  0.000000E+00
  2.837367E+00 -1.358101E-01  5.000000E-01  6.025790E-01 -2.902359E-02  0.000000E+00  4.311826E-02  1.732871E-03 -5.418051E-18 -1.670697E-02  0.000000E+00
  2.870594E+00 -1.344686E-01  5.000000E-01  6.096357E-01 -2.873869E-02  0.000000E+00  4.291168E-02  1.748349E-03 -1.043117E-17 -1.754525E-02  0.000000E+00
  2.903823E+00 -1.331132E-01  5.000000E-01  6.166926E-01 -2.845085E-02  0.000000E+00  4.270828E-02  1.753102E-03 -1.120558E-17 -1.802705E-02  0.000000E+00
  2.937051E+00 -1.317514E-01  5.000000E-01  6.237496E-01 -2.816162E-02  0.000000E+00  4.250660E-02  1.747478E-03 -9.819303E-18 -1.816329E-02  0.000000E+00
  2.970283E+00 -1.303917E-01  5.000000E-01  6.308072E-01 -2.787286E-02  0.000000E+00  4.230435E-02  1.731159E-03 -9.638870E-18 -1.794910E-02  0.000000E+00
  3.003515E+00 -1.290423E-01  5.000000E-01  6.378649E-01 -2.758627E-02  0.000000E+00  4.209746E-02  1.704534E-03 -8.438688E-18 -1.738443E-02  0.000000E+00
  3.036751E+00 -1.277110E-01  5.000000E-01  6.449232E-01 -2.730355E-02  0.000000E+00  4.188615E-02  1.667433E-03 -7.328938E-18 -1.645621E-02  0.000000E+00
  3.069988E+00 -1.264067E-01  5.000000E-01  6.519820E-01 -2.702654E-02  0.000000E+00  4.167723E-02  1.620849E-03 -7.118868E-18 -1.517650E-02  0.000000E+00
  3.103226E+00 -1.251362E-01  5.000000E-01  6.590410E-01 -2.675673E-02  0.000000E+00  4.149053E-02  1.565372E-03 -6.540977E-18 -1.357876E-02  0.000000E+00
  3.136469E+00 -1.239086E-01  5.000000E-01  6.661010E-01 -2.649601E-02  0.000000E+00  4.135020E-02  1.504110E-03 -5.512421E-18 -1.179112E-02  0.000000E+00
  3.169712E+00 -1.227283E-01  5.000000E-01  6.731611E-01 -2.624533E-02  0.000000E+00  4.125962E-02  1.449325E-03 -3.493153E-18 -1.015559E-02  0.000000E+00
  3.202960E+00 -1.215839E-01  5.000000E-01  6.802220E-01 -2.600229E-02  0.000000E+00  4.120763E-02  1.413818E-03 -1.381455E-18 -9.042950E-03  0.000000E+00
  3.236210E+00 -1.204575E-01  5.000000E-01  6.872835E-01 -2.576307E-02  0.000000E+00  4.118889E-02  1.401270E-03 -1.322014E-19 -8.624278E-03  0.000000E+00
  3.269464E+00 -1.193318E-01  5.000000E-01  6.943459E-01 -2.552402E-02  0.000000E+00  4.119971E-02  1.411389E-03  7.500576E-20 -8.937345E-03  0.000000E+00
  3.302721E+00 -1.181894E-01  5.000000E-01  7.014089E-01 -2.528140E-02  0.000000E+00  4.123184E-02  1.443998E-03  1.889462E-19 -9.982852E-03  0.000000E+00
  3.335981E+00 -1.170128E-01  5.000000E-01  7.084724E-01 -2.503152E-02  0.000000E+00  4.127693E-02  1.497665E-03  1.330714E-18 -1.172183E-02  0.000000E+00
  3.369247E+00 -1.157861E-01  5.000000E-01  7.155373E-01 -2.477099E-02  0.000000E+00  4.132996E-02  1.569905E-03  5.520443E-18 -1.407908E-02  0.000000E+00
  3.402518E+00 -1.144959E-01  5.000000E-01  7.226033E-01 -2.449699E-02  0.000000E+00  4.138457E-02  1.659576E-03  1.569602E-17 -1.699815E-02  0.000000E+00
  3.435792E+00 -1.131281E-01  5.000000E-01  7.296699E-01 -2.420649E-02  0.000000E+00  4.143490E-02  1.765144E-03  3.172551E-17 -2.042432E-02  0.000000E+00
  3.469073E+00 -1.116712E-01  5.000000E-01  7.367379E-01 -2.389708E-02  0.000000E+00  4.147737E-02  1.884469E-03  5.161585E-17 -2.428930E-02  0.000000E+00
  3.502353E+00 -1.101145E-01  5.000000E-01  7.438057E-01 -2.356648E-02  0.000000E+00  4.150881E-02  2.015748E-03  7.347105E-17 -2.852822E-02  0.000000E+00
  3.535630E+00 -1.084495E-01  5.000000E-01  7.508729E-01 -2.321288E-02  0.000000E+00  4.152686E-02  2.156838E-03  9.275449E-17 -3.307761E-02  0.000000E+00
  3.568904E+00 -1.066684E-01  5.000000E-01  7.579395E-01 -2.283462E-02  0.000000E+00  4.152766E-02  2.306803E-03  1.080143E-16 -3.789912E-02  0.000000E+00
  3.602176E+00 -1.047634E-01  5.000000E-01  7.650057E-01 -2.243004E-02  0.000000E+00  4.151010E-02  2.464811E-03  1.267446E-16 -4.295668E-02  0.000000E+00
  3.635446E+00 -1.027277E-01  5.000000E-01  7.720715E-01 -2.199770E-02  0.000000E+00  4.147864E-02  2.629817E-03  1.611190E-16 -4.821476E-02  0.000000E+00
  3.668713E+00 -1.005552E-01  5.000000E-01  7.791365E-01 -2.153632E-02  0.000000E+00  4.144435E-02  2.800330E-03  2.262572E-16 -5.364340E-02  0.000000E+00
  3.701976E+00 -9.824258E-02  5.000000E-01  7.862009E-01 -2.104518E-02  0.000000E+00  4.141391E-02  2.977819E-03  3.363144E-16 -5.927587E-02  0.000000E+00
  3.735241E+00 -9.578216E-02  5.000000E-01  7.932655E-01 -2.052264E-02  0.000000E+00  4.137531E-02  3.168480E-03  4.958151E-16 -6.524343E-02  0.000000E+00
  3.768500E+00 -9.315906E-02  5.000000E-01  8.003289E-01 -1.996556E-02  0.000000E+00  4.131208E-02  3.373923E-03  6.949694E-16 -7.159532E-02  0.000000E+00
  3.801751E+00 -9.036098E-02  5.000000E-01  8.073904E-01 -1.937132E-02  0.000000E+00  4.121637E-02  3.588329E-03  9.105965E-16 -7.820829E-02  0.000000E+00
  3.834989E+00 -8.738067E-02  5.000000E-01  8.144495E-01 -1.873837E-02  0.000000E+00  4.108843E-02  3.802106E-03  1.107371E-15 -8.485847E-02  0.000000E+00
  3.868211E+00 -8.422112E-02  5.000000E-01  8.215050E-01 -1.806736E-02  0.000000E+00  4.092727E-02  4.007481E-03  1.246502E-15 -9.134853E-02  0.000000E+00
  3.901422E+00 -8.088580E-02  5.000000E-01  8.285582E-01 -1.735902E-02  0.000000E+00  4.073142E-02  4.199422E-03  1.300753E-15 -9.753691E-02  0.000000E+00
  3.934617E+00 -7.738454E-02  5.000000E-01  8.356080E-01 -1.661544E-02  0.000000E+00  4.050756E-02  4.373374E-03  1.259021E-15 -1.032980E-01  0.000000E+00
  3.967800E+00 -7.372913E-02  5.000000E-01  8.426552E-01 -1.583912E-02  0.000000E+00  4.026564E-02  4.527558E-03  1.135377E-15 -1.085709E-01  0.000000E+00
  4.000972E+00 -6.993312E-02  5.000000E-01  8.497001E-01 -1.503294E-02  0.000000E+00  4.001709E-02  4.662519E-03  9.604965E-16 -1.133633E-01  0.000000E+00
  4.034139E+00 -6.600954E-02  5.000000E-01  8.567440E-01 -1.419967E-02  0.000000E+00  3.976651E-02  4.783312E-03  7.642037E-16 -1.177792E-01  0.000000E+00
  4.067311E+00 -6.196344E-02  5.000000E-01  8.637890E-01 -1.334038E-02  0.000000E+00  3.951680E-02  4.896159E-03  5.658653E-16 -1.219481E-01  0.000000E+00
  4.100488E+00 -5.779873E-02  5.000000E-01  8.708348E-01 -1.245590E-02  0.000000E+00  3.927893E-02  5.003814E-03  3.691224E-16 -1.259343E-01  0.000000E+00
  4.133669E+00 -5.351981E-02  5.000000E-01  8.778818E-01 -1.154716E-02  0.000000E+00  3.905842E-02  5.108060E-03  1.731065E-16 -1.297891E-01  0.000000E+00
  4.166856E+00 -4.912897E-02  5.000000E-01  8.849299E-01 -1.061465E-02  0.000000E+00  3.884382E-02  5.208471E-03 -1.150491E-17 -1.335411E-01  0.000000E+00
  4.200049E+00 -4.462949E-02  5.000000E-01  8.919793E-01 -9.659074E-03  0.000000E+00  3.859981E-02  5.300710E-03 -1.627905E-16 -1.371455E-01  0.000000E+00
  4.233242E+00 -4.002332E-02  5.000000E-01  8.990286E-01 -8.680836E-03  0.000000E+00  3.828995E-02  5.370328E-03 -2.620419E-16 -1.403101E-01  0.000000E+00
  4.266405E+00 -3.533285E-02  5.000000E-01  9.060715E-01 -7.684696E-03  0.000000E+00  3.791271E-02  5.388557E-03 -3.036716E-16 -1.423708E-01  0.000000E+00
  4.299502E+00 -3.061449E-02  5.000000E-01  9.131007E-01 -6.682631E-03  0.000000E+00  3.749394E-02  5.324282E-03 -2.924686E-16 -1.425232E-01  0.000000E+00
  4.332522E+00 -2.595300E-02  5.000000E-01  9.201132E-01 -5.692646E-03  0.000000E+00  3.703909E-02  5.162867E-03 -2.463770E-16 -1.402304E-01  0.000000E+00
  4.365472E+00 -2.142923E-02  5.000000E-01  9.271110E-01 -4.731908E-03  0.000000E+00  3.652648E-02  4.902893E-03 -1.819096E-16 -1.352110E-01  0.000000E+00
  4.398350E+00 -1.712791E-02  5.000000E-01  9.340935E-01 -3.818413E-03  0.000000E+00  3.592673E-02  4.542218E-03 -1.078300E-16 -1.271653E-01  0.000000E+00
  4.431155E+00 -1.313602E-02  5.000000E-01  9.410605E-01 -2.970634E-03  0.000000E+00  3.518383E-02  4.074308E-03 -3.739965E-17 -1.157039E-01  0.000000E+00
  4.463888E+00 -9.551321E-03  5.000000E-01  9.480121E-01 -2.209333E-03  0.000000E+00  3.416082E-02  3.500352E-03  2.025086E-17 -1.005790E-01  0.000000E+00
  4.496579E+00 -6.449498E-03  5.000000E-01  9.549550E-01 -1.550582E-03  0.000000E+00  3.266507E-02  2.843551E-03  5.558312E-17 -8.175287E-02  0.000000E+00
  4.529252E+00 -3.884137E-03  5.000000E-01  9.618939E-01 -1.005762E-03  0.000000E+00  3.061768E-02  2.154011E-03  6.407137E-17 -5.914586E-02  0.000000E+00
  4.561929E+00 -1.879260E-03  5.000000E-01  9.688337E-01 -5.799754E-04  0.000000E+00  2.819098E-02  1.490400E-03  5.234992E-17 -3.277738E-02  0.000000E+00
  4.594574E+00 -4.624888E-04  5.000000E-01  9.757666E-01 -2.790881E-04  0.000000E+00  2.570106E-02  8.791277E-04  3.123590E-17 -3.437732E-03  0.000000E+00
  4.627203E+00  3.400425E-04  5.000000E-01  9.826962E-01 -1.086501E-04  0.000000E+00  2.339888E-02  3.324722E-04  1.273913E-17  2.748680E-02  0.000000E+00
  4.659162E+00  5.006108E-04  5.000000E-01  9.894836E-01 -7.454937E-05  0.000000E+00  2.111720E-02 -6.872037E-05  6.004091E-18  5.104714E-02  0.000000E+00
  4.689251E+00  5.694916E-05  5.000000E-01  9.958737E-01 -1.687722E-04  0.000000E+00  1.725406E-02 -2.580962E-04  2.439738E-17  2.474843E-02  0.000000E+00
  4.708680E+00 -5.503868E-04  5.000000E-01  1.000000E+00 -2.977554E-04  0.000000E+00  1.211453E-02 -8.485613E-04  3.482517E-17 -9.323194E-02  0.000000E+00
    1    2
    2    3
    3    4
    4    5
    5    6
    6    7
    7    8
    8    9
    9   10
   10   11
   11   12
   12   13
   13   14
   14   15
   15   16
   16   17
   17   18
   18   19
   19   20
   20   21
   21   22
   22   23
   23   24
   24   25
   25   26
   26   27
   27   28
   28   29
   29   30
   30   31
   31   32
   32   33
   33   34
   34   35
   35   36
   36   37
   37   38
   38   39
   39   40
   40   41
   41   42
   42   43
   43   44
   44   45
   45   46
   46   47
   47   48
   48   49
   49   50
   50   51
   51   52
   52   53
   53   54
   54   55
   55   56
   56   57
   57   58
   58   59
   59   60
   60   61
   61   62
   62   63
   63   64
   64   65
   65   66
   66   67
   67   68
   68   69
   69   70
   70   71
   71   72
   72   73
   73   74
   74   75
   75   76
   76   77
   77   78
   78   79
   79   80
   80   81
   81   82
   82   83
   83   84
   84   85
   85   86
   86   87
   87   88
   88   89
   89   90
   90   91
   91   92
   92   93
   93   94
   94   95
   95   96
   96   97
   97   98
   98   99
   99  100
  100  101
  101  102
  102  103
  103  104
  104  105
  105  106
  106  107
  107  108
  108  109
  109  110
  110  111
  111  112
  112  113
  113  114
  114  115
  115  116
  116  117
  117  118
  118  119
  119  120
  120  121
  121  122
  122  123
  123  124
  124  125
  125  126
  126  127
  127  128
  128  129
  129  130
  130  131
  131  132
  132  133
  133  134
  134  135
  135  136
  136  137
  137  138
  138  139
  139  140
  140  141
  141  142
  142  143
  143  144
  144  145
  145  146
  146  147
  147  148
  148  149
  149  150
  151  152
  152  153
  153  154
  154  155
  155  156
  156  157
  157  158
  158  159
  159  160
  160  161
  161  162
  162  163
  163  164
  164  165
  165  166
  166  167
  167  168
  168  169
  169  170
  170  171
  171  172
  172  173
  173  174
  174  175
  175  176
  176  177
  177  178
  178  179
  179  180
  180  181
  181  182
  182  183
  183  184
  184  185
  185  186
  186  187
  187  188
  188  189
  189  190
  190  191
  191  192
  192  193
  193  194
  194  195
  195  196
  196  197
  197  198
  198  199
  199  200
  200  201
  201  202
  202  203
  203  204
  204  205
  205  206
  206  207
  207  208
  208  209
  209  210
  210  211
  211  212
  212  213
  213  214
  214  215
  215  216
  216  217
  217  218
  218  219
  219  220
  220  221
  221  222
  222  223
  223  224
  224  225
  225  226
  226  227
  227  228
  228  229
  229  230
  230  231
  231  232
  232  233
  233  234
  234  235
  235  236
  236  237
  237  238
  238  239
  239  240
  240  241
  241  242
  242  243
  243  244
  244  245
  245  246
  246  247
  247  248
  248  249
  249  250
  250  251
  251  252
  252  253
  253  254
  254  255
  255  256
  256  257
  257  258
  258  259
  259  260
  260  261
  261  262
  262  263
  263  264
  264  265
  265  266
  266  267
  267  268
  268  269
  269  270
  270  271
  271  272
  272  273
  273  274
  274  275
  275  276
  276  277
  277  278
  278  279
  279  280
  280  281
  281  282
  282  283
  283  284
  284  285
  285  286
  286  287
  287  288
  288  289
  289  290
  290  291
  291  292
  292  293
  293  294
  294  295
  295  296
  296  297
  297  298
  298  299
  299  300
