 Title = "ADflow Slice Data"
Variables =  "CoordinateX"  "CoordinateY"  "CoordinateZ"  "XoC"  "YoC"  "ZoC" "VelocityX" "VelocityY" "VelocityZ" "CoefPressure" "Mach" 
Zone T= "Slice_0001 None Absolute Regular z = 0.50000000"
 Nodes =          300  Elements=          298  ZONETYPE=FELINESEG
 DATAPACKING=POINT
  4.708680E+00 -6.198143E-04  5.000000E-01  1.000000E+00 -3.056344E-04  0.000000E+00  1.212168E-02 -6.815241E-04 -5.817716E-18 -9.691718E-02  0.000000E+00
  4.689187E+00  2.749951E-03  5.000000E-01  9.958601E-01  4.100209E-04  0.000000E+00  1.207980E-02 -1.963632E-03  4.799299E-17 -1.876982E-01  0.000000E+00
  4.658673E+00  8.109154E-03  5.000000E-01  9.893797E-01  1.548184E-03  0.000000E+00  1.789692E-02 -3.204882E-03  1.424091E-16 -2.130237E-01  0.000000E+00
  4.626256E+00  1.388135E-02  5.000000E-01  9.824952E-01  2.774056E-03  0.000000E+00  2.438683E-02 -4.347721E-03  2.754413E-16 -2.294727E-01  0.000000E+00
  4.593146E+00  1.982728E-02  5.000000E-01  9.754635E-01  4.036827E-03  0.000000E+00  2.938283E-02 -5.292728E-03  4.371044E-16 -2.343373E-01  0.000000E+00
  4.560031E+00  2.579805E-02  5.000000E-01  9.684306E-01  5.304871E-03  0.000000E+00  3.194409E-02 -5.773700E-03  6.049461E-16 -2.335813E-01  0.000000E+00
  4.526891E+00  3.177567E-02  5.000000E-01  9.613923E-01  6.574370E-03  0.000000E+00  3.269842E-02 -5.896025E-03  7.785393E-16 -2.321919E-01  0.000000E+00
  4.493752E+00  3.773698E-02  5.000000E-01  9.543545E-01  7.840406E-03  0.000000E+00  3.285876E-02 -5.897392E-03  9.717589E-16 -2.308836E-01  0.000000E+00
  4.460612E+00  4.366378E-02  5.000000E-01  9.473164E-01  9.099112E-03  0.000000E+00  3.309998E-02 -5.898712E-03  1.184721E-15 -2.294004E-01  0.000000E+00
  4.427470E+00  4.954116E-02  5.000000E-01  9.402779E-01  1.034732E-02  0.000000E+00  3.353379E-02 -5.915955E-03  1.388136E-15 -2.276177E-01  0.000000E+00
  4.394325E+00  5.535001E-02  5.000000E-01  9.332387E-01  1.158098E-02  0.000000E+00  3.405926E-02 -5.930134E-03  1.540260E-15 -2.254612E-01  0.000000E+00
  4.361178E+00  6.107530E-02  5.000000E-01  9.261991E-01  1.279689E-02  0.000000E+00  3.457724E-02 -5.923959E-03  1.612356E-15 -2.228877E-01  0.000000E+00
  4.328027E+00  6.670052E-02  5.000000E-01  9.191586E-01  1.399155E-02  0.000000E+00  3.505233E-02 -5.889878E-03  1.593835E-15 -2.198629E-01  0.000000E+00
  4.294876E+00  7.220792E-02  5.000000E-01  9.121181E-01  1.516119E-02  0.000000E+00  3.548793E-02 -5.829490E-03  1.492715E-15 -2.163942E-01  0.000000E+00
  4.261727E+00  7.758286E-02  5.000000E-01  9.050782E-01  1.630269E-02  0.000000E+00  3.590035E-02 -5.746813E-03  1.328990E-15 -2.124997E-01  0.000000E+00
  4.228582E+00  8.281156E-02  5.000000E-01  8.980388E-01  1.741314E-02  0.000000E+00  3.630766E-02 -5.643443E-03  1.124524E-15 -2.081588E-01  0.000000E+00
  4.195443E+00  8.787750E-02  5.000000E-01  8.910010E-01  1.848902E-02  0.000000E+00  3.672168E-02 -5.518866E-03  8.826145E-16 -2.033223E-01  0.000000E+00
  4.162308E+00  9.276344E-02  5.000000E-01  8.839639E-01  1.952667E-02  0.000000E+00  3.714022E-02 -5.372871E-03  5.935529E-16 -1.979793E-01  0.000000E+00
  4.129179E+00  9.745517E-02  5.000000E-01  8.769281E-01  2.052308E-02  0.000000E+00  3.755748E-02 -5.204657E-03  2.696455E-16 -1.921309E-01  0.000000E+00
  4.096054E+00  1.019364E-01  5.000000E-01  8.698932E-01  2.147479E-02  0.000000E+00  3.796907E-02 -5.013528E-03 -4.645436E-17 -1.857745E-01  0.000000E+00
  4.062934E+00  1.061938E-01  5.000000E-01  8.628593E-01  2.237896E-02  0.000000E+00  3.836935E-02 -4.799686E-03 -2.945575E-16 -1.789214E-01  0.000000E+00
  4.029817E+00  1.102136E-01  5.000000E-01  8.558262E-01  2.323267E-02  0.000000E+00  3.875348E-02 -4.563248E-03 -4.304058E-16 -1.715848E-01  0.000000E+00
  3.996705E+00  1.139837E-01  5.000000E-01  8.487940E-01  2.403334E-02  0.000000E+00  3.911343E-02 -4.305993E-03 -4.515344E-16 -1.638105E-01  0.000000E+00
  3.963594E+00  1.174954E-01  5.000000E-01  8.417620E-01  2.477913E-02  0.000000E+00  3.944077E-02 -4.030961E-03 -3.842196E-16 -1.556713E-01  0.000000E+00
  3.930486E+00  1.207427E-01  5.000000E-01  8.347306E-01  2.546878E-02  0.000000E+00  3.973063E-02 -3.741398E-03 -2.668113E-16 -1.472483E-01  0.000000E+00
  3.897377E+00  1.237220E-01  5.000000E-01  8.276991E-01  2.610150E-02  0.000000E+00  3.997853E-02 -3.442719E-03 -1.381515E-16 -1.386549E-01  0.000000E+00
  3.864269E+00  1.264357E-01  5.000000E-01  8.206677E-01  2.667784E-02  0.000000E+00  4.018291E-02 -3.140895E-03 -3.324500E-17 -1.300299E-01  0.000000E+00
  3.831161E+00  1.288883E-01  5.000000E-01  8.136366E-01  2.719871E-02  0.000000E+00  4.034417E-02 -2.842922E-03  1.898630E-17 -1.215545E-01  0.000000E+00
  3.798054E+00  1.310920E-01  5.000000E-01  8.066053E-01  2.766671E-02  0.000000E+00  4.046468E-02 -2.557951E-03  1.299390E-17 -1.134544E-01  0.000000E+00
  3.764948E+00  1.330641E-01  5.000000E-01  7.995744E-01  2.808554E-02  0.000000E+00  4.055072E-02 -2.295589E-03 -3.109148E-17 -1.059610E-01  0.000000E+00
  3.731842E+00  1.348297E-01  5.000000E-01  7.925435E-01  2.846051E-02  0.000000E+00  4.060712E-02 -2.066416E-03 -7.739334E-17 -9.929231E-02  0.000000E+00
  3.698737E+00  1.364225E-01  5.000000E-01  7.855130E-01  2.879878E-02  0.000000E+00  4.065293E-02 -1.872049E-03 -9.231582E-17 -9.344743E-02  0.000000E+00
  3.665634E+00  1.378684E-01  5.000000E-01  7.784827E-01  2.910586E-02  0.000000E+00  4.072236E-02 -1.698236E-03 -6.596186E-17 -8.811249E-02  0.000000E+00
  3.632534E+00  1.391737E-01  5.000000E-01  7.714529E-01  2.938308E-02  0.000000E+00  4.082482E-02 -1.531443E-03 -9.763586E-18 -8.298778E-02  0.000000E+00
  3.599434E+00  1.403418E-01  5.000000E-01  7.644234E-01  2.963115E-02  0.000000E+00  4.093942E-02 -1.368765E-03  5.629570E-17 -7.797257E-02  0.000000E+00
  3.566334E+00  1.413770E-01  5.000000E-01  7.573938E-01  2.985099E-02  0.000000E+00  4.104729E-02 -1.209734E-03  1.163136E-16 -7.303791E-02  0.000000E+00
  3.533236E+00  1.422827E-01  5.000000E-01  7.503646E-01  3.004335E-02  0.000000E+00  4.114095E-02 -1.053580E-03  1.617413E-16 -6.817751E-02  0.000000E+00
  3.500138E+00  1.430620E-01  5.000000E-01  7.433353E-01  3.020885E-02  0.000000E+00  4.121861E-02 -9.011734E-04  1.892106E-16 -6.341859E-02  0.000000E+00
  3.467038E+00  1.437197E-01  5.000000E-01  7.363057E-01  3.034854E-02  0.000000E+00  4.128239E-02 -7.538422E-04  1.975242E-16 -5.879173E-02  0.000000E+00
  3.433936E+00  1.442606E-01  5.000000E-01  7.292757E-01  3.046341E-02  0.000000E+00  4.133676E-02 -6.117952E-04  1.855523E-16 -5.430890E-02  0.000000E+00
  3.400832E+00  1.446893E-01  5.000000E-01  7.222453E-01  3.055445E-02  0.000000E+00  4.138428E-02 -4.754196E-04  1.562360E-16 -4.998308E-02  0.000000E+00
  3.367728E+00  1.450109E-01  5.000000E-01  7.152146E-01  3.062275E-02  0.000000E+00  4.142659E-02 -3.449645E-04  1.187336E-16 -4.582235E-02  0.000000E+00
  3.334620E+00  1.452303E-01  5.000000E-01  7.081834E-01  3.066935E-02  0.000000E+00  4.146467E-02 -2.206175E-04  8.401467E-17 -4.183444E-02  0.000000E+00
  3.301512E+00  1.453529E-01  5.000000E-01  7.011520E-01  3.069537E-02  0.000000E+00  4.149866E-02 -1.028335E-04  5.991002E-17 -3.803612E-02  0.000000E+00
  3.268401E+00  1.453840E-01  5.000000E-01  6.941201E-01  3.070200E-02  0.000000E+00  4.152991E-02  8.169237E-06  4.696859E-17 -3.443817E-02  0.000000E+00
  3.235290E+00  1.453295E-01  5.000000E-01  6.870881E-01  3.069041E-02  0.000000E+00  4.156053E-02  1.123690E-04  3.994130E-17 -3.104517E-02  0.000000E+00
  3.202177E+00  1.451946E-01  5.000000E-01  6.800557E-01  3.066176E-02  0.000000E+00  4.159122E-02  2.093179E-04  3.366000E-17 -2.786960E-02  0.000000E+00
  3.169063E+00  1.449857E-01  5.000000E-01  6.730231E-01  3.061740E-02  0.000000E+00  4.162256E-02  2.987416E-04  2.643643E-17 -2.491512E-02  0.000000E+00
  3.135947E+00  1.447088E-01  5.000000E-01  6.659902E-01  3.055858E-02  0.000000E+00  4.165659E-02  3.816122E-04  1.989035E-17 -2.215132E-02  0.000000E+00
  3.102831E+00  1.443686E-01  5.000000E-01  6.589571E-01  3.048634E-02  0.000000E+00  4.169621E-02  4.607555E-04  1.670574E-17 -1.950831E-02  0.000000E+00
  3.069714E+00  1.439665E-01  5.000000E-01  6.519238E-01  3.040095E-02  0.000000E+00  4.174071E-02  5.383906E-04  1.791161E-17 -1.692624E-02  0.000000E+00
  3.036593E+00  1.435038E-01  5.000000E-01  6.448898E-01  3.030268E-02  0.000000E+00  4.178553E-02  6.147103E-04  2.173973E-17 -1.438330E-02  0.000000E+00
  3.003475E+00  1.429817E-01  5.000000E-01  6.378564E-01  3.019180E-02  0.000000E+00  4.182778E-02  6.902713E-04  2.562376E-17 -1.186357E-02  0.000000E+00
  2.970356E+00  1.424003E-01  5.000000E-01  6.308226E-01  3.006832E-02  0.000000E+00  4.186493E-02  7.646955E-04  2.669887E-17 -9.373281E-03  0.000000E+00
  2.937236E+00  1.417613E-01  5.000000E-01  6.237888E-01  2.993262E-02  0.000000E+00  4.189616E-02  8.375092E-04  2.337578E-17 -6.921948E-03  0.000000E+00
  2.904117E+00  1.410657E-01  5.000000E-01  6.167550E-01  2.978488E-02  0.000000E+00  4.192261E-02  9.089776E-04  1.655049E-17 -4.507422E-03  0.000000E+00
  2.870996E+00  1.403146E-01  5.000000E-01  6.097211E-01  2.962537E-02  0.000000E+00  4.194440E-02  9.789290E-04  7.566695E-18 -2.133007E-03  0.000000E+00
  2.837877E+00  1.395093E-01  5.000000E-01  6.026873E-01  2.945434E-02  0.000000E+00  4.196151E-02  1.047497E-03 -2.240494E-18  2.035179E-04  0.000000E+00
  2.804757E+00  1.386505E-01  5.000000E-01  5.956535E-01  2.927197E-02  0.000000E+00  4.197309E-02  1.114618E-03 -1.152702E-17  2.504114E-03  0.000000E+00
  2.771639E+00  1.377398E-01  5.000000E-01  5.886200E-01  2.907855E-02  0.000000E+00  4.197838E-02  1.180692E-03 -1.913662E-17  4.779075E-03  0.000000E+00
  2.738522E+00  1.367771E-01  5.000000E-01  5.815867E-01  2.887410E-02  0.000000E+00  4.197548E-02  1.245753E-03 -2.398466E-17  7.032996E-03  0.000000E+00
  2.705406E+00  1.357636E-01  5.000000E-01  5.745537E-01  2.865885E-02  0.000000E+00  4.196232E-02  1.309634E-03 -2.356038E-17  9.267196E-03  0.000000E+00
  2.672292E+00  1.346996E-01  5.000000E-01  5.675211E-01  2.843289E-02  0.000000E+00  4.193822E-02  1.372643E-03 -1.821097E-17  1.148631E-02  0.000000E+00
  2.639177E+00  1.335856E-01  5.000000E-01  5.604885E-01  2.819629E-02  0.000000E+00  4.190275E-02  1.434725E-03 -1.056584E-17  1.367278E-02  0.000000E+00
  2.606068E+00  1.324218E-01  5.000000E-01  5.534568E-01  2.794914E-02  0.000000E+00  4.185434E-02  1.493958E-03 -2.972402E-18  1.575417E-02  0.000000E+00
  2.572958E+00  1.312113E-01  5.000000E-01  5.464251E-01  2.769206E-02  0.000000E+00  4.178954E-02  1.544513E-03  2.777188E-18  1.758405E-02  0.000000E+00
  2.539852E+00  1.299639E-01  5.000000E-01  5.393941E-01  2.742713E-02  0.000000E+00  4.171279E-02  1.583352E-03  5.462075E-18  1.906356E-02  0.000000E+00
  2.506749E+00  1.286876E-01  5.000000E-01  5.323639E-01  2.715609E-02  0.000000E+00  4.163422E-02  1.611573E-03  6.486918E-18  2.017830E-02  0.000000E+00
  2.473650E+00  1.273909E-01  5.000000E-01  5.253345E-01  2.688069E-02  0.000000E+00  4.155945E-02  1.629782E-03  7.955792E-18  2.092964E-02  0.000000E+00
  2.440554E+00  1.260813E-01  5.000000E-01  5.183056E-01  2.660257E-02  0.000000E+00  4.148945E-02  1.638006E-03  9.983666E-18  2.132277E-02  0.000000E+00
  2.407460E+00  1.247673E-01  5.000000E-01  5.112774E-01  2.632351E-02  0.000000E+00  4.142388E-02  1.636858E-03  1.160084E-17  2.137267E-02  0.000000E+00
  2.374373E+00  1.234559E-01  5.000000E-01  5.042504E-01  2.604499E-02  0.000000E+00  4.136188E-02  1.627022E-03  1.248169E-17  2.108434E-02  0.000000E+00
  2.341286E+00  1.221539E-01  5.000000E-01  4.972236E-01  2.576849E-02  0.000000E+00  4.130068E-02  1.606718E-03  1.361181E-17  2.040815E-02  0.000000E+00
  2.308194E+00  1.208710E-01  5.000000E-01  4.901958E-01  2.549602E-02  0.000000E+00  4.124038E-02  1.573375E-03  1.338041E-17  1.926913E-02  0.000000E+00
  2.275097E+00  1.196184E-01  5.000000E-01  4.831667E-01  2.523000E-02  0.000000E+00  4.118659E-02  1.525538E-03  1.184889E-17  1.760789E-02  0.000000E+00
  2.241991E+00  1.184085E-01  5.000000E-01  4.761359E-01  2.497305E-02  0.000000E+00  4.114773E-02  1.462507E-03  9.486700E-18  1.538417E-02  0.000000E+00
  2.208879E+00  1.172545E-01  5.000000E-01  4.691038E-01  2.472796E-02  0.000000E+00  4.113212E-02  1.383912E-03  7.904188E-18  1.257320E-02  0.000000E+00
  2.175760E+00  1.161697E-01  5.000000E-01  4.620701E-01  2.449759E-02  0.000000E+00  4.114604E-02  1.289211E-03  7.022230E-18  9.159655E-03  0.000000E+00
  2.142637E+00  1.151684E-01  5.000000E-01  4.550354E-01  2.428493E-02  0.000000E+00  4.119299E-02  1.177624E-03  4.606007E-18  5.147094E-03  0.000000E+00
  2.109507E+00  1.142648E-01  5.000000E-01  4.479994E-01  2.409304E-02  0.000000E+00  4.127480E-02  1.048758E-03  1.309980E-18  5.981051E-04  0.000000E+00
  2.076374E+00  1.134739E-01  5.000000E-01  4.409628E-01  2.392507E-02  0.000000E+00  4.139939E-02  9.094747E-04 -2.897537E-18 -4.246731E-03  0.000000E+00
  2.043241E+00  1.127987E-01  5.000000E-01  4.339262E-01  2.378167E-02  0.000000E+00  4.157279E-02  7.724515E-04 -7.230565E-18 -9.030303E-03  0.000000E+00
  2.010106E+00  1.122322E-01  5.000000E-01  4.268892E-01  2.366136E-02  0.000000E+00  4.178155E-02  6.438160E-04 -1.044889E-17 -1.352619E-02  0.000000E+00
  1.976970E+00  1.117668E-01  5.000000E-01  4.198519E-01  2.356253E-02  0.000000E+00  4.200437E-02  5.241059E-04 -1.218477E-17 -1.765421E-02  0.000000E+00
  1.943835E+00  1.113945E-01  5.000000E-01  4.128148E-01  2.348346E-02  0.000000E+00  4.222857E-02  4.137762E-04 -1.235377E-17 -2.138925E-02  0.000000E+00
  1.910699E+00  1.111066E-01  5.000000E-01  4.057776E-01  2.342232E-02  0.000000E+00  4.245027E-02  3.126472E-04 -1.121510E-17 -2.474286E-02  0.000000E+00
  1.877561E+00  1.108956E-01  5.000000E-01  3.987399E-01  2.337749E-02  0.000000E+00  4.267270E-02  2.209595E-04 -9.104378E-18 -2.772647E-02  0.000000E+00
  1.844424E+00  1.107526E-01  5.000000E-01  3.917024E-01  2.334713E-02  0.000000E+00  4.290103E-02  1.390769E-04 -6.624239E-18 -3.034736E-02  0.000000E+00
  1.811282E+00  1.106697E-01  5.000000E-01  3.846638E-01  2.332953E-02  0.000000E+00  4.313869E-02  6.656774E-05 -4.408678E-18 -3.261929E-02  0.000000E+00
  1.778139E+00  1.106393E-01  5.000000E-01  3.776250E-01  2.332308E-02  0.000000E+00  4.338994E-02  4.209042E-06 -2.935340E-18 -3.453333E-02  0.000000E+00
  1.744992E+00  1.106523E-01  5.000000E-01  3.705854E-01  2.332583E-02  0.000000E+00  4.365768E-02 -4.734879E-05 -2.348436E-18 -3.607772E-02  0.000000E+00
  1.711843E+00  1.107002E-01  5.000000E-01  3.635455E-01  2.333600E-02  0.000000E+00  4.394435E-02 -8.729543E-05 -2.676836E-18 -3.723553E-02  0.000000E+00
  1.678692E+00  1.107729E-01  5.000000E-01  3.565049E-01  2.335145E-02  0.000000E+00  4.425185E-02 -1.148390E-04 -3.862705E-18 -3.798763E-02  0.000000E+00
  1.645539E+00  1.108611E-01  5.000000E-01  3.494640E-01  2.337018E-02  0.000000E+00  4.458214E-02 -1.287488E-04 -5.898038E-18 -3.830181E-02  0.000000E+00
  1.612385E+00  1.109532E-01  5.000000E-01  3.424231E-01  2.338974E-02  0.000000E+00  4.493664E-02 -1.269866E-04 -8.657120E-18 -3.811883E-02  0.000000E+00
  1.579236E+00  1.110372E-01  5.000000E-01  3.353830E-01  2.340757E-02  0.000000E+00  4.531538E-02 -1.066019E-04 -1.182472E-17 -3.733854E-02  0.000000E+00
  1.546090E+00  1.110980E-01  5.000000E-01  3.283435E-01  2.342048E-02  0.000000E+00  4.572231E-02 -5.971968E-05 -1.487723E-17 -3.576281E-02  0.000000E+00
  1.512946E+00  1.111129E-01  5.000000E-01  3.213046E-01  2.342364E-02  0.000000E+00  4.615831E-02  2.383116E-05 -1.704805E-17 -3.316177E-02  0.000000E+00
  1.479807E+00  1.110530E-01  5.000000E-01  3.142666E-01  2.341092E-02  0.000000E+00  4.661030E-02  1.489472E-04 -1.768160E-17 -2.941630E-02  0.000000E+00
  1.446672E+00  1.108902E-01  5.000000E-01  3.072296E-01  2.337635E-02  0.000000E+00  4.705841E-02  3.148261E-04 -1.659196E-17 -2.453180E-02  0.000000E+00
  1.413540E+00  1.105987E-01  5.000000E-01  3.001932E-01  2.331445E-02  0.000000E+00  4.748953E-02  5.194740E-04 -1.424227E-17 -1.855723E-02  0.000000E+00
  1.380413E+00  1.101545E-01  5.000000E-01  2.931579E-01  2.322011E-02  0.000000E+00  4.789809E-02  7.608774E-04 -1.171123E-17 -1.155059E-02  0.000000E+00
  1.347294E+00  1.095354E-01  5.000000E-01  2.861242E-01  2.308863E-02  0.000000E+00  4.828037E-02  1.036230E-03 -1.014239E-17 -3.582576E-03  0.000000E+00
  1.314179E+00  1.087219E-01  5.000000E-01  2.790914E-01  2.291586E-02  0.000000E+00  4.863127E-02  1.341432E-03 -9.013929E-18  5.259660E-03  0.000000E+00
  1.281074E+00  1.076978E-01  5.000000E-01  2.720606E-01  2.269836E-02  0.000000E+00  4.894564E-02  1.672422E-03 -7.258395E-18  1.489102E-02  0.000000E+00
  1.247974E+00  1.064485E-01  5.000000E-01  2.650310E-01  2.243305E-02  0.000000E+00  4.921633E-02  2.024039E-03 -5.088728E-18  2.521287E-02  0.000000E+00
  1.214880E+00  1.049642E-01  5.000000E-01  2.580028E-01  2.211781E-02  0.000000E+00  4.943575E-02  2.390910E-03 -3.801850E-18  3.612539E-02  0.000000E+00
  1.181795E+00  1.032364E-01  5.000000E-01  2.509763E-01  2.175087E-02  0.000000E+00  4.959671E-02  2.768389E-03 -2.376233E-18  4.754011E-02  0.000000E+00
  1.148718E+00  1.012594E-01  5.000000E-01  2.439516E-01  2.133101E-02  0.000000E+00  4.968905E-02  3.150211E-03 -3.335920E-19  5.934925E-02  0.000000E+00
  1.115646E+00  9.903068E-02  5.000000E-01  2.369279E-01  2.085768E-02  0.000000E+00  4.970302E-02  3.529931E-03  2.908795E-18  7.144763E-02  0.000000E+00
  1.082583E+00  9.655037E-02  5.000000E-01  2.299061E-01  2.033092E-02  0.000000E+00  4.963429E-02  3.902366E-03  6.301767E-18  8.374300E-02  0.000000E+00
  1.049524E+00  9.381990E-02  5.000000E-01  2.228852E-01  1.975104E-02  0.000000E+00  4.948714E-02  4.263055E-03  6.288722E-18  9.609351E-02  0.000000E+00
  1.016475E+00  9.084390E-02  5.000000E-01  2.158664E-01  1.911901E-02  0.000000E+00  4.927276E-02  4.606351E-03  4.607193E-18  1.081532E-01  0.000000E+00
  9.834318E-01  8.762894E-02  5.000000E-01  2.088488E-01  1.843623E-02  0.000000E+00  4.898091E-02  4.899070E-03  2.687794E-18  1.189331E-01  0.000000E+00
  9.503976E-01  8.422109E-02  5.000000E-01  2.018331E-01  1.771249E-02  0.000000E+00  4.861021E-02  5.093104E-03  2.419117E-18  1.271023E-01  0.000000E+00
  9.173728E-01  8.069403E-02  5.000000E-01  1.948195E-01  1.696343E-02  0.000000E+00  4.823612E-02  5.183720E-03  4.064372E-18  1.320673E-01  0.000000E+00
  8.843598E-01  7.711174E-02  5.000000E-01  1.878083E-01  1.620264E-02  0.000000E+00  4.796334E-02  5.200232E-03  3.552212E-18  1.340523E-01  0.000000E+00
  8.513623E-01  7.352508E-02  5.000000E-01  1.808005E-01  1.544092E-02  0.000000E+00  4.785062E-02  5.168660E-03  2.155173E-18  1.335721E-01  0.000000E+00
  8.183794E-01  6.997291E-02  5.000000E-01  1.737957E-01  1.468652E-02  0.000000E+00  4.790357E-02  5.105359E-03  1.486594E-18  1.311976E-01  0.000000E+00
  7.854121E-01  6.648447E-02  5.000000E-01  1.667943E-01  1.394567E-02  0.000000E+00  4.809647E-02  5.019920E-03  6.255006E-20  1.274536E-01  0.000000E+00
  7.524593E-01  6.308059E-02  5.000000E-01  1.597959E-01  1.322277E-02  0.000000E+00  4.839569E-02  4.918443E-03 -1.039433E-18  1.227792E-01  0.000000E+00
  7.195226E-01  5.977581E-02  5.000000E-01  1.528010E-01  1.252091E-02  0.000000E+00  4.877429E-02  4.806294E-03 -8.772783E-19  1.175362E-01  0.000000E+00
  6.866079E-01  5.657899E-02  5.000000E-01  1.458107E-01  1.184199E-02  0.000000E+00  4.921560E-02  4.689252E-03  1.099311E-18  1.120270E-01  0.000000E+00
  6.537221E-01  5.349368E-02  5.000000E-01  1.388265E-01  1.118674E-02  0.000000E+00  4.970897E-02  4.572360E-03  2.787440E-18  1.064864E-01  0.000000E+00
  6.208691E-01  5.051933E-02  5.000000E-01  1.318494E-01  1.055506E-02  0.000000E+00  5.024579E-02  4.459041E-03  4.179524E-18  1.010725E-01  0.000000E+00
  5.880524E-01  4.765288E-02  5.000000E-01  1.248799E-01  9.946299E-03  0.000000E+00  5.081879E-02  4.351018E-03  6.821389E-18  9.587764E-02  0.000000E+00
  5.552711E-01  4.488981E-02  5.000000E-01  1.179180E-01  9.359491E-03  0.000000E+00  5.142230E-02  4.248791E-03  9.746847E-18  9.094899E-02  0.000000E+00
  5.225283E-01  4.222567E-02  5.000000E-01  1.109642E-01  8.793695E-03  0.000000E+00  5.205235E-02  4.153072E-03  1.269868E-17  8.631511E-02  0.000000E+00
  4.898261E-01  3.965484E-02  5.000000E-01  1.040191E-01  8.247713E-03  0.000000E+00  5.270273E-02  4.063875E-03  1.496598E-17  8.197751E-02  0.000000E+00
  4.571624E-01  3.717187E-02  5.000000E-01  9.708209E-02  7.720390E-03  0.000000E+00  5.336190E-02  3.979576E-03  1.439320E-17  7.790054E-02  0.000000E+00
  4.245350E-01  3.477197E-02  5.000000E-01  9.015283E-02  7.210712E-03  0.000000E+00  5.401289E-02  3.897379E-03  1.025915E-17  7.403174E-02  0.000000E+00
  3.919369E-01  3.245159E-02  5.000000E-01  8.322981E-02  6.717918E-03  0.000000E+00  5.463391E-02  3.814739E-03  6.918513E-18  7.035335E-02  0.000000E+00
  3.593832E-01  3.020886E-02  5.000000E-01  7.631621E-02  6.241619E-03  0.000000E+00  5.519893E-02  3.733051E-03  6.992367E-18  6.696619E-02  0.000000E+00
  3.269046E-01  2.803962E-02  5.000000E-01  6.941854E-02  5.780926E-03  0.000000E+00  5.567204E-02  3.659601E-03  2.414681E-19  6.411769E-02  0.000000E+00
  2.945750E-01  2.593518E-02  5.000000E-01  6.255253E-02  5.333994E-03  0.000000E+00  5.599772E-02  3.604178E-03 -3.657510E-17  6.209006E-02  0.000000E+00
  2.624265E-01  2.387627E-02  5.000000E-01  5.572497E-02  4.896731E-03  0.000000E+00  5.609937E-02  3.564742E-03 -1.398088E-16  6.091642E-02  0.000000E+00
  2.304268E-01  2.184558E-02  5.000000E-01  4.892903E-02  4.465463E-03  0.000000E+00  5.594205E-02  3.532283E-03 -2.929990E-16  6.039463E-02  0.000000E+00
  1.986088E-01  1.983383E-02  5.000000E-01  4.217166E-02  4.038217E-03  0.000000E+00  5.562466E-02  3.507579E-03 -2.527515E-16  6.029502E-02  0.000000E+00
  1.669282E-01  1.782670E-02  5.000000E-01  3.544349E-02  3.611952E-03  0.000000E+00  5.540845E-02  3.468352E-03  6.449616E-16  6.007351E-02  0.000000E+00
  1.350509E-01  1.583800E-02  5.000000E-01  2.867354E-02  3.189600E-03  0.000000E+00  5.594972E-02  3.464241E-03  3.345084E-15  6.062191E-02  0.000000E+00
  1.043791E-01  1.394240E-02  5.000000E-01  2.215959E-02  2.787022E-03  0.000000E+00  5.851933E-02  3.801219E-03  8.584228E-15  6.672696E-02  0.000000E+00
  7.632629E-02  1.202815E-02  5.000000E-01  1.620187E-02  2.380483E-03  0.000000E+00  6.429962E-02  4.741157E-03  2.030025E-14  8.181163E-02  0.000000E+00
  5.118571E-02  1.003657E-02  5.000000E-01  1.086263E-02  1.957521E-03  0.000000E+00  7.447438E-02  6.566685E-03  6.659803E-14  1.072784E-01  0.000000E+00
  3.264831E-02  8.256788E-03  5.000000E-01  6.925739E-03  1.579538E-03  0.000000E+00  9.103576E-02  1.050454E-02  2.388166E-13  1.507153E-01  0.000000E+00
  2.051015E-02  6.667479E-03  5.000000E-01  4.347893E-03  1.242008E-03  0.000000E+00  1.133879E-01  1.780332E-02  6.376993E-13  2.164024E-01  0.000000E+00
  1.247723E-02  5.234978E-03  5.000000E-01  2.641898E-03  9.377796E-04  0.000000E+00  1.355031E-01  2.796698E-02  1.042239E-12  2.960237E-01  0.000000E+00
  7.055255E-03  3.982205E-03  5.000000E-01  1.490404E-03  6.717214E-04  0.000000E+00  1.502058E-01  4.061538E-02  3.469790E-13  3.851258E-01  0.000000E+00
  3.418635E-03  2.864439E-03  5.000000E-01  7.180754E-04  4.343354E-04  0.000000E+00  1.519896E-01  5.832284E-02 -3.810776E-12  5.178506E-01  0.000000E+00
  1.108798E-03  1.814124E-03  5.000000E-01  2.275226E-04  2.112743E-04  0.000000E+00  1.207329E-01  7.797907E-02 -1.438212E-11  8.810960E-01  0.000000E+00
  3.747479E-05  8.193087E-04  5.000000E-01  0.000000E+00  0.000000E+00  0.000000E+00  5.194877E-02  2.439983E-02 -3.002038E-11  1.507365E+00  0.000000E+00
  3.747479E-05  8.193087E-04  5.000000E-01  0.000000E+00  0.000000E+00  0.000000E+00  5.194877E-02  2.439983E-02 -3.002038E-11  1.507365E+00  0.000000E+00
  2.534065E-04 -1.871660E-04  5.000000E-01  4.585858E-05 -2.137505E-04  0.000000E+00  5.918997E-02 -5.509161E-02 -2.868314E-11  1.456946E+00  0.000000E+00
  1.848580E-03 -1.238376E-03  5.000000E-01  3.846343E-04 -4.370016E-04  0.000000E+00  1.263438E-01 -6.251599E-02 -1.153111E-11  8.396130E-01  0.000000E+00
  4.867645E-03 -2.324088E-03  5.000000E-01  1.025809E-03 -6.675801E-04  0.000000E+00  1.466002E-01 -4.539802E-02 -1.256161E-12  5.520004E-01  0.000000E+00
  9.380877E-03 -3.480369E-03  5.000000E-01  1.984309E-03 -9.131459E-04  0.000000E+00  1.422757E-01 -3.252462E-02  1.867109E-12  4.432530E-01  0.000000E+00
  1.589077E-02 -4.776656E-03  5.000000E-01  3.366850E-03 -1.188445E-03  0.000000E+00  1.271476E-01 -2.284313E-02  1.630581E-12  3.677175E-01  0.000000E+00
  2.547297E-02 -6.283021E-03  5.000000E-01  5.401873E-03 -1.508360E-03  0.000000E+00  1.061231E-01 -1.504490E-02  7.225167E-13  3.006280E-01  0.000000E+00
  3.989163E-02 -8.056277E-03  5.000000E-01  8.464043E-03 -1.884956E-03  0.000000E+00  8.595543E-02 -9.533284E-03  1.805302E-13  2.452148E-01  0.000000E+00
  6.092142E-02 -1.008076E-02  5.000000E-01  1.293025E-02 -2.314906E-03  0.000000E+00  7.094313E-02 -6.327798E-03  1.386881E-14  2.064303E-01  0.000000E+00
  8.832839E-02 -1.230528E-02  5.000000E-01  1.875082E-02 -2.787339E-03  0.000000E+00  6.178202E-02 -4.811622E-03 -6.085341E-15  1.847001E-01  0.000000E+00
  1.189914E-01 -1.459513E-02  5.000000E-01  2.526288E-02 -3.273648E-03  0.000000E+00  5.704107E-02 -4.197523E-03 -1.777628E-15  1.751360E-01  0.000000E+00
  1.511926E-01 -1.694251E-02  5.000000E-01  3.210163E-02 -3.772174E-03  0.000000E+00  5.508468E-02 -4.021490E-03  1.002798E-17  1.725796E-01  0.000000E+00
  1.838450E-01 -1.934481E-02  5.000000E-01  3.903620E-02 -4.282364E-03  0.000000E+00  5.463126E-02 -4.031732E-03 -5.912598E-17  1.730302E-01  0.000000E+00
  2.165049E-01 -2.177790E-02  5.000000E-01  4.597236E-02 -4.799091E-03  0.000000E+00  5.476892E-02 -4.080149E-03 -1.731120E-16  1.739387E-01  0.000000E+00
  2.491496E-01 -2.422434E-02  5.000000E-01  5.290529E-02 -5.318655E-03  0.000000E+00  5.498549E-02 -4.122224E-03 -1.107744E-16  1.747364E-01  0.000000E+00
  2.819003E-01 -2.669408E-02  5.000000E-01  5.986073E-02 -5.843167E-03  0.000000E+00  5.507102E-02 -4.164682E-03 -3.229345E-17  1.758687E-01  0.000000E+00
  3.147601E-01 -2.919951E-02  5.000000E-01  6.683936E-02 -6.375259E-03  0.000000E+00  5.497838E-02 -4.215380E-03  2.000736E-18  1.777086E-01  0.000000E+00
  3.477303E-01 -3.175508E-02  5.000000E-01  7.384142E-02 -6.917999E-03  0.000000E+00  5.474017E-02 -4.278392E-03  9.064926E-18  1.803361E-01  0.000000E+00
  3.807756E-01 -3.437296E-02  5.000000E-01  8.085941E-02 -7.473972E-03  0.000000E+00  5.440342E-02 -4.350042E-03  6.432941E-18  1.835370E-01  0.000000E+00
  4.138291E-01 -3.705437E-02  5.000000E-01  8.787917E-02 -8.043439E-03  0.000000E+00  5.399246E-02 -4.418247E-03  3.305141E-18  1.869331E-01  0.000000E+00
  4.468689E-01 -3.979553E-02  5.000000E-01  9.489601E-02 -8.625593E-03  0.000000E+00  5.352204E-02 -4.476968E-03  2.209283E-18  1.903106E-01  0.000000E+00
  4.799091E-01 -4.259563E-02  5.000000E-01  1.019129E-01 -9.220266E-03  0.000000E+00  5.301054E-02 -4.529147E-03  2.059268E-18  1.936904E-01  0.000000E+00
  5.129612E-01 -4.545601E-02  5.000000E-01  1.089324E-01 -9.827740E-03  0.000000E+00  5.247675E-02 -4.579743E-03  2.680691E-18  1.971750E-01  0.000000E+00
  5.460360E-01 -4.838015E-02  5.000000E-01  1.159567E-01 -1.044876E-02  0.000000E+00  5.193629E-02 -4.632739E-03  3.566641E-18  2.008508E-01  0.000000E+00
  5.791347E-01 -5.137213E-02  5.000000E-01  1.229860E-01 -1.108418E-02  0.000000E+00  5.139947E-02 -4.689821E-03  1.891745E-18  2.047520E-01  0.000000E+00
  6.122565E-01 -5.443563E-02  5.000000E-01  1.300203E-01 -1.173479E-02  0.000000E+00  5.087322E-02 -4.750975E-03  7.955574E-19  2.088736E-01  0.000000E+00
  6.454013E-01 -5.757389E-02  5.000000E-01  1.370594E-01 -1.240128E-02  0.000000E+00  5.036654E-02 -4.816388E-03  3.100423E-18  2.131997E-01  0.000000E+00
  6.785693E-01 -6.078994E-02  5.000000E-01  1.441035E-01 -1.308429E-02  0.000000E+00  4.989276E-02 -4.886456E-03  3.876088E-18  2.176875E-01  0.000000E+00
  7.117575E-01 -6.408564E-02  5.000000E-01  1.511518E-01 -1.378422E-02  0.000000E+00  4.946597E-02 -4.959714E-03  3.458072E-18  2.222124E-01  0.000000E+00
  7.449560E-01 -6.745900E-02  5.000000E-01  1.582024E-01 -1.450063E-02  0.000000E+00  4.909813E-02 -5.032132E-03  3.440877E-18  2.265490E-01  0.000000E+00
  7.781569E-01 -7.090367E-02  5.000000E-01  1.652534E-01 -1.523220E-02  0.000000E+00  4.880244E-02 -5.099055E-03  4.628910E-18  2.304174E-01  0.000000E+00
  8.113578E-01 -7.440939E-02  5.000000E-01  1.723045E-01 -1.597673E-02  0.000000E+00  4.859821E-02 -5.156711E-03  4.435705E-18  2.335221E-01  0.000000E+00
  8.445597E-01 -7.796192E-02  5.000000E-01  1.793558E-01 -1.673120E-02  0.000000E+00  4.850993E-02 -5.201748E-03  3.730351E-18  2.355476E-01  0.000000E+00
  8.777625E-01 -8.154225E-02  5.000000E-01  1.864072E-01 -1.749157E-02  0.000000E+00  4.855646E-02 -5.228506E-03  2.408987E-18  2.361313E-01  0.000000E+00
  9.109638E-01 -8.512458E-02  5.000000E-01  1.934584E-01 -1.825237E-02  0.000000E+00  4.873507E-02 -5.227212E-03  7.265872E-19  2.348898E-01  0.000000E+00
  9.441676E-01 -8.867728E-02  5.000000E-01  2.005100E-01 -1.900688E-02  0.000000E+00  4.900770E-02 -5.183536E-03 -7.585721E-19  2.315120E-01  0.000000E+00
  9.773746E-01 -9.216199E-02  5.000000E-01  2.075624E-01 -1.974694E-02  0.000000E+00  4.929902E-02 -5.078777E-03 -1.050263E-18  2.258767E-01  0.000000E+00
  1.010583E+00 -9.553281E-02  5.000000E-01  2.146150E-01 -2.046282E-02  0.000000E+00  4.954012E-02 -4.911728E-03 -2.313722E-18  2.184121E-01  0.000000E+00
  1.043798E+00 -9.876011E-02  5.000000E-01  2.216690E-01 -2.114822E-02  0.000000E+00  4.971569E-02 -4.715240E-03 -4.780109E-18  2.101995E-01  0.000000E+00
  1.077015E+00 -1.018455E-01  5.000000E-01  2.287237E-01 -2.180349E-02  0.000000E+00  4.982815E-02 -4.518154E-03 -6.682973E-18  2.021750E-01  0.000000E+00
  1.110238E+00 -1.047969E-01  5.000000E-01  2.357793E-01 -2.243029E-02  0.000000E+00  4.986703E-02 -4.327072E-03 -7.788664E-18  1.947268E-01  0.000000E+00
  1.143462E+00 -1.076237E-01  5.000000E-01  2.428354E-01 -2.303063E-02  0.000000E+00  4.982820E-02 -4.146964E-03 -9.552735E-18  1.880483E-01  0.000000E+00
  1.176693E+00 -1.103399E-01  5.000000E-01  2.498927E-01 -2.360749E-02  0.000000E+00  4.971547E-02 -3.983917E-03 -1.158877E-17  1.822879E-01  0.000000E+00
  1.209925E+00 -1.129619E-01  5.000000E-01  2.569505E-01 -2.416434E-02  0.000000E+00  4.953329E-02 -3.842376E-03 -1.125354E-17  1.775646E-01  0.000000E+00
  1.243158E+00 -1.155079E-01  5.000000E-01  2.640083E-01 -2.470505E-02  0.000000E+00  4.928723E-02 -3.727590E-03 -1.042128E-17  1.740233E-01  0.000000E+00
  1.276395E+00 -1.180011E-01  5.000000E-01  2.710670E-01 -2.523454E-02  0.000000E+00  4.898177E-02 -3.644875E-03 -8.431575E-18  1.718301E-01  0.000000E+00
  1.309630E+00 -1.204665E-01  5.000000E-01  2.781253E-01 -2.575811E-02  0.000000E+00  4.861481E-02 -3.597449E-03 -5.828027E-18  1.711434E-01  0.000000E+00
  1.342868E+00 -1.229322E-01  5.000000E-01  2.851842E-01 -2.628177E-02  0.000000E+00  4.817755E-02 -3.589041E-03 -3.252879E-18  1.721598E-01  0.000000E+00
  1.376108E+00 -1.254310E-01  5.000000E-01  2.922436E-01 -2.681245E-02  0.000000E+00  4.764755E-02 -3.620568E-03 -1.874632E-18  1.750743E-01  0.000000E+00
  1.409347E+00 -1.279960E-01  5.000000E-01  2.993027E-01 -2.735720E-02  0.000000E+00  4.699235E-02 -3.690303E-03 -7.021554E-19  1.800868E-01  0.000000E+00
  1.442589E+00 -1.306642E-01  5.000000E-01  3.063625E-01 -2.792386E-02  0.000000E+00  4.619139E-02 -3.796708E-03  2.122204E-18  1.874215E-01  0.000000E+00
  1.475831E+00 -1.334733E-01  5.000000E-01  3.134222E-01 -2.852045E-02  0.000000E+00  4.526628E-02 -3.938816E-03  3.335474E-18  1.972319E-01  0.000000E+00
  1.509072E+00 -1.364620E-01  5.000000E-01  3.204819E-01 -2.915517E-02  0.000000E+00  4.431046E-02 -4.120864E-03  5.365545E-18  2.094591E-01  0.000000E+00
  1.542314E+00 -1.396686E-01  5.000000E-01  3.275416E-01 -2.983617E-02  0.000000E+00  4.348640E-02 -4.354926E-03  9.116432E-18  2.236223E-01  0.000000E+00
  1.575558E+00 -1.431319E-01  5.000000E-01  3.346018E-01 -3.057169E-02  0.000000E+00  4.294496E-02 -4.632710E-03  1.102657E-17  2.382800E-01  0.000000E+00
  1.608800E+00 -1.468533E-01  5.000000E-01  3.416615E-01 -3.136203E-02  0.000000E+00  4.273145E-02 -4.897460E-03  1.132035E-17  2.508853E-01  0.000000E+00
  1.642044E+00 -1.507646E-01  5.000000E-01  3.487219E-01 -3.219269E-02  0.000000E+00  4.283554E-02 -5.103565E-03  1.222609E-17  2.593478E-01  0.000000E+00
  1.675286E+00 -1.547860E-01  5.000000E-01  3.557816E-01 -3.304674E-02  0.000000E+00  4.325075E-02 -5.245088E-03  1.214207E-17  2.629005E-01  0.000000E+00
  1.708526E+00 -1.588380E-01  5.000000E-01  3.628410E-01 -3.390728E-02  0.000000E+00  4.395130E-02 -5.316913E-03  7.393225E-18  2.613998E-01  0.000000E+00
  1.741762E+00 -1.628396E-01  5.000000E-01  3.698996E-01 -3.475713E-02  0.000000E+00  4.488959E-02 -5.306731E-03  4.138442E-18  2.549295E-01  0.000000E+00
  1.774995E+00 -1.667086E-01  5.000000E-01  3.769573E-01 -3.557882E-02  0.000000E+00  4.600695E-02 -5.199061E-03 -2.680386E-19  2.436900E-01  0.000000E+00
  1.808227E+00 -1.703648E-01  5.000000E-01  3.840150E-01 -3.635529E-02  0.000000E+00  4.723906E-02 -4.976011E-03 -5.402375E-18  2.279280E-01  0.000000E+00
  1.841453E+00 -1.737250E-01  5.000000E-01  3.910714E-01 -3.706892E-02  0.000000E+00  4.851914E-02 -4.618427E-03 -7.383828E-18  2.079105E-01  0.000000E+00
  1.874678E+00 -1.767072E-01  5.000000E-01  3.981276E-01 -3.770227E-02  0.000000E+00  4.978381E-02 -4.110028E-03 -1.006574E-17  1.839605E-01  0.000000E+00
  1.907900E+00 -1.792287E-01  5.000000E-01  4.051830E-01 -3.823778E-02  0.000000E+00  5.097341E-02 -3.437522E-03 -1.240014E-17  1.564334E-01  0.000000E+00
  1.941118E+00 -1.812064E-01  5.000000E-01  4.122377E-01 -3.865779E-02  0.000000E+00  5.203000E-02 -2.592019E-03 -1.173916E-17  1.257160E-01  0.000000E+00
  1.974334E+00 -1.825570E-01  5.000000E-01  4.192920E-01 -3.894461E-02  0.000000E+00  5.288876E-02 -1.571343E-03 -2.428499E-18  9.224288E-02  0.000000E+00
  2.007549E+00 -1.831980E-01  5.000000E-01  4.263460E-01 -3.908076E-02  0.000000E+00  5.345637E-02 -3.804702E-04  1.889729E-17  5.649093E-02  0.000000E+00
  2.040760E+00 -1.830460E-01  5.000000E-01  4.333993E-01 -3.904848E-02  0.000000E+00  5.359790E-02  9.635026E-04  4.888631E-17  1.904297E-02  0.000000E+00
  2.073970E+00 -1.820175E-01  5.000000E-01  4.404522E-01 -3.883004E-02  0.000000E+00  5.316824E-02  2.417763E-03  8.019668E-17 -1.919393E-02  0.000000E+00
  2.107177E+00 -1.800326E-01  5.000000E-01  4.475046E-01 -3.840849E-02  0.000000E+00  5.218166E-02  3.867187E-03  1.033554E-16 -5.626639E-02  0.000000E+00
  2.140379E+00 -1.770949E-01  5.000000E-01  4.545558E-01 -3.778461E-02  0.000000E+00  5.086515E-02  5.151532E-03  1.158849E-16 -8.955683E-02  0.000000E+00
  2.173577E+00 -1.733057E-01  5.000000E-01  4.616063E-01 -3.697987E-02  0.000000E+00  4.940739E-02  6.194590E-03  1.257616E-16 -1.177622E-01  0.000000E+00
  2.206768E+00 -1.687713E-01  5.000000E-01  4.686553E-01 -3.601688E-02  0.000000E+00  4.788365E-02  7.003693E-03  1.364121E-16 -1.410409E-01  0.000000E+00
  2.239954E+00 -1.635987E-01  5.000000E-01  4.757033E-01 -3.491834E-02  0.000000E+00  4.635709E-02  7.599452E-03  1.449088E-16 -1.598864E-01  0.000000E+00
  2.273134E+00 -1.578950E-01  5.000000E-01  4.827499E-01 -3.370702E-02  0.000000E+00  4.488836E-02  8.006675E-03  1.543531E-16 -1.747814E-01  0.000000E+00
  2.306309E+00 -1.517681E-01  5.000000E-01  4.897953E-01 -3.240583E-02  0.000000E+00  4.352479E-02  8.250356E-03  1.619678E-16 -1.861107E-01  0.000000E+00
  2.339476E+00 -1.453265E-01  5.000000E-01  4.968392E-01 -3.103777E-02  0.000000E+00  4.229493E-02  8.352673E-03  1.635876E-16 -1.941580E-01  0.000000E+00
  2.372638E+00 -1.386773E-01  5.000000E-01  5.038821E-01 -2.962566E-02  0.000000E+00  4.121608E-02  8.330307E-03  1.608886E-16 -1.990901E-01  0.000000E+00
  2.405805E+00 -1.319302E-01  5.000000E-01  5.109259E-01 -2.819272E-02  0.000000E+00  4.029210E-02  8.193935E-03  1.550454E-16 -2.009753E-01  0.000000E+00
  2.438976E+00 -1.251976E-01  5.000000E-01  5.179706E-01 -2.676290E-02  0.000000E+00  3.950037E-02  7.948242E-03  1.452401E-16 -1.998185E-01  0.000000E+00
  2.472150E+00 -1.185921E-01  5.000000E-01  5.250160E-01 -2.536005E-02  0.000000E+00  3.879034E-02  7.590891E-03  1.297277E-16 -1.955311E-01  0.000000E+00
  2.505329E+00 -1.122255E-01  5.000000E-01  5.320625E-01 -2.400794E-02  0.000000E+00  3.810040E-02  7.116273E-03  1.100386E-16 -1.878969E-01  0.000000E+00
  2.538512E+00 -1.062104E-01  5.000000E-01  5.391097E-01 -2.273048E-02  0.000000E+00  3.739387E-02  6.524765E-03  9.291701E-17 -1.766021E-01  0.000000E+00
  2.571700E+00 -1.006580E-01  5.000000E-01  5.461580E-01 -2.155129E-02  0.000000E+00  3.670487E-02  5.828916E-03  9.104141E-17 -1.613304E-01  0.000000E+00
  2.604894E+00 -9.568041E-02  5.000000E-01  5.532074E-01 -2.049417E-02  0.000000E+00  3.612921E-02  5.054878E-03  1.198181E-16 -1.420561E-01  0.000000E+00
  2.638090E+00 -9.138131E-02  5.000000E-01  5.602575E-01 -1.958115E-02  0.000000E+00  3.569016E-02  4.258520E-03  1.854630E-16 -1.197959E-01  0.000000E+00
  2.671292E+00 -8.777266E-02  5.000000E-01  5.673087E-01 -1.881476E-02  0.000000E+00  3.532106E-02  3.505344E-03  2.650466E-16 -9.634627E-02  0.000000E+00
  2.704497E+00 -8.480530E-02  5.000000E-01  5.743608E-01 -1.818456E-02  0.000000E+00  3.499253E-02  2.822107E-03  3.242350E-16 -7.299972E-02  0.000000E+00
  2.737708E+00 -8.242876E-02  5.000000E-01  5.814140E-01 -1.767984E-02  0.000000E+00  3.471745E-02  2.207872E-03  3.459634E-16 -5.038531E-02  0.000000E+00
  2.770923E+00 -8.059234E-02  5.000000E-01  5.884680E-01 -1.728983E-02  0.000000E+00  3.451012E-02  1.659335E-03  3.282414E-16 -2.889798E-02  0.000000E+00
  2.804143E+00 -7.924495E-02  5.000000E-01  5.955231E-01 -1.700368E-02  0.000000E+00  3.438237E-02  1.172708E-03  2.791847E-16 -8.829953E-03  0.000000E+00
  2.837367E+00 -7.833584E-02  5.000000E-01  6.025790E-01 -1.681061E-02  0.000000E+00  3.434389E-02  7.444647E-04  2.141132E-16  9.568059E-03  0.000000E+00
  2.870594E+00 -7.781362E-02  5.000000E-01  6.096357E-01 -1.669970E-02  0.000000E+00  3.440277E-02  3.715707E-04  1.477647E-16  2.606818E-02  0.000000E+00
  2.903823E+00 -7.762674E-02  5.000000E-01  6.166926E-01 -1.666001E-02  0.000000E+00  3.456479E-02  5.202604E-05  9.039110E-17  4.045838E-02  0.000000E+00
  2.937051E+00 -7.772190E-02  5.000000E-01  6.237496E-01 -1.668022E-02  0.000000E+00  3.483609E-02 -2.162111E-04  4.688215E-17  5.257174E-02  0.000000E+00
  2.970283E+00 -7.804733E-02  5.000000E-01  6.308072E-01 -1.674934E-02  0.000000E+00  3.522264E-02 -4.347639E-04  1.804060E-17  6.228410E-02  0.000000E+00
  3.003515E+00 -7.855044E-02  5.000000E-01  6.378649E-01 -1.685618E-02  0.000000E+00  3.572497E-02 -6.037447E-04  9.677688E-19  6.949546E-02  0.000000E+00
  3.036751E+00 -7.917900E-02  5.000000E-01  6.449232E-01 -1.698967E-02  0.000000E+00  3.633121E-02 -7.225341E-04 -7.675328E-18  7.415467E-02  0.000000E+00
  3.069988E+00 -7.988135E-02  5.000000E-01  6.519820E-01 -1.713884E-02  0.000000E+00  3.700589E-02 -7.881851E-04 -1.071785E-17  7.626730E-02  0.000000E+00
  3.103226E+00 -8.060458E-02  5.000000E-01  6.590410E-01 -1.729243E-02  0.000000E+00  3.768888E-02 -7.970753E-04 -1.177649E-17  7.597811E-02  0.000000E+00
  3.136469E+00 -8.129808E-02  5.000000E-01  6.661010E-01 -1.743972E-02  0.000000E+00  3.831189E-02 -7.495515E-04 -1.245141E-17  7.367825E-02  0.000000E+00
  3.169712E+00 -8.191575E-02  5.000000E-01  6.731611E-01 -1.757089E-02  0.000000E+00  3.884552E-02 -6.677414E-04 -1.333998E-17  7.023156E-02  0.000000E+00
  3.202960E+00 -8.245044E-02  5.000000E-01  6.802220E-01 -1.768445E-02  0.000000E+00  3.929628E-02 -5.806541E-04 -1.469482E-17  6.657209E-02  0.000000E+00
  3.236210E+00 -8.290802E-02  5.000000E-01  6.872835E-01 -1.778163E-02  0.000000E+00  3.966729E-02 -4.980208E-04 -1.651450E-17  6.313302E-02  0.000000E+00
  3.269464E+00 -8.329546E-02  5.000000E-01  6.943459E-01 -1.786391E-02  0.000000E+00  3.996185E-02 -4.208379E-04 -1.833191E-17  6.001320E-02  0.000000E+00
  3.302721E+00 -8.361869E-02  5.000000E-01  7.014089E-01 -1.793256E-02  0.000000E+00  4.018758E-02 -3.488324E-04 -1.843105E-17  5.719466E-02  0.000000E+00
  3.335981E+00 -8.388310E-02  5.000000E-01  7.084724E-01 -1.798871E-02  0.000000E+00  4.035622E-02 -2.824073E-04 -1.596482E-17  5.465315E-02  0.000000E+00
  3.369247E+00 -8.409440E-02  5.000000E-01  7.155373E-01 -1.803358E-02  0.000000E+00  4.048244E-02 -2.225707E-04 -1.049100E-17  5.238875E-02  0.000000E+00
  3.402518E+00 -8.425913E-02  5.000000E-01  7.226033E-01 -1.806857E-02  0.000000E+00  4.057736E-02 -1.685227E-04 -2.068763E-18  5.037254E-02  0.000000E+00
  3.435792E+00 -8.438102E-02  5.000000E-01  7.296699E-01 -1.809446E-02  0.000000E+00  4.064877E-02 -1.194751E-04  7.973699E-18  4.856433E-02  0.000000E+00
  3.469073E+00 -8.446498E-02  5.000000E-01  7.367379E-01 -1.811229E-02  0.000000E+00  4.070198E-02 -7.500286E-05  1.800756E-17  4.693419E-02  0.000000E+00
  3.502353E+00 -8.451393E-02  5.000000E-01  7.438057E-01 -1.812268E-02  0.000000E+00  4.073755E-02 -3.419906E-05  2.673013E-17  4.545082E-02  0.000000E+00
  3.535630E+00 -8.453108E-02  5.000000E-01  7.508729E-01 -1.812632E-02  0.000000E+00  4.075222E-02  3.535705E-06  3.286184E-17  4.408823E-02  0.000000E+00
  3.568904E+00 -8.451841E-02  5.000000E-01  7.579395E-01 -1.812363E-02  0.000000E+00  4.074206E-02  4.006456E-05  3.547057E-17  4.280326E-02  0.000000E+00
  3.602176E+00 -8.447582E-02  5.000000E-01  7.650057E-01 -1.811459E-02  0.000000E+00  4.071673E-02  7.723400E-05  3.454339E-17  4.155001E-02  0.000000E+00
  3.635446E+00 -8.440224E-02  5.000000E-01  7.720714E-01 -1.809896E-02  0.000000E+00  4.071346E-02  1.163193E-04  3.252022E-17  4.024172E-02  0.000000E+00
  3.668713E+00 -8.429545E-02  5.000000E-01  7.791365E-01 -1.807628E-02  0.000000E+00  4.080012E-02  1.576808E-04  3.665915E-17  3.868520E-02  0.000000E+00
  3.701976E+00 -8.415436E-02  5.000000E-01  7.862009E-01 -1.804632E-02  0.000000E+00  4.104015E-02  2.100593E-04  6.032991E-17  3.639589E-02  0.000000E+00
  3.735241E+00 -8.396571E-02  5.000000E-01  7.932655E-01 -1.800625E-02  0.000000E+00  4.141322E-02  3.144341E-04  1.200345E-16  3.228546E-02  0.000000E+00
  3.768500E+00 -8.366203E-02  5.000000E-01  8.003289E-01 -1.794176E-02  0.000000E+00  4.184140E-02  5.116469E-04  2.287146E-16  2.540344E-02  0.000000E+00
  3.801751E+00 -8.316505E-02  5.000000E-01  8.073904E-01 -1.783621E-02  0.000000E+00  4.226858E-02  8.028225E-04  3.875917E-16  1.577216E-02  0.000000E+00
  3.834989E+00 -8.241118E-02  5.000000E-01  8.144495E-01 -1.767611E-02  0.000000E+00  4.265871E-02  1.167543E-03  5.815063E-16  4.037646E-03  0.000000E+00
  3.868211E+00 -8.135785E-02  5.000000E-01  8.215050E-01 -1.745241E-02  0.000000E+00  4.297610E-02  1.584428E-03  7.780131E-16 -9.062932E-03  0.000000E+00
  3.901422E+00 -7.997354E-02  5.000000E-01  8.285582E-01 -1.715841E-02  0.000000E+00  4.319146E-02  2.033784E-03  9.312827E-16 -2.287802E-02  0.000000E+00
  3.934617E+00 -7.824208E-02  5.000000E-01  8.356080E-01 -1.679070E-02  0.000000E+00  4.329456E-02  2.495585E-03  1.001065E-15 -3.684689E-02  0.000000E+00
  3.967800E+00 -7.615807E-02  5.000000E-01  8.426552E-01 -1.634810E-02  0.000000E+00  4.328889E-02  2.953769E-03  9.738130E-16 -5.057372E-02  0.000000E+00
  4.000972E+00 -7.372468E-02  5.000000E-01  8.497001E-01 -1.583131E-02  0.000000E+00  4.318778E-02  3.396772E-03  8.628067E-16 -6.382214E-02  0.000000E+00
  4.034139E+00 -7.095051E-02  5.000000E-01  8.567440E-01 -1.524215E-02  0.000000E+00  4.300181E-02  3.821135E-03  6.927854E-16 -7.653208E-02  0.000000E+00
  4.067311E+00 -6.783974E-02  5.000000E-01  8.637890E-01 -1.458149E-02  0.000000E+00  4.274235E-02  4.227103E-03  4.804578E-16 -8.871882E-02  0.000000E+00
  4.100488E+00 -6.439842E-02  5.000000E-01  8.708348E-01 -1.385064E-02  0.000000E+00  4.243136E-02  4.612219E-03  2.223351E-16 -1.003522E-01  0.000000E+00
  4.133669E+00 -6.063621E-02  5.000000E-01  8.778818E-01 -1.305164E-02  0.000000E+00  4.208491E-02  4.974614E-03 -7.910926E-17 -1.114128E-01  0.000000E+00
  4.166856E+00 -5.656283E-02  5.000000E-01  8.849299E-01 -1.218656E-02  0.000000E+00  4.170024E-02  5.311369E-03 -3.931852E-16 -1.218773E-01  0.000000E+00
  4.200049E+00 -5.219123E-02  5.000000E-01  8.919793E-01 -1.125814E-02  0.000000E+00  4.124852E-02  5.615872E-03 -6.638789E-16 -1.316589E-01  0.000000E+00
  4.233242E+00 -4.753463E-02  5.000000E-01  8.990286E-01 -1.026919E-02  0.000000E+00  4.070248E-02  5.869732E-03 -8.241645E-16 -1.404054E-01  0.000000E+00
  4.266405E+00 -4.263121E-02  5.000000E-01  9.060715E-01 -9.227823E-03  0.000000E+00  4.007894E-02  6.038234E-03 -8.418085E-16 -1.473645E-01  0.000000E+00
  4.299502E+00 -3.755997E-02  5.000000E-01  9.131007E-01 -8.150817E-03  0.000000E+00  3.942587E-02  6.085841E-03 -7.419021E-16 -1.516641E-01  0.000000E+00
  4.332522E+00 -3.243395E-02  5.000000E-01  9.201132E-01 -7.062174E-03  0.000000E+00  3.876120E-02  5.997931E-03 -5.734008E-16 -1.527712E-01  0.000000E+00
  4.365472E+00 -2.736206E-02  5.000000E-01  9.271110E-01 -5.985030E-03  0.000000E+00  3.806873E-02  5.776129E-03 -3.901107E-16 -1.504550E-01  0.000000E+00
  4.398350E+00 -2.245710E-02  5.000000E-01  9.340935E-01 -4.943336E-03  0.000000E+00  3.733123E-02  5.422351E-03 -2.321660E-16 -1.444655E-01  0.000000E+00
  4.431155E+00 -1.783298E-02  5.000000E-01  9.410605E-01 -3.961288E-03  0.000000E+00  3.651445E-02  4.934480E-03 -1.175418E-16 -1.344638E-01  0.000000E+00
  4.463888E+00 -1.361331E-02  5.000000E-01  9.480121E-01 -3.065135E-03  0.000000E+00  3.549405E-02  4.316955E-03 -5.220943E-17 -1.202927E-01  0.000000E+00
  4.496579E+00 -9.893069E-03  5.000000E-01  9.549550E-01 -2.275046E-03  0.000000E+00  3.405439E-02  3.593891E-03 -3.057656E-17 -1.020561E-01  0.000000E+00
  4.529252E+00 -6.738329E-03  5.000000E-01  9.618939E-01 -1.605056E-03  0.000000E+00  3.204859E-02  2.816649E-03 -3.660069E-17 -7.981036E-02  0.000000E+00
  4.561929E+00 -4.178037E-03  5.000000E-01  9.688337E-01 -1.061313E-03  0.000000E+00  2.955915E-02  2.050646E-03 -5.005303E-17 -5.359190E-02  0.000000E+00
  4.594574E+00 -2.240977E-03  5.000000E-01  9.757666E-01 -6.499294E-04  0.000000E+00  2.684172E-02  1.336011E-03 -5.799160E-17 -2.402050E-02  0.000000E+00
  4.627203E+00 -9.474344E-04  5.000000E-01  9.826962E-01 -3.752128E-04  0.000000E+00  2.417535E-02  7.032623E-04 -5.931123E-17  7.844727E-03  0.000000E+00
  4.659162E+00 -3.209860E-04  5.000000E-01  9.894836E-01 -2.421706E-04  0.000000E+00  2.151635E-02  2.461253E-04 -5.815192E-17  3.359753E-02  0.000000E+00
  4.689251E+00 -3.186596E-04  5.000000E-01  9.958737E-01 -2.416765E-04  0.000000E+00  1.736352E-02  1.104875E-06 -3.906051E-17  1.154663E-02  0.000000E+00
  4.708680E+00 -6.198143E-04  5.000000E-01  1.000000E+00 -3.056344E-04  0.000000E+00  1.212168E-02 -6.815241E-04 -5.817716E-18 -9.691718E-02  0.000000E+00
    1    2
    2    3
    3    4
    4    5
    5    6
    6    7
    7    8
    8    9
    9   10
   10   11
   11   12
   12   13
   13   14
   14   15
   15   16
   16   17
   17   18
   18   19
   19   20
   20   21
   21   22
   22   23
   23   24
   24   25
   25   26
   26   27
   27   28
   28   29
   29   30
   30   31
   31   32
   32   33
   33   34
   34   35
   35   36
   36   37
   37   38
   38   39
   39   40
   40   41
   41   42
   42   43
   43   44
   44   45
   45   46
   46   47
   47   48
   48   49
   49   50
   50   51
   51   52
   52   53
   53   54
   54   55
   55   56
   56   57
   57   58
   58   59
   59   60
   60   61
   61   62
   62   63
   63   64
   64   65
   65   66
   66   67
   67   68
   68   69
   69   70
   70   71
   71   72
   72   73
   73   74
   74   75
   75   76
   76   77
   77   78
   78   79
   79   80
   80   81
   81   82
   82   83
   83   84
   84   85
   85   86
   86   87
   87   88
   88   89
   89   90
   90   91
   91   92
   92   93
   93   94
   94   95
   95   96
   96   97
   97   98
   98   99
   99  100
  100  101
  101  102
  102  103
  103  104
  104  105
  105  106
  106  107
  107  108
  108  109
  109  110
  110  111
  111  112
  112  113
  113  114
  114  115
  115  116
  116  117
  117  118
  118  119
  119  120
  120  121
  121  122
  122  123
  123  124
  124  125
  125  126
  126  127
  127  128
  128  129
  129  130
  130  131
  131  132
  132  133
  133  134
  134  135
  135  136
  136  137
  137  138
  138  139
  139  140
  140  141
  141  142
  142  143
  143  144
  144  145
  145  146
  146  147
  147  148
  148  149
  149  150
  151  152
  152  153
  153  154
  154  155
  155  156
  156  157
  157  158
  158  159
  159  160
  160  161
  161  162
  162  163
  163  164
  164  165
  165  166
  166  167
  167  168
  168  169
  169  170
  170  171
  171  172
  172  173
  173  174
  174  175
  175  176
  176  177
  177  178
  178  179
  179  180
  180  181
  181  182
  182  183
  183  184
  184  185
  185  186
  186  187
  187  188
  188  189
  189  190
  190  191
  191  192
  192  193
  193  194
  194  195
  195  196
  196  197
  197  198
  198  199
  199  200
  200  201
  201  202
  202  203
  203  204
  204  205
  205  206
  206  207
  207  208
  208  209
  209  210
  210  211
  211  212
  212  213
  213  214
  214  215
  215  216
  216  217
  217  218
  218  219
  219  220
  220  221
  221  222
  222  223
  223  224
  224  225
  225  226
  226  227
  227  228
  228  229
  229  230
  230  231
  231  232
  232  233
  233  234
  234  235
  235  236
  236  237
  237  238
  238  239
  239  240
  240  241
  241  242
  242  243
  243  244
  244  245
  245  246
  246  247
  247  248
  248  249
  249  250
  250  251
  251  252
  252  253
  253  254
  254  255
  255  256
  256  257
  257  258
  258  259
  259  260
  260  261
  261  262
  262  263
  263  264
  264  265
  265  266
  266  267
  267  268
  268  269
  269  270
  270  271
  271  272
  272  273
  273  274
  274  275
  275  276
  276  277
  277  278
  278  279
  279  280
  280  281
  281  282
  282  283
  283  284
  284  285
  285  286
  286  287
  287  288
  288  289
  289  290
  290  291
  291  292
  292  293
  293  294
  294  295
  295  296
  296  297
  297  298
  298  299
  299  300
