 Title = "ADflow Slice Data"
Variables =  "CoordinateX"  "CoordinateY"  "CoordinateZ"  "XoC"  "YoC"  "ZoC" "VelocityX" "VelocityY" "VelocityZ" "CoefPressure" "Mach" 
Zone T= "Slice_0001 None Absolute Regular z = 0.50000000"
 Nodes =          300  Elements=          298  ZONETYPE=FELINESEG
 DATAPACKING=POINT
  4.708680E+00  1.540025E-04  5.000000E-01  9.999999E-01 -3.327297E-04  0.000000E+00  1.211269E-02 -1.511066E-03  7.899407E-18 -5.260059E-02  0.000000E+00
  4.689187E+00  4.142578E-03  5.000000E-01  9.958601E-01  5.143458E-04  0.000000E+00  1.172199E-02 -2.163809E-03  2.357436E-18 -1.773668E-01  0.000000E+00
  4.658673E+00  1.018653E-02  5.000000E-01  9.893797E-01  1.797932E-03  0.000000E+00  1.792208E-02 -3.503297E-03  1.498397E-17 -2.026405E-01  0.000000E+00
  4.626256E+00  1.637287E-02  5.000000E-01  9.824952E-01  3.111758E-03  0.000000E+00  2.510937E-02 -4.684251E-03  3.564529E-17 -2.157967E-01  0.000000E+00
  4.593146E+00  2.247200E-02  5.000000E-01  9.754635E-01  4.407063E-03  0.000000E+00  3.063809E-02 -5.550543E-03  5.946366E-17 -2.160385E-01  0.000000E+00
  4.560031E+00  2.837282E-02  5.000000E-01  9.684306E-01  5.660253E-03  0.000000E+00  3.343702E-02 -5.877978E-03  8.116704E-17 -2.102402E-01  0.000000E+00
  4.526891E+00  3.409536E-02  5.000000E-01  9.613923E-01  6.875580E-03  0.000000E+00  3.420432E-02 -5.824902E-03  9.919112E-17 -2.042461E-01  0.000000E+00
  4.493752E+00  3.964669E-02  5.000000E-01  9.543545E-01  8.054547E-03  0.000000E+00  3.428501E-02 -5.662712E-03  1.166139E-16 -1.990534E-01  0.000000E+00
  4.460612E+00  4.503436E-02  5.000000E-01  9.473164E-01  9.198755E-03  0.000000E+00  3.444035E-02 -5.520722E-03  1.363943E-16 -1.943028E-01  0.000000E+00
  4.427470E+00  5.026392E-02  5.000000E-01  9.402779E-01  1.030938E-02  0.000000E+00  3.480829E-02 -5.413670E-03  1.536968E-16 -1.897404E-01  0.000000E+00
  4.394325E+00  5.533616E-02  5.000000E-01  9.332387E-01  1.138660E-02  0.000000E+00  3.527899E-02 -5.319514E-03  1.660391E-16 -1.852126E-01  0.000000E+00
  4.361178E+00  6.025178E-02  5.000000E-01  9.261991E-01  1.243056E-02  0.000000E+00  3.573724E-02 -5.218573E-03  1.721016E-16 -1.806204E-01  0.000000E+00
  4.328027E+00  6.500928E-02  5.000000E-01  9.191586E-01  1.344094E-02  0.000000E+00  3.613557E-02 -5.102213E-03  1.679401E-16 -1.758969E-01  0.000000E+00
  4.294876E+00  6.960500E-02  5.000000E-01  9.121181E-01  1.441695E-02  0.000000E+00  3.647481E-02 -4.970730E-03  1.543133E-16 -1.710154E-01  0.000000E+00
  4.261727E+00  7.403578E-02  5.000000E-01  9.050782E-01  1.535794E-02  0.000000E+00  3.677336E-02 -4.827135E-03  1.334495E-16 -1.659636E-01  0.000000E+00
  4.228582E+00  7.829842E-02  5.000000E-01  8.980388E-01  1.626322E-02  0.000000E+00  3.704932E-02 -4.673004E-03  1.095622E-16 -1.607147E-01  0.000000E+00
  4.195443E+00  8.238744E-02  5.000000E-01  8.910010E-01  1.713163E-02  0.000000E+00  3.731268E-02 -4.508227E-03  8.841428E-17 -1.552345E-01  0.000000E+00
  4.162308E+00  8.629692E-02  5.000000E-01  8.839639E-01  1.796191E-02  0.000000E+00  3.756341E-02 -4.332841E-03  6.742757E-17 -1.495122E-01  0.000000E+00
  4.129179E+00  9.002190E-02  5.000000E-01  8.769281E-01  1.875300E-02  0.000000E+00  3.779826E-02 -4.146659E-03  4.061968E-17 -1.435438E-01  0.000000E+00
  4.096054E+00  9.355631E-02  5.000000E-01  8.698932E-01  1.950363E-02  0.000000E+00  3.801364E-02 -3.949588E-03  1.145399E-17 -1.373296E-01  0.000000E+00
  4.062934E+00  9.689559E-02  5.000000E-01  8.628593E-01  2.021281E-02  0.000000E+00  3.820504E-02 -3.742260E-03 -1.455493E-17 -1.308849E-01  0.000000E+00
  4.029817E+00  1.000352E-01  5.000000E-01  8.558262E-01  2.087958E-02  0.000000E+00  3.836867E-02 -3.525542E-03 -3.341442E-17 -1.242345E-01  0.000000E+00
  3.996705E+00  1.029718E-01  5.000000E-01  8.487939E-01  2.150325E-02  0.000000E+00  3.849963E-02 -3.301611E-03 -4.168767E-17 -1.174330E-01  0.000000E+00
  3.963594E+00  1.057049E-01  5.000000E-01  8.417620E-01  2.208368E-02  0.000000E+00  3.859359E-02 -3.073754E-03 -3.894740E-17 -1.105621E-01  0.000000E+00
  3.930486E+00  1.082363E-01  5.000000E-01  8.347306E-01  2.262130E-02  0.000000E+00  3.864910E-02 -2.845702E-03 -2.983896E-17 -1.037219E-01  0.000000E+00
  3.897377E+00  1.105708E-01  5.000000E-01  8.276991E-01  2.311708E-02  0.000000E+00  3.866635E-02 -2.622796E-03 -1.636722E-17 -9.704932E-02  0.000000E+00
  3.864269E+00  1.127182E-01  5.000000E-01  8.206677E-01  2.357315E-02  0.000000E+00  3.864943E-02 -2.410994E-03 -3.105042E-18 -9.070878E-02  0.000000E+00
  3.831161E+00  1.146916E-01  5.000000E-01  8.136366E-01  2.399225E-02  0.000000E+00  3.860573E-02 -2.217056E-03  4.236806E-18 -8.490008E-02  0.000000E+00
  3.798054E+00  1.165109E-01  5.000000E-01  8.066053E-01  2.437863E-02  0.000000E+00  3.854479E-02 -2.048946E-03  4.747918E-18 -7.985672E-02  0.000000E+00
  3.764948E+00  1.182014E-01  5.000000E-01  7.995744E-01  2.473763E-02  0.000000E+00  3.847828E-02 -1.914611E-03  4.571881E-19 -7.580525E-02  0.000000E+00
  3.731842E+00  1.197950E-01  5.000000E-01  7.925435E-01  2.507608E-02  0.000000E+00  3.841674E-02 -1.821942E-03 -4.429980E-18 -7.291103E-02  0.000000E+00
  3.698737E+00  1.213308E-01  5.000000E-01  7.855129E-01  2.540224E-02  0.000000E+00  3.838280E-02 -1.768219E-03 -7.191153E-18 -7.105039E-02  0.000000E+00
  3.665634E+00  1.228354E-01  5.000000E-01  7.784827E-01  2.572179E-02  0.000000E+00  3.840939E-02 -1.733569E-03 -6.616607E-18 -6.973404E-02  0.000000E+00
  3.632534E+00  1.243098E-01  5.000000E-01  7.714529E-01  2.603490E-02  0.000000E+00  3.849680E-02 -1.701360E-03 -2.452217E-18 -6.853387E-02  0.000000E+00
  3.599434E+00  1.257517E-01  5.000000E-01  7.644234E-01  2.634113E-02  0.000000E+00  3.861137E-02 -1.668247E-03  3.221275E-18 -6.730512E-02  0.000000E+00
  3.566334E+00  1.271603E-01  5.000000E-01  7.573938E-01  2.664029E-02  0.000000E+00  3.872552E-02 -1.633596E-03  8.787162E-18 -6.601273E-02  0.000000E+00
  3.533236E+00  1.285345E-01  5.000000E-01  7.503646E-01  2.693212E-02  0.000000E+00  3.882871E-02 -1.596812E-03  1.435876E-17 -6.465834E-02  0.000000E+00
  3.500138E+00  1.298728E-01  5.000000E-01  7.433353E-01  2.721635E-02  0.000000E+00  3.892048E-02 -1.558717E-03  1.796563E-17 -6.327307E-02  0.000000E+00
  3.467038E+00  1.311757E-01  5.000000E-01  7.363057E-01  2.749307E-02  0.000000E+00  3.900518E-02 -1.520563E-03  1.952729E-17 -6.188795E-02  0.000000E+00
  3.433936E+00  1.324437E-01  5.000000E-01  7.292757E-01  2.776236E-02  0.000000E+00  3.908847E-02 -1.482693E-03  1.896871E-17 -6.051451E-02  0.000000E+00
  3.400832E+00  1.336772E-01  5.000000E-01  7.222452E-01  2.802431E-02  0.000000E+00  3.917336E-02 -1.445443E-03  1.561894E-17 -5.916121E-02  0.000000E+00
  3.367728E+00  1.348768E-01  5.000000E-01  7.152146E-01  2.827909E-02  0.000000E+00  3.926114E-02 -1.408908E-03  1.118543E-17 -5.782975E-02  0.000000E+00
  3.334620E+00  1.360433E-01  5.000000E-01  7.081834E-01  2.852682E-02  0.000000E+00  3.935217E-02 -1.373039E-03  6.781456E-18 -5.651856E-02  0.000000E+00
  3.301512E+00  1.371772E-01  5.000000E-01  7.011520E-01  2.876764E-02  0.000000E+00  3.944598E-02 -1.337947E-03  4.402977E-18 -5.523034E-02  0.000000E+00
  3.268401E+00  1.382794E-01  5.000000E-01  6.941201E-01  2.900171E-02  0.000000E+00  3.954286E-02 -1.303521E-03  4.671484E-18 -5.396209E-02  0.000000E+00
  3.235290E+00  1.393503E-01  5.000000E-01  6.870881E-01  2.922914E-02  0.000000E+00  3.964354E-02 -1.269470E-03  6.111088E-18 -5.270593E-02  0.000000E+00
  3.202177E+00  1.403901E-01  5.000000E-01  6.800557E-01  2.944996E-02  0.000000E+00  3.974778E-02 -1.235871E-03  7.948752E-18 -5.146131E-02  0.000000E+00
  3.169063E+00  1.413994E-01  5.000000E-01  6.730231E-01  2.966433E-02  0.000000E+00  3.985545E-02 -1.202697E-03  9.768690E-18 -5.022453E-02  0.000000E+00
  3.135947E+00  1.423786E-01  5.000000E-01  6.659902E-01  2.987227E-02  0.000000E+00  3.996727E-02 -1.169365E-03  1.132345E-17 -4.897758E-02  0.000000E+00
  3.102831E+00  1.433272E-01  5.000000E-01  6.589570E-01  3.007374E-02  0.000000E+00  4.008412E-02 -1.134800E-03  1.216394E-17 -4.769055E-02  0.000000E+00
  3.069714E+00  1.442436E-01  5.000000E-01  6.519238E-01  3.026836E-02  0.000000E+00  4.020541E-02 -1.098170E-03  1.161811E-17 -4.633926E-02  0.000000E+00
  3.036593E+00  1.451263E-01  5.000000E-01  6.448898E-01  3.045582E-02  0.000000E+00  4.032932E-02 -1.059231E-03  9.518620E-18 -4.491172E-02  0.000000E+00
  3.003475E+00  1.459733E-01  5.000000E-01  6.378564E-01  3.063570E-02  0.000000E+00  4.045536E-02 -1.017138E-03  6.821714E-18 -4.338976E-02  0.000000E+00
  2.970356E+00  1.467815E-01  5.000000E-01  6.308226E-01  3.080735E-02  0.000000E+00  4.058190E-02 -9.719766E-04  4.160284E-18 -4.177307E-02  0.000000E+00
  2.937236E+00  1.475496E-01  5.000000E-01  6.237888E-01  3.097047E-02  0.000000E+00  4.070784E-02 -9.239933E-04  1.186404E-18 -4.006540E-02  0.000000E+00
  2.904117E+00  1.482749E-01  5.000000E-01  6.167550E-01  3.112450E-02  0.000000E+00  4.083373E-02 -8.727977E-04 -9.670142E-19 -3.826018E-02  0.000000E+00
  2.870996E+00  1.489552E-01  5.000000E-01  6.097211E-01  3.126899E-02  0.000000E+00  4.095926E-02 -8.184424E-04 -1.995260E-18 -3.635653E-02  0.000000E+00
  2.837877E+00  1.495883E-01  5.000000E-01  6.026873E-01  3.140343E-02  0.000000E+00  4.108433E-02 -7.606921E-04 -2.483482E-18 -3.434864E-02  0.000000E+00
  2.804757E+00  1.501714E-01  5.000000E-01  5.956534E-01  3.152728E-02  0.000000E+00  4.120814E-02 -6.995174E-04 -2.653298E-18 -3.223283E-02  0.000000E+00
  2.771639E+00  1.507024E-01  5.000000E-01  5.886200E-01  3.164005E-02  0.000000E+00  4.133031E-02 -6.344142E-04 -2.410806E-18 -2.999794E-02  0.000000E+00
  2.738522E+00  1.511778E-01  5.000000E-01  5.815867E-01  3.174102E-02  0.000000E+00  4.144940E-02 -5.652757E-04 -1.504400E-18 -2.763949E-02  0.000000E+00
  2.705406E+00  1.515954E-01  5.000000E-01  5.745537E-01  3.182969E-02  0.000000E+00  4.156359E-02 -4.922522E-04 -5.053383E-19 -2.515760E-02  0.000000E+00
  2.672292E+00  1.519519E-01  5.000000E-01  5.675211E-01  3.190542E-02  0.000000E+00  4.167224E-02 -4.150810E-04  3.332726E-19 -2.254841E-02  0.000000E+00
  2.639177E+00  1.522447E-01  5.000000E-01  5.604885E-01  3.196760E-02  0.000000E+00  4.177456E-02 -3.338890E-04  7.664601E-19 -1.982073E-02  0.000000E+00
  2.606068E+00  1.524709E-01  5.000000E-01  5.534568E-01  3.201564E-02  0.000000E+00  4.186940E-02 -2.494649E-04  9.324671E-19 -1.700577E-02  0.000000E+00
  2.572958E+00  1.526288E-01  5.000000E-01  5.464251E-01  3.204918E-02  0.000000E+00  4.195379E-02 -1.648592E-04  9.301680E-19 -1.417605E-02  0.000000E+00
  2.539852E+00  1.527206E-01  5.000000E-01  5.393941E-01  3.206867E-02  0.000000E+00  4.202920E-02 -8.170950E-05  8.300159E-19 -1.137786E-02  0.000000E+00
  2.506749E+00  1.527471E-01  5.000000E-01  5.323638E-01  3.207430E-02  0.000000E+00  4.210009E-02  3.711550E-07  4.631235E-19 -8.617595E-03  0.000000E+00
  2.473650E+00  1.527096E-01  5.000000E-01  5.253345E-01  3.206633E-02  0.000000E+00  4.216786E-02  8.116767E-05 -3.443253E-19 -5.903866E-03  0.000000E+00
  2.440554E+00  1.526092E-01  5.000000E-01  5.183056E-01  3.204501E-02  0.000000E+00  4.223194E-02  1.601609E-04 -1.322777E-18 -3.244987E-03  0.000000E+00
  2.407460E+00  1.524481E-01  5.000000E-01  5.112774E-01  3.201080E-02  0.000000E+00  4.229215E-02  2.376124E-04 -2.033529E-18 -6.361990E-04  0.000000E+00
  2.374373E+00  1.522270E-01  5.000000E-01  5.042504E-01  3.196383E-02  0.000000E+00  4.234800E-02  3.139992E-04 -2.184175E-18  1.922479E-03  0.000000E+00
  2.341286E+00  1.519470E-01  5.000000E-01  4.972236E-01  3.190436E-02  0.000000E+00  4.239622E-02  3.875278E-04 -2.019220E-18  4.384246E-03  0.000000E+00
  2.308194E+00  1.516115E-01  5.000000E-01  4.901958E-01  3.183312E-02  0.000000E+00  4.243557E-02  4.557938E-04 -1.748632E-18  6.686322E-03  0.000000E+00
  2.275097E+00  1.512254E-01  5.000000E-01  4.831667E-01  3.175113E-02  0.000000E+00  4.246931E-02  5.176320E-04 -1.566906E-18  8.787666E-03  0.000000E+00
  2.241991E+00  1.507940E-01  5.000000E-01  4.761359E-01  3.165950E-02  0.000000E+00  4.250248E-02  5.727682E-04 -1.582329E-18  1.067002E-02  0.000000E+00
  2.208879E+00  1.503225E-01  5.000000E-01  4.691037E-01  3.155937E-02  0.000000E+00  4.253922E-02  6.214298E-04 -1.566522E-18  1.233213E-02  0.000000E+00
  2.175760E+00  1.498159E-01  5.000000E-01  4.620701E-01  3.145177E-02  0.000000E+00  4.258161E-02  6.638997E-04 -1.702007E-18  1.377995E-02  0.000000E+00
  2.142637E+00  1.492791E-01  5.000000E-01  4.550354E-01  3.133777E-02  0.000000E+00  4.263011E-02  7.004637E-04 -1.516692E-18  1.502363E-02  0.000000E+00
  2.109507E+00  1.487166E-01  5.000000E-01  4.479994E-01  3.121831E-02  0.000000E+00  4.268450E-02  7.314166E-04 -1.112357E-18  1.607814E-02  0.000000E+00
  2.076374E+00  1.481330E-01  5.000000E-01  4.409628E-01  3.109438E-02  0.000000E+00  4.274529E-02  7.579949E-04 -8.120548E-19  1.697496E-02  0.000000E+00
  2.043241E+00  1.475309E-01  5.000000E-01  4.339262E-01  3.096650E-02  0.000000E+00  4.281151E-02  7.810130E-04 -3.515814E-19  1.773633E-02  0.000000E+00
  2.010106E+00  1.469134E-01  5.000000E-01  4.268892E-01  3.083537E-02  0.000000E+00  4.288052E-02  8.000578E-04 -3.832967E-19  1.836197E-02  0.000000E+00
  1.976970E+00  1.462838E-01  5.000000E-01  4.198519E-01  3.070164E-02  0.000000E+00  4.295162E-02  8.152849E-04 -2.561610E-19  1.885697E-02  0.000000E+00
  1.943835E+00  1.456448E-01  5.000000E-01  4.128148E-01  3.056595E-02  0.000000E+00  4.302494E-02  8.269723E-04  2.365588E-19  1.922467E-02  0.000000E+00
  1.910699E+00  1.449993E-01  5.000000E-01  4.057775E-01  3.042885E-02  0.000000E+00  4.309985E-02  8.344852E-04 -1.790172E-19  1.945143E-02  0.000000E+00
  1.877561E+00  1.443509E-01  5.000000E-01  3.987399E-01  3.029116E-02  0.000000E+00  4.317698E-02  8.374607E-04 -4.537686E-19  1.952508E-02  0.000000E+00
  1.844424E+00  1.437031E-01  5.000000E-01  3.917024E-01  3.015357E-02  0.000000E+00  4.325767E-02  8.355905E-04 -6.157100E-19  1.943139E-02  0.000000E+00
  1.811282E+00  1.430598E-01  5.000000E-01  3.846638E-01  3.001696E-02  0.000000E+00  4.334277E-02  8.277359E-04 -9.959056E-19  1.914373E-02  0.000000E+00
  1.778139E+00  1.424264E-01  5.000000E-01  3.776250E-01  2.988243E-02  0.000000E+00  4.343556E-02  8.138603E-04 -7.608016E-19  1.865430E-02  0.000000E+00
  1.744992E+00  1.418069E-01  5.000000E-01  3.705854E-01  2.975087E-02  0.000000E+00  4.353903E-02  7.937024E-04 -6.183302E-19  1.795458E-02  0.000000E+00
  1.711843E+00  1.412070E-01  5.000000E-01  3.635455E-01  2.962346E-02  0.000000E+00  4.365626E-02  7.670787E-04 -3.241292E-19  1.703851E-02  0.000000E+00
  1.678692E+00  1.406310E-01  5.000000E-01  3.565049E-01  2.950114E-02  0.000000E+00  4.379012E-02  7.336515E-04  5.667114E-20  1.590019E-02  0.000000E+00
  1.645539E+00  1.400851E-01  5.000000E-01  3.494640E-01  2.938521E-02  0.000000E+00  4.394378E-02  6.934264E-04  4.064183E-19  1.454511E-02  0.000000E+00
  1.612385E+00  1.395737E-01  5.000000E-01  3.424230E-01  2.927658E-02  0.000000E+00  4.412016E-02  6.471094E-04  5.508055E-19  1.300359E-02  0.000000E+00
  1.579236E+00  1.391015E-01  5.000000E-01  3.353830E-01  2.917630E-02  0.000000E+00  4.432088E-02  5.960161E-04  1.654995E-19  1.134296E-02  0.000000E+00
  1.546090E+00  1.386710E-01  5.000000E-01  3.283435E-01  2.908487E-02  0.000000E+00  4.454993E-02  5.452103E-04  1.171818E-19  9.718593E-03  0.000000E+00
  1.512946E+00  1.382791E-01  5.000000E-01  3.213046E-01  2.900165E-02  0.000000E+00  4.480978E-02  5.022029E-04  3.861153E-19  8.334708E-03  0.000000E+00
  1.479807E+00  1.379170E-01  5.000000E-01  3.142666E-01  2.892476E-02  0.000000E+00  4.509383E-02  4.717106E-04  5.827173E-19  7.334628E-03  0.000000E+00
  1.446672E+00  1.375747E-01  5.000000E-01  3.072296E-01  2.885205E-02  0.000000E+00  4.538977E-02  4.545614E-04  6.831517E-19  6.769965E-03  0.000000E+00
  1.413540E+00  1.372422E-01  5.000000E-01  3.001932E-01  2.878143E-02  0.000000E+00  4.569006E-02  4.512519E-04  8.377739E-19  6.662296E-03  0.000000E+00
  1.380413E+00  1.369090E-01  5.000000E-01  2.931579E-01  2.871068E-02  0.000000E+00  4.599345E-02  4.629326E-04  8.872509E-19  7.031846E-03  0.000000E+00
  1.347294E+00  1.365641E-01  5.000000E-01  2.861242E-01  2.863743E-02  0.000000E+00  4.630059E-02  4.904173E-04  6.249001E-19  7.888805E-03  0.000000E+00
  1.314179E+00  1.361962E-01  5.000000E-01  2.790914E-01  2.855928E-02  0.000000E+00  4.661127E-02  5.335496E-04  2.174128E-19  9.225898E-03  0.000000E+00
  1.281074E+00  1.357948E-01  5.000000E-01  2.720606E-01  2.847404E-02  0.000000E+00  4.692585E-02  5.925185E-04  7.015974E-20  1.103674E-02  0.000000E+00
  1.247974E+00  1.353489E-01  5.000000E-01  2.650310E-01  2.837933E-02  0.000000E+00  4.724337E-02  6.666304E-04  2.347817E-19  1.329904E-02  0.000000E+00
  1.214880E+00  1.348494E-01  5.000000E-01  2.580028E-01  2.827325E-02  0.000000E+00  4.756361E-02  7.551664E-04  2.010811E-19  1.598970E-02  0.000000E+00
  1.181795E+00  1.342868E-01  5.000000E-01  2.509763E-01  2.815377E-02  0.000000E+00  4.788814E-02  8.583499E-04  1.457904E-19  1.909754E-02  0.000000E+00
  1.148718E+00  1.336520E-01  5.000000E-01  2.439516E-01  2.801897E-02  0.000000E+00  4.821620E-02  9.749121E-04  1.923134E-19  2.258640E-02  0.000000E+00
  1.115646E+00  1.329377E-01  5.000000E-01  2.369279E-01  2.786727E-02  0.000000E+00  4.854766E-02  1.103439E-03  3.888869E-20  2.641623E-02  0.000000E+00
  1.082583E+00  1.321373E-01  5.000000E-01  2.299061E-01  2.769728E-02  0.000000E+00  4.888459E-02  1.243497E-03  2.471938E-19  3.056285E-02  0.000000E+00
  1.049524E+00  1.312442E-01  5.000000E-01  2.228852E-01  2.750760E-02  0.000000E+00  4.922810E-02  1.394394E-03  9.544909E-19  3.500485E-02  0.000000E+00
  1.016475E+00  1.302531E-01  5.000000E-01  2.158664E-01  2.729712E-02  0.000000E+00  4.957914E-02  1.555930E-03  1.918387E-18  3.974236E-02  0.000000E+00
  9.834318E-01  1.291582E-01  5.000000E-01  2.088488E-01  2.706460E-02  0.000000E+00  4.994062E-02  1.730039E-03  2.495502E-18  4.482604E-02  0.000000E+00
  9.503976E-01  1.279524E-01  5.000000E-01  2.018331E-01  2.680851E-02  0.000000E+00  5.031644E-02  1.920995E-03  2.954728E-18  5.034818E-02  0.000000E+00
  9.173728E-01  1.266246E-01  5.000000E-01  1.948195E-01  2.652651E-02  0.000000E+00  5.070258E-02  2.129807E-03  2.788604E-18  5.634386E-02  0.000000E+00
  8.843598E-01  1.251666E-01  5.000000E-01  1.878083E-01  2.621688E-02  0.000000E+00  5.109051E-02  2.353998E-03  1.592279E-18  6.277769E-02  0.000000E+00
  8.513623E-01  1.235713E-01  5.000000E-01  1.808005E-01  2.587807E-02  0.000000E+00  5.147681E-02  2.591683E-03  1.108652E-18  6.960390E-02  0.000000E+00
  8.183794E-01  1.218328E-01  5.000000E-01  1.737957E-01  2.550885E-02  0.000000E+00  5.186114E-02  2.840361E-03  1.800458E-18  7.675827E-02  0.000000E+00
  7.854121E-01  1.199472E-01  5.000000E-01  1.667943E-01  2.510840E-02  0.000000E+00  5.224618E-02  3.097763E-03  1.978671E-18  8.417515E-02  0.000000E+00
  7.524593E-01  1.179120E-01  5.000000E-01  1.597959E-01  2.467618E-02  0.000000E+00  5.263643E-02  3.362167E-03  1.378993E-18  9.179849E-02  0.000000E+00
  7.195226E-01  1.157262E-01  5.000000E-01  1.528009E-01  2.421196E-02  0.000000E+00  5.303836E-02  3.633589E-03  1.858713E-19  9.960627E-02  0.000000E+00
  6.866079E-01  1.133883E-01  5.000000E-01  1.458107E-01  2.371545E-02  0.000000E+00  5.345883E-02  3.914501E-03 -1.250649E-18  1.076265E-01  0.000000E+00
  6.537221E-01  1.108955E-01  5.000000E-01  1.388265E-01  2.318605E-02  0.000000E+00  5.390081E-02  4.207960E-03 -1.509698E-18  1.159109E-01  0.000000E+00
  6.208691E-01  1.082437E-01  5.000000E-01  1.318494E-01  2.262286E-02  0.000000E+00  5.436254E-02  4.515989E-03 -1.821011E-18  1.245072E-01  0.000000E+00
  5.880524E-01  1.054277E-01  5.000000E-01  1.248799E-01  2.202481E-02  0.000000E+00  5.483945E-02  4.838928E-03 -1.708359E-18  1.334485E-01  0.000000E+00
  5.552711E-01  1.024427E-01  5.000000E-01  1.179180E-01  2.139087E-02  0.000000E+00  5.532689E-02  5.175786E-03 -1.809455E-18  1.427599E-01  0.000000E+00
  5.225283E-01  9.928517E-02  5.000000E-01  1.109642E-01  2.072029E-02  0.000000E+00  5.582341E-02  5.526825E-03 -1.512023E-18  1.524861E-01  0.000000E+00
  4.898261E-01  9.595045E-02  5.000000E-01  1.040191E-01  2.001208E-02  0.000000E+00  5.632596E-02  5.891713E-03 -1.358225E-18  1.626445E-01  0.000000E+00
  4.571624E-01  9.243487E-02  5.000000E-01  9.708209E-02  1.926546E-02  0.000000E+00  5.682567E-02  6.267266E-03 -8.285880E-19  1.731671E-01  0.000000E+00
  4.245350E-01  8.873625E-02  5.000000E-01  9.015283E-02  1.847996E-02  0.000000E+00  5.730896E-02  6.647769E-03  8.329861E-19  1.839103E-01  0.000000E+00
  3.919369E-01  8.485505E-02  5.000000E-01  8.322981E-02  1.765569E-02  0.000000E+00  5.776167E-02  7.027914E-03 -1.264038E-18  1.947671E-01  0.000000E+00
  3.593832E-01  8.079512E-02  5.000000E-01  7.631620E-02  1.679346E-02  0.000000E+00  5.817681E-02  7.411809E-03 -2.020474E-18  2.059148E-01  0.000000E+00
  3.269046E-01  7.655595E-02  5.000000E-01  6.941854E-02  1.589317E-02  0.000000E+00  5.855204E-02  7.819083E-03 -6.493715E-18  2.179836E-01  0.000000E+00
  2.945750E-01  7.212766E-02  5.000000E-01  6.255253E-02  1.495271E-02  0.000000E+00  5.887021E-02  8.277673E-03 -1.610006E-17  2.318496E-01  0.000000E+00
  2.624265E-01  6.747720E-02  5.000000E-01  5.572497E-02  1.396506E-02  0.000000E+00  5.906764E-02  8.785261E-03 -1.806389E-17  2.477985E-01  0.000000E+00
  2.304268E-01  6.257345E-02  5.000000E-01  4.892903E-02  1.292363E-02  0.000000E+00  5.909790E-02  9.317822E-03  2.450077E-17  2.652658E-01  0.000000E+00
  1.986088E-01  5.740252E-02  5.000000E-01  4.217166E-02  1.182545E-02  0.000000E+00  5.903794E-02  9.873317E-03  1.496926E-16  2.832127E-01  0.000000E+00
  1.669282E-01  5.193735E-02  5.000000E-01  3.544349E-02  1.066478E-02  0.000000E+00  5.903985E-02  1.037535E-02  3.134084E-16  2.992679E-01  0.000000E+00
  1.350509E-01  4.620975E-02  5.000000E-01  2.867354E-02  9.448379E-03  0.000000E+00  5.970701E-02  1.094862E-02  2.491470E-16  3.146125E-01  0.000000E+00
  1.043791E-01  4.046477E-02  5.000000E-01  2.215959E-02  8.228287E-03  0.000000E+00  6.247552E-02  1.248436E-02 -6.609393E-16  3.415767E-01  0.000000E+00
  7.632629E-02  3.452371E-02  5.000000E-01  1.620187E-02  6.966551E-03  0.000000E+00  6.798400E-02  1.563725E-02 -2.864401E-15  3.874701E-01  0.000000E+00
  5.118571E-02  2.830749E-02  5.000000E-01  1.086263E-02  5.646379E-03  0.000000E+00  7.594492E-02  2.076385E-02 -5.324733E-15  4.514190E-01  0.000000E+00
  3.264831E-02  2.280953E-02  5.000000E-01  6.925739E-03  4.478747E-03  0.000000E+00  8.668632E-02  3.012698E-02 -5.233919E-15  5.523165E-01  0.000000E+00
  2.051015E-02  1.806102E-02  5.000000E-01  4.347893E-03  3.470282E-03  0.000000E+00  9.614313E-02  4.387285E-02 -1.312559E-15  6.997070E-01  0.000000E+00
  1.247723E-02  1.390703E-02  5.000000E-01  2.641898E-03  2.588074E-03  0.000000E+00  9.515979E-02  5.554576E-02  1.457476E-15  8.649758E-01  0.000000E+00
  7.055255E-03  1.034873E-02  5.000000E-01  1.490404E-03  1.832381E-03  0.000000E+00  7.926556E-02  5.886518E-02 -4.435816E-15  1.032610E+00  0.000000E+00
  3.418635E-03  7.235044E-03  5.000000E-01  7.180754E-04  1.171109E-03  0.000000E+00  5.198741E-02  5.169839E-02 -1.825076E-14  1.220198E+00  0.000000E+00
  1.108798E-03  4.369917E-03  5.000000E-01  2.275226E-04  5.626269E-04  0.000000E+00  2.163161E-02  3.117456E-02 -3.248304E-14  1.434547E+00  0.000000E+00
  3.747479E-05  1.720708E-03  5.000000E-01  0.000000E+00  0.000000E+00  0.000000E+00  4.967126E-03 -7.055008E-03 -4.154445E-14  1.575866E+00  0.000000E+00
  3.747479E-05  1.720708E-03  5.000000E-01  0.000000E+00  0.000000E+00  0.000000E+00  4.967126E-03 -7.055008E-03 -4.154445E-14  1.575866E+00  0.000000E+00
  2.534065E-04 -8.814516E-04  5.000000E-01  4.585858E-05 -5.526347E-04  0.000000E+00  2.080869E-02 -4.755858E-02 -4.036435E-14  1.467499E+00  0.000000E+00
  1.848580E-03 -3.514496E-03  5.000000E-01  3.846343E-04 -1.111829E-03  0.000000E+00  5.885862E-02 -6.669444E-02 -2.811716E-14  1.165417E+00  0.000000E+00
  4.867645E-03 -6.146580E-03  5.000000E-01  1.025809E-03 -1.670819E-03  0.000000E+00  9.338219E-02 -6.716729E-02 -1.138946E-14  8.947725E-01  0.000000E+00
  9.380877E-03 -8.864036E-03  5.000000E-01  1.984309E-03 -2.247940E-03  0.000000E+00  1.138863E-01 -5.966933E-02  1.101442E-16  7.165879E-01  0.000000E+00
  1.589077E-02 -1.181090E-02  5.000000E-01  3.366850E-03 -2.873781E-03  0.000000E+00  1.174238E-01 -4.683354E-02  5.119056E-16  5.808144E-01  0.000000E+00
  2.547297E-02 -1.509158E-02  5.000000E-01  5.401873E-03 -3.570516E-03  0.000000E+00  1.066348E-01 -3.203324E-02 -5.099083E-15  4.592524E-01  0.000000E+00
  3.989163E-02 -1.872107E-02  5.000000E-01  8.464043E-03 -4.341330E-03  0.000000E+00  8.976724E-02 -1.968989E-02 -8.310947E-15  3.538964E-01  0.000000E+00
  6.092142E-02 -2.250808E-02  5.000000E-01  1.293025E-02 -5.145599E-03  0.000000E+00  7.489757E-02 -1.203085E-02 -7.197591E-15  2.776438E-01  0.000000E+00
  8.832839E-02 -2.628539E-02  5.000000E-01  1.875082E-02 -5.947808E-03  0.000000E+00  6.533833E-02 -8.349622E-03 -4.443871E-15  2.335269E-01  0.000000E+00
  1.189914E-01 -2.987579E-02  5.000000E-01  2.526288E-02 -6.710320E-03  0.000000E+00  6.026720E-02 -6.771173E-03 -2.159850E-15  2.113181E-01  0.000000E+00
  1.511926E-01 -3.334865E-02  5.000000E-01  3.210163E-02 -7.447870E-03  0.000000E+00  5.810425E-02 -6.149617E-03 -8.139213E-16  2.008594E-01  0.000000E+00
  1.838450E-01 -3.675450E-02  5.000000E-01  3.903620E-02 -8.171188E-03  0.000000E+00  5.750747E-02 -5.889071E-03 -1.838512E-16  1.944644E-01  0.000000E+00
  2.165049E-01 -4.005503E-02  5.000000E-01  4.597235E-02 -8.872140E-03  0.000000E+00  5.745204E-02 -5.660131E-03  3.349397E-17  1.874553E-01  0.000000E+00
  2.491496E-01 -4.320432E-02  5.000000E-01  5.290529E-02 -9.540971E-03  0.000000E+00  5.742519E-02 -5.394656E-03  6.273749E-17  1.794086E-01  0.000000E+00
  2.819003E-01 -4.621182E-02  5.000000E-01  5.986073E-02 -1.017969E-02  0.000000E+00  5.727810E-02 -5.136152E-03  3.675309E-17  1.717114E-01  0.000000E+00
  3.147601E-01 -4.910073E-02  5.000000E-01  6.683936E-02 -1.079322E-02  0.000000E+00  5.700292E-02 -4.911786E-03  1.062995E-17  1.652067E-01  0.000000E+00
  3.477303E-01 -5.189741E-02  5.000000E-01  7.384141E-02 -1.138717E-02  0.000000E+00  5.665307E-02 -4.728899E-03 -1.808319E-18  1.599960E-01  0.000000E+00
  3.807756E-01 -5.462469E-02  5.000000E-01  8.085941E-02 -1.196638E-02  0.000000E+00  5.627425E-02 -4.574273E-03 -3.955426E-18  1.556025E-01  0.000000E+00
  4.138291E-01 -5.728454E-02  5.000000E-01  8.787917E-02 -1.253126E-02  0.000000E+00  5.586461E-02 -4.418250E-03 -2.536353E-18  1.512881E-01  0.000000E+00
  4.468689E-01 -5.986613E-02  5.000000E-01  9.489601E-02 -1.307953E-02  0.000000E+00  5.541623E-02 -4.247664E-03 -2.552754E-18  1.467004E-01  0.000000E+00
  4.799091E-01 -6.236323E-02  5.000000E-01  1.019129E-01 -1.360985E-02  0.000000E+00  5.493852E-02 -4.069461E-03 -2.914195E-18  1.419543E-01  0.000000E+00
  5.129612E-01 -6.477503E-02  5.000000E-01  1.089324E-01 -1.412206E-02  0.000000E+00  5.444593E-02 -3.894073E-03 -2.692594E-19  1.373033E-01  0.000000E+00
  5.460360E-01 -6.710576E-02  5.000000E-01  1.159567E-01 -1.461705E-02  0.000000E+00  5.395045E-02 -3.729357E-03 -1.021709E-18  1.329525E-01  0.000000E+00
  5.791347E-01 -6.936226E-02  5.000000E-01  1.229860E-01 -1.509628E-02  0.000000E+00  5.345746E-02 -3.578744E-03 -1.082033E-18  1.290008E-01  0.000000E+00
  6.122565E-01 -7.155188E-02  5.000000E-01  1.300203E-01 -1.556130E-02  0.000000E+00  5.296833E-02 -3.442937E-03 -1.896310E-19  1.254810E-01  0.000000E+00
  6.454013E-01 -7.368244E-02  5.000000E-01  1.370594E-01 -1.601377E-02  0.000000E+00  5.248801E-02 -3.323372E-03 -1.090520E-18  1.224293E-01  0.000000E+00
  6.785693E-01 -7.576329E-02  5.000000E-01  1.441035E-01 -1.645570E-02  0.000000E+00  5.202638E-02 -3.222057E-03 -2.705313E-19  1.198850E-01  0.000000E+00
  7.117575E-01 -7.780459E-02  5.000000E-01  1.511518E-01 -1.688922E-02  0.000000E+00  5.159084E-02 -3.138485E-03  8.929488E-19  1.178357E-01  0.000000E+00
  7.449560E-01 -7.981454E-02  5.000000E-01  1.582024E-01 -1.731608E-02  0.000000E+00  5.118051E-02 -3.069293E-03  3.485174E-19  1.162139E-01  0.000000E+00
  7.781569E-01 -8.179922E-02  5.000000E-01  1.652534E-01 -1.773758E-02  0.000000E+00  5.078810E-02 -3.011639E-03 -1.531216E-18  1.149651E-01  0.000000E+00
  8.113578E-01 -8.376461E-02  5.000000E-01  1.723045E-01 -1.815498E-02  0.000000E+00  5.040402E-02 -2.965216E-03 -1.581299E-18  1.140957E-01  0.000000E+00
  8.445597E-01 -8.571807E-02  5.000000E-01  1.793558E-01 -1.856985E-02  0.000000E+00  5.001824E-02 -2.931722E-03  1.144798E-19  1.136694E-01  0.000000E+00
  8.777625E-01 -8.766916E-02  5.000000E-01  1.864072E-01 -1.898421E-02  0.000000E+00  4.962060E-02 -2.912671E-03 -3.625487E-19  1.137693E-01  0.000000E+00
  9.109638E-01 -8.962822E-02  5.000000E-01  1.934584E-01 -1.940027E-02  0.000000E+00  4.920741E-02 -2.909769E-03 -9.590098E-20  1.144874E-01  0.000000E+00
  9.441676E-01 -9.160803E-02  5.000000E-01  2.005100E-01 -1.982073E-02  0.000000E+00  4.879108E-02 -2.926667E-03  2.206270E-18  1.159181E-01  0.000000E+00
  9.773746E-01 -9.362373E-02  5.000000E-01  2.075624E-01 -2.024882E-02  0.000000E+00  4.839799E-02 -2.966452E-03  1.004998E-18  1.180722E-01  0.000000E+00
  1.010583E+00 -9.569068E-02  5.000000E-01  2.146150E-01 -2.068779E-02  0.000000E+00  4.805119E-02 -3.025335E-03  1.347154E-19  1.207525E-01  0.000000E+00
  1.043798E+00 -9.781794E-02  5.000000E-01  2.216690E-01 -2.113956E-02  0.000000E+00  4.775257E-02 -3.088212E-03  1.138508E-18  1.235218E-01  0.000000E+00
  1.077015E+00 -9.999920E-02  5.000000E-01  2.287236E-01 -2.160281E-02  0.000000E+00  4.749823E-02 -3.142513E-03  2.510082E-18  1.259850E-01  0.000000E+00
  1.110238E+00 -1.022257E-01  5.000000E-01  2.357793E-01 -2.207566E-02  0.000000E+00  4.729156E-02 -3.184545E-03  2.294028E-18  1.279388E-01  0.000000E+00
  1.143462E+00 -1.044855E-01  5.000000E-01  2.428354E-01 -2.255558E-02  0.000000E+00  4.713664E-02 -3.212288E-03  1.533804E-18  1.292564E-01  0.000000E+00
  1.176693E+00 -1.067661E-01  5.000000E-01  2.498927E-01 -2.303994E-02  0.000000E+00  4.703654E-02 -3.223773E-03  2.297744E-18  1.298276E-01  0.000000E+00
  1.209925E+00 -1.090524E-01  5.000000E-01  2.569505E-01 -2.352548E-02  0.000000E+00  4.698969E-02 -3.214716E-03  2.193831E-18  1.295088E-01  0.000000E+00
  1.243158E+00 -1.113249E-01  5.000000E-01  2.640083E-01 -2.400811E-02  0.000000E+00  4.699401E-02 -3.181590E-03  1.266000E-18  1.281725E-01  0.000000E+00
  1.276395E+00 -1.135641E-01  5.000000E-01  2.710670E-01 -2.448367E-02  0.000000E+00  4.704688E-02 -3.121196E-03  7.252299E-19  1.257098E-01  0.000000E+00
  1.309630E+00 -1.157466E-01  5.000000E-01  2.781253E-01 -2.494716E-02  0.000000E+00  4.714269E-02 -3.028888E-03  1.275551E-18  1.220078E-01  0.000000E+00
  1.342868E+00 -1.178467E-01  5.000000E-01  2.851842E-01 -2.539318E-02  0.000000E+00  4.727826E-02 -2.901993E-03  7.248785E-19  1.170019E-01  0.000000E+00
  1.376108E+00 -1.198389E-01  5.000000E-01  2.922436E-01 -2.581627E-02  0.000000E+00  4.744983E-02 -2.737096E-03  2.992152E-20  1.106356E-01  0.000000E+00
  1.409347E+00 -1.216935E-01  5.000000E-01  2.993027E-01 -2.621015E-02  0.000000E+00  4.765243E-02 -2.530490E-03 -3.139601E-20  1.028664E-01  0.000000E+00
  1.442589E+00 -1.233813E-01  5.000000E-01  3.063625E-01 -2.656860E-02  0.000000E+00  4.787880E-02 -2.280105E-03 -9.527938E-19  9.369873E-02  0.000000E+00
  1.475831E+00 -1.248719E-01  5.000000E-01  3.134222E-01 -2.688517E-02  0.000000E+00  4.810848E-02 -1.983150E-03 -2.794078E-18  8.316051E-02  0.000000E+00
  1.509072E+00 -1.261344E-01  5.000000E-01  3.204819E-01 -2.715329E-02  0.000000E+00  4.830106E-02 -1.637179E-03 -4.562872E-18  7.134272E-02  0.000000E+00
  1.542314E+00 -1.271381E-01  5.000000E-01  3.275416E-01 -2.736644E-02  0.000000E+00  4.840138E-02 -1.243118E-03 -6.571215E-18  5.847835E-02  0.000000E+00
  1.575558E+00 -1.278545E-01  5.000000E-01  3.346018E-01 -2.751858E-02  0.000000E+00  4.837180E-02 -8.158859E-04 -9.184243E-18  4.510175E-02  0.000000E+00
  1.608800E+00 -1.282706E-01  5.000000E-01  3.416615E-01 -2.760696E-02  0.000000E+00  4.823094E-02 -3.935139E-04 -1.072077E-17  3.210634E-02  0.000000E+00
  1.642044E+00 -1.284073E-01  5.000000E-01  3.487219E-01 -2.763600E-02  0.000000E+00  4.801295E-02 -5.206937E-06 -1.128179E-17  2.016704E-02  0.000000E+00
  1.675286E+00 -1.282886E-01  5.000000E-01  3.557816E-01 -2.761078E-02  0.000000E+00  4.772956E-02  3.445042E-04 -1.231536E-17  9.441256E-03  0.000000E+00
  1.708526E+00 -1.279383E-01  5.000000E-01  3.628410E-01 -2.753639E-02  0.000000E+00  4.739150E-02  6.551883E-04 -1.464998E-17 -9.248372E-05  0.000000E+00
  1.741762E+00 -1.273804E-01  5.000000E-01  3.698996E-01 -2.741791E-02  0.000000E+00  4.701103E-02  9.274268E-04 -1.827688E-17 -8.497497E-03  0.000000E+00
  1.774995E+00 -1.266378E-01  5.000000E-01  3.769573E-01 -2.726020E-02  0.000000E+00  4.660283E-02  1.160982E-03 -2.157817E-17 -1.581121E-02  0.000000E+00
  1.808227E+00 -1.257354E-01  5.000000E-01  3.840150E-01 -2.706854E-02  0.000000E+00  4.617972E-02  1.356081E-03 -2.333592E-17 -2.206003E-02  0.000000E+00
  1.841453E+00 -1.246971E-01  5.000000E-01  3.910714E-01 -2.684803E-02  0.000000E+00  4.574947E-02  1.514082E-03 -2.401378E-17 -2.727675E-02  0.000000E+00
  1.874678E+00 -1.235470E-01  5.000000E-01  3.981276E-01 -2.660378E-02  0.000000E+00  4.531752E-02  1.635526E-03 -2.341029E-17 -3.147531E-02  0.000000E+00
  1.907900E+00 -1.223099E-01  5.000000E-01  4.051830E-01 -2.634104E-02  0.000000E+00  4.488469E-02  1.721230E-03 -2.152869E-17 -3.466679E-02  0.000000E+00
  1.941118E+00 -1.210101E-01  5.000000E-01  4.122377E-01 -2.606501E-02  0.000000E+00  4.444815E-02  1.771994E-03 -1.909947E-17 -3.685470E-02  0.000000E+00
  1.974334E+00 -1.196723E-01  5.000000E-01  4.192920E-01 -2.578088E-02  0.000000E+00  4.400673E-02  1.787945E-03 -1.651006E-17 -3.802240E-02  0.000000E+00
  2.007549E+00 -1.183220E-01  5.000000E-01  4.263460E-01 -2.549412E-02  0.000000E+00  4.356508E-02  1.770033E-03 -1.331591E-17 -3.815997E-02  0.000000E+00
  2.040760E+00 -1.169843E-01  5.000000E-01  4.333993E-01 -2.521002E-02  0.000000E+00  4.313997E-02  1.720160E-03 -1.019295E-17 -3.728593E-02  0.000000E+00
  2.073970E+00 -1.156841E-01  5.000000E-01  4.404522E-01 -2.493390E-02  0.000000E+00  4.276161E-02  1.640560E-03 -7.397605E-18 -3.547473E-02  0.000000E+00
  2.107177E+00 -1.144468E-01  5.000000E-01  4.475046E-01 -2.467113E-02  0.000000E+00  4.244549E-02  1.542359E-03 -4.329455E-18 -3.302058E-02  0.000000E+00
  2.140379E+00 -1.132822E-01  5.000000E-01  4.545558E-01 -2.442379E-02  0.000000E+00  4.217946E-02  1.444316E-03 -1.831119E-18 -3.039783E-02  0.000000E+00
  2.173577E+00 -1.121844E-01  5.000000E-01  4.616063E-01 -2.419065E-02  0.000000E+00  4.195161E-02  1.356887E-03  2.311281E-19 -2.793594E-02  0.000000E+00
  2.206768E+00 -1.111458E-01  5.000000E-01  4.686553E-01 -2.397007E-02  0.000000E+00  4.176017E-02  1.281099E-03  1.787578E-18 -2.574561E-02  0.000000E+00
  2.239954E+00 -1.101588E-01  5.000000E-01  4.757033E-01 -2.376046E-02  0.000000E+00  4.160267E-02  1.216688E-03  3.038426E-18 -2.385954E-02  0.000000E+00
  2.273134E+00 -1.092155E-01  5.000000E-01  4.827499E-01 -2.356011E-02  0.000000E+00  4.147402E-02  1.163356E-03  4.231463E-18 -2.228736E-02  0.000000E+00
  2.306309E+00 -1.083081E-01  5.000000E-01  4.897953E-01 -2.336741E-02  0.000000E+00  4.136680E-02  1.120788E-03  5.100410E-18 -2.103065E-02  0.000000E+00
  2.339476E+00 -1.074285E-01  5.000000E-01  4.968392E-01 -2.318062E-02  0.000000E+00  4.127160E-02  1.089010E-03  5.259113E-18 -2.008766E-02  0.000000E+00
  2.372638E+00 -1.065683E-01  5.000000E-01  5.038821E-01 -2.299793E-02  0.000000E+00  4.118329E-02  1.066303E-03  5.217227E-18 -1.941737E-02  0.000000E+00
  2.405805E+00 -1.057215E-01  5.000000E-01  5.109259E-01 -2.281808E-02  0.000000E+00  4.110224E-02  1.049968E-03  5.025776E-18 -1.895609E-02  0.000000E+00
  2.438976E+00 -1.048840E-01  5.000000E-01  5.179706E-01 -2.264023E-02  0.000000E+00  4.102830E-02  1.039276E-03  4.356388E-18 -1.867699E-02  0.000000E+00
  2.472150E+00 -1.040513E-01  5.000000E-01  5.250160E-01 -2.246337E-02  0.000000E+00  4.096053E-02  1.034341E-03  3.755203E-18 -1.857837E-02  0.000000E+00
  2.505329E+00 -1.032188E-01  5.000000E-01  5.320624E-01 -2.228657E-02  0.000000E+00  4.089872E-02  1.034827E-03  2.948170E-18 -1.865701E-02  0.000000E+00
  2.538512E+00 -1.023825E-01  5.000000E-01  5.391097E-01 -2.210896E-02  0.000000E+00  4.084143E-02  1.040857E-03  2.056738E-18 -1.891609E-02  0.000000E+00
  2.571700E+00 -1.015376E-01  5.000000E-01  5.461580E-01 -2.192953E-02  0.000000E+00  4.078718E-02  1.052055E-03  1.557330E-18 -1.934771E-02  0.000000E+00
  2.604894E+00 -1.006806E-01  5.000000E-01  5.532074E-01 -2.174752E-02  0.000000E+00  4.073347E-02  1.068203E-03  1.398007E-18 -1.994140E-02  0.000000E+00
  2.638090E+00 -9.980689E-02  5.000000E-01  5.602575E-01 -2.156197E-02  0.000000E+00  4.067833E-02  1.088645E-03  9.769646E-19 -2.067484E-02  0.000000E+00
  2.671292E+00 -9.891384E-02  5.000000E-01  5.673087E-01 -2.137230E-02  0.000000E+00  4.062227E-02  1.111870E-03  5.609359E-19 -2.150984E-02  0.000000E+00
  2.704497E+00 -9.799946E-02  5.000000E-01  5.743608E-01 -2.117811E-02  0.000000E+00  4.056566E-02  1.137183E-03  4.921035E-19 -2.242372E-02  0.000000E+00
  2.737708E+00 -9.706217E-02  5.000000E-01  5.814140E-01 -2.097906E-02  0.000000E+00  4.050846E-02  1.164564E-03  1.138435E-19 -2.341107E-02  0.000000E+00
  2.770923E+00 -9.610003E-02  5.000000E-01  5.884680E-01 -2.077472E-02  0.000000E+00  4.045082E-02  1.194230E-03 -7.706549E-19 -2.447505E-02  0.000000E+00
  2.804143E+00 -9.511102E-02  5.000000E-01  5.955230E-01 -2.056468E-02  0.000000E+00  4.039440E-02  1.226078E-03 -1.740401E-18 -2.561599E-02  0.000000E+00
  2.837367E+00 -9.409346E-02  5.000000E-01  6.025790E-01 -2.034857E-02  0.000000E+00  4.034086E-02  1.260351E-03 -2.551798E-18 -2.684183E-02  0.000000E+00
  2.870594E+00 -9.304508E-02  5.000000E-01  6.096357E-01 -2.012592E-02  0.000000E+00  4.029101E-02  1.297532E-03 -3.028196E-18 -2.816734E-02  0.000000E+00
  2.903823E+00 -9.196353E-02  5.000000E-01  6.166926E-01 -1.989623E-02  0.000000E+00  4.024310E-02  1.338676E-03 -3.482407E-18 -2.961703E-02  0.000000E+00
  2.937051E+00 -9.084459E-02  5.000000E-01  6.237496E-01 -1.965859E-02  0.000000E+00  4.019545E-02  1.383874E-03 -3.137499E-18 -3.119676E-02  0.000000E+00
  2.970283E+00 -8.968552E-02  5.000000E-01  6.308072E-01 -1.941244E-02  0.000000E+00  4.014651E-02  1.432655E-03 -2.421377E-18 -3.289853E-02  0.000000E+00
  3.003515E+00 -8.848294E-02  5.000000E-01  6.378649E-01 -1.915704E-02  0.000000E+00  4.009361E-02  1.485165E-03 -1.620467E-18 -3.472060E-02  0.000000E+00
  3.036751E+00 -8.723350E-02  5.000000E-01  6.449232E-01 -1.889169E-02  0.000000E+00  4.003722E-02  1.540999E-03  4.063310E-19 -3.665120E-02  0.000000E+00
  3.069988E+00 -8.593458E-02  5.000000E-01  6.519820E-01 -1.861583E-02  0.000000E+00  3.998122E-02  1.600674E-03  2.430273E-18 -3.869727E-02  0.000000E+00
  3.103226E+00 -8.458211E-02  5.000000E-01  6.590409E-01 -1.832860E-02  0.000000E+00  3.993693E-02  1.664281E-03  4.929687E-18 -4.087427E-02  0.000000E+00
  3.136469E+00 -8.317396E-02  5.000000E-01  6.661010E-01 -1.802954E-02  0.000000E+00  3.991675E-02  1.733626E-03  6.517504E-18 -4.325203E-02  0.000000E+00
  3.169712E+00 -8.170468E-02  5.000000E-01  6.731611E-01 -1.771750E-02  0.000000E+00  3.991872E-02  1.816224E-03  5.508504E-18 -4.602064E-02  0.000000E+00
  3.202960E+00 -8.015920E-02  5.000000E-01  6.802220E-01 -1.738928E-02  0.000000E+00  3.993202E-02  1.919248E-03  3.349350E-18 -4.936557E-02  0.000000E+00
  3.236210E+00 -7.851897E-02  5.000000E-01  6.872835E-01 -1.704093E-02  0.000000E+00  3.994995E-02  2.043711E-03  3.948806E-19 -5.333567E-02  0.000000E+00
  3.269464E+00 -7.676726E-02  5.000000E-01  6.943459E-01 -1.666892E-02  0.000000E+00  3.996723E-02  2.187856E-03 -2.343198E-18 -5.789220E-02  0.000000E+00
  3.302721E+00 -7.488827E-02  5.000000E-01  7.014089E-01 -1.626986E-02  0.000000E+00  3.997598E-02  2.349877E-03 -3.882493E-18 -6.297411E-02  0.000000E+00
  3.335981E+00 -7.286745E-02  5.000000E-01  7.084724E-01 -1.584069E-02  0.000000E+00  3.996946E-02  2.526812E-03 -2.898732E-18 -6.849422E-02  0.000000E+00
  3.369247E+00 -7.069267E-02  5.000000E-01  7.155373E-01 -1.537882E-02  0.000000E+00  3.994426E-02  2.714847E-03  6.283962E-18 -7.434571E-02  0.000000E+00
  3.402518E+00 -6.835526E-02  5.000000E-01  7.226033E-01 -1.488241E-02  0.000000E+00  3.989611E-02  2.911282E-03  2.608940E-17 -8.044357E-02  0.000000E+00
  3.435792E+00 -6.584676E-02  5.000000E-01  7.296699E-01 -1.434967E-02  0.000000E+00  3.982189E-02  3.113241E-03  5.188053E-17 -8.670929E-02  0.000000E+00
  3.469073E+00 -6.316196E-02  5.000000E-01  7.367379E-01 -1.377948E-02  0.000000E+00  3.972162E-02  3.317597E-03  8.087256E-17 -9.306141E-02  0.000000E+00
  3.502353E+00 -6.029739E-02  5.000000E-01  7.438057E-01 -1.317112E-02  0.000000E+00  3.959811E-02  3.521918E-03  1.100090E-16 -9.942968E-02  0.000000E+00
  3.535630E+00 -5.725203E-02  5.000000E-01  7.508729E-01 -1.252436E-02  0.000000E+00  3.945837E-02  3.724136E-03  1.340722E-16 -1.057530E-01  0.000000E+00
  3.568904E+00 -5.402592E-02  5.000000E-01  7.579395E-01 -1.183921E-02  0.000000E+00  3.930927E-02  3.923514E-03  1.524987E-16 -1.119996E-01  0.000000E+00
  3.602176E+00 -5.061967E-02  5.000000E-01  7.650057E-01 -1.111581E-02  0.000000E+00  3.915294E-02  4.119049E-03  1.696014E-16 -1.181480E-01  0.000000E+00
  3.635446E+00 -4.703522E-02  5.000000E-01  7.720714E-01 -1.035456E-02  0.000000E+00  3.897724E-02  4.307921E-03  1.946391E-16 -1.241631E-01  0.000000E+00
  3.668713E+00 -4.327572E-02  5.000000E-01  7.791365E-01 -9.556135E-03  0.000000E+00  3.874910E-02  4.484085E-03  2.376060E-16 -1.299504E-01  0.000000E+00
  3.701976E+00 -3.934679E-02  5.000000E-01  7.862009E-01 -8.721727E-03  0.000000E+00  3.842760E-02  4.636403E-03  2.961018E-16 -1.352680E-01  0.000000E+00
  3.735241E+00 -3.525816E-02  5.000000E-01  7.932655E-01 -7.853403E-03  0.000000E+00  3.802690E-02  4.737171E-03  3.652089E-16 -1.394759E-01  0.000000E+00
  3.768500E+00 -3.106739E-02  5.000000E-01  8.003289E-01 -6.963386E-03  0.000000E+00  3.760306E-02  4.759850E-03  4.299867E-16 -1.418688E-01  0.000000E+00
  3.801751E+00 -2.684790E-02  5.000000E-01  8.073904E-01 -6.067270E-03  0.000000E+00  3.718092E-02  4.704552E-03  4.672057E-16 -1.422421E-01  0.000000E+00
  3.834989E+00 -2.266393E-02  5.000000E-01  8.144495E-01 -5.178697E-03  0.000000E+00  3.676677E-02  4.582893E-03  4.673319E-16 -1.407081E-01  0.000000E+00
  3.868211E+00 -1.857362E-02  5.000000E-01  8.215050E-01 -4.310018E-03  0.000000E+00  3.636473E-02  4.407656E-03  4.291293E-16 -1.374772E-01  0.000000E+00
  3.901422E+00 -1.462202E-02  5.000000E-01  8.285582E-01 -3.470793E-03  0.000000E+00  3.597708E-02  4.191411E-03  3.633134E-16 -1.327872E-01  0.000000E+00
  3.934617E+00 -1.084744E-02  5.000000E-01  8.356079E-01 -2.669166E-03  0.000000E+00  3.560819E-02  3.944621E-03  2.916891E-16 -1.268512E-01  0.000000E+00
  3.967800E+00 -7.279016E-03  5.000000E-01  8.426552E-01 -1.911320E-03  0.000000E+00  3.526214E-02  3.676796E-03  2.323604E-16 -1.198809E-01  0.000000E+00
  4.000972E+00 -3.938729E-03  5.000000E-01  8.497001E-01 -1.201925E-03  0.000000E+00  3.494321E-02  3.396361E-03  1.914413E-16 -1.120926E-01  0.000000E+00
  4.034139E+00 -8.412296E-04  5.000000E-01  8.567440E-01 -5.440925E-04  0.000000E+00  3.465266E-02  3.112161E-03  1.648763E-16 -1.037312E-01  0.000000E+00
  4.067311E+00  2.009048E-03  5.000000E-01  8.637890E-01  6.123644E-05  0.000000E+00  3.439209E-02  2.831894E-03  1.539526E-16 -9.503327E-02  0.000000E+00
  4.100488E+00  4.612097E-03  5.000000E-01  8.708348E-01  6.140601E-04  0.000000E+00  3.416744E-02  2.559741E-03  1.612239E-16 -8.617427E-02  0.000000E+00
  4.133669E+00  6.970699E-03  5.000000E-01  8.778818E-01  1.114969E-03  0.000000E+00  3.397988E-02  2.298206E-03  1.816527E-16 -7.729764E-02  0.000000E+00
  4.166856E+00  9.091254E-03  5.000000E-01  8.849299E-01  1.565323E-03  0.000000E+00  3.381802E-02  2.048288E-03  2.060124E-16 -6.850379E-02  0.000000E+00
  4.200049E+00  1.098137E-02  5.000000E-01  8.919793E-01  1.966737E-03  0.000000E+00  3.365454E-02  1.809737E-03  2.223235E-16 -5.981098E-02  0.000000E+00
  4.233242E+00  1.265105E-02  5.000000E-01  8.990285E-01  2.321337E-03  0.000000E+00  3.345729E-02  1.577758E-03  2.168819E-16 -5.104583E-02  0.000000E+00
  4.266405E+00  1.410093E-02  5.000000E-01  9.060715E-01  2.629254E-03  0.000000E+00  3.320595E-02  1.339506E-03  1.850826E-16 -4.177304E-02  0.000000E+00
  4.299502E+00  1.531501E-02  5.000000E-01  9.131007E-01  2.887095E-03  0.000000E+00  3.288701E-02  1.080005E-03  1.373772E-16 -3.144432E-02  0.000000E+00
  4.332522E+00  1.626297E-02  5.000000E-01  9.201132E-01  3.088420E-03  0.000000E+00  3.246849E-02  7.937522E-04  8.708603E-17 -1.966012E-02  0.000000E+00
  4.365472E+00  1.691743E-02  5.000000E-01  9.271110E-01  3.227411E-03  0.000000E+00  3.189014E-02  4.838820E-04  4.734951E-17 -6.165533E-03  0.000000E+00
  4.398350E+00  1.725037E-02  5.000000E-01  9.340935E-01  3.298119E-03  0.000000E+00  3.107305E-02  1.553608E-04  2.449405E-17  9.321272E-03  0.000000E+00
  4.431155E+00  1.723314E-02  5.000000E-01  9.410605E-01  3.294459E-03  0.000000E+00  2.993812E-02 -1.846825E-04  1.565903E-17  2.712329E-02  0.000000E+00
  4.463888E+00  1.683095E-02  5.000000E-01  9.480121E-01  3.209044E-03  0.000000E+00  2.844487E-02 -5.201552E-04  1.459321E-17  4.737339E-02  0.000000E+00
  4.496579E+00  1.601803E-02  5.000000E-01  9.549550E-01  3.036399E-03  0.000000E+00  2.667285E-02 -8.289171E-04  1.428883E-17  6.984243E-02  0.000000E+00
  4.529252E+00  1.477929E-02  5.000000E-01  9.618938E-01  2.773322E-03  0.000000E+00  2.490080E-02 -1.100057E-03  1.206390E-17  9.394148E-02  0.000000E+00
  4.561929E+00  1.311325E-02  5.000000E-01  9.688337E-01  2.419495E-03  0.000000E+00  2.352486E-02 -1.349134E-03  7.913885E-18  1.183584E-01  0.000000E+00
  4.594574E+00  1.101904E-02  5.000000E-01  9.757666E-01  1.974738E-03  0.000000E+00  2.273762E-02 -1.613186E-03  3.747557E-18  1.405879E-01  0.000000E+00
  4.627203E+00  8.488780E-03  5.000000E-01  9.826962E-01  1.437372E-03  0.000000E+00  2.223586E-02 -1.890357E-03 -7.582070E-19  1.576881E-01  0.000000E+00
  4.659162E+00  5.573545E-03  5.000000E-01  9.894836E-01  8.182478E-04  0.000000E+00  2.113681E-02 -2.041487E-03 -3.562441E-18  1.598329E-01  0.000000E+00
  4.689251E+00  2.416285E-03  5.000000E-01  9.958737E-01  1.477234E-04  0.000000E+00  1.761953E-02 -1.819532E-03  6.904312E-18  1.061523E-01  0.000000E+00
  4.708680E+00  1.540025E-04  5.000000E-01  9.999999E-01 -3.327297E-04  0.000000E+00  1.211269E-02 -1.511066E-03  7.899407E-18 -5.260059E-02  0.000000E+00
    1    2
    2    3
    3    4
    4    5
    5    6
    6    7
    7    8
    8    9
    9   10
   10   11
   11   12
   12   13
   13   14
   14   15
   15   16
   16   17
   17   18
   18   19
   19   20
   20   21
   21   22
   22   23
   23   24
   24   25
   25   26
   26   27
   27   28
   28   29
   29   30
   30   31
   31   32
   32   33
   33   34
   34   35
   35   36
   36   37
   37   38
   38   39
   39   40
   40   41
   41   42
   42   43
   43   44
   44   45
   45   46
   46   47
   47   48
   48   49
   49   50
   50   51
   51   52
   52   53
   53   54
   54   55
   55   56
   56   57
   57   58
   58   59
   59   60
   60   61
   61   62
   62   63
   63   64
   64   65
   65   66
   66   67
   67   68
   68   69
   69   70
   70   71
   71   72
   72   73
   73   74
   74   75
   75   76
   76   77
   77   78
   78   79
   79   80
   80   81
   81   82
   82   83
   83   84
   84   85
   85   86
   86   87
   87   88
   88   89
   89   90
   90   91
   91   92
   92   93
   93   94
   94   95
   95   96
   96   97
   97   98
   98   99
   99  100
  100  101
  101  102
  102  103
  103  104
  104  105
  105  106
  106  107
  107  108
  108  109
  109  110
  110  111
  111  112
  112  113
  113  114
  114  115
  115  116
  116  117
  117  118
  118  119
  119  120
  120  121
  121  122
  122  123
  123  124
  124  125
  125  126
  126  127
  127  128
  128  129
  129  130
  130  131
  131  132
  132  133
  133  134
  134  135
  135  136
  136  137
  137  138
  138  139
  139  140
  140  141
  141  142
  142  143
  143  144
  144  145
  145  146
  146  147
  147  148
  148  149
  149  150
  151  152
  152  153
  153  154
  154  155
  155  156
  156  157
  157  158
  158  159
  159  160
  160  161
  161  162
  162  163
  163  164
  164  165
  165  166
  166  167
  167  168
  168  169
  169  170
  170  171
  171  172
  172  173
  173  174
  174  175
  175  176
  176  177
  177  178
  178  179
  179  180
  180  181
  181  182
  182  183
  183  184
  184  185
  185  186
  186  187
  187  188
  188  189
  189  190
  190  191
  191  192
  192  193
  193  194
  194  195
  195  196
  196  197
  197  198
  198  199
  199  200
  200  201
  201  202
  202  203
  203  204
  204  205
  205  206
  206  207
  207  208
  208  209
  209  210
  210  211
  211  212
  212  213
  213  214
  214  215
  215  216
  216  217
  217  218
  218  219
  219  220
  220  221
  221  222
  222  223
  223  224
  224  225
  225  226
  226  227
  227  228
  228  229
  229  230
  230  231
  231  232
  232  233
  233  234
  234  235
  235  236
  236  237
  237  238
  238  239
  239  240
  240  241
  241  242
  242  243
  243  244
  244  245
  245  246
  246  247
  247  248
  248  249
  249  250
  250  251
  251  252
  252  253
  253  254
  254  255
  255  256
  256  257
  257  258
  258  259
  259  260
  260  261
  261  262
  262  263
  263  264
  264  265
  265  266
  266  267
  267  268
  268  269
  269  270
  270  271
  271  272
  272  273
  273  274
  274  275
  275  276
  276  277
  277  278
  278  279
  279  280
  280  281
  281  282
  282  283
  283  284
  284  285
  285  286
  286  287
  287  288
  288  289
  289  290
  290  291
  291  292
  292  293
  293  294
  294  295
  295  296
  296  297
  297  298
  298  299
  299  300
