 Title = "ADflow Slice Data"
Variables =  "CoordinateX"  "CoordinateY"  "CoordinateZ"  "XoC"  "YoC"  "ZoC" "VelocityX" "VelocityY" "VelocityZ" "CoefPressure" "Mach" 
Zone T= "Slice_0001 None Absolute Regular z = 0.50000000"
 Nodes =          300  Elements=          298  ZONETYPE=FELINESEG
 DATAPACKING=POINT
  4.708680E+00 -5.468480E-04  5.000000E-01  9.999999E-01 -3.221933E-04  0.000000E+00  1.174435E-02 -8.181496E-04  4.372572E-17 -9.598692E-02  0.000000E+00
  4.689187E+00  3.138526E-03  5.000000E-01  9.958601E-01  4.604896E-04  0.000000E+00  1.183567E-02 -2.079977E-03  7.965321E-17 -1.944664E-01  0.000000E+00
  4.658673E+00  8.910599E-03  5.000000E-01  9.893797E-01  1.686336E-03  0.000000E+00  1.794177E-02 -3.421801E-03  1.942971E-16 -2.200098E-01  0.000000E+00
  4.626256E+00  1.502290E-02  5.000000E-01  9.824952E-01  2.984438E-03  0.000000E+00  2.481562E-02 -4.643828E-03  3.769960E-16 -2.350920E-01  0.000000E+00
  4.593146E+00  2.122063E-02  5.000000E-01  9.754635E-01  4.300685E-03  0.000000E+00  3.009551E-02 -5.607633E-03  5.938849E-16 -2.377574E-01  0.000000E+00
  4.560031E+00  2.735344E-02  5.000000E-01  9.684306E-01  5.603141E-03  0.000000E+00  3.276618E-02 -6.040270E-03  8.010608E-16 -2.347203E-01  0.000000E+00
  4.526891E+00  3.340821E-02  5.000000E-01  9.613923E-01  6.889026E-03  0.000000E+00  3.354790E-02 -6.085991E-03  1.003269E-15 -2.311813E-01  0.000000E+00
  4.493752E+00  3.936513E-02  5.000000E-01  9.543545E-01  8.154129E-03  0.000000E+00  3.374750E-02 -6.012136E-03  1.231574E-15 -2.278250E-01  0.000000E+00
  4.460612E+00  4.520847E-02  5.000000E-01  9.473164E-01  9.395112E-03  0.000000E+00  3.405935E-02 -5.943971E-03  1.481082E-15 -2.243392E-01  0.000000E+00
  4.427470E+00  5.092506E-02  5.000000E-01  9.402779E-01  1.060918E-02  0.000000E+00  3.458044E-02 -5.892840E-03  1.715271E-15 -2.205570E-01  0.000000E+00
  4.394325E+00  5.649696E-02  5.000000E-01  9.332387E-01  1.179251E-02  0.000000E+00  3.519336E-02 -5.835741E-03  1.888743E-15 -2.163803E-01  0.000000E+00
  4.361178E+00  6.190991E-02  5.000000E-01  9.261991E-01  1.294209E-02  0.000000E+00  3.579049E-02 -5.753975E-03  1.965375E-15 -2.117516E-01  0.000000E+00
  4.328027E+00  6.714794E-02  5.000000E-01  9.191586E-01  1.405452E-02  0.000000E+00  3.633453E-02 -5.639953E-03  1.929581E-15 -2.066234E-01  0.000000E+00
  4.294876E+00  7.219366E-02  5.000000E-01  9.121181E-01  1.512610E-02  0.000000E+00  3.682876E-02 -5.495507E-03  1.793725E-15 -2.009936E-01  0.000000E+00
  4.261727E+00  7.703278E-02  5.000000E-01  9.050782E-01  1.615381E-02  0.000000E+00  3.728840E-02 -5.324659E-03  1.592505E-15 -1.948750E-01  0.000000E+00
  4.228582E+00  8.165191E-02  5.000000E-01  8.980388E-01  1.713480E-02  0.000000E+00  3.772948E-02 -5.128791E-03  1.351277E-15 -1.882437E-01  0.000000E+00
  4.195443E+00  8.603513E-02  5.000000E-01  8.910010E-01  1.806569E-02  0.000000E+00  3.816136E-02 -4.907263E-03  1.075286E-15 -1.810479E-01  0.000000E+00
  4.162308E+00  9.016597E-02  5.000000E-01  8.839639E-01  1.894298E-02  0.000000E+00  3.857842E-02 -4.660281E-03  7.617958E-16 -1.732810E-01  0.000000E+00
  4.129179E+00  9.403148E-02  5.000000E-01  8.769281E-01  1.976392E-02  0.000000E+00  3.897071E-02 -4.387822E-03  4.180019E-16 -1.649547E-01  0.000000E+00
  4.096054E+00  9.761725E-02  5.000000E-01  8.698932E-01  2.052545E-02  0.000000E+00  3.932959E-02 -4.090403E-03  8.319296E-17 -1.560850E-01  0.000000E+00
  4.062934E+00  1.009125E-01  5.000000E-01  8.628593E-01  2.122528E-02  0.000000E+00  3.964522E-02 -3.770085E-03 -1.837036E-16 -1.467122E-01  0.000000E+00
  4.029817E+00  1.039073E-01  5.000000E-01  8.558262E-01  2.186130E-02  0.000000E+00  3.990930E-02 -3.429441E-03 -3.437336E-16 -1.368903E-01  0.000000E+00
  3.996705E+00  1.065946E-01  5.000000E-01  8.487940E-01  2.243202E-02  0.000000E+00  4.011113E-02 -3.073626E-03 -3.910073E-16 -1.267247E-01  0.000000E+00
  3.963594E+00  1.089725E-01  5.000000E-01  8.417620E-01  2.293703E-02  0.000000E+00  4.024073E-02 -2.709813E-03 -3.493183E-16 -1.163718E-01  0.000000E+00
  3.930486E+00  1.110442E-01  5.000000E-01  8.347306E-01  2.337701E-02  0.000000E+00  4.029381E-02 -2.345851E-03 -2.554558E-16 -1.060210E-01  0.000000E+00
  3.897377E+00  1.128177E-01  5.000000E-01  8.276991E-01  2.375365E-02  0.000000E+00  4.026990E-02 -1.992398E-03 -1.433292E-16 -9.592146E-02  0.000000E+00
  3.864269E+00  1.143103E-01  5.000000E-01  8.206677E-01  2.407064E-02  0.000000E+00  4.017561E-02 -1.660820E-03 -4.305713E-17 -8.637289E-02  0.000000E+00
  3.831161E+00  1.155446E-01  5.000000E-01  8.136366E-01  2.433278E-02  0.000000E+00  4.002373E-02 -1.363324E-03  2.359872E-17 -7.774350E-02  0.000000E+00
  3.798054E+00  1.165551E-01  5.000000E-01  8.066053E-01  2.454739E-02  0.000000E+00  3.983236E-02 -1.113770E-03  4.931654E-17 -7.045704E-02  0.000000E+00
  3.764948E+00  1.173853E-01  5.000000E-01  7.995744E-01  2.472370E-02  0.000000E+00  3.962477E-02 -9.254441E-04  4.265307E-17 -6.492110E-02  0.000000E+00
  3.731842E+00  1.180901E-01  5.000000E-01  7.925435E-01  2.487338E-02  0.000000E+00  3.942225E-02 -8.110939E-04  2.390050E-17 -6.144464E-02  0.000000E+00
  3.698737E+00  1.187360E-01  5.000000E-01  7.855130E-01  2.501056E-02  0.000000E+00  3.926557E-02 -7.656490E-04  1.083510E-17 -5.985835E-02  0.000000E+00
  3.665634E+00  1.193713E-01  5.000000E-01  7.784827E-01  2.514547E-02  0.000000E+00  3.921227E-02 -7.557979E-04  1.002636E-17 -5.937659E-02  0.000000E+00
  3.632534E+00  1.200031E-01  5.000000E-01  7.714529E-01  2.527966E-02  0.000000E+00  3.926688E-02 -7.541559E-04  1.884728E-17 -5.928869E-02  0.000000E+00
  3.599434E+00  1.206331E-01  5.000000E-01  7.644234E-01  2.541346E-02  0.000000E+00  3.937808E-02 -7.554860E-04  3.100953E-17 -5.932025E-02  0.000000E+00
  3.566334E+00  1.212633E-01  5.000000E-01  7.573938E-01  2.554730E-02  0.000000E+00  3.950225E-02 -7.584027E-04  4.210644E-17 -5.936205E-02  0.000000E+00
  3.533236E+00  1.218942E-01  5.000000E-01  7.503646E-01  2.568127E-02  0.000000E+00  3.962118E-02 -7.608250E-04  5.162526E-17 -5.936478E-02  0.000000E+00
  3.500138E+00  1.225244E-01  5.000000E-01  7.433353E-01  2.581512E-02  0.000000E+00  3.973272E-02 -7.622696E-04  5.948170E-17 -5.932339E-02  0.000000E+00
  3.467038E+00  1.231541E-01  5.000000E-01  7.363057E-01  2.594884E-02  0.000000E+00  3.984259E-02 -7.626661E-04  6.367436E-17 -5.922947E-02  0.000000E+00
  3.433936E+00  1.237816E-01  5.000000E-01  7.292757E-01  2.608211E-02  0.000000E+00  3.995803E-02 -7.606152E-04  6.347617E-17 -5.904650E-02  0.000000E+00
  3.400832E+00  1.244042E-01  5.000000E-01  7.222453E-01  2.621434E-02  0.000000E+00  4.008177E-02 -7.547771E-04  5.947858E-17 -5.873381E-02  0.000000E+00
  3.367728E+00  1.250182E-01  5.000000E-01  7.152146E-01  2.634475E-02  0.000000E+00  4.021348E-02 -7.435699E-04  5.270142E-17 -5.824131E-02  0.000000E+00
  3.334620E+00  1.256184E-01  5.000000E-01  7.081834E-01  2.647220E-02  0.000000E+00  4.035067E-02 -7.252983E-04  4.656602E-17 -5.751748E-02  0.000000E+00
  3.301512E+00  1.261983E-01  5.000000E-01  7.011520E-01  2.659536E-02  0.000000E+00  4.048873E-02 -6.985505E-04  4.449219E-17 -5.652299E-02  0.000000E+00
  3.268401E+00  1.267507E-01  5.000000E-01  6.941201E-01  2.671268E-02  0.000000E+00  4.062377E-02 -6.617794E-04  4.646044E-17 -5.521385E-02  0.000000E+00
  3.235290E+00  1.272670E-01  5.000000E-01  6.870881E-01  2.682232E-02  0.000000E+00  4.075255E-02 -6.134351E-04  5.126678E-17 -5.354388E-02  0.000000E+00
  3.202177E+00  1.277374E-01  5.000000E-01  6.800557E-01  2.692223E-02  0.000000E+00  4.087076E-02 -5.526730E-04  5.704517E-17 -5.149228E-02  0.000000E+00
  3.169063E+00  1.281525E-01  5.000000E-01  6.730231E-01  2.701038E-02  0.000000E+00  4.097509E-02 -4.789569E-04  6.182365E-17 -4.906941E-02  0.000000E+00
  3.135947E+00  1.285016E-01  5.000000E-01  6.659902E-01  2.708453E-02  0.000000E+00  4.106149E-02 -3.942722E-04  6.382707E-17 -4.635850E-02  0.000000E+00
  3.102831E+00  1.287782E-01  5.000000E-01  6.589571E-01  2.714326E-02  0.000000E+00  4.112209E-02 -3.068326E-04  6.147854E-17 -4.356062E-02  0.000000E+00
  3.069714E+00  1.289853E-01  5.000000E-01  6.519238E-01  2.718725E-02  0.000000E+00  4.115790E-02 -2.239461E-04  5.440811E-17 -4.086174E-02  0.000000E+00
  3.036593E+00  1.291281E-01  5.000000E-01  6.448898E-01  2.721758E-02  0.000000E+00  4.118209E-02 -1.470287E-04  4.348079E-17 -3.833081E-02  0.000000E+00
  3.003475E+00  1.292114E-01  5.000000E-01  6.378564E-01  2.723528E-02  0.000000E+00  4.120706E-02 -7.520615E-05  3.056340E-17 -3.597033E-02  0.000000E+00
  2.970356E+00  1.292387E-01  5.000000E-01  6.308226E-01  2.724106E-02  0.000000E+00  4.123658E-02 -8.623882E-06  1.847625E-17 -3.378317E-02  0.000000E+00
  2.937236E+00  1.292149E-01  5.000000E-01  6.237888E-01  2.723602E-02  0.000000E+00  4.126999E-02  5.241354E-05  9.286896E-18 -3.177177E-02  0.000000E+00
  2.904117E+00  1.291442E-01  5.000000E-01  6.167550E-01  2.722100E-02  0.000000E+00  4.130677E-02  1.083804E-04  3.617439E-18 -2.992705E-02  0.000000E+00
  2.870996E+00  1.290308E-01  5.000000E-01  6.097211E-01  2.719691E-02  0.000000E+00  4.134595E-02  1.592063E-04  9.230385E-19 -2.824770E-02  0.000000E+00
  2.837877E+00  1.288788E-01  5.000000E-01  6.026873E-01  2.716464E-02  0.000000E+00  4.138784E-02  2.051476E-04  2.787746E-19 -2.672776E-02  0.000000E+00
  2.804757E+00  1.286921E-01  5.000000E-01  5.956535E-01  2.712498E-02  0.000000E+00  4.143294E-02  2.462214E-04  1.079580E-18 -2.536450E-02  0.000000E+00
  2.771639E+00  1.284748E-01  5.000000E-01  5.886200E-01  2.707884E-02  0.000000E+00  4.148275E-02  2.829760E-04  2.846324E-18 -2.414775E-02  0.000000E+00
  2.738522E+00  1.282299E-01  5.000000E-01  5.815867E-01  2.702682E-02  0.000000E+00  4.153800E-02  3.155107E-04  5.214299E-18 -2.307475E-02  0.000000E+00
  2.705406E+00  1.279613E-01  5.000000E-01  5.745537E-01  2.696978E-02  0.000000E+00  4.159915E-02  3.436411E-04  7.064019E-18 -2.214717E-02  0.000000E+00
  2.672292E+00  1.276723E-01  5.000000E-01  5.675211E-01  2.690841E-02  0.000000E+00  4.166731E-02  3.676594E-04  7.433032E-18 -2.135751E-02  0.000000E+00
  2.639177E+00  1.273664E-01  5.000000E-01  5.604885E-01  2.684344E-02  0.000000E+00  4.174286E-02  3.875818E-04  6.808822E-18 -2.069202E-02  0.000000E+00
  2.606068E+00  1.270469E-01  5.000000E-01  5.534568E-01  2.677559E-02  0.000000E+00  4.182776E-02  4.051382E-04  5.725525E-18 -2.009713E-02  0.000000E+00
  2.572958E+00  1.267146E-01  5.000000E-01  5.464251E-01  2.670500E-02  0.000000E+00  4.192337E-02  4.232367E-04  4.551922E-18 -1.949193E-02  0.000000E+00
  2.539852E+00  1.263680E-01  5.000000E-01  5.393941E-01  2.663141E-02  0.000000E+00  4.202814E-02  4.444929E-04  3.825093E-18 -1.880109E-02  0.000000E+00
  2.506749E+00  1.260039E-01  5.000000E-01  5.323639E-01  2.655408E-02  0.000000E+00  4.213697E-02  4.699475E-04  3.261524E-18 -1.798569E-02  0.000000E+00
  2.473650E+00  1.256192E-01  5.000000E-01  5.253345E-01  2.647238E-02  0.000000E+00  4.224412E-02  4.994006E-04  2.731849E-18 -1.704036E-02  0.000000E+00
  2.440554E+00  1.252108E-01  5.000000E-01  5.183056E-01  2.638564E-02  0.000000E+00  4.234616E-02  5.323291E-04  2.220741E-18 -1.597202E-02  0.000000E+00
  2.407460E+00  1.247766E-01  5.000000E-01  5.112774E-01  2.629343E-02  0.000000E+00  4.244306E-02  5.690340E-04  1.516997E-18 -1.477871E-02  0.000000E+00
  2.374373E+00  1.243130E-01  5.000000E-01  5.042504E-01  2.619498E-02  0.000000E+00  4.253529E-02  6.100073E-04  9.154639E-19 -1.346387E-02  0.000000E+00
  2.341286E+00  1.238170E-01  5.000000E-01  4.972236E-01  2.608964E-02  0.000000E+00  4.262015E-02  6.532993E-04  4.240167E-19 -1.207897E-02  0.000000E+00
  2.308194E+00  1.232880E-01  5.000000E-01  4.901958E-01  2.597728E-02  0.000000E+00  4.269639E-02  6.962961E-04  1.677925E-19 -1.069156E-02  0.000000E+00
  2.275097E+00  1.227269E-01  5.000000E-01  4.831667E-01  2.585813E-02  0.000000E+00  4.276728E-02  7.376706E-04 -5.400852E-19 -9.346296E-03  0.000000E+00
  2.241991E+00  1.221354E-01  5.000000E-01  4.761359E-01  2.573250E-02  0.000000E+00  4.283774E-02  7.770026E-04 -1.411565E-18 -8.064731E-03  0.000000E+00
  2.208879E+00  1.215152E-01  5.000000E-01  4.691038E-01  2.560078E-02  0.000000E+00  4.291186E-02  8.143614E-04 -1.931274E-18 -6.852291E-03  0.000000E+00
  2.175760E+00  1.208678E-01  5.000000E-01  4.620701E-01  2.546330E-02  0.000000E+00  4.299163E-02  8.498456E-04 -2.674379E-18 -5.708199E-03  0.000000E+00
  2.142637E+00  1.201950E-01  5.000000E-01  4.550354E-01  2.532041E-02  0.000000E+00  4.307751E-02  8.835336E-04 -3.296757E-18 -4.627477E-03  0.000000E+00
  2.109507E+00  1.194981E-01  5.000000E-01  4.479994E-01  2.517241E-02  0.000000E+00  4.316930E-02  9.155459E-04 -4.261133E-18 -3.597138E-03  0.000000E+00
  2.076374E+00  1.187789E-01  5.000000E-01  4.409628E-01  2.501967E-02  0.000000E+00  4.326814E-02  9.474552E-04 -5.455414E-18 -2.576267E-03  0.000000E+00
  2.043241E+00  1.180364E-01  5.000000E-01  4.339262E-01  2.486197E-02  0.000000E+00  4.337371E-02  9.809581E-04 -6.180387E-18 -1.521864E-03  0.000000E+00
  2.010106E+00  1.172694E-01  5.000000E-01  4.268892E-01  2.469909E-02  0.000000E+00  4.348267E-02  1.016191E-03 -7.011673E-18 -4.180035E-04  0.000000E+00
  1.976970E+00  1.164769E-01  5.000000E-01  4.198519E-01  2.453076E-02  0.000000E+00  4.359271E-02  1.053418E-03 -8.325118E-18  7.471120E-04  0.000000E+00
  1.943835E+00  1.156572E-01  5.000000E-01  4.128148E-01  2.435669E-02  0.000000E+00  4.370256E-02  1.092996E-03 -9.726238E-18  1.980285E-03  0.000000E+00
  1.910699E+00  1.148086E-01  5.000000E-01  4.057775E-01  2.417647E-02  0.000000E+00  4.381066E-02  1.134414E-03 -1.065171E-17  3.271260E-03  0.000000E+00
  1.877561E+00  1.139303E-01  5.000000E-01  3.987399E-01  2.398993E-02  0.000000E+00  4.391692E-02  1.177473E-03 -1.138242E-17  4.612027E-03  0.000000E+00
  1.844424E+00  1.130208E-01  5.000000E-01  3.917024E-01  2.379679E-02  0.000000E+00  4.402183E-02  1.222075E-03 -1.221345E-17  5.994980E-03  0.000000E+00
  1.811282E+00  1.120794E-01  5.000000E-01  3.846638E-01  2.359685E-02  0.000000E+00  4.412508E-02  1.267376E-03 -1.295944E-17  7.403225E-03  0.000000E+00
  1.778139E+00  1.111060E-01  5.000000E-01  3.776250E-01  2.339013E-02  0.000000E+00  4.422801E-02  1.313620E-03 -1.205329E-17  8.838389E-03  0.000000E+00
  1.744992E+00  1.100995E-01  5.000000E-01  3.705854E-01  2.317638E-02  0.000000E+00  4.433093E-02  1.360869E-03 -9.694622E-18  1.030244E-02  0.000000E+00
  1.711843E+00  1.090599E-01  5.000000E-01  3.635455E-01  2.295559E-02  0.000000E+00  4.443343E-02  1.409257E-03 -7.319027E-18  1.180098E-02  0.000000E+00
  1.678692E+00  1.079857E-01  5.000000E-01  3.565049E-01  2.272746E-02  0.000000E+00  4.453455E-02  1.458818E-03 -5.522957E-18  1.334201E-02  0.000000E+00
  1.645539E+00  1.068769E-01  5.000000E-01  3.494640E-01  2.249198E-02  0.000000E+00  4.463366E-02  1.509922E-03 -4.847149E-18  1.494203E-02  0.000000E+00
  1.612385E+00  1.057317E-01  5.000000E-01  3.424230E-01  2.224876E-02  0.000000E+00  4.473100E-02  1.563596E-03 -3.157156E-18  1.662321E-02  0.000000E+00
  1.579236E+00  1.045484E-01  5.000000E-01  3.353830E-01  2.199746E-02  0.000000E+00  4.482574E-02  1.620356E-03 -1.781466E-18  1.837796E-02  0.000000E+00
  1.546090E+00  1.033243E-01  5.000000E-01  3.283435E-01  2.173748E-02  0.000000E+00  4.491245E-02  1.676428E-03 -1.579361E-18  2.010590E-02  0.000000E+00
  1.512946E+00  1.020628E-01  5.000000E-01  3.213046E-01  2.146958E-02  0.000000E+00  4.498768E-02  1.725834E-03 -9.823481E-19  2.166232E-02  0.000000E+00
  1.479807E+00  1.007703E-01  5.000000E-01  3.142666E-01  2.119508E-02  0.000000E+00  4.505905E-02  1.767267E-03  2.104215E-19  2.298202E-02  0.000000E+00
  1.446672E+00  9.945230E-02  5.000000E-01  3.072296E-01  2.091517E-02  0.000000E+00  4.513627E-02  1.801383E-03  1.130849E-18  2.405335E-02  0.000000E+00
  1.413540E+00  9.811441E-02  5.000000E-01  3.001932E-01  2.063103E-02  0.000000E+00  4.522546E-02  1.828963E-03  8.355253E-19  2.488960E-02  0.000000E+00
  1.380413E+00  9.676156E-02  5.000000E-01  2.931579E-01  2.034372E-02  0.000000E+00  4.532947E-02  1.851320E-03 -8.644234E-20  2.552529E-02  0.000000E+00
  1.347294E+00  9.539766E-02  5.000000E-01  2.861242E-01  2.005406E-02  0.000000E+00  4.544809E-02  1.869577E-03 -3.005686E-19  2.599581E-02  0.000000E+00
  1.314179E+00  9.402571E-02  5.000000E-01  2.790914E-01  1.976269E-02  0.000000E+00  4.557954E-02  1.884252E-03  1.748842E-19  2.632765E-02  0.000000E+00
  1.281074E+00  9.264888E-02  5.000000E-01  2.720606E-01  1.947029E-02  0.000000E+00  4.572324E-02  1.896288E-03 -2.344378E-19  2.655046E-02  0.000000E+00
  1.247974E+00  9.126868E-02  5.000000E-01  2.650310E-01  1.917717E-02  0.000000E+00  4.587862E-02  1.906127E-03 -3.186934E-19  2.668399E-02  0.000000E+00
  1.214880E+00  8.988740E-02  5.000000E-01  2.580028E-01  1.888382E-02  0.000000E+00  4.604627E-02  1.914283E-03 -7.614537E-19  2.674904E-02  0.000000E+00
  1.181795E+00  8.850611E-02  5.000000E-01  2.509763E-01  1.859047E-02  0.000000E+00  4.622821E-02  1.921990E-03 -4.640911E-19  2.677566E-02  0.000000E+00
  1.148718E+00  8.712526E-02  5.000000E-01  2.439516E-01  1.829721E-02  0.000000E+00  4.642490E-02  1.929402E-03  6.344828E-19  2.677520E-02  0.000000E+00
  1.115646E+00  8.574554E-02  5.000000E-01  2.369279E-01  1.800419E-02  0.000000E+00  4.663734E-02  1.936573E-03  6.160796E-19  2.675466E-02  0.000000E+00
  1.082583E+00  8.436757E-02  5.000000E-01  2.299061E-01  1.771154E-02  0.000000E+00  4.686794E-02  1.944188E-03  1.071812E-18  2.673041E-02  0.000000E+00
  1.049524E+00  8.299109E-02  5.000000E-01  2.228852E-01  1.741921E-02  0.000000E+00  4.711832E-02  1.952651E-03  9.983621E-19  2.672109E-02  0.000000E+00
  1.016475E+00  8.161629E-02  5.000000E-01  2.158664E-01  1.712724E-02  0.000000E+00  4.738964E-02  1.962739E-03  6.558655E-19  2.676830E-02  0.000000E+00
  9.834318E-01  8.024201E-02  5.000000E-01  2.088488E-01  1.683537E-02  0.000000E+00  4.768622E-02  1.978503E-03  5.151221E-19  2.698720E-02  0.000000E+00
  9.503976E-01  7.886316E-02  5.000000E-01  2.018331E-01  1.654254E-02  0.000000E+00  4.801357E-02  2.007576E-03 -7.818997E-19  2.755726E-02  0.000000E+00
  9.173728E-01  7.746836E-02  5.000000E-01  1.948195E-01  1.624632E-02  0.000000E+00  4.836736E-02  2.054071E-03 -2.023726E-18  2.859327E-02  0.000000E+00
  8.843598E-01  7.604699E-02  5.000000E-01  1.878083E-01  1.594446E-02  0.000000E+00  4.873664E-02  2.117599E-03 -3.594086E-18  3.011420E-02  0.000000E+00
  8.513623E-01  7.458852E-02  5.000000E-01  1.808005E-01  1.563471E-02  0.000000E+00  4.911485E-02  2.197415E-03 -4.230870E-18  3.210337E-02  0.000000E+00
  8.183794E-01  7.308324E-02  5.000000E-01  1.737957E-01  1.531503E-02  0.000000E+00  4.950008E-02  2.292009E-03 -3.243259E-18  3.451516E-02  0.000000E+00
  7.854121E-01  7.152298E-02  5.000000E-01  1.667943E-01  1.498367E-02  0.000000E+00  4.989471E-02  2.399741E-03 -2.391339E-18  3.729569E-02  0.000000E+00
  7.524593E-01  6.990083E-02  5.000000E-01  1.597959E-01  1.463916E-02  0.000000E+00  5.030366E-02  2.519112E-03 -1.266357E-18  4.039539E-02  0.000000E+00
  7.195226E-01  6.821138E-02  5.000000E-01  1.528009E-01  1.428036E-02  0.000000E+00  5.073334E-02  2.649510E-03 -1.268032E-18  4.378334E-02  0.000000E+00
  6.866079E-01  6.644979E-02  5.000000E-01  1.458107E-01  1.390625E-02  0.000000E+00  5.119014E-02  2.791622E-03 -2.294052E-18  4.745476E-02  0.000000E+00
  6.537221E-01  6.461096E-02  5.000000E-01  1.388265E-01  1.351572E-02  0.000000E+00  5.167763E-02  2.946395E-03 -3.020281E-18  5.141287E-02  0.000000E+00
  6.208691E-01  6.268962E-02  5.000000E-01  1.318494E-01  1.310768E-02  0.000000E+00  5.219600E-02  3.114179E-03 -5.424412E-18  5.564920E-02  0.000000E+00
  5.880524E-01  6.068075E-02  5.000000E-01  1.248799E-01  1.268104E-02  0.000000E+00  5.274359E-02  3.294415E-03 -8.330727E-18  6.013840E-02  0.000000E+00
  5.552711E-01  5.858003E-02  5.000000E-01  1.179180E-01  1.223490E-02  0.000000E+00  5.331874E-02  3.485854E-03 -1.097285E-17  6.484541E-02  0.000000E+00
  5.225283E-01  5.638458E-02  5.000000E-01  1.109642E-01  1.176864E-02  0.000000E+00  5.392118E-02  3.687917E-03 -1.410538E-17  6.974436E-02  0.000000E+00
  4.898261E-01  5.409149E-02  5.000000E-01  1.040191E-01  1.128165E-02  0.000000E+00  5.454857E-02  3.899655E-03 -1.613043E-17  7.480121E-02  0.000000E+00
  4.571624E-01  5.169898E-02  5.000000E-01  9.708209E-02  1.077354E-02  0.000000E+00  5.519286E-02  4.118477E-03 -1.447044E-17  7.995184E-02  0.000000E+00
  4.245350E-01  4.920664E-02  5.000000E-01  9.015283E-02  1.024422E-02  0.000000E+00  5.583930E-02  4.340204E-03 -1.077068E-17  8.511079E-02  0.000000E+00
  3.919369E-01  4.661604E-02  5.000000E-01  8.322981E-02  9.694045E-03  0.000000E+00  5.646724E-02  4.560406E-03 -5.474057E-18  9.022074E-02  0.000000E+00
  3.593832E-01  4.393142E-02  5.000000E-01  7.631620E-02  9.123898E-03  0.000000E+00  5.705147E-02  4.778546E-03  1.441495E-18  9.535356E-02  0.000000E+00
  3.269046E-01  4.115558E-02  5.000000E-01  6.941854E-02  8.534378E-03  0.000000E+00  5.755560E-02  5.000169E-03 -8.197787E-21  1.007614E-01  0.000000E+00
  2.945750E-01  3.828810E-02  5.000000E-01  6.255253E-02  7.925396E-03  0.000000E+00  5.791934E-02  5.232416E-03 -3.219717E-17  1.067575E-01  0.000000E+00
  2.624265E-01  3.531753E-02  5.000000E-01  5.572497E-02  7.294519E-03  0.000000E+00  5.805145E-02  5.465714E-03 -1.297726E-16  1.133520E-01  0.000000E+00
  2.304268E-01  3.223467E-02  5.000000E-01  4.892903E-02  6.639796E-03  0.000000E+00  5.789456E-02  5.680090E-03 -2.848499E-16  1.202125E-01  0.000000E+00
  1.986088E-01  2.904285E-02  5.000000E-01  4.217166E-02  5.961931E-03  0.000000E+00  5.752836E-02  5.869408E-03 -3.234483E-16  1.268945E-01  0.000000E+00
  1.669282E-01  2.574041E-02  5.000000E-01  3.544349E-02  5.260574E-03  0.000000E+00  5.720460E-02  6.006543E-03  1.879185E-16  1.325087E-01  0.000000E+00
  1.350509E-01  2.235063E-02  5.000000E-01  2.867354E-02  4.540669E-03  0.000000E+00  5.760126E-02  6.167185E-03  1.758125E-15  1.378589E-01  0.000000E+00
  1.043791E-01  1.903384E-02  5.000000E-01  2.215959E-02  3.836264E-03  0.000000E+00  6.002696E-02  6.745990E-03  5.158206E-15  1.483269E-01  0.000000E+00
  7.632629E-02  1.575962E-02  5.000000E-01  1.620187E-02  3.140900E-03  0.000000E+00  6.562291E-02  8.050412E-03  1.764564E-14  1.672739E-01  0.000000E+00
  5.118571E-02  1.252577E-02  5.000000E-01  1.086263E-02  2.454110E-03  0.000000E+00  7.545641E-02  1.035742E-02  7.833175E-14  1.954362E-01  0.000000E+00
  3.264831E-02  9.840052E-03  5.000000E-01  6.925739E-03  1.883729E-03  0.000000E+00  9.130307E-02  1.492548E-02  2.953287E-13  2.410528E-01  0.000000E+00
  2.051015E-02  7.673176E-03  5.000000E-01  4.347893E-03  1.423538E-03  0.000000E+00  1.122453E-01  2.281352E-02  7.676040E-13  3.090041E-01  0.000000E+00
  1.247723E-02  5.876428E-03  5.000000E-01  2.641898E-03  1.041953E-03  0.000000E+00  1.320701E-01  3.302493E-02  1.215944E-12  3.907157E-01  0.000000E+00
  7.055255E-03  4.393760E-03  5.000000E-01  1.490404E-03  7.270705E-04  0.000000E+00  1.434192E-01  4.457426E-02  3.979444E-13  4.814660E-01  0.000000E+00
  3.418635E-03  3.133057E-03  5.000000E-01  7.180754E-04  4.593282E-04  0.000000E+00  1.406727E-01  5.909864E-02 -4.324579E-12  6.129721E-01  0.000000E+00
  1.108798E-03  1.999425E-03  5.000000E-01  2.275226E-04  2.185724E-04  0.000000E+00  1.072168E-01  7.219051E-02 -1.639321E-11  9.650507E-01  0.000000E+00
  3.747479E-05  9.702450E-04  5.000000E-01  0.000000E+00  0.000000E+00  0.000000E+00  4.797048E-02  7.283134E-03 -3.437828E-11  1.540600E+00  0.000000E+00
  3.747479E-05  9.702450E-04  5.000000E-01  0.000000E+00  0.000000E+00  0.000000E+00  4.797048E-02  7.283134E-03 -3.437828E-11  1.540600E+00  0.000000E+00
  2.534065E-04 -2.689095E-05  5.000000E-01  4.585858E-05 -2.117672E-04  0.000000E+00  6.781937E-02 -6.945667E-02 -3.301935E-11  1.417507E+00  0.000000E+00
  1.848580E-03 -1.029448E-03  5.000000E-01  3.846343E-04 -4.246857E-04  0.000000E+00  1.364949E-01 -6.420732E-02 -1.332366E-11  7.711011E-01  0.000000E+00
  4.867645E-03 -2.033855E-03  5.000000E-01  1.025809E-03 -6.379971E-04  0.000000E+00  1.524660E-01 -4.344520E-02 -1.372498E-12  4.904839E-01  0.000000E+00
  9.380877E-03 -3.082728E-03  5.000000E-01  1.984309E-03 -8.607518E-04  0.000000E+00  1.444619E-01 -2.982112E-02  2.180497E-12  3.915353E-01  0.000000E+00
  1.589077E-02 -4.243783E-03  5.000000E-01  3.366850E-03 -1.107332E-03  0.000000E+00  1.274535E-01 -2.042241E-02  1.831923E-12  3.250914E-01  0.000000E+00
  2.547297E-02 -5.578664E-03  5.000000E-01  5.401873E-03 -1.390827E-03  0.000000E+00  1.056467E-01 -1.320656E-02  7.790624E-13  2.652353E-01  0.000000E+00
  3.989163E-02 -7.130063E-03  5.000000E-01  8.464043E-03 -1.720306E-03  0.000000E+00  8.526947E-02 -8.214194E-03  1.841892E-13  2.151141E-01  0.000000E+00
  6.092142E-02 -8.868997E-03  5.000000E-01  1.293025E-02 -2.089613E-03  0.000000E+00  7.028074E-02 -5.353361E-03  1.272842E-14  1.799429E-01  0.000000E+00
  8.832839E-02 -1.075445E-02  5.000000E-01  1.875082E-02 -2.490037E-03  0.000000E+00  6.120627E-02 -4.029706E-03 -4.793175E-15  1.604639E-01  0.000000E+00
  1.189914E-01 -1.268614E-02  5.000000E-01  2.526288E-02 -2.900281E-03  0.000000E+00  5.655334E-02 -3.508476E-03 -3.487444E-16  1.520378E-01  0.000000E+00
  1.511926E-01 -1.466586E-02  5.000000E-01  3.210163E-02 -3.320724E-03  0.000000E+00  5.468307E-02 -3.365984E-03  6.480497E-16  1.497076E-01  0.000000E+00
  1.838450E-01 -1.669296E-02  5.000000E-01  3.903620E-02 -3.751231E-03  0.000000E+00  5.431212E-02 -3.369536E-03  6.680501E-17  1.495555E-01  0.000000E+00
  2.165049E-01 -1.873329E-02  5.000000E-01  4.597235E-02 -4.184546E-03  0.000000E+00  5.452191E-02 -3.378603E-03 -2.061010E-16  1.490591E-01  0.000000E+00
  2.491496E-01 -2.075428E-02  5.000000E-01  5.290529E-02 -4.613755E-03  0.000000E+00  5.480454E-02 -3.358534E-03 -1.500520E-16  1.477857E-01  0.000000E+00
  2.819003E-01 -2.275418E-02  5.000000E-01  5.986073E-02 -5.038484E-03  0.000000E+00  5.496038E-02 -3.326865E-03 -4.955781E-17  1.463696E-01  0.000000E+00
  3.147601E-01 -2.473897E-02  5.000000E-01  6.683936E-02 -5.460004E-03  0.000000E+00  5.494858E-02 -3.297920E-03 -1.446256E-18  1.453201E-01  0.000000E+00
  3.477303E-01 -2.671839E-02  5.000000E-01  7.384142E-02 -5.880385E-03  0.000000E+00  5.480366E-02 -3.278414E-03  6.576669E-18  1.447935E-01  0.000000E+00
  3.807756E-01 -2.870149E-02  5.000000E-01  8.085941E-02 -6.301548E-03  0.000000E+00  5.456992E-02 -3.264780E-03  3.353069E-18  1.446060E-01  0.000000E+00
  4.138291E-01 -3.068670E-02  5.000000E-01  8.787917E-02 -6.723158E-03  0.000000E+00  5.426490E-02 -3.244169E-03  2.470279E-18  1.443875E-01  0.000000E+00
  4.468689E-01 -3.266660E-02  5.000000E-01  9.489601E-02 -7.143638E-03  0.000000E+00  5.389745E-02 -3.211053E-03  6.156307E-20  1.439486E-01  0.000000E+00
  4.799091E-01 -3.463703E-02  5.000000E-01  1.019129E-01 -7.562110E-03  0.000000E+00  5.348316E-02 -3.169967E-03 -2.090284E-18  1.433564E-01  0.000000E+00
  5.129612E-01 -3.659714E-02  5.000000E-01  1.089324E-01 -7.978388E-03  0.000000E+00  5.304006E-02 -3.127456E-03 -2.185713E-18  1.427674E-01  0.000000E+00
  5.460360E-01 -3.854920E-02  5.000000E-01  1.159567E-01 -8.392958E-03  0.000000E+00  5.258415E-02 -3.088833E-03 -1.643306E-18  1.423200E-01  0.000000E+00
  5.791347E-01 -4.049720E-02  5.000000E-01  1.229860E-01 -8.806665E-03  0.000000E+00  5.212598E-02 -3.056948E-03 -1.028889E-18  1.420952E-01  0.000000E+00
  6.122565E-01 -4.244566E-02  5.000000E-01  1.300203E-01 -9.220471E-03  0.000000E+00  5.167161E-02 -3.032957E-03 -3.200073E-19  1.421335E-01  0.000000E+00
  6.454013E-01 -4.439968E-02  5.000000E-01  1.370594E-01 -9.635458E-03  0.000000E+00  5.122742E-02 -3.018220E-03  2.349710E-20  1.424727E-01  0.000000E+00
  6.785693E-01 -4.636541E-02  5.000000E-01  1.441035E-01 -1.005293E-02  0.000000E+00  5.080185E-02 -3.014272E-03 -2.172985E-19  1.431485E-01  0.000000E+00
  7.117575E-01 -4.834949E-02  5.000000E-01  1.511518E-01 -1.047430E-02  0.000000E+00  5.040128E-02 -3.021029E-03 -2.215882E-19  1.441580E-01  0.000000E+00
  7.449560E-01 -5.035721E-02  5.000000E-01  1.582024E-01 -1.090069E-02  0.000000E+00  5.002630E-02 -3.036471E-03  6.610442E-19  1.454529E-01  0.000000E+00
  7.781569E-01 -5.239234E-02  5.000000E-01  1.652534E-01 -1.133290E-02  0.000000E+00  4.967365E-02 -3.058556E-03  2.640058E-18  1.469811E-01  0.000000E+00
  8.113578E-01 -5.445825E-02  5.000000E-01  1.723045E-01 -1.177165E-02  0.000000E+00  4.933989E-02 -3.086480E-03  3.601184E-18  1.487194E-01  0.000000E+00
  8.445597E-01 -5.655857E-02  5.000000E-01  1.793558E-01 -1.221771E-02  0.000000E+00  4.902293E-02 -3.120430E-03  4.856465E-19  1.506681E-01  0.000000E+00
  8.777625E-01 -5.869737E-02  5.000000E-01  1.864072E-01 -1.267194E-02  0.000000E+00  4.872101E-02 -3.160192E-03 -2.273558E-18  1.528243E-01  0.000000E+00
  9.109638E-01 -6.087799E-02  5.000000E-01  1.934584E-01 -1.313504E-02  0.000000E+00  4.843300E-02 -3.205173E-03 -1.257362E-18  1.551771E-01  0.000000E+00
  9.441676E-01 -6.310404E-02  5.000000E-01  2.005100E-01 -1.360780E-02  0.000000E+00  4.815955E-02 -3.255233E-03  1.086134E-18  1.577155E-01  0.000000E+00
  9.773746E-01 -6.537897E-02  5.000000E-01  2.075624E-01 -1.409094E-02  0.000000E+00  4.790055E-02 -3.309286E-03  3.065728E-18  1.604071E-01  0.000000E+00
  1.010583E+00 -6.770453E-02  5.000000E-01  2.146150E-01 -1.458483E-02  0.000000E+00  4.765533E-02 -3.365994E-03  2.788172E-18  1.632107E-01  0.000000E+00
  1.043798E+00 -7.008257E-02  5.000000E-01  2.216690E-01 -1.508987E-02  0.000000E+00  4.742386E-02 -3.424587E-03  3.553546E-18  1.660943E-01  0.000000E+00
  1.077015E+00 -7.251370E-02  5.000000E-01  2.287236E-01 -1.560618E-02  0.000000E+00  4.720650E-02 -3.484418E-03  7.622391E-18  1.690297E-01  0.000000E+00
  1.110238E+00 -7.499858E-02  5.000000E-01  2.357793E-01 -1.613391E-02  0.000000E+00  4.700349E-02 -3.544649E-03  9.189167E-18  1.719847E-01  0.000000E+00
  1.143462E+00 -7.753646E-02  5.000000E-01  2.428354E-01 -1.667290E-02  0.000000E+00  4.681608E-02 -3.604837E-03  8.508548E-18  1.749288E-01  0.000000E+00
  1.176693E+00 -8.012736E-02  5.000000E-01  2.498927E-01 -1.722314E-02  0.000000E+00  4.664663E-02 -3.664787E-03  6.769732E-18  1.778296E-01  0.000000E+00
  1.209925E+00 -8.276986E-02  5.000000E-01  2.569505E-01 -1.778434E-02  0.000000E+00  4.649575E-02 -3.722863E-03  4.989931E-18  1.806267E-01  0.000000E+00
  1.243158E+00 -8.546085E-02  5.000000E-01  2.640083E-01 -1.835584E-02  0.000000E+00  4.636449E-02 -3.778068E-03  3.929306E-18  1.832658E-01  0.000000E+00
  1.276395E+00 -8.819784E-02  5.000000E-01  2.710670E-01 -1.893711E-02  0.000000E+00  4.625416E-02 -3.829706E-03  3.077146E-18  1.856967E-01  0.000000E+00
  1.309630E+00 -9.097616E-02  5.000000E-01  2.781253E-01 -1.952716E-02  0.000000E+00  4.616448E-02 -3.876047E-03  2.703420E-18  1.878555E-01  0.000000E+00
  1.342868E+00 -9.379057E-02  5.000000E-01  2.851842E-01 -2.012487E-02  0.000000E+00  4.609707E-02 -3.916733E-03  2.428031E-18  1.897024E-01  0.000000E+00
  1.376108E+00 -9.663610E-02  5.000000E-01  2.922436E-01 -2.072919E-02  0.000000E+00  4.605264E-02 -3.950669E-03  3.431484E-18  1.911879E-01  0.000000E+00
  1.409347E+00 -9.950507E-02  5.000000E-01  2.993027E-01 -2.133849E-02  0.000000E+00  4.603074E-02 -3.976284E-03  2.796099E-18  1.922557E-01  0.000000E+00
  1.442589E+00 -1.023904E-01  5.000000E-01  3.063625E-01 -2.195127E-02  0.000000E+00  4.603181E-02 -3.993019E-03  1.478083E-18  1.928685E-01  0.000000E+00
  1.475831E+00 -1.052837E-01  5.000000E-01  3.134222E-01 -2.256572E-02  0.000000E+00  4.605524E-02 -3.999616E-03  5.628960E-19  1.929824E-01  0.000000E+00
  1.509072E+00 -1.081756E-01  5.000000E-01  3.204819E-01 -2.317990E-02  0.000000E+00  4.610028E-02 -3.994767E-03 -9.938365E-19  1.925563E-01  0.000000E+00
  1.542314E+00 -1.110562E-01  5.000000E-01  3.275416E-01 -2.379167E-02  0.000000E+00  4.616813E-02 -3.978312E-03 -1.519713E-18  1.915677E-01  0.000000E+00
  1.575558E+00 -1.139162E-01  5.000000E-01  3.346018E-01 -2.439906E-02  0.000000E+00  4.625932E-02 -3.949312E-03 -1.428737E-18  1.899798E-01  0.000000E+00
  1.608800E+00 -1.167439E-01  5.000000E-01  3.416615E-01 -2.499959E-02  0.000000E+00  4.637262E-02 -3.905861E-03 -2.174982E-18  1.877409E-01  0.000000E+00
  1.642044E+00 -1.195278E-01  5.000000E-01  3.487219E-01 -2.559083E-02  0.000000E+00  4.650671E-02 -3.846622E-03 -4.252690E-18  1.848149E-01  0.000000E+00
  1.675286E+00 -1.222547E-01  5.000000E-01  3.557816E-01 -2.616995E-02  0.000000E+00  4.665939E-02 -3.770321E-03 -5.277606E-18  1.811771E-01  0.000000E+00
  1.708526E+00 -1.249116E-01  5.000000E-01  3.628410E-01 -2.673422E-02  0.000000E+00  4.682762E-02 -3.676001E-03 -6.675815E-18  1.768172E-01  0.000000E+00
  1.741762E+00 -1.274850E-01  5.000000E-01  3.698996E-01 -2.728074E-02  0.000000E+00  4.700656E-02 -3.562118E-03 -1.267986E-17  1.717255E-01  0.000000E+00
  1.774995E+00 -1.299604E-01  5.000000E-01  3.769573E-01 -2.780646E-02  0.000000E+00  4.719263E-02 -3.428433E-03 -1.806345E-17  1.659193E-01  0.000000E+00
  1.808227E+00 -1.323254E-01  5.000000E-01  3.840150E-01 -2.830871E-02  0.000000E+00  4.738245E-02 -3.274669E-03 -2.107723E-17  1.594197E-01  0.000000E+00
  1.841453E+00 -1.345654E-01  5.000000E-01  3.910714E-01 -2.878445E-02  0.000000E+00  4.757153E-02 -3.099651E-03 -2.606802E-17  1.522343E-01  0.000000E+00
  1.874678E+00 -1.366672E-01  5.000000E-01  3.981276E-01 -2.923081E-02  0.000000E+00  4.775738E-02 -2.903247E-03 -2.881130E-17  1.443855E-01  0.000000E+00
  1.907900E+00 -1.386169E-01  5.000000E-01  4.051830E-01 -2.964488E-02  0.000000E+00  4.793860E-02 -2.685106E-03 -2.904151E-17  1.358926E-01  0.000000E+00
  1.941118E+00 -1.404007E-01  5.000000E-01  4.122377E-01 -3.002371E-02  0.000000E+00  4.811458E-02 -2.444855E-03 -3.078374E-17  1.267738E-01  0.000000E+00
  1.974334E+00 -1.420047E-01  5.000000E-01  4.192920E-01 -3.036437E-02  0.000000E+00  4.828423E-02 -2.182955E-03 -3.181047E-17  1.170605E-01  0.000000E+00
  2.007549E+00 -1.434162E-01  5.000000E-01  4.263460E-01 -3.066414E-02  0.000000E+00  4.843824E-02 -1.899043E-03 -3.001089E-17  1.067820E-01  0.000000E+00
  2.040760E+00 -1.446213E-01  5.000000E-01  4.333993E-01 -3.092006E-02  0.000000E+00  4.855356E-02 -1.591951E-03 -2.811372E-17  9.598799E-02  0.000000E+00
  2.073970E+00 -1.456064E-01  5.000000E-01  4.404522E-01 -3.112927E-02  0.000000E+00  4.859864E-02 -1.262643E-03 -2.669334E-17  8.482188E-02  0.000000E+00
  2.107177E+00 -1.463590E-01  5.000000E-01  4.475046E-01 -3.128911E-02  0.000000E+00  4.855727E-02 -9.226577E-04 -2.454221E-17  7.364653E-02  0.000000E+00
  2.140379E+00 -1.468796E-01  5.000000E-01  4.545558E-01 -3.139967E-02  0.000000E+00  4.844488E-02 -5.953013E-04 -2.298304E-17  6.300971E-02  0.000000E+00
  2.173577E+00 -1.471860E-01  5.000000E-01  4.616063E-01 -3.146475E-02  0.000000E+00  4.827889E-02 -2.945465E-04 -2.109122E-17  5.325931E-02  0.000000E+00
  2.206768E+00 -1.472959E-01  5.000000E-01  4.686553E-01 -3.148809E-02  0.000000E+00  4.806588E-02 -2.189364E-05 -1.847469E-17  4.446112E-02  0.000000E+00
  2.239954E+00 -1.472275E-01  5.000000E-01  4.757033E-01 -3.147357E-02  0.000000E+00  4.781394E-02  2.223079E-04 -1.559266E-17  3.659926E-02  0.000000E+00
  2.273134E+00 -1.469986E-01  5.000000E-01  4.827499E-01 -3.142495E-02  0.000000E+00  4.753174E-02  4.379128E-04 -1.301156E-17  2.964150E-02  0.000000E+00
  2.306309E+00 -1.466274E-01  5.000000E-01  4.897953E-01 -3.134611E-02  0.000000E+00  4.722555E-02  6.249590E-04 -1.125440E-17  2.356155E-02  0.000000E+00
  2.339476E+00 -1.461319E-01  5.000000E-01  4.968392E-01 -3.124088E-02  0.000000E+00  4.689722E-02  7.840251E-04 -1.066099E-17  1.834153E-02  0.000000E+00
  2.372638E+00 -1.455297E-01  5.000000E-01  5.038821E-01 -3.111298E-02  0.000000E+00  4.655056E-02  9.136186E-04 -1.041867E-17  1.401258E-02  0.000000E+00
  2.405805E+00 -1.448411E-01  5.000000E-01  5.109259E-01 -3.096676E-02  0.000000E+00  4.619209E-02  1.011098E-03 -9.940545E-18  1.063523E-02  0.000000E+00
  2.438976E+00 -1.440887E-01  5.000000E-01  5.179706E-01 -3.080696E-02  0.000000E+00  4.582362E-02  1.076221E-03 -9.110468E-18  8.233339E-03  0.000000E+00
  2.472150E+00 -1.432941E-01  5.000000E-01  5.250160E-01 -3.063820E-02  0.000000E+00  4.544328E-02  1.109766E-03 -8.045619E-18  6.810469E-03  0.000000E+00
  2.505329E+00 -1.424794E-01  5.000000E-01  5.320624E-01 -3.046519E-02  0.000000E+00  4.505125E-02  1.112080E-03 -7.028425E-18  6.378710E-03  0.000000E+00
  2.538512E+00 -1.416671E-01  5.000000E-01  5.391097E-01 -3.029267E-02  0.000000E+00  4.465374E-02  1.084308E-03 -5.933902E-18  6.937999E-03  0.000000E+00
  2.571700E+00 -1.408789E-01  5.000000E-01  5.461580E-01 -3.012526E-02  0.000000E+00  4.426969E-02  1.027297E-03 -5.539199E-18  8.470324E-03  0.000000E+00
  2.604894E+00 -1.401376E-01  5.000000E-01  5.532074E-01 -2.996783E-02  0.000000E+00  4.392520E-02  9.435236E-04 -6.356076E-18  1.087579E-02  0.000000E+00
  2.638090E+00 -1.394638E-01  5.000000E-01  5.602575E-01 -2.982475E-02  0.000000E+00  4.362889E-02  8.444733E-04 -8.162345E-18  1.384176E-02  0.000000E+00
  2.671292E+00 -1.388638E-01  5.000000E-01  5.673087E-01 -2.969732E-02  0.000000E+00  4.337006E-02  7.454978E-04 -9.715860E-18  1.695851E-02  0.000000E+00
  2.704497E+00 -1.383337E-01  5.000000E-01  5.743608E-01 -2.958473E-02  0.000000E+00  4.314192E-02  6.529903E-04 -9.743277E-18  1.998964E-02  0.000000E+00
  2.737708E+00 -1.378696E-01  5.000000E-01  5.814140E-01 -2.948618E-02  0.000000E+00  4.294357E-02  5.670799E-04 -7.620607E-18  2.286502E-02  0.000000E+00
  2.770923E+00 -1.374674E-01  5.000000E-01  5.884680E-01 -2.940076E-02  0.000000E+00  4.277278E-02  4.877164E-04 -3.074340E-18  2.556202E-02  0.000000E+00
  2.804143E+00 -1.371229E-01  5.000000E-01  5.955230E-01 -2.932759E-02  0.000000E+00  4.262769E-02  4.145053E-04  2.913065E-18  2.807638E-02  0.000000E+00
  2.837367E+00 -1.368321E-01  5.000000E-01  6.025790E-01 -2.926583E-02  0.000000E+00  4.250659E-02  3.474897E-04  8.609273E-18  3.039696E-02  0.000000E+00
  2.870594E+00 -1.365904E-01  5.000000E-01  6.096357E-01 -2.921449E-02  0.000000E+00  4.240752E-02  2.870419E-04  1.225408E-17  3.250326E-02  0.000000E+00
  2.903823E+00 -1.363930E-01  5.000000E-01  6.166926E-01 -2.917258E-02  0.000000E+00  4.232632E-02  2.343485E-04  1.344840E-17  3.436102E-02  0.000000E+00
  2.937051E+00 -1.362331E-01  5.000000E-01  6.237496E-01 -2.913861E-02  0.000000E+00  4.225929E-02  1.895148E-04  1.282019E-17  3.595683E-02  0.000000E+00
  2.970283E+00 -1.361055E-01  5.000000E-01  6.308072E-01 -2.911153E-02  0.000000E+00  4.220308E-02  1.520368E-04  1.088927E-17  3.729335E-02  0.000000E+00
  3.003515E+00 -1.360043E-01  5.000000E-01  6.378649E-01 -2.909002E-02  0.000000E+00  4.215351E-02  1.222217E-04  8.151477E-18  3.836754E-02  0.000000E+00
  3.036751E+00 -1.359234E-01  5.000000E-01  6.449232E-01 -2.907284E-02  0.000000E+00  4.211046E-02  9.961796E-05  5.077940E-18  3.918969E-02  0.000000E+00
  3.069988E+00 -1.358575E-01  5.000000E-01  6.519820E-01 -2.905886E-02  0.000000E+00  4.207809E-02  8.473936E-05  2.179923E-18  3.974381E-02  0.000000E+00
  3.103226E+00 -1.357999E-01  5.000000E-01  6.590410E-01 -2.904662E-02  0.000000E+00  4.206997E-02  7.717152E-05 -1.424237E-19  4.000370E-02  0.000000E+00
  3.136469E+00 -1.357459E-01  5.000000E-01  6.661010E-01 -2.903514E-02  0.000000E+00  4.210216E-02  7.832184E-05 -1.821857E-18  3.987665E-02  0.000000E+00
  3.169712E+00 -1.356868E-01  5.000000E-01  6.731611E-01 -2.902259E-02  0.000000E+00  4.217537E-02  9.673165E-05 -3.335466E-18  3.911573E-02  0.000000E+00
  3.202960E+00 -1.356042E-01  5.000000E-01  6.802220E-01 -2.900506E-02  0.000000E+00  4.227970E-02  1.414002E-04 -5.291138E-18  3.746998E-02  0.000000E+00
  3.236210E+00 -1.354752E-01  5.000000E-01  6.872835E-01 -2.897766E-02  0.000000E+00  4.240842E-02  2.147602E-04 -8.090146E-18  3.485146E-02  0.000000E+00
  3.269464E+00 -1.352782E-01  5.000000E-01  6.943459E-01 -2.893582E-02  0.000000E+00  4.255491E-02  3.162751E-04 -1.145046E-17  3.127859E-02  0.000000E+00
  3.302721E+00 -1.349917E-01  5.000000E-01  7.014089E-01 -2.887498E-02  0.000000E+00  4.270800E-02  4.456102E-04 -1.310127E-17  2.679606E-02  0.000000E+00
  3.335981E+00 -1.345951E-01  5.000000E-01  7.084724E-01 -2.879074E-02  0.000000E+00  4.285714E-02  6.008656E-04 -8.749670E-18  2.148918E-02  0.000000E+00
  3.369247E+00 -1.340698E-01  5.000000E-01  7.155373E-01 -2.867920E-02  0.000000E+00  4.299625E-02  7.787246E-04  6.481127E-18  1.548359E-02  0.000000E+00
  3.402518E+00 -1.334009E-01  5.000000E-01  7.226033E-01 -2.853713E-02  0.000000E+00  4.311807E-02  9.773317E-04  3.554985E-17  8.877750E-03  0.000000E+00
  3.435792E+00 -1.325725E-01  5.000000E-01  7.296699E-01 -2.836119E-02  0.000000E+00  4.321598E-02  1.194296E-03  7.743541E-17  1.760679E-03  0.000000E+00
  3.469073E+00 -1.315726E-01  5.000000E-01  7.367379E-01 -2.814883E-02  0.000000E+00  4.328622E-02  1.426466E-03  1.282931E-16 -5.767152E-03  0.000000E+00
  3.502353E+00 -1.303899E-01  5.000000E-01  7.438057E-01 -2.789767E-02  0.000000E+00  4.332595E-02  1.671090E-03  1.802981E-16 -1.361240E-02  0.000000E+00
  3.535630E+00 -1.290163E-01  5.000000E-01  7.508729E-01 -2.760594E-02  0.000000E+00  4.333339E-02  1.925045E-03  2.236658E-16 -2.168720E-02  0.000000E+00
  3.568904E+00 -1.274443E-01  5.000000E-01  7.579395E-01 -2.727209E-02  0.000000E+00  4.330522E-02  2.186696E-03  2.578981E-16 -2.993765E-02  0.000000E+00
  3.602176E+00 -1.256667E-01  5.000000E-01  7.650057E-01 -2.689458E-02  0.000000E+00  4.324172E-02  2.454611E-03  2.972766E-16 -3.831753E-02  0.000000E+00
  3.635446E+00 -1.236776E-01  5.000000E-01  7.720714E-01 -2.647215E-02  0.000000E+00  4.315065E-02  2.727260E-03  3.657810E-16 -4.678563E-02  0.000000E+00
  3.668713E+00 -1.214718E-01  5.000000E-01  7.791365E-01 -2.600368E-02  0.000000E+00  4.304841E-02  3.002858E-03  4.906743E-16 -5.531182E-02  0.000000E+00
  3.701976E+00 -1.190471E-01  5.000000E-01  7.862009E-01 -2.548873E-02  0.000000E+00  4.294536E-02  3.283616E-03  6.934734E-16 -6.394970E-02  0.000000E+00
  3.735241E+00 -1.163958E-01  5.000000E-01  7.932655E-01 -2.492566E-02  0.000000E+00  4.282463E-02  3.578564E-03  9.782028E-16 -7.289252E-02  0.000000E+00
  3.768500E+00 -1.134991E-01  5.000000E-01  8.003289E-01 -2.431048E-02  0.000000E+00  4.266253E-02  3.890563E-03  1.329736E-15 -8.222931E-02  0.000000E+00
  3.801751E+00 -1.103411E-01  5.000000E-01  8.073904E-01 -2.363980E-02  0.000000E+00  4.245026E-02  4.211219E-03  1.708531E-15 -9.180226E-02  0.000000E+00
  3.834989E+00 -1.069131E-01  5.000000E-01  8.144495E-01 -2.291178E-02  0.000000E+00  4.219121E-02  4.527098E-03  2.054159E-15 -1.013189E-01  0.000000E+00
  3.868211E+00 -1.032196E-01  5.000000E-01  8.215050E-01 -2.212737E-02  0.000000E+00  4.188736E-02  4.827222E-03  2.302719E-15 -1.105220E-01  0.000000E+00
  3.901422E+00 -9.926686E-02  5.000000E-01  8.285582E-01 -2.128790E-02  0.000000E+00  4.153983E-02  5.104292E-03  2.401922E-15 -1.192279E-01  0.000000E+00
  3.934617E+00 -9.506932E-02  5.000000E-01  8.356079E-01 -2.039644E-02  0.000000E+00  4.115948E-02  5.352258E-03  2.326446E-15 -1.272807E-01  0.000000E+00
  3.967800E+00 -9.064458E-02  5.000000E-01  8.426552E-01 -1.945674E-02  0.000000E+00  4.076017E-02  5.568786E-03  2.096772E-15 -1.346040E-01  0.000000E+00
  4.000972E+00 -8.601291E-02  5.000000E-01  8.497001E-01 -1.847308E-02  0.000000E+00  4.035626E-02  5.754550E-03  1.770131E-15 -1.412009E-01  0.000000E+00
  4.034139E+00 -8.119444E-02  5.000000E-01  8.567440E-01 -1.744976E-02  0.000000E+00  3.995317E-02  5.915376E-03  1.405245E-15 -1.471825E-01  0.000000E+00
  4.067311E+00 -7.620045E-02  5.000000E-01  8.637890E-01 -1.638916E-02  0.000000E+00  3.955383E-02  6.058403E-03  1.039222E-15 -1.526860E-01  0.000000E+00
  4.100488E+00 -7.104138E-02  5.000000E-01  8.708348E-01 -1.529350E-02  0.000000E+00  3.917088E-02  6.187111E-03  6.827602E-16 -1.577760E-01  0.000000E+00
  4.133669E+00 -6.572858E-02  5.000000E-01  8.778818E-01 -1.416519E-02  0.000000E+00  3.881159E-02  6.303806E-03  3.357934E-16 -1.625023E-01  0.000000E+00
  4.166856E+00 -6.027137E-02  5.000000E-01  8.849299E-01 -1.300621E-02  0.000000E+00  3.846519E-02  6.407842E-03  1.186127E-17 -1.668936E-01  0.000000E+00
  4.200049E+00 -5.468069E-02  5.000000E-01  8.919793E-01 -1.181889E-02  0.000000E+00  3.809544E-02  6.493354E-03 -2.564817E-16 -1.709043E-01  0.000000E+00
  4.233242E+00 -4.896661E-02  5.000000E-01  8.990285E-01 -1.060536E-02  0.000000E+00  3.766733E-02  6.543388E-03 -4.374298E-16 -1.742290E-01  0.000000E+00
  4.266405E+00 -4.316358E-02  5.000000E-01  9.060715E-01 -9.372939E-03  0.000000E+00  3.718792E-02  6.527093E-03 -5.216472E-16 -1.761701E-01  0.000000E+00
  4.299502E+00 -3.734537E-02  5.000000E-01  9.131007E-01 -8.137295E-03  0.000000E+00  3.669447E-02  6.412857E-03 -5.217984E-16 -1.758847E-01  0.000000E+00
  4.332522E+00 -3.161769E-02  5.000000E-01  9.201132E-01 -6.920876E-03  0.000000E+00  3.619622E-02  6.186469E-03 -4.621790E-16 -1.728099E-01  0.000000E+00
  4.365472E+00 -2.608068E-02  5.000000E-01  9.271110E-01 -5.744951E-03  0.000000E+00  3.566487E-02  5.846508E-03 -3.608908E-16 -1.666415E-01  0.000000E+00
  4.398350E+00 -2.083790E-02  5.000000E-01  9.340935E-01 -4.631514E-03  0.000000E+00  3.505700E-02  5.389957E-03 -2.330620E-16 -1.570379E-01  0.000000E+00
  4.431155E+00 -1.599369E-02  5.000000E-01  9.410605E-01 -3.602724E-03  0.000000E+00  3.429538E-02  4.808973E-03 -9.531532E-17 -1.435422E-01  0.000000E+00
  4.463888E+00 -1.166191E-02  5.000000E-01  9.480121E-01 -2.682759E-03  0.000000E+00  3.321652E-02  4.105002E-03  2.838960E-17 -1.258346E-01  0.000000E+00
  4.496579E+00 -7.928267E-03  5.000000E-01  9.549550E-01 -1.889825E-03  0.000000E+00  3.161331E-02  3.307497E-03  1.068034E-16 -1.038387E-01  0.000000E+00
  4.529252E+00 -4.850790E-03  5.000000E-01  9.618938E-01 -1.236245E-03  0.000000E+00  2.943046E-02  2.481448E-03  1.299760E-16 -7.751890E-02  0.000000E+00
  4.561929E+00 -2.451775E-03  5.000000E-01  9.688337E-01 -7.267530E-04  0.000000E+00  2.690322E-02  1.702945E-03  1.092101E-16 -4.707205E-02  0.000000E+00
  4.594574E+00 -7.542212E-04  5.000000E-01  9.757666E-01 -3.662342E-04  0.000000E+00  2.441870E-02  1.007854E-03  6.825184E-17 -1.362617E-02  0.000000E+00
  4.627203E+00  2.256613E-04  5.000000E-01  9.826962E-01 -1.581313E-04  0.000000E+00  2.226053E-02  4.067703E-04  3.204473E-17  2.096457E-02  0.000000E+00
  4.659162E+00  4.749719E-04  5.000000E-01  9.894836E-01 -1.051838E-04  0.000000E+00  2.023093E-02 -2.697676E-05  1.522190E-17  4.723332E-02  0.000000E+00
  4.689251E+00  5.866668E-05  5.000000E-01  9.958737E-01 -1.935968E-04  0.000000E+00  1.667237E-02 -2.357219E-04  2.958560E-17  2.217662E-02  0.000000E+00
  4.708680E+00 -5.468480E-04  5.000000E-01  9.999999E-01 -3.221933E-04  0.000000E+00  1.174435E-02 -8.181496E-04  4.372572E-17 -9.598692E-02  0.000000E+00
    1    2
    2    3
    3    4
    4    5
    5    6
    6    7
    7    8
    8    9
    9   10
   10   11
   11   12
   12   13
   13   14
   14   15
   15   16
   16   17
   17   18
   18   19
   19   20
   20   21
   21   22
   22   23
   23   24
   24   25
   25   26
   26   27
   27   28
   28   29
   29   30
   30   31
   31   32
   32   33
   33   34
   34   35
   35   36
   36   37
   37   38
   38   39
   39   40
   40   41
   41   42
   42   43
   43   44
   44   45
   45   46
   46   47
   47   48
   48   49
   49   50
   50   51
   51   52
   52   53
   53   54
   54   55
   55   56
   56   57
   57   58
   58   59
   59   60
   60   61
   61   62
   62   63
   63   64
   64   65
   65   66
   66   67
   67   68
   68   69
   69   70
   70   71
   71   72
   72   73
   73   74
   74   75
   75   76
   76   77
   77   78
   78   79
   79   80
   80   81
   81   82
   82   83
   83   84
   84   85
   85   86
   86   87
   87   88
   88   89
   89   90
   90   91
   91   92
   92   93
   93   94
   94   95
   95   96
   96   97
   97   98
   98   99
   99  100
  100  101
  101  102
  102  103
  103  104
  104  105
  105  106
  106  107
  107  108
  108  109
  109  110
  110  111
  111  112
  112  113
  113  114
  114  115
  115  116
  116  117
  117  118
  118  119
  119  120
  120  121
  121  122
  122  123
  123  124
  124  125
  125  126
  126  127
  127  128
  128  129
  129  130
  130  131
  131  132
  132  133
  133  134
  134  135
  135  136
  136  137
  137  138
  138  139
  139  140
  140  141
  141  142
  142  143
  143  144
  144  145
  145  146
  146  147
  147  148
  148  149
  149  150
  151  152
  152  153
  153  154
  154  155
  155  156
  156  157
  157  158
  158  159
  159  160
  160  161
  161  162
  162  163
  163  164
  164  165
  165  166
  166  167
  167  168
  168  169
  169  170
  170  171
  171  172
  172  173
  173  174
  174  175
  175  176
  176  177
  177  178
  178  179
  179  180
  180  181
  181  182
  182  183
  183  184
  184  185
  185  186
  186  187
  187  188
  188  189
  189  190
  190  191
  191  192
  192  193
  193  194
  194  195
  195  196
  196  197
  197  198
  198  199
  199  200
  200  201
  201  202
  202  203
  203  204
  204  205
  205  206
  206  207
  207  208
  208  209
  209  210
  210  211
  211  212
  212  213
  213  214
  214  215
  215  216
  216  217
  217  218
  218  219
  219  220
  220  221
  221  222
  222  223
  223  224
  224  225
  225  226
  226  227
  227  228
  228  229
  229  230
  230  231
  231  232
  232  233
  233  234
  234  235
  235  236
  236  237
  237  238
  238  239
  239  240
  240  241
  241  242
  242  243
  243  244
  244  245
  245  246
  246  247
  247  248
  248  249
  249  250
  250  251
  251  252
  252  253
  253  254
  254  255
  255  256
  256  257
  257  258
  258  259
  259  260
  260  261
  261  262
  262  263
  263  264
  264  265
  265  266
  266  267
  267  268
  268  269
  269  270
  270  271
  271  272
  272  273
  273  274
  274  275
  275  276
  276  277
  277  278
  278  279
  279  280
  280  281
  281  282
  282  283
  283  284
  284  285
  285  286
  286  287
  287  288
  288  289
  289  290
  290  291
  291  292
  292  293
  293  294
  294  295
  295  296
  296  297
  297  298
  298  299
  299  300
