 Title = "ADflow Slice Data"
Variables =  "CoordinateX"  "CoordinateY"  "CoordinateZ"  "XoC"  "YoC"  "ZoC" "VelocityX" "VelocityY" "VelocityZ" "CoefPressure" "Mach" 
Zone T= "Slice_0001 None Absolute Regular z = 0.50000000"
 Nodes =          300  Elements=          298  ZONETYPE=FELINESEG
 DATAPACKING=POINT
  4.708680E+00 -5.697236E-04  5.000000E-01  1.000000E+00 -3.133513E-04  0.000000E+00  2.007508E-03 -9.093548E-05  4.903955E-18  1.582836E-01  0.000000E+00
  4.689187E+00  3.006632E-03  5.000000E-01  9.958601E-01  4.461788E-04  0.000000E+00  1.315532E-03 -1.956796E-04 -3.616365E-19  7.037808E-02  0.000000E+00
  4.658673E+00  8.508159E-03  5.000000E-01  9.893797E-01  1.614568E-03  0.000000E+00  9.373924E-04 -1.904314E-04 -8.973649E-19  9.321858E-02  0.000000E+00
  4.626256E+00  1.423099E-02  5.000000E-01  9.824952E-01  2.829957E-03  0.000000E+00  7.058737E-04 -1.260835E-04  8.206490E-19  8.915754E-02  0.000000E+00
  4.593146E+00  1.995261E-02  5.000000E-01  9.754635E-01  4.045088E-03  0.000000E+00  6.126716E-04 -9.887935E-05  1.308463E-18  6.856706E-02  0.000000E+00
  4.560031E+00  2.555410E-02  5.000000E-01  9.684306E-01  5.234706E-03  0.000000E+00  6.519802E-04 -1.086846E-04  2.768066E-18  5.366170E-02  0.000000E+00
  4.526891E+00  3.104086E-02  5.000000E-01  9.613923E-01  6.399959E-03  0.000000E+00  7.775422E-04 -1.285913E-04  1.251326E-18  4.102331E-02  0.000000E+00
  4.493752E+00  3.640859E-02  5.000000E-01  9.543545E-01  7.539933E-03  0.000000E+00  9.555695E-04 -1.528967E-04  4.256155E-19  2.580271E-02  0.000000E+00
  4.460612E+00  4.165408E-02  5.000000E-01  9.473164E-01  8.653947E-03  0.000000E+00  1.165945E-03 -1.818627E-04  9.325070E-19  8.888114E-03  0.000000E+00
  4.427470E+00  4.677453E-02  5.000000E-01  9.402779E-01  9.741404E-03  0.000000E+00  1.388562E-03 -2.114766E-04 -1.883885E-18 -8.570226E-03  0.000000E+00
  4.394325E+00  5.176135E-02  5.000000E-01  9.332387E-01  1.080048E-02  0.000000E+00  1.606348E-03 -2.381290E-04 -1.689330E-18 -2.652084E-02  0.000000E+00
  4.361178E+00  5.660828E-02  5.000000E-01  9.261991E-01  1.182985E-02  0.000000E+00  1.810241E-03 -2.604884E-04  3.018238E-19 -4.504071E-02  0.000000E+00
  4.328027E+00  6.130658E-02  5.000000E-01  9.191586E-01  1.282766E-02  0.000000E+00  1.997544E-03 -2.780846E-04  6.403187E-19 -6.399690E-02  0.000000E+00
  4.294876E+00  6.584568E-02  5.000000E-01  9.121181E-01  1.379165E-02  0.000000E+00  2.166989E-03 -2.908184E-04  6.703013E-19 -8.301472E-02  0.000000E+00
  4.261727E+00  7.021715E-02  5.000000E-01  9.050782E-01  1.472004E-02  0.000000E+00  2.314182E-03 -2.987254E-04  1.035176E-18 -1.018033E-01  0.000000E+00
  4.228582E+00  7.441287E-02  5.000000E-01  8.980388E-01  1.561111E-02  0.000000E+00  2.430953E-03 -3.011164E-04  1.349235E-18 -1.209957E-01  0.000000E+00
  4.195443E+00  7.842206E-02  5.000000E-01  8.910010E-01  1.646256E-02  0.000000E+00  2.509023E-03 -2.969775E-04  2.517228E-18 -1.419523E-01  0.000000E+00
  4.162308E+00  8.223304E-02  5.000000E-01  8.839639E-01  1.727192E-02  0.000000E+00  2.542197E-03 -2.850589E-04  1.598096E-18 -1.648988E-01  0.000000E+00
  4.129179E+00  8.583683E-02  5.000000E-01  8.769281E-01  1.803728E-02  0.000000E+00  2.522841E-03 -2.644878E-04 -1.609166E-19 -1.865395E-01  0.000000E+00
  4.096054E+00  8.922269E-02  5.000000E-01  8.698932E-01  1.875635E-02  0.000000E+00  2.438720E-03 -2.372702E-04 -8.809710E-19 -2.015314E-01  0.000000E+00
  4.062934E+00  9.238261E-02  5.000000E-01  8.628593E-01  1.942744E-02  0.000000E+00  2.293255E-03 -2.090892E-04 -1.086342E-18 -2.109084E-01  0.000000E+00
  4.029817E+00  9.530861E-02  5.000000E-01  8.558262E-01  2.004885E-02  0.000000E+00  2.164266E-03 -1.875819E-04 -4.677748E-19 -2.298920E-01  0.000000E+00
  3.996705E+00  9.799465E-02  5.000000E-01  8.487940E-01  2.061930E-02  0.000000E+00  2.271109E-03 -1.832509E-04  2.925232E-19 -2.815575E-01  0.000000E+00
  3.963594E+00  1.004383E-01  5.000000E-01  8.417620E-01  2.113826E-02  0.000000E+00  2.979128E-03 -2.117889E-04  9.701931E-19 -3.763341E-01  0.000000E+00
  3.930486E+00  1.026403E-01  5.000000E-01  8.347306E-01  2.160593E-02  0.000000E+00  4.668301E-03 -2.879425E-04  6.025624E-19 -4.987689E-01  0.000000E+00
  3.897377E+00  1.046048E-01  5.000000E-01  8.276991E-01  2.202313E-02  0.000000E+00  7.414683E-03 -4.026216E-04  1.392169E-18 -6.169855E-01  0.000000E+00
  3.864269E+00  1.063421E-01  5.000000E-01  8.206677E-01  2.239209E-02  0.000000E+00  1.072024E-02 -5.163770E-04  3.732451E-18 -7.038327E-01  0.000000E+00
  3.831161E+00  1.078658E-01  5.000000E-01  8.136366E-01  2.271570E-02  0.000000E+00  1.366374E-02 -5.837254E-04  4.332643E-18 -7.504608E-01  0.000000E+00
  3.798054E+00  1.091979E-01  5.000000E-01  8.066053E-01  2.299859E-02  0.000000E+00  1.550556E-02 -5.858100E-04  3.210265E-18 -7.647021E-01  0.000000E+00
  3.764948E+00  1.103660E-01  5.000000E-01  7.995744E-01  2.324667E-02  0.000000E+00  1.615292E-02 -5.418010E-04  1.286778E-18 -7.606884E-01  0.000000E+00
  3.731842E+00  1.114060E-01  5.000000E-01  7.925435E-01  2.346753E-02  0.000000E+00  1.601480E-02 -4.858902E-04 -5.329204E-19 -7.503012E-01  0.000000E+00
  3.698737E+00  1.123619E-01  5.000000E-01  7.855130E-01  2.367054E-02  0.000000E+00  1.558826E-02 -4.400513E-04 -1.759591E-18 -7.401292E-01  0.000000E+00
  3.665634E+00  1.132665E-01  5.000000E-01  7.784827E-01  2.386266E-02  0.000000E+00  1.519751E-02 -4.064509E-04 -1.860467E-18 -7.322046E-01  0.000000E+00
  3.632534E+00  1.141271E-01  5.000000E-01  7.714529E-01  2.404543E-02  0.000000E+00  1.495696E-02 -3.807429E-04 -1.210878E-18 -7.264606E-01  0.000000E+00
  3.599434E+00  1.149471E-01  5.000000E-01  7.644234E-01  2.421958E-02  0.000000E+00  1.485168E-02 -3.606734E-04 -2.596262E-19 -7.224040E-01  0.000000E+00
  3.566334E+00  1.157306E-01  5.000000E-01  7.573938E-01  2.438597E-02  0.000000E+00  1.482737E-02 -3.443371E-04  8.051210E-19 -7.194643E-01  0.000000E+00
  3.533236E+00  1.164804E-01  5.000000E-01  7.503646E-01  2.454523E-02  0.000000E+00  1.483732E-02 -3.299630E-04  1.555949E-18 -7.171897E-01  0.000000E+00
  3.500138E+00  1.171986E-01  5.000000E-01  7.433353E-01  2.469774E-02  0.000000E+00  1.485487E-02 -3.168428E-04  1.972239E-18 -7.153457E-01  0.000000E+00
  3.467038E+00  1.178881E-01  5.000000E-01  7.363057E-01  2.484418E-02  0.000000E+00  1.487070E-02 -3.048703E-04  2.526646E-18 -7.138195E-01  0.000000E+00
  3.433936E+00  1.185515E-01  5.000000E-01  7.292757E-01  2.498508E-02  0.000000E+00  1.488509E-02 -2.937760E-04  2.745867E-18 -7.125264E-01  0.000000E+00
  3.400832E+00  1.191904E-01  5.000000E-01  7.222453E-01  2.512076E-02  0.000000E+00  1.490074E-02 -2.833606E-04  2.365322E-18 -7.114159E-01  0.000000E+00
  3.367728E+00  1.198063E-01  5.000000E-01  7.152146E-01  2.525155E-02  0.000000E+00  1.491980E-02 -2.733562E-04  1.884491E-18 -7.104293E-01  0.000000E+00
  3.334620E+00  1.203993E-01  5.000000E-01  7.081834E-01  2.537749E-02  0.000000E+00  1.494293E-02 -2.634508E-04  1.310020E-18 -7.094945E-01  0.000000E+00
  3.301512E+00  1.209693E-01  5.000000E-01  7.011520E-01  2.549855E-02  0.000000E+00  1.496922E-02 -2.533627E-04  9.481024E-19 -7.085530E-01  0.000000E+00
  3.268401E+00  1.215157E-01  5.000000E-01  6.941201E-01  2.561459E-02  0.000000E+00  1.499719E-02 -2.427167E-04  9.177875E-19 -7.075288E-01  0.000000E+00
  3.235290E+00  1.220368E-01  5.000000E-01  6.870881E-01  2.572525E-02  0.000000E+00  1.502528E-02 -2.311089E-04  1.122503E-18 -7.063207E-01  0.000000E+00
  3.202177E+00  1.225300E-01  5.000000E-01  6.800557E-01  2.583000E-02  0.000000E+00  1.505153E-02 -2.183079E-04  1.542627E-18 -7.048520E-01  0.000000E+00
  3.169063E+00  1.229930E-01  5.000000E-01  6.730231E-01  2.592834E-02  0.000000E+00  1.507421E-02 -2.041014E-04  1.792876E-18 -7.030739E-01  0.000000E+00
  3.135947E+00  1.234225E-01  5.000000E-01  6.659902E-01  2.601955E-02  0.000000E+00  1.509210E-02 -1.884812E-04  1.920692E-18 -7.009875E-01  0.000000E+00
  3.102831E+00  1.238159E-01  5.000000E-01  6.589571E-01  2.610309E-02  0.000000E+00  1.510441E-02 -1.721389E-04  2.229872E-18 -6.986853E-01  0.000000E+00
  3.069714E+00  1.241729E-01  5.000000E-01  6.519238E-01  2.617891E-02  0.000000E+00  1.511162E-02 -1.557868E-04  2.347086E-18 -6.962886E-01  0.000000E+00
  3.036593E+00  1.244942E-01  5.000000E-01  6.448898E-01  2.624715E-02  0.000000E+00  1.511561E-02 -1.395734E-04  2.078261E-18 -6.938699E-01  0.000000E+00
  3.003475E+00  1.247801E-01  5.000000E-01  6.378564E-01  2.630788E-02  0.000000E+00  1.511867E-02 -1.232322E-04  1.596909E-18 -6.914337E-01  0.000000E+00
  2.970356E+00  1.250297E-01  5.000000E-01  6.308226E-01  2.636088E-02  0.000000E+00  1.512182E-02 -1.068418E-04  9.996280E-19 -6.889969E-01  0.000000E+00
  2.937236E+00  1.252437E-01  5.000000E-01  6.237888E-01  2.640633E-02  0.000000E+00  1.512530E-02 -9.052747E-05  4.032310E-19 -6.865767E-01  0.000000E+00
  2.904117E+00  1.254218E-01  5.000000E-01  6.167550E-01  2.644415E-02  0.000000E+00  1.512926E-02 -7.415686E-05  1.133402E-19 -6.841623E-01  0.000000E+00
  2.870996E+00  1.255640E-01  5.000000E-01  6.097211E-01  2.647434E-02  0.000000E+00  1.513348E-02 -5.775506E-05 -2.219509E-20 -6.817543E-01  0.000000E+00
  2.837877E+00  1.256702E-01  5.000000E-01  6.026873E-01  2.649690E-02  0.000000E+00  1.513781E-02 -4.125695E-05 -5.984653E-21 -6.793388E-01  0.000000E+00
  2.804757E+00  1.257401E-01  5.000000E-01  5.956535E-01  2.651174E-02  0.000000E+00  1.514192E-02 -2.465977E-05  1.839956E-19 -6.769069E-01  0.000000E+00
  2.771639E+00  1.257737E-01  5.000000E-01  5.886200E-01  2.651888E-02  0.000000E+00  1.514560E-02 -7.790957E-06  5.023037E-19 -6.744342E-01  0.000000E+00
  2.738522E+00  1.257697E-01  5.000000E-01  5.815867E-01  2.651805E-02  0.000000E+00  1.514840E-02  9.369933E-06  8.788017E-19 -6.719104E-01  0.000000E+00
  2.705406E+00  1.257283E-01  5.000000E-01  5.745537E-01  2.650924E-02  0.000000E+00  1.514982E-02  2.673982E-05  1.185736E-18 -6.693343E-01  0.000000E+00
  2.672292E+00  1.256485E-01  5.000000E-01  5.675211E-01  2.649229E-02  0.000000E+00  1.514965E-02  4.439556E-05  1.308678E-18 -6.666961E-01  0.000000E+00
  2.639177E+00  1.255298E-01  5.000000E-01  5.604885E-01  2.646709E-02  0.000000E+00  1.514768E-02  6.230348E-05  1.143520E-18 -6.639995E-01  0.000000E+00
  2.606068E+00  1.253717E-01  5.000000E-01  5.534568E-01  2.643352E-02  0.000000E+00  1.514385E-02  8.048201E-05  8.258265E-19 -6.612475E-01  0.000000E+00
  2.572958E+00  1.251734E-01  5.000000E-01  5.464251E-01  2.639140E-02  0.000000E+00  1.513786E-02  9.864029E-05  5.493559E-19 -6.584812E-01  0.000000E+00
  2.539852E+00  1.249358E-01  5.000000E-01  5.393941E-01  2.634093E-02  0.000000E+00  1.512989E-02  1.167571E-04  3.505807E-19 -6.557104E-01  0.000000E+00
  2.506749E+00  1.246581E-01  5.000000E-01  5.323639E-01  2.628196E-02  0.000000E+00  1.512022E-02  1.350436E-04  2.640253E-19 -6.529173E-01  0.000000E+00
  2.473650E+00  1.243401E-01  5.000000E-01  5.253345E-01  2.621443E-02  0.000000E+00  1.510840E-02  1.534066E-04  1.929800E-19 -6.501120E-01  0.000000E+00
  2.440554E+00  1.239815E-01  5.000000E-01  5.183056E-01  2.613827E-02  0.000000E+00  1.509383E-02  1.716377E-04  1.471720E-19 -6.473130E-01  0.000000E+00
  2.407460E+00  1.235830E-01  5.000000E-01  5.112774E-01  2.605365E-02  0.000000E+00  1.507637E-02  1.898073E-04  1.205108E-19 -6.445140E-01  0.000000E+00
  2.374373E+00  1.231441E-01  5.000000E-01  5.042504E-01  2.596042E-02  0.000000E+00  1.505609E-02  2.080298E-04  1.988951E-19 -6.417230E-01  0.000000E+00
  2.341286E+00  1.226644E-01  5.000000E-01  4.972236E-01  2.585854E-02  0.000000E+00  1.503283E-02  2.256288E-04  1.864318E-19 -6.390613E-01  0.000000E+00
  2.308194E+00  1.221463E-01  5.000000E-01  4.901958E-01  2.574852E-02  0.000000E+00  1.500767E-02  2.417359E-04 -2.601054E-21 -6.367042E-01  0.000000E+00
  2.275097E+00  1.215938E-01  5.000000E-01  4.831667E-01  2.563117E-02  0.000000E+00  1.498367E-02  2.559581E-04  4.332963E-21 -6.347938E-01  0.000000E+00
  2.241991E+00  1.210109E-01  5.000000E-01  4.761359E-01  2.550739E-02  0.000000E+00  1.496476E-02  2.682548E-04 -2.371002E-20 -6.334232E-01  0.000000E+00
  2.208879E+00  1.204023E-01  5.000000E-01  4.691038E-01  2.537814E-02  0.000000E+00  1.495454E-02  2.787616E-04 -1.111421E-19 -6.326384E-01  0.000000E+00
  2.175760E+00  1.197719E-01  5.000000E-01  4.620701E-01  2.524426E-02  0.000000E+00  1.495548E-02  2.876229E-04 -2.253669E-19 -6.324553E-01  0.000000E+00
  2.142637E+00  1.191239E-01  5.000000E-01  4.550354E-01  2.510663E-02  0.000000E+00  1.496870E-02  2.949588E-04 -1.938584E-19 -6.328607E-01  0.000000E+00
  2.109507E+00  1.184618E-01  5.000000E-01  4.479994E-01  2.496602E-02  0.000000E+00  1.499420E-02  3.009448E-04 -1.483328E-19 -6.337898E-01  0.000000E+00
  2.076374E+00  1.177895E-01  5.000000E-01  4.409628E-01  2.482323E-02  0.000000E+00  1.503140E-02  3.065058E-04 -5.409394E-19 -6.350511E-01  0.000000E+00
  2.043241E+00  1.171063E-01  5.000000E-01  4.339262E-01  2.467815E-02  0.000000E+00  1.507824E-02  3.128500E-04 -5.342555E-19 -6.363898E-01  0.000000E+00
  2.010106E+00  1.164102E-01  5.000000E-01  4.268892E-01  2.453031E-02  0.000000E+00  1.513050E-02  3.203733E-04 -4.775646E-19 -6.376257E-01  0.000000E+00
  1.976970E+00  1.156988E-01  5.000000E-01  4.198519E-01  2.437922E-02  0.000000E+00  1.518370E-02  3.291370E-04 -6.977923E-19 -6.386415E-01  0.000000E+00
  1.943835E+00  1.149694E-01  5.000000E-01  4.128148E-01  2.422431E-02  0.000000E+00  1.523440E-02  3.391902E-04 -7.527597E-19 -6.393702E-01  0.000000E+00
  1.910699E+00  1.142189E-01  5.000000E-01  4.057776E-01  2.406493E-02  0.000000E+00  1.528037E-02  3.503371E-04 -9.717562E-19 -6.398106E-01  0.000000E+00
  1.877561E+00  1.134455E-01  5.000000E-01  3.987399E-01  2.390067E-02  0.000000E+00  1.532092E-02  3.624820E-04 -1.107928E-18 -6.399798E-01  0.000000E+00
  1.844424E+00  1.126465E-01  5.000000E-01  3.917024E-01  2.373098E-02  0.000000E+00  1.535634E-02  3.755620E-04 -1.401013E-18 -6.399071E-01  0.000000E+00
  1.811282E+00  1.118200E-01  5.000000E-01  3.846638E-01  2.355546E-02  0.000000E+00  1.538710E-02  3.892985E-04 -1.453670E-18 -6.396474E-01  0.000000E+00
  1.778139E+00  1.109649E-01  5.000000E-01  3.776250E-01  2.337387E-02  0.000000E+00  1.541412E-02  4.037386E-04 -9.335913E-19 -6.392204E-01  0.000000E+00
  1.744992E+00  1.100791E-01  5.000000E-01  3.705854E-01  2.318575E-02  0.000000E+00  1.543789E-02  4.188849E-04 -6.176943E-19 -6.386428E-01  0.000000E+00
  1.711843E+00  1.091616E-01  5.000000E-01  3.635455E-01  2.299088E-02  0.000000E+00  1.545838E-02  4.347487E-04 -5.817265E-19 -6.379209E-01  0.000000E+00
  1.678692E+00  1.082100E-01  5.000000E-01  3.565049E-01  2.278879E-02  0.000000E+00  1.547508E-02  4.513023E-04 -3.287419E-19 -6.370504E-01  0.000000E+00
  1.645539E+00  1.072234E-01  5.000000E-01  3.494640E-01  2.257926E-02  0.000000E+00  1.548732E-02  4.686297E-04  2.018424E-19 -6.360008E-01  0.000000E+00
  1.612385E+00  1.061992E-01  5.000000E-01  3.424230E-01  2.236174E-02  0.000000E+00  1.549457E-02  4.870290E-04  2.011546E-19 -6.347205E-01  0.000000E+00
  1.579236E+00  1.051351E-01  5.000000E-01  3.353830E-01  2.213576E-02  0.000000E+00  1.549620E-02  5.066191E-04  2.615356E-19 -6.332139E-01  0.000000E+00
  1.546090E+00  1.040274E-01  5.000000E-01  3.283435E-01  2.190051E-02  0.000000E+00  1.549133E-02  5.263127E-04  4.681269E-19 -6.316729E-01  0.000000E+00
  1.512946E+00  1.028782E-01  5.000000E-01  3.213046E-01  2.165645E-02  0.000000E+00  1.548081E-02  5.444446E-04  1.481029E-19 -6.304057E-01  0.000000E+00
  1.479807E+00  1.016916E-01  5.000000E-01  3.142666E-01  2.140445E-02  0.000000E+00  1.546903E-02  5.606646E-04 -6.375316E-20 -6.296088E-01  0.000000E+00
  1.446672E+00  1.004715E-01  5.000000E-01  3.072296E-01  2.114532E-02  0.000000E+00  1.546121E-02  5.751832E-04  1.415587E-19 -6.293866E-01  0.000000E+00
  1.413540E+00  9.922175E-02  5.000000E-01  3.001932E-01  2.087990E-02  0.000000E+00  1.546130E-02  5.882623E-04  6.968374E-19 -6.297720E-01  0.000000E+00
  1.380413E+00  9.794595E-02  5.000000E-01  2.931579E-01  2.060896E-02  0.000000E+00  1.547150E-02  6.003268E-04  8.632497E-19 -6.307258E-01  0.000000E+00
  1.347294E+00  9.664676E-02  5.000000E-01  2.861242E-01  2.033304E-02  0.000000E+00  1.549204E-02  6.117103E-04  6.479117E-19 -6.321837E-01  0.000000E+00
  1.314179E+00  9.532615E-02  5.000000E-01  2.790914E-01  2.005257E-02  0.000000E+00  1.552185E-02  6.225099E-04  5.933728E-19 -6.340895E-01  0.000000E+00
  1.281074E+00  9.398647E-02  5.000000E-01  2.720606E-01  1.976806E-02  0.000000E+00  1.555969E-02  6.329305E-04  5.197014E-20 -6.363809E-01  0.000000E+00
  1.247974E+00  9.262853E-02  5.000000E-01  2.650310E-01  1.947967E-02  0.000000E+00  1.560431E-02  6.430069E-04 -2.681607E-19 -6.390204E-01  0.000000E+00
  1.214880E+00  9.125427E-02  5.000000E-01  2.580028E-01  1.918781E-02  0.000000E+00  1.565498E-02  6.528083E-04 -2.730218E-20 -6.419723E-01  0.000000E+00
  1.181795E+00  8.986441E-02  5.000000E-01  2.509763E-01  1.889264E-02  0.000000E+00  1.571163E-02  6.626491E-04  3.604394E-20 -6.451847E-01  0.000000E+00
  1.148718E+00  8.845928E-02  5.000000E-01  2.439516E-01  1.859422E-02  0.000000E+00  1.577400E-02  6.724850E-04 -8.642234E-21 -6.486489E-01  0.000000E+00
  1.115646E+00  8.703971E-02  5.000000E-01  2.369279E-01  1.829274E-02  0.000000E+00  1.584222E-02  6.822313E-04  3.674517E-19 -6.523719E-01  0.000000E+00
  1.082583E+00  8.560662E-02  5.000000E-01  2.299061E-01  1.798839E-02  0.000000E+00  1.591697E-02  6.920333E-04  7.723439E-19 -6.563488E-01  0.000000E+00
  1.049524E+00  8.416019E-02  5.000000E-01  2.228852E-01  1.768120E-02  0.000000E+00  1.599873E-02  7.019566E-04  6.873371E-19 -6.605780E-01  0.000000E+00
  1.016475E+00  8.270131E-02  5.000000E-01  2.158664E-01  1.737137E-02  0.000000E+00  1.608770E-02  7.121435E-04  7.619954E-19 -6.650230E-01  0.000000E+00
  9.834318E-01  8.122966E-02  5.000000E-01  2.088488E-01  1.705883E-02  0.000000E+00  1.618369E-02  7.232368E-04  5.406066E-19 -6.695527E-01  0.000000E+00
  9.503976E-01  7.974368E-02  5.000000E-01  2.018331E-01  1.674324E-02  0.000000E+00  1.628583E-02  7.366506E-04  2.644341E-19 -6.739145E-01  0.000000E+00
  9.173728E-01  7.823711E-02  5.000000E-01  1.948195E-01  1.642328E-02  0.000000E+00  1.639090E-02  7.534179E-04  1.500872E-19 -6.778740E-01  0.000000E+00
  8.843598E-01  7.670363E-02  5.000000E-01  1.878083E-01  1.609761E-02  0.000000E+00  1.649394E-02  7.737569E-04  7.781565E-20 -6.812992E-01  0.000000E+00
  8.513623E-01  7.513591E-02  5.000000E-01  1.808005E-01  1.576466E-02  0.000000E+00  1.659055E-02  7.977387E-04  6.360913E-20 -6.841331E-01  0.000000E+00
  8.183794E-01  7.352642E-02  5.000000E-01  1.737957E-01  1.542285E-02  0.000000E+00  1.667760E-02  8.250955E-04 -1.765042E-19 -6.864184E-01  0.000000E+00
  7.854121E-01  7.186844E-02  5.000000E-01  1.667943E-01  1.507073E-02  0.000000E+00  1.675397E-02  8.554406E-04 -1.973641E-19 -6.882612E-01  0.000000E+00
  7.524593E-01  7.015582E-02  5.000000E-01  1.597959E-01  1.470701E-02  0.000000E+00  1.682019E-02  8.883975E-04 -3.613813E-19 -6.897885E-01  0.000000E+00
  7.195226E-01  6.838348E-02  5.000000E-01  1.528009E-01  1.433061E-02  0.000000E+00  1.687779E-02  9.238606E-04 -4.729419E-19 -6.910974E-01  0.000000E+00
  6.866079E-01  6.654642E-02  5.000000E-01  1.458107E-01  1.394047E-02  0.000000E+00  1.692814E-02  9.621147E-04 -3.996169E-19 -6.922302E-01  0.000000E+00
  6.537221E-01  6.463896E-02  5.000000E-01  1.388265E-01  1.353537E-02  0.000000E+00  1.697122E-02  1.003426E-03 -4.946697E-19 -6.932133E-01  0.000000E+00
  6.208691E-01  6.265491E-02  5.000000E-01  1.318494E-01  1.311401E-02  0.000000E+00  1.700535E-02  1.047711E-03 -6.070079E-19 -6.941128E-01  0.000000E+00
  5.880524E-01  6.058830E-02  5.000000E-01  1.248799E-01  1.267511E-02  0.000000E+00  1.702803E-02  1.094458E-03 -2.444080E-18 -6.950668E-01  0.000000E+00
  5.552711E-01  5.843387E-02  5.000000E-01  1.179180E-01  1.221756E-02  0.000000E+00  1.703708E-02  1.142881E-03 -4.184880E-18 -6.962809E-01  0.000000E+00
  5.225283E-01  5.618803E-02  5.000000E-01  1.109642E-01  1.174060E-02  0.000000E+00  1.703160E-02  1.192411E-03 -3.839964E-18 -6.979933E-01  0.000000E+00
  4.898261E-01  5.384720E-02  5.000000E-01  1.040191E-01  1.124347E-02  0.000000E+00  1.701120E-02  1.242408E-03 -4.484031E-18 -7.005138E-01  0.000000E+00
  4.571624E-01  5.140919E-02  5.000000E-01  9.708209E-02  1.072569E-02  0.000000E+00  1.697518E-02  1.291790E-03 -4.996895E-18 -7.042620E-01  0.000000E+00
  4.245350E-01  4.887351E-02  5.000000E-01  9.015283E-02  1.018718E-02  0.000000E+00  1.692229E-02  1.339147E-03 -3.725856E-18 -7.097247E-01  0.000000E+00
  3.919369E-01  4.624208E-02  5.000000E-01  8.322981E-02  9.628325E-03  0.000000E+00  1.685023E-02  1.383206E-03 -2.440102E-18 -7.173132E-01  0.000000E+00
  3.593832E-01  4.351974E-02  5.000000E-01  7.631620E-02  9.050168E-03  0.000000E+00  1.675430E-02  1.424006E-03 -3.867325E-18 -7.271426E-01  0.000000E+00
  3.269046E-01  4.070971E-02  5.000000E-01  6.941854E-02  8.453386E-03  0.000000E+00  1.662407E-02  1.463267E-03 -9.912917E-18 -7.389822E-01  0.000000E+00
  2.945750E-01  3.781142E-02  5.000000E-01  6.255253E-02  7.837861E-03  0.000000E+00  1.644012E-02  1.502577E-03 -1.838464E-17 -7.526034E-01  0.000000E+00
  2.624265E-01  3.481289E-02  5.000000E-01  5.572497E-02  7.201045E-03  0.000000E+00  1.617587E-02  1.538489E-03 -7.659635E-18 -7.685624E-01  0.000000E+00
  2.304268E-01  3.170600E-02  5.000000E-01  4.892903E-02  6.541219E-03  0.000000E+00  1.581687E-02  1.564629E-03  7.791004E-17 -7.883981E-01  0.000000E+00
  1.986088E-01  2.849669E-02  5.000000E-01  4.217166E-02  5.859641E-03  0.000000E+00  1.538255E-02  1.576942E-03  3.067248E-16 -8.145525E-01  0.000000E+00
  1.669282E-01  2.518712E-02  5.000000E-01  3.544349E-02  5.156768E-03  0.000000E+00  1.492261E-02  1.566281E-03  6.124094E-16 -8.512710E-01  0.000000E+00
  1.350509E-01  2.180999E-02  5.000000E-01  2.867354E-02  4.439551E-03  0.000000E+00  1.454214E-02  1.548359E-03  4.021379E-16 -9.011891E-01  0.000000E+00
  1.043791E-01  1.852976E-02  5.000000E-01  2.215959E-02  3.742909E-03  0.000000E+00  1.438879E-02  1.594768E-03 -1.886565E-15 -9.613635E-01  0.000000E+00
  7.632629E-02  1.530664E-02  5.000000E-01  1.620187E-02  3.058399E-03  0.000000E+00  1.444378E-02  1.730304E-03 -7.938248E-15 -1.032646E+00  0.000000E+00
  5.118571E-02  1.214274E-02  5.000000E-01  1.086263E-02  2.386464E-03  0.000000E+00  1.459641E-02  1.950860E-03 -1.386566E-14 -1.116806E+00  0.000000E+00
  3.264831E-02  9.532962E-03  5.000000E-01  6.925739E-03  1.832211E-03  0.000000E+00  1.520837E-02  2.405708E-03  4.035151E-15 -1.201123E+00  0.000000E+00
  2.051015E-02  7.431180E-03  5.000000E-01  4.347893E-03  1.385844E-03  0.000000E+00  1.728182E-02  3.382581E-03  9.875227E-14 -1.275825E+00  0.000000E+00
  1.247723E-02  5.689058E-03  5.000000E-01  2.641898E-03  1.015860E-03  0.000000E+00  2.294796E-02  5.573220E-03  3.132286E-13 -1.345656E+00  0.000000E+00
  7.055255E-03  4.251942E-03  5.000000E-01  1.490404E-03  7.106519E-04  0.000000E+00  3.679478E-02  1.139679E-02  5.274599E-13 -1.401221E+00  0.000000E+00
  3.418635E-03  3.027499E-03  5.000000E-01  7.180754E-04  4.506104E-04  0.000000E+00  6.323487E-02  2.699106E-02  2.711161E-13 -1.387647E+00  0.000000E+00
  1.108798E-03  1.920529E-03  5.000000E-01  2.275226E-04  2.155171E-04  0.000000E+00  8.021559E-02  6.059869E-02 -7.333756E-13 -1.128690E+00  0.000000E+00
  3.747479E-05  9.057359E-04  5.000000E-01  0.000000E+00  0.000000E+00  0.000000E+00  2.640199E-02  1.095364E-01 -1.709534E-12 -2.459862E-02  0.000000E+00
  3.747479E-05  9.057359E-04  5.000000E-01  0.000000E+00  0.000000E+00  0.000000E+00  2.640199E-02  1.095364E-01 -1.709534E-12 -2.459862E-02  0.000000E+00
  2.534065E-04 -9.318026E-05  5.000000E-01  4.585858E-05 -2.121452E-04  0.000000E+00 -3.558075E-02  8.246950E-02 -1.538203E-12  1.080986E+00  0.000000E+00
  1.848580E-03 -1.118317E-03  5.000000E-01  3.846343E-04 -4.298592E-04  0.000000E+00 -2.905072E-02  1.678935E-02 -7.363090E-13  1.203612E+00  0.000000E+00
  4.867645E-03 -2.170424E-03  5.000000E-01  1.025809E-03 -6.533008E-04  0.000000E+00 -5.675235E-03  1.999662E-03 -2.280687E-13  1.051583E+00  0.000000E+00
  9.380877E-03 -3.297154E-03  5.000000E-01  1.984309E-03 -8.925906E-04  0.000000E+00  7.243226E-03 -1.503350E-03  1.299467E-14  9.660303E-01  0.000000E+00
  1.589077E-02 -4.579807E-03  5.000000E-01  3.366850E-03 -1.164994E-03  0.000000E+00  1.240157E-02 -2.181825E-03  7.152748E-14  8.881844E-01  0.000000E+00
  2.547297E-02 -6.107138E-03  5.000000E-01  5.401873E-03 -1.489362E-03  0.000000E+00  1.351842E-02 -1.949516E-03  5.069759E-14  8.054084E-01  0.000000E+00
  3.989163E-02 -7.967083E-03  5.000000E-01  8.464043E-03 -1.884369E-03  0.000000E+00  1.300045E-02 -1.527627E-03  1.829635E-14  7.247988E-01  0.000000E+00
  6.092142E-02 -1.017938E-02  5.000000E-01  1.293025E-02 -2.354206E-03  0.000000E+00  1.220131E-02 -1.208030E-03  1.709286E-16  6.546881E-01  0.000000E+00
  8.832839E-02 -1.270901E-02  5.000000E-01  1.875082E-02 -2.891437E-03  0.000000E+00  1.167660E-02 -1.049547E-03 -3.872680E-15  5.993786E-01  0.000000E+00
  1.189914E-01 -1.538973E-02  5.000000E-01  2.526288E-02 -3.460756E-03  0.000000E+00  1.151456E-02 -1.002491E-03 -2.275729E-15  5.566560E-01  0.000000E+00
  1.511926E-01 -1.818399E-02  5.000000E-01  3.210163E-02 -4.054190E-03  0.000000E+00  1.163446E-02 -1.017146E-03 -5.655788E-16  5.226282E-01  0.000000E+00
  1.838450E-01 -2.106437E-02  5.000000E-01  3.903620E-02 -4.665911E-03  0.000000E+00  1.191721E-02 -1.056566E-03  6.854688E-17  4.930117E-01  0.000000E+00
  2.165049E-01 -2.398083E-02  5.000000E-01  4.597235E-02 -5.285295E-03  0.000000E+00  1.225114E-02 -1.092791E-03  1.187910E-16  4.651877E-01  0.000000E+00
  2.491496E-01 -2.689371E-02  5.000000E-01  5.290529E-02 -5.903919E-03  0.000000E+00  1.256389E-02 -1.117604E-03  4.879958E-17  4.396603E-01  0.000000E+00
  2.819003E-01 -2.980037E-02  5.000000E-01  5.986073E-02 -6.521223E-03  0.000000E+00  1.282509E-02 -1.135292E-03  7.725141E-18  4.174630E-01  0.000000E+00
  3.147601E-01 -3.270481E-02  5.000000E-01  6.683936E-02 -7.138054E-03  0.000000E+00  1.303104E-02 -1.150334E-03 -2.357921E-18  3.982129E-01  0.000000E+00
  3.477303E-01 -3.561566E-02  5.000000E-01  7.384142E-02 -7.756248E-03  0.000000E+00  1.319145E-02 -1.165208E-03 -1.556941E-18  3.808300E-01  0.000000E+00
  3.807756E-01 -3.854037E-02  5.000000E-01  8.085941E-02 -8.377383E-03  0.000000E+00  1.331810E-02 -1.179424E-03  1.196930E-19  3.643547E-01  0.000000E+00
  4.138291E-01 -4.147390E-02  5.000000E-01  8.787917E-02 -9.000394E-03  0.000000E+00  1.341803E-02 -1.189813E-03 -6.356566E-19  3.482309E-01  0.000000E+00
  4.468689E-01 -4.440543E-02  5.000000E-01  9.489601E-02 -9.622979E-03  0.000000E+00  1.349519E-02 -1.194822E-03 -4.226898E-19  3.325222E-01  0.000000E+00
  4.799091E-01 -4.732835E-02  5.000000E-01  1.019129E-01 -1.024373E-02  0.000000E+00  1.355345E-02 -1.195570E-03 -4.176951E-19  3.175740E-01  0.000000E+00
  5.129612E-01 -5.023942E-02  5.000000E-01  1.089324E-01 -1.086197E-02  0.000000E+00  1.359716E-02 -1.193911E-03 -2.497623E-19  3.035372E-01  0.000000E+00
  5.460360E-01 -5.313870E-02  5.000000E-01  1.159567E-01 -1.147771E-02  0.000000E+00  1.363111E-02 -1.191458E-03  7.131879E-19  2.903145E-01  0.000000E+00
  5.791347E-01 -5.602763E-02  5.000000E-01  1.229860E-01 -1.209125E-02  0.000000E+00  1.366009E-02 -1.189187E-03  2.544233E-19  2.776859E-01  0.000000E+00
  6.122565E-01 -5.890781E-02  5.000000E-01  1.300203E-01 -1.270293E-02  0.000000E+00  1.368866E-02 -1.187589E-03 -3.383341E-19  2.654385E-01  0.000000E+00
  6.454013E-01 -6.178095E-02  5.000000E-01  1.370594E-01 -1.331311E-02  0.000000E+00  1.372124E-02 -1.187156E-03 -2.133783E-20  2.534283E-01  0.000000E+00
  6.785693E-01 -6.464932E-02  5.000000E-01  1.441035E-01 -1.392228E-02  0.000000E+00  1.376175E-02 -1.188319E-03  3.234433E-19  2.415395E-01  0.000000E+00
  7.117575E-01 -6.751495E-02  5.000000E-01  1.511518E-01 -1.453087E-02  0.000000E+00  1.381272E-02 -1.190876E-03 -6.520313E-19  2.296184E-01  0.000000E+00
  7.449560E-01 -7.037722E-02  5.000000E-01  1.582024E-01 -1.513875E-02  0.000000E+00  1.387469E-02 -1.193868E-03 -3.826457E-19  2.174979E-01  0.000000E+00
  7.781569E-01 -7.323275E-02  5.000000E-01  1.652534E-01 -1.574519E-02  0.000000E+00  1.394677E-02 -1.196153E-03  2.800396E-19  2.050900E-01  0.000000E+00
  8.113578E-01 -7.607655E-02  5.000000E-01  1.723045E-01 -1.634915E-02  0.000000E+00  1.402731E-02 -1.196842E-03  7.780733E-19  1.924080E-01  0.000000E+00
  8.445597E-01 -7.890269E-02  5.000000E-01  1.793558E-01 -1.694935E-02  0.000000E+00  1.411403E-02 -1.195246E-03  3.517947E-19  1.795167E-01  0.000000E+00
  8.777625E-01 -8.170441E-02  5.000000E-01  1.864072E-01 -1.754436E-02  0.000000E+00  1.420343E-02 -1.190442E-03 -1.062431E-19  1.664703E-01  0.000000E+00
  9.109638E-01 -8.447278E-02  5.000000E-01  1.934584E-01 -1.813230E-02  0.000000E+00  1.429066E-02 -1.181311E-03 -3.189537E-19  1.533369E-01  0.000000E+00
  9.441676E-01 -8.719818E-02  5.000000E-01  2.005100E-01 -1.871111E-02  0.000000E+00  1.437019E-02 -1.166875E-03 -3.918920E-19  1.402590E-01  0.000000E+00
  9.773746E-01 -8.987001E-02  5.000000E-01  2.075624E-01 -1.927854E-02  0.000000E+00  1.443661E-02 -1.146164E-03 -1.218862E-19  1.274132E-01  0.000000E+00
  1.010583E+00 -9.247568E-02  5.000000E-01  2.146150E-01 -1.983192E-02  0.000000E+00  1.448699E-02 -1.119545E-03 -3.321842E-19  1.150664E-01  0.000000E+00
  1.043798E+00 -9.500738E-02  5.000000E-01  2.216690E-01 -2.036959E-02  0.000000E+00  1.452237E-02 -1.089421E-03  2.544481E-19  1.035455E-01  0.000000E+00
  1.077015E+00 -9.746342E-02  5.000000E-01  2.287237E-01 -2.089119E-02  0.000000E+00  1.454534E-02 -1.057786E-03  7.714540E-19  9.294133E-02  0.000000E+00
  1.110238E+00 -9.984362E-02  5.000000E-01  2.357793E-01 -2.139669E-02  0.000000E+00  1.455779E-02 -1.025179E-03  5.427544E-19  8.309311E-02  0.000000E+00
  1.143462E+00 -1.021472E-01  5.000000E-01  2.428354E-01 -2.188592E-02  0.000000E+00  1.456130E-02 -9.920049E-04 -4.045334E-19  7.386146E-02  0.000000E+00
  1.176693E+00 -1.043754E-01  5.000000E-01  2.498927E-01 -2.235912E-02  0.000000E+00  1.455727E-02 -9.587239E-04 -1.065093E-18  6.519834E-02  0.000000E+00
  1.209925E+00 -1.065288E-01  5.000000E-01  2.569505E-01 -2.281647E-02  0.000000E+00  1.454629E-02 -9.253710E-04 -1.135548E-21  5.706774E-02  0.000000E+00
  1.243158E+00 -1.086080E-01  5.000000E-01  2.640083E-01 -2.325802E-02  0.000000E+00  1.452879E-02 -8.922066E-04  2.047509E-19  4.947998E-02  0.000000E+00
  1.276395E+00 -1.106150E-01  5.000000E-01  2.710670E-01 -2.368426E-02  0.000000E+00  1.450527E-02 -8.596265E-04 -3.274061E-19  4.245247E-02  0.000000E+00
  1.309630E+00 -1.125516E-01  5.000000E-01  2.781253E-01 -2.409556E-02  0.000000E+00  1.447608E-02 -8.277691E-04 -4.336569E-19  3.595130E-02  0.000000E+00
  1.342868E+00 -1.144203E-01  5.000000E-01  2.851842E-01 -2.449241E-02  0.000000E+00  1.444230E-02 -7.972038E-04 -7.376820E-19  2.996807E-02  0.000000E+00
  1.376108E+00 -1.162254E-01  5.000000E-01  2.922436E-01 -2.487578E-02  0.000000E+00  1.440531E-02 -7.683062E-04 -2.749881E-19  2.444950E-02  0.000000E+00
  1.409347E+00 -1.179702E-01  5.000000E-01  2.993027E-01 -2.524634E-02  0.000000E+00  1.436694E-02 -7.413223E-04  2.340801E-19  1.930753E-02  0.000000E+00
  1.442589E+00 -1.196600E-01  5.000000E-01  3.063625E-01 -2.560520E-02  0.000000E+00  1.433010E-02 -7.167865E-04  4.912260E-19  1.446975E-02  0.000000E+00
  1.475831E+00 -1.213000E-01  5.000000E-01  3.134222E-01 -2.595349E-02  0.000000E+00  1.429830E-02 -6.949998E-04  4.311032E-19  9.815706E-03  0.000000E+00
  1.509072E+00 -1.228958E-01  5.000000E-01  3.204819E-01 -2.629241E-02  0.000000E+00  1.427537E-02 -6.761830E-04 -3.098434E-19  5.191847E-03  0.000000E+00
  1.542314E+00 -1.244533E-01  5.000000E-01  3.275416E-01 -2.662318E-02  0.000000E+00  1.426506E-02 -6.607172E-04 -4.936240E-19  4.552554E-04  0.000000E+00
  1.575558E+00 -1.259795E-01  5.000000E-01  3.346018E-01 -2.694731E-02  0.000000E+00  1.426913E-02 -6.481231E-04 -1.217817E-20 -4.592267E-03  0.000000E+00
  1.608800E+00 -1.274777E-01  5.000000E-01  3.416615E-01 -2.726549E-02  0.000000E+00  1.428610E-02 -6.366583E-04 -2.676815E-19 -1.017967E-02  0.000000E+00
  1.642044E+00 -1.289470E-01  5.000000E-01  3.487219E-01 -2.757754E-02  0.000000E+00  1.431304E-02 -6.248983E-04 -4.270615E-19 -1.635857E-02  0.000000E+00
  1.675286E+00 -1.303848E-01  5.000000E-01  3.557816E-01 -2.788289E-02  0.000000E+00  1.434710E-02 -6.122731E-04  1.127548E-19 -2.299804E-02  0.000000E+00
  1.708526E+00 -1.317885E-01  5.000000E-01  3.628410E-01 -2.818099E-02  0.000000E+00  1.438579E-02 -5.985286E-04  1.047823E-18 -2.993530E-02  0.000000E+00
  1.741762E+00 -1.331550E-01  5.000000E-01  3.698996E-01 -2.847120E-02  0.000000E+00  1.442681E-02 -5.833322E-04  3.547152E-19 -3.707369E-02  0.000000E+00
  1.774995E+00 -1.344804E-01  5.000000E-01  3.769573E-01 -2.875269E-02  0.000000E+00  1.446871E-02 -5.667297E-04 -5.571433E-19 -4.433065E-02  0.000000E+00
  1.808227E+00 -1.357627E-01  5.000000E-01  3.840150E-01 -2.902502E-02  0.000000E+00  1.451052E-02 -5.487670E-04 -1.282586E-19 -5.165785E-02  0.000000E+00
  1.841453E+00 -1.369983E-01  5.000000E-01  3.910714E-01 -2.928742E-02  0.000000E+00  1.455120E-02 -5.292454E-04  4.716855E-19 -5.904575E-02  0.000000E+00
  1.874678E+00 -1.381841E-01  5.000000E-01  3.981276E-01 -2.953926E-02  0.000000E+00  1.459002E-02 -5.082094E-04  7.826709E-19 -6.645144E-02  0.000000E+00
  1.907900E+00 -1.393172E-01  5.000000E-01  4.051830E-01 -2.977991E-02  0.000000E+00  1.462623E-02 -4.856206E-04  2.123978E-19 -7.383298E-02  0.000000E+00
  1.941118E+00 -1.403945E-01  5.000000E-01  4.122377E-01 -3.000870E-02  0.000000E+00  1.465902E-02 -4.614218E-04 -3.544987E-19 -8.114961E-02  0.000000E+00
  1.974334E+00 -1.414128E-01  5.000000E-01  4.192920E-01 -3.022496E-02  0.000000E+00  1.468777E-02 -4.357966E-04 -2.190322E-19 -8.833842E-02  0.000000E+00
  2.007549E+00 -1.423700E-01  5.000000E-01  4.263460E-01 -3.042824E-02  0.000000E+00  1.471167E-02 -4.087683E-04 -1.762525E-20 -9.535788E-02  0.000000E+00
  2.040760E+00 -1.432630E-01  5.000000E-01  4.333993E-01 -3.061789E-02  0.000000E+00  1.472961E-02 -3.802052E-04 -1.487016E-19 -1.021809E-01  0.000000E+00
  2.073970E+00 -1.440889E-01  5.000000E-01  4.404522E-01 -3.079330E-02  0.000000E+00  1.474098E-02 -3.502655E-04 -4.665832E-19 -1.087435E-01  0.000000E+00
  2.107177E+00 -1.448456E-01  5.000000E-01  4.475046E-01 -3.095399E-02  0.000000E+00  1.474570E-02 -3.191532E-04 -3.878634E-19 -1.149865E-01  0.000000E+00
  2.140379E+00 -1.455306E-01  5.000000E-01  4.545558E-01 -3.109948E-02  0.000000E+00  1.474449E-02 -2.873857E-04 -2.262039E-19 -1.208450E-01  0.000000E+00
  2.173577E+00 -1.461441E-01  5.000000E-01  4.616063E-01 -3.122977E-02  0.000000E+00  1.473813E-02 -2.552942E-04 -2.724917E-19 -1.263044E-01  0.000000E+00
  2.206768E+00 -1.466850E-01  5.000000E-01  4.686553E-01 -3.134465E-02  0.000000E+00  1.472667E-02 -2.228142E-04 -1.717613E-19 -1.314022E-01  0.000000E+00
  2.239954E+00 -1.471528E-01  5.000000E-01  4.757033E-01 -3.144400E-02  0.000000E+00  1.470949E-02 -1.899116E-04 -3.521857E-20 -1.361529E-01  0.000000E+00
  2.273134E+00 -1.475463E-01  5.000000E-01  4.827499E-01 -3.152756E-02  0.000000E+00  1.468536E-02 -1.565817E-04  3.038044E-20 -1.405348E-01  0.000000E+00
  2.306309E+00 -1.478646E-01  5.000000E-01  4.897953E-01 -3.159517E-02  0.000000E+00  1.465270E-02 -1.228286E-04 -7.429998E-20 -1.444974E-01  0.000000E+00
  2.339476E+00 -1.481067E-01  5.000000E-01  4.968392E-01 -3.164659E-02  0.000000E+00  1.461005E-02 -8.857664E-05 -1.409939E-19 -1.479935E-01  0.000000E+00
  2.372638E+00 -1.482710E-01  5.000000E-01  5.038821E-01 -3.168147E-02  0.000000E+00  1.455777E-02 -5.444874E-05 -1.124175E-19 -1.509308E-01  0.000000E+00
  2.405805E+00 -1.483588E-01  5.000000E-01  5.109259E-01 -3.170012E-02  0.000000E+00  1.449839E-02 -2.148793E-05 -1.004725E-19 -1.532386E-01  0.000000E+00
  2.438976E+00 -1.483734E-01  5.000000E-01  5.179706E-01 -3.170322E-02  0.000000E+00  1.443487E-02  9.963594E-06 -5.267741E-20 -1.550016E-01  0.000000E+00
  2.472150E+00 -1.483172E-01  5.000000E-01  5.250160E-01 -3.169129E-02  0.000000E+00  1.437026E-02  3.992121E-05 -5.955843E-20 -1.563825E-01  0.000000E+00
  2.505329E+00 -1.481932E-01  5.000000E-01  5.320624E-01 -3.166495E-02  0.000000E+00  1.430803E-02  6.829352E-05 -1.303028E-19 -1.575227E-01  0.000000E+00
  2.538512E+00 -1.480046E-01  5.000000E-01  5.391097E-01 -3.162490E-02  0.000000E+00  1.425159E-02  9.517517E-05 -1.039386E-19 -1.585644E-01  0.000000E+00
  2.571700E+00 -1.477541E-01  5.000000E-01  5.461580E-01 -3.157169E-02  0.000000E+00  1.420424E-02  1.205063E-04 -6.491309E-20 -1.596213E-01  0.000000E+00
  2.604894E+00 -1.474456E-01  5.000000E-01  5.532074E-01 -3.150617E-02  0.000000E+00  1.416800E-02  1.444536E-04 -8.071836E-20 -1.608160E-01  0.000000E+00
  2.638090E+00 -1.470815E-01  5.000000E-01  5.602575E-01 -3.142885E-02  0.000000E+00  1.414200E-02  1.680539E-04  6.640945E-20 -1.623151E-01  0.000000E+00
  2.671292E+00 -1.466610E-01  5.000000E-01  5.673087E-01 -3.133954E-02  0.000000E+00  1.412300E-02  1.925778E-04  4.718945E-20 -1.642132E-01  0.000000E+00
  2.704497E+00 -1.461803E-01  5.000000E-01  5.743608E-01 -3.123745E-02  0.000000E+00  1.410739E-02  2.185668E-04 -1.260480E-19 -1.664216E-01  0.000000E+00
  2.737708E+00 -1.456361E-01  5.000000E-01  5.814140E-01 -3.112189E-02  0.000000E+00  1.409221E-02  2.460367E-04 -7.552495E-20 -1.687485E-01  0.000000E+00
  2.770923E+00 -1.450247E-01  5.000000E-01  5.884680E-01 -3.099203E-02  0.000000E+00  1.407501E-02  2.749933E-04 -2.662965E-19 -1.710301E-01  0.000000E+00
  2.804143E+00 -1.443422E-01  5.000000E-01  5.955231E-01 -3.084710E-02  0.000000E+00  1.405399E-02  3.053130E-04 -3.449237E-19 -1.731401E-01  0.000000E+00
  2.837367E+00 -1.435854E-01  5.000000E-01  6.025790E-01 -3.068636E-02  0.000000E+00  1.402750E-02  3.369801E-04 -7.596480E-20 -1.750003E-01  0.000000E+00
  2.870594E+00 -1.427500E-01  5.000000E-01  6.096357E-01 -3.050895E-02  0.000000E+00  1.399357E-02  3.700671E-04  2.269232E-19 -1.765448E-01  0.000000E+00
  2.903823E+00 -1.418321E-01  5.000000E-01  6.166926E-01 -3.031400E-02  0.000000E+00  1.394949E-02  4.048368E-04  3.242341E-19 -1.777070E-01  0.000000E+00
  2.937051E+00 -1.408254E-01  5.000000E-01  6.237496E-01 -3.010021E-02  0.000000E+00  1.389251E-02  4.411683E-04  1.246492E-19 -1.783457E-01  0.000000E+00
  2.970283E+00 -1.397255E-01  5.000000E-01  6.308072E-01 -2.986661E-02  0.000000E+00  1.381983E-02  4.786892E-04 -4.380108E-20 -1.782771E-01  0.000000E+00
  3.003515E+00 -1.385271E-01  5.000000E-01  6.378649E-01 -2.961211E-02  0.000000E+00  1.372784E-02  5.171739E-04 -4.532805E-21 -1.773439E-01  0.000000E+00
  3.036751E+00 -1.372251E-01  5.000000E-01  6.449232E-01 -2.933560E-02  0.000000E+00  1.361240E-02  5.560905E-04  1.525879E-20 -1.753724E-01  0.000000E+00
  3.069988E+00 -1.358152E-01  5.000000E-01  6.519820E-01 -2.903617E-02  0.000000E+00  1.346870E-02  5.950723E-04 -1.543666E-19 -1.722193E-01  0.000000E+00
  3.103226E+00 -1.342915E-01  5.000000E-01  6.590410E-01 -2.871257E-02  0.000000E+00  1.329335E-02  6.334999E-04 -2.208356E-20 -1.677063E-01  0.000000E+00
  3.136469E+00 -1.326502E-01  5.000000E-01  6.661010E-01 -2.836400E-02  0.000000E+00  1.308638E-02  6.704800E-04  1.892072E-19 -1.616750E-01  0.000000E+00
  3.169712E+00 -1.308877E-01  5.000000E-01  6.731611E-01 -2.798970E-02  0.000000E+00  1.285401E-02  7.038005E-04  5.736906E-21 -1.539602E-01  0.000000E+00
  3.202960E+00 -1.290119E-01  5.000000E-01  6.802220E-01 -2.759130E-02  0.000000E+00  1.260738E-02  7.311333E-04 -3.156045E-19 -1.445811E-01  0.000000E+00
  3.236210E+00 -1.270340E-01  5.000000E-01  6.872835E-01 -2.717125E-02  0.000000E+00  1.235741E-02  7.522010E-04 -5.942656E-19 -1.339747E-01  0.000000E+00
  3.269464E+00 -1.249667E-01  5.000000E-01  6.943459E-01 -2.673221E-02  0.000000E+00  1.211279E-02  7.677064E-04 -6.840666E-19 -1.227333E-01  0.000000E+00
  3.302721E+00 -1.228217E-01  5.000000E-01  7.014089E-01 -2.627668E-02  0.000000E+00  1.187959E-02  7.786253E-04 -3.005979E-19 -1.113675E-01  0.000000E+00
  3.335981E+00 -1.206102E-01  5.000000E-01  7.084724E-01 -2.580700E-02  0.000000E+00  1.166220E-02  7.856496E-04  3.848632E-20 -1.001735E-01  0.000000E+00
  3.369247E+00 -1.183431E-01  5.000000E-01  7.155373E-01 -2.532552E-02  0.000000E+00  1.146410E-02  7.892611E-04  5.744272E-19 -8.928189E-02  0.000000E+00
  3.402518E+00 -1.160325E-01  5.000000E-01  7.226033E-01 -2.483481E-02  0.000000E+00  1.128715E-02  7.902444E-04  2.121873E-19 -7.885233E-02  0.000000E+00
  3.435792E+00 -1.136874E-01  5.000000E-01  7.296699E-01 -2.433676E-02  0.000000E+00  1.113220E-02  7.892642E-04 -8.939490E-19 -6.903764E-02  0.000000E+00
  3.469073E+00 -1.113171E-01  5.000000E-01  7.367379E-01 -2.383337E-02  0.000000E+00  1.099987E-02  7.868410E-04 -5.308383E-19 -5.993370E-02  0.000000E+00
  3.502353E+00 -1.089295E-01  5.000000E-01  7.438057E-01 -2.332630E-02  0.000000E+00  1.089062E-02  7.835350E-04  6.791313E-19 -5.163219E-02  0.000000E+00
  3.535630E+00 -1.065319E-01  5.000000E-01  7.508729E-01 -2.281711E-02  0.000000E+00  1.080534E-02  7.798252E-04  9.885989E-19 -4.420777E-02  0.000000E+00
  3.568904E+00 -1.041298E-01  5.000000E-01  7.579395E-01 -2.230696E-02  0.000000E+00  1.074555E-02  7.765132E-04  6.921012E-20 -3.774813E-02  0.000000E+00
  3.602176E+00 -1.017263E-01  5.000000E-01  7.650057E-01 -2.179652E-02  0.000000E+00  1.071379E-02  7.744466E-04 -4.573278E-19 -3.231792E-02  0.000000E+00
  3.635446E+00 -9.932314E-02  5.000000E-01  7.720714E-01 -2.128615E-02  0.000000E+00  1.071257E-02  7.742157E-04 -2.237742E-19 -2.797924E-02  0.000000E+00
  3.668713E+00 -9.692081E-02  5.000000E-01  7.791365E-01 -2.077595E-02  0.000000E+00  1.074201E-02  7.759291E-04  9.915557E-19 -2.474332E-02  0.000000E+00
  3.701976E+00 -9.452040E-02  5.000000E-01  7.862009E-01 -2.026617E-02  0.000000E+00  1.079521E-02  7.806156E-04  8.395011E-19 -2.261746E-02  0.000000E+00
  3.735241E+00 -9.211419E-02  5.000000E-01  7.932655E-01 -1.975515E-02  0.000000E+00  1.085267E-02  7.925865E-04 -1.385796E-19 -2.180083E-02  0.000000E+00
  3.768500E+00 -8.966692E-02  5.000000E-01  8.003289E-01 -1.923541E-02  0.000000E+00  1.088844E-02  8.152187E-04  1.341230E-19 -2.196004E-02  0.000000E+00
  3.801751E+00 -8.713820E-02  5.000000E-01  8.073904E-01 -1.869837E-02  0.000000E+00  1.088166E-02  8.468251E-04 -5.840368E-19 -2.184911E-02  0.000000E+00
  3.834989E+00 -8.449492E-02  5.000000E-01  8.144495E-01 -1.813700E-02  0.000000E+00  1.082034E-02  8.829249E-04 -1.306795E-18 -2.013563E-02  0.000000E+00
  3.868211E+00 -8.171701E-02  5.000000E-01  8.215050E-01 -1.754704E-02  0.000000E+00  1.070019E-02  9.194759E-04  3.668288E-19 -1.608974E-02  0.000000E+00
  3.901422E+00 -7.878815E-02  5.000000E-01  8.285582E-01 -1.692502E-02  0.000000E+00  1.052328E-02  9.535173E-04  4.426334E-19 -9.546525E-03  0.000000E+00
  3.934617E+00 -7.570144E-02  5.000000E-01  8.356080E-01 -1.626948E-02  0.000000E+00  1.029663E-02  9.825964E-04 -8.522457E-19 -5.897965E-04  0.000000E+00
  3.967800E+00 -7.245503E-02  5.000000E-01  8.426552E-01 -1.558002E-02  0.000000E+00  1.002871E-02  1.005177E-03 -1.640021E-19  1.052628E-02  0.000000E+00
  4.000972E+00 -6.905154E-02  5.000000E-01  8.497001E-01 -1.485721E-02  0.000000E+00  9.726891E-03  1.020521E-03 -1.543658E-19  2.353885E-02  0.000000E+00
  4.034139E+00 -6.549558E-02  5.000000E-01  8.567440E-01 -1.410201E-02  0.000000E+00  9.394842E-03  1.029020E-03 -1.164485E-18  3.816566E-02  0.000000E+00
  4.067311E+00 -6.178583E-02  5.000000E-01  8.637890E-01 -1.331415E-02  0.000000E+00  9.032079E-03  1.031023E-03  1.106892E-18  5.421559E-02  0.000000E+00
  4.100488E+00 -5.792145E-02  5.000000E-01  8.708348E-01 -1.249345E-02  0.000000E+00  8.635762E-03  1.025662E-03  3.699636E-18  7.172969E-02  0.000000E+00
  4.133669E+00 -5.390353E-02  5.000000E-01  8.778818E-01 -1.164014E-02  0.000000E+00  8.201522E-03  1.011759E-03 -2.111379E-19  9.078176E-02  0.000000E+00
  4.166856E+00 -4.973223E-02  5.000000E-01  8.849299E-01 -1.075426E-02  0.000000E+00  7.725908E-03  9.883014E-04 -2.565880E-18  1.114139E-01  0.000000E+00
  4.200049E+00 -4.540976E-02  5.000000E-01  8.919793E-01 -9.836272E-03  0.000000E+00  7.209910E-03  9.547835E-04 -2.392310E-18  1.335850E-01  0.000000E+00
  4.233242E+00 -4.093780E-02  5.000000E-01  8.990286E-01 -8.886539E-03  0.000000E+00  6.663295E-03  9.104064E-04 -5.003058E-19  1.572438E-01  0.000000E+00
  4.266405E+00 -3.633950E-02  5.000000E-01  9.060715E-01 -7.909973E-03  0.000000E+00  6.106983E-03  8.535680E-04  1.056552E-18  1.823227E-01  0.000000E+00
  4.299502E+00 -3.167332E-02  5.000000E-01  9.131007E-01 -6.918991E-03  0.000000E+00  5.569212E-03  7.845071E-04  4.034061E-19  2.083689E-01  0.000000E+00
  4.332522E+00 -2.702756E-02  5.000000E-01  9.201132E-01 -5.932345E-03  0.000000E+00  5.077220E-03  7.075733E-04  9.625615E-19  2.341973E-01  0.000000E+00
  4.365472E+00 -2.248730E-02  5.000000E-01  9.271110E-01 -4.968105E-03  0.000000E+00  4.652509E-03  6.287461E-04  1.524081E-18  2.584385E-01  0.000000E+00
  4.398350E+00 -1.814209E-02  5.000000E-01  9.340935E-01 -4.045290E-03  0.000000E+00  4.312231E-03  5.523614E-04 -1.036198E-18  2.803162E-01  0.000000E+00
  4.431155E+00 -1.408405E-02  5.000000E-01  9.410605E-01 -3.183461E-03  0.000000E+00  4.070409E-03  4.804485E-04 -1.591518E-18  2.995695E-01  0.000000E+00
  4.463888E+00 -1.041631E-02  5.000000E-01  9.480121E-01 -2.404525E-03  0.000000E+00  3.934178E-03  4.132532E-04  4.581119E-19  3.158436E-01  0.000000E+00
  4.496579E+00 -7.219324E-03  5.000000E-01  9.549550E-01 -1.725563E-03  0.000000E+00  3.896639E-03  3.494770E-04  1.187127E-19  3.288410E-01  0.000000E+00
  4.529252E+00 -4.550541E-03  5.000000E-01  9.618938E-01 -1.158779E-03  0.000000E+00  3.927240E-03  2.871762E-04  8.312026E-19  3.387389E-01  0.000000E+00
  4.561929E+00 -2.436699E-03  5.000000E-01  9.688337E-01 -7.098510E-04  0.000000E+00  3.957043E-03  2.227199E-04  9.132378E-19  3.446300E-01  0.000000E+00
  4.594574E+00 -9.074732E-04  5.000000E-01  9.757666E-01 -3.850810E-04  0.000000E+00  3.885573E-03  1.456311E-04  3.829973E-19  3.452378E-01  0.000000E+00
  4.627203E+00  1.026144E-05  5.000000E-01  9.826962E-01 -1.901768E-04  0.000000E+00  3.662598E-03  5.632008E-05 -1.345315E-19  3.488805E-01  0.000000E+00
  4.659162E+00  2.870974E-04  5.000000E-01  9.894836E-01 -1.313836E-04  0.000000E+00  3.332205E-03  1.279802E-06  8.685485E-19  3.600072E-01  0.000000E+00
  4.689251E+00 -4.156262E-05  5.000000E-01  9.958737E-01 -2.011829E-04  0.000000E+00  2.808786E-03 -1.281301E-05  5.435233E-18  3.140634E-01  0.000000E+00
  4.708680E+00 -5.697236E-04  5.000000E-01  1.000000E+00 -3.133513E-04  0.000000E+00  2.007508E-03 -9.093548E-05  4.903955E-18  1.582836E-01  0.000000E+00
    1    2
    2    3
    3    4
    4    5
    5    6
    6    7
    7    8
    8    9
    9   10
   10   11
   11   12
   12   13
   13   14
   14   15
   15   16
   16   17
   17   18
   18   19
   19   20
   20   21
   21   22
   22   23
   23   24
   24   25
   25   26
   26   27
   27   28
   28   29
   29   30
   30   31
   31   32
   32   33
   33   34
   34   35
   35   36
   36   37
   37   38
   38   39
   39   40
   40   41
   41   42
   42   43
   43   44
   44   45
   45   46
   46   47
   47   48
   48   49
   49   50
   50   51
   51   52
   52   53
   53   54
   54   55
   55   56
   56   57
   57   58
   58   59
   59   60
   60   61
   61   62
   62   63
   63   64
   64   65
   65   66
   66   67
   67   68
   68   69
   69   70
   70   71
   71   72
   72   73
   73   74
   74   75
   75   76
   76   77
   77   78
   78   79
   79   80
   80   81
   81   82
   82   83
   83   84
   84   85
   85   86
   86   87
   87   88
   88   89
   89   90
   90   91
   91   92
   92   93
   93   94
   94   95
   95   96
   96   97
   97   98
   98   99
   99  100
  100  101
  101  102
  102  103
  103  104
  104  105
  105  106
  106  107
  107  108
  108  109
  109  110
  110  111
  111  112
  112  113
  113  114
  114  115
  115  116
  116  117
  117  118
  118  119
  119  120
  120  121
  121  122
  122  123
  123  124
  124  125
  125  126
  126  127
  127  128
  128  129
  129  130
  130  131
  131  132
  132  133
  133  134
  134  135
  135  136
  136  137
  137  138
  138  139
  139  140
  140  141
  141  142
  142  143
  143  144
  144  145
  145  146
  146  147
  147  148
  148  149
  149  150
  151  152
  152  153
  153  154
  154  155
  155  156
  156  157
  157  158
  158  159
  159  160
  160  161
  161  162
  162  163
  163  164
  164  165
  165  166
  166  167
  167  168
  168  169
  169  170
  170  171
  171  172
  172  173
  173  174
  174  175
  175  176
  176  177
  177  178
  178  179
  179  180
  180  181
  181  182
  182  183
  183  184
  184  185
  185  186
  186  187
  187  188
  188  189
  189  190
  190  191
  191  192
  192  193
  193  194
  194  195
  195  196
  196  197
  197  198
  198  199
  199  200
  200  201
  201  202
  202  203
  203  204
  204  205
  205  206
  206  207
  207  208
  208  209
  209  210
  210  211
  211  212
  212  213
  213  214
  214  215
  215  216
  216  217
  217  218
  218  219
  219  220
  220  221
  221  222
  222  223
  223  224
  224  225
  225  226
  226  227
  227  228
  228  229
  229  230
  230  231
  231  232
  232  233
  233  234
  234  235
  235  236
  236  237
  237  238
  238  239
  239  240
  240  241
  241  242
  242  243
  243  244
  244  245
  245  246
  246  247
  247  248
  248  249
  249  250
  250  251
  251  252
  252  253
  253  254
  254  255
  255  256
  256  257
  257  258
  258  259
  259  260
  260  261
  261  262
  262  263
  263  264
  264  265
  265  266
  266  267
  267  268
  268  269
  269  270
  270  271
  271  272
  272  273
  273  274
  274  275
  275  276
  276  277
  277  278
  278  279
  279  280
  280  281
  281  282
  282  283
  283  284
  284  285
  285  286
  286  287
  287  288
  288  289
  289  290
  290  291
  291  292
  292  293
  293  294
  294  295
  295  296
  296  297
  297  298
  298  299
  299  300
