 Title = "ADflow Slice Data"
Variables =  "CoordinateX"  "CoordinateY"  "CoordinateZ"  "XoC"  "YoC"  "ZoC" "VelocityX" "VelocityY" "VelocityZ" "CoefPressure" "Mach" 
Zone T= "Slice_0001 None Absolute Regular z = 0.50000000"
 Nodes =          300  Elements=          298  ZONETYPE=FELINESEG
 DATAPACKING=POINT
  4.708680E+00 -1.149682E-03  5.000000E-01  9.999999E-01 -5.308246E-04  0.000000E+00  1.498744E-03  1.220546E-04  4.049205E-18  1.178939E-01  0.000000E+00
  4.689187E+00  4.246928E-05  5.000000E-01  9.958600E-01 -2.776411E-04  0.000000E+00  9.270947E-04 -1.853288E-05  1.230455E-18  5.800965E-02  0.000000E+00
  4.658673E+00  1.804475E-03  5.000000E-01  9.893796E-01  9.656566E-05  0.000000E+00  5.095397E-04 -4.858514E-05  1.632278E-19  8.615007E-02  0.000000E+00
  4.626256E+00  3.613784E-03  5.000000E-01  9.824951E-01  4.808183E-04  0.000000E+00  1.422883E-04 -1.138030E-05 -9.559738E-20  8.827013E-02  0.000000E+00
  4.593146E+00  5.469239E-03  5.000000E-01  9.754634E-01  8.748712E-04  0.000000E+00 -1.529811E-04  1.429314E-05  1.661434E-19  7.213000E-02  0.000000E+00
  4.560031E+00  7.393046E-03  5.000000E-01  9.684305E-01  1.283441E-03  0.000000E+00 -3.663881E-04  2.323014E-05  1.028911E-19  6.094649E-02  0.000000E+00
  4.526891E+00  9.435396E-03  5.000000E-01  9.613923E-01  1.717186E-03  0.000000E+00 -5.245960E-04  3.244477E-05  1.161491E-19  5.402964E-02  0.000000E+00
  4.493752E+00  1.163449E-02  5.000000E-01  9.543544E-01  2.184219E-03  0.000000E+00 -6.435063E-04  4.437009E-05 -3.242342E-19  4.592207E-02  0.000000E+00
  4.460612E+00  1.402110E-02  5.000000E-01  9.473163E-01  2.691077E-03  0.000000E+00 -7.270585E-04  5.506702E-05 -6.267387E-19  3.654737E-02  0.000000E+00
  4.427470E+00  1.662240E-02  5.000000E-01  9.402778E-01  3.243529E-03  0.000000E+00 -7.816923E-04  6.421382E-05 -5.298246E-19  2.703892E-02  0.000000E+00
  4.394325E+00  1.945711E-02  5.000000E-01  9.332386E-01  3.845551E-03  0.000000E+00 -8.164526E-04  7.296259E-05  1.960718E-19  1.752908E-02  0.000000E+00
  4.361178E+00  2.254334E-02  5.000000E-01  9.261990E-01  4.500991E-03  0.000000E+00 -8.394461E-04  8.155709E-05  1.847298E-18  7.995824E-03  0.000000E+00
  4.328027E+00  2.589447E-02  5.000000E-01  9.191585E-01  5.212687E-03  0.000000E+00 -8.565255E-04  9.012428E-05  2.183136E-18 -1.551771E-03  0.000000E+00
  4.294876E+00  2.951982E-02  5.000000E-01  9.121180E-01  5.982623E-03  0.000000E+00 -8.710541E-04  9.904716E-05  8.133558E-19 -1.116565E-02  0.000000E+00
  4.261727E+00  3.342809E-02  5.000000E-01  9.050781E-01  6.812644E-03  0.000000E+00 -8.847666E-04  1.082173E-04 -3.927783E-19 -2.078327E-02  0.000000E+00
  4.228582E+00  3.762541E-02  5.000000E-01  8.980388E-01  7.704050E-03  0.000000E+00 -8.981921E-04  1.176644E-04 -6.588099E-19 -3.051109E-02  0.000000E+00
  4.195443E+00  4.211207E-02  5.000000E-01  8.910009E-01  8.656906E-03  0.000000E+00 -9.108839E-04  1.272963E-04 -5.080795E-19 -4.050866E-02  0.000000E+00
  4.162308E+00  4.688369E-02  5.000000E-01  8.839639E-01  9.670282E-03  0.000000E+00 -9.223720E-04  1.367338E-04 -2.963967E-19 -5.080610E-02  0.000000E+00
  4.129179E+00  5.193365E-02  5.000000E-01  8.769280E-01  1.074277E-02  0.000000E+00 -9.325275E-04  1.458695E-04 -1.530801E-18 -6.153409E-02  0.000000E+00
  4.096054E+00  5.724782E-02  5.000000E-01  8.698931E-01  1.187137E-02  0.000000E+00 -9.416051E-04  1.546367E-04 -3.584994E-18 -7.283629E-02  0.000000E+00
  4.062934E+00  6.280753E-02  5.000000E-01  8.628592E-01  1.305211E-02  0.000000E+00 -9.504854E-04  1.628416E-04 -2.605888E-18 -8.477972E-02  0.000000E+00
  4.029817E+00  6.858511E-02  5.000000E-01  8.558261E-01  1.427913E-02  0.000000E+00 -9.595220E-04  1.700287E-04 -7.105650E-19 -9.767709E-02  0.000000E+00
  3.996705E+00  7.454374E-02  5.000000E-01  8.487939E-01  1.554460E-02  0.000000E+00 -9.651315E-04  1.752020E-04  9.050430E-19 -1.123881E-01  0.000000E+00
  3.963594E+00  8.063689E-02  5.000000E-01  8.417619E-01  1.683863E-02  0.000000E+00 -9.575570E-04  1.769026E-04  1.027390E-18 -1.297405E-01  0.000000E+00
  3.930486E+00  8.680475E-02  5.000000E-01  8.347306E-01  1.814853E-02  0.000000E+00 -9.253867E-04  1.737950E-04  9.231903E-19 -1.489663E-01  0.000000E+00
  3.897377E+00  9.297143E-02  5.000000E-01  8.276990E-01  1.945818E-02  0.000000E+00 -8.618647E-04  1.630424E-04  5.360832E-19 -1.678974E-01  0.000000E+00
  3.864269E+00  9.904453E-02  5.000000E-01  8.206677E-01  2.074796E-02  0.000000E+00 -7.433293E-04  1.357875E-04 -1.017736E-18 -1.895312E-01  0.000000E+00
  3.831161E+00  1.049085E-01  5.000000E-01  8.136365E-01  2.199332E-02  0.000000E+00 -4.521104E-04  7.270902E-05  7.504361E-19 -2.307102E-01  0.000000E+00
  3.798054E+00  1.104280E-01  5.000000E-01  8.066052E-01  2.316554E-02  0.000000E+00  3.209329E-04 -5.857435E-05  1.525509E-18 -3.158837E-01  0.000000E+00
  3.764948E+00  1.154433E-01  5.000000E-01  7.995743E-01  2.423066E-02  0.000000E+00  2.076906E-03 -2.870973E-04  9.253161E-19 -4.504868E-01  0.000000E+00
  3.731842E+00  1.197738E-01  5.000000E-01  7.925434E-01  2.515034E-02  0.000000E+00  5.255511E-03 -5.835575E-04  4.334073E-19 -6.014531E-01  0.000000E+00
  3.698737E+00  1.232231E-01  5.000000E-01  7.855129E-01  2.588290E-02  0.000000E+00  9.645208E-03 -8.062499E-04 -2.514419E-18 -7.152858E-01  0.000000E+00
  3.665634E+00  1.256626E-01  5.000000E-01  7.784826E-01  2.640098E-02  0.000000E+00  1.400023E-02 -7.818084E-04 -5.520611E-18 -7.586578E-01  0.000000E+00
  3.632534E+00  1.271017E-01  5.000000E-01  7.714529E-01  2.670662E-02  0.000000E+00  1.678901E-02 -4.735590E-04 -6.024497E-18 -7.358222E-01  0.000000E+00
  3.599434E+00  1.275731E-01  5.000000E-01  7.644233E-01  2.680672E-02  0.000000E+00  1.741596E-02 -1.387797E-05 -5.523318E-18 -6.724428E-01  0.000000E+00
  3.566334E+00  1.271221E-01  5.000000E-01  7.573938E-01  2.671095E-02  0.000000E+00  1.638591E-02  4.227958E-04 -6.171752E-18 -5.928166E-01  0.000000E+00
  3.533236E+00  1.258063E-01  5.000000E-01  7.503645E-01  2.643151E-02  0.000000E+00  1.454002E-02  7.383367E-04 -8.427923E-18 -5.106670E-01  0.000000E+00
  3.500138E+00  1.236959E-01  5.000000E-01  7.433353E-01  2.598332E-02  0.000000E+00  1.245948E-02  9.154976E-04 -1.022313E-17 -4.322315E-01  0.000000E+00
  3.467038E+00  1.208774E-01  5.000000E-01  7.363056E-01  2.538473E-02  0.000000E+00  1.039707E-02  9.708193E-04 -8.311883E-18 -3.606930E-01  0.000000E+00
  3.433936E+00  1.174517E-01  5.000000E-01  7.292756E-01  2.465719E-02  0.000000E+00  8.430596E-03  9.275186E-04 -5.212985E-18 -2.982439E-01  0.000000E+00
  3.400832E+00  1.135343E-01  5.000000E-01  7.222452E-01  2.382523E-02  0.000000E+00  6.590510E-03  8.105562E-04 -3.567156E-18 -2.467313E-01  0.000000E+00
  3.367728E+00  1.092560E-01  5.000000E-01  7.152145E-01  2.291664E-02  0.000000E+00  4.912251E-03  6.479393E-04 -1.697725E-18 -2.075960E-01  0.000000E+00
  3.334620E+00  1.047608E-01  5.000000E-01  7.081834E-01  2.196195E-02  0.000000E+00  3.435035E-03  4.685326E-04  2.714444E-19 -1.815894E-01  0.000000E+00
  3.301512E+00  1.002057E-01  5.000000E-01  7.011519E-01  2.099457E-02  0.000000E+00  2.182302E-03  2.972817E-04 -9.353126E-19 -1.686763E-01  0.000000E+00
  3.268401E+00  9.575899E-02  5.000000E-01  6.941201E-01  2.005019E-02  0.000000E+00  1.151293E-03  1.515137E-04 -4.552500E-19 -1.678839E-01  0.000000E+00
  3.235290E+00  9.159727E-02  5.000000E-01  6.870880E-01  1.916635E-02  0.000000E+00  3.188014E-04  4.046070E-05  1.326994E-18 -1.772897E-01  0.000000E+00
  3.202177E+00  8.790259E-02  5.000000E-01  6.800557E-01  1.838169E-02  0.000000E+00 -3.447104E-04 -3.218420E-05  4.409111E-19 -1.945560E-01  0.000000E+00
  3.169063E+00  8.486024E-02  5.000000E-01  6.730230E-01  1.773557E-02  0.000000E+00 -8.625236E-04 -6.562484E-05 -2.746541E-19 -2.174613E-01  0.000000E+00
  3.135947E+00  8.265379E-02  5.000000E-01  6.659901E-01  1.726697E-02  0.000000E+00 -1.247683E-03 -6.293527E-05 -5.650781E-19 -2.437552E-01  0.000000E+00
  3.102831E+00  8.139391E-02  5.000000E-01  6.589570E-01  1.699940E-02  0.000000E+00 -1.508514E-03 -3.532579E-05 -2.637189E-19 -2.708007E-01  0.000000E+00
  3.069714E+00  8.100767E-02  5.000000E-01  6.519237E-01  1.691738E-02  0.000000E+00 -1.656346E-03  2.969183E-06 -1.056996E-19 -2.962234E-01  0.000000E+00
  3.036593E+00  8.139199E-02  5.000000E-01  6.448898E-01  1.699900E-02  0.000000E+00 -1.697765E-03  3.971743E-05 -3.184418E-19 -3.205741E-01  0.000000E+00
  3.003475E+00  8.244239E-02  5.000000E-01  6.378563E-01  1.722208E-02  0.000000E+00 -1.589275E-03  6.177997E-05 -3.013891E-19 -3.529906E-01  0.000000E+00
  2.970356E+00  8.405223E-02  5.000000E-01  6.308226E-01  1.756397E-02  0.000000E+00 -1.151796E-03  5.302009E-05 -1.276622E-18 -4.139673E-01  0.000000E+00
  2.937236E+00  8.611567E-02  5.000000E-01  6.237887E-01  1.800219E-02  0.000000E+00  3.703951E-06 -1.525786E-05 -1.650047E-18 -5.230137E-01  0.000000E+00
  2.904117E+00  8.852504E-02  5.000000E-01  6.167550E-01  1.851388E-02  0.000000E+00  2.421317E-03 -1.928822E-04  1.953947E-18 -6.752067E-01  0.000000E+00
  2.870996E+00  9.117248E-02  5.000000E-01  6.097210E-01  1.907613E-02  0.000000E+00  6.440113E-03 -5.218550E-04  1.159861E-17 -8.339586E-01  0.000000E+00
  2.837877E+00  9.394932E-02  5.000000E-01  6.026873E-01  1.966586E-02  0.000000E+00  1.155775E-02 -9.595526E-04  3.014155E-17 -9.549798E-01  0.000000E+00
  2.804757E+00  9.674628E-02  5.000000E-01  5.956534E-01  2.025987E-02  0.000000E+00  1.629314E-02 -1.345752E-03  5.454947E-17 -1.017588E+00  0.000000E+00
  2.771639E+00  9.945390E-02  5.000000E-01  5.886199E-01  2.083490E-02  0.000000E+00  1.927422E-02 -1.518474E-03  7.426674E-17 -1.030591E+00  0.000000E+00
  2.738522E+00  1.019612E-01  5.000000E-01  5.815867E-01  2.136740E-02  0.000000E+00  2.032759E-02 -1.449325E-03  7.995538E-17 -1.013917E+00  0.000000E+00
  2.705406E+00  1.041583E-01  5.000000E-01  5.745536E-01  2.183401E-02  0.000000E+00  2.021099E-02 -1.217581E-03  7.183051E-17 -9.816770E-01  0.000000E+00
  2.672292E+00  1.059341E-01  5.000000E-01  5.675211E-01  2.221114E-02  0.000000E+00  1.971890E-02 -9.023973E-04  5.463435E-17 -9.391914E-01  0.000000E+00
  2.639177E+00  1.071780E-01  5.000000E-01  5.604884E-01  2.247532E-02  0.000000E+00  1.922689E-02 -5.383289E-04  3.456262E-17 -8.874050E-01  0.000000E+00
  2.606068E+00  1.077800E-01  5.000000E-01  5.534568E-01  2.260315E-02  0.000000E+00  1.874398E-02 -1.506132E-04  1.779468E-17 -8.279358E-01  0.000000E+00
  2.572958E+00  1.076951E-01  5.000000E-01  5.464250E-01  2.258513E-02  0.000000E+00  1.814127E-02  2.117024E-04  7.210328E-18 -7.653122E-01  0.000000E+00
  2.539852E+00  1.069870E-01  5.000000E-01  5.393941E-01  2.243474E-02  0.000000E+00  1.735447E-02  5.105017E-04  2.593842E-18 -7.037186E-01  0.000000E+00
  2.506749E+00  1.057274E-01  5.000000E-01  5.323638E-01  2.216724E-02  0.000000E+00  1.641312E-02  7.383007E-04  1.179478E-18 -6.451498E-01  0.000000E+00
  2.473650E+00  1.039891E-01  5.000000E-01  5.253344E-01  2.179807E-02  0.000000E+00  1.537166E-02  8.971929E-04  3.220387E-19 -5.908338E-01  0.000000E+00
  2.440554E+00  1.018448E-01  5.000000E-01  5.183056E-01  2.134267E-02  0.000000E+00  1.427810E-02  9.929509E-04 -5.636036E-19 -5.416265E-01  0.000000E+00
  2.407460E+00  9.936885E-02  5.000000E-01  5.112773E-01  2.081684E-02  0.000000E+00  1.316773E-02  1.033737E-03 -4.337939E-19 -4.981748E-01  0.000000E+00
  2.374373E+00  9.663463E-02  5.000000E-01  5.042504E-01  2.023616E-02  0.000000E+00  1.206798E-02  1.028799E-03 -5.542839E-19 -4.610813E-01  0.000000E+00
  2.341286E+00  9.371576E-02  5.000000E-01  4.972235E-01  1.961626E-02  0.000000E+00  1.100525E-02  9.873645E-04 -1.096205E-18 -4.310859E-01  0.000000E+00
  2.308194E+00  9.068915E-02  5.000000E-01  4.901958E-01  1.897348E-02  0.000000E+00  1.001123E-02  9.193107E-04 -8.136473E-19 -4.090736E-01  0.000000E+00
  2.275097E+00  8.763392E-02  5.000000E-01  4.831666E-01  1.832463E-02  0.000000E+00  9.126146E-03  8.352967E-04 -1.537842E-18 -3.960820E-01  0.000000E+00
  2.241991E+00  8.463010E-02  5.000000E-01  4.761359E-01  1.768669E-02  0.000000E+00  8.398608E-03  7.456156E-04 -1.772031E-18 -3.934408E-01  0.000000E+00
  2.208879E+00  8.175827E-02  5.000000E-01  4.691037E-01  1.707678E-02  0.000000E+00  7.883986E-03  6.586254E-04 -4.513195E-19 -4.029064E-01  0.000000E+00
  2.175760E+00  7.909868E-02  5.000000E-01  4.620701E-01  1.651195E-02  0.000000E+00  7.641523E-03  5.790607E-04 -1.676904E-18 -4.265888E-01  0.000000E+00
  2.142637E+00  7.673199E-02  5.000000E-01  4.550354E-01  1.600933E-02  0.000000E+00  7.729714E-03  5.062672E-04 -3.520869E-18 -4.662704E-01  0.000000E+00
  2.109507E+00  7.473816E-02  5.000000E-01  4.479993E-01  1.558589E-02  0.000000E+00  8.197048E-03  4.336365E-04 -4.589764E-18 -5.218202E-01  0.000000E+00
  2.076374E+00  7.319528E-02  5.000000E-01  4.409628E-01  1.525822E-02  0.000000E+00  9.063981E-03  3.544407E-04 -6.086034E-18 -5.889023E-01  0.000000E+00
  2.043241E+00  7.211803E-02  5.000000E-01  4.339261E-01  1.502944E-02  0.000000E+00  1.028359E-02  2.661238E-04 -6.818151E-18 -6.592751E-01  0.000000E+00
  2.010106E+00  7.145668E-02  5.000000E-01  4.268892E-01  1.488898E-02  0.000000E+00  1.170675E-02  1.661652E-04 -7.122878E-18 -7.248204E-01  0.000000E+00
  1.976970E+00  7.115786E-02  5.000000E-01  4.198518E-01  1.482552E-02  0.000000E+00  1.312236E-02  5.441154E-05 -8.178831E-18 -7.803647E-01  0.000000E+00
  1.943835E+00  7.116728E-02  5.000000E-01  4.128148E-01  1.482752E-02  0.000000E+00  1.434658E-02 -6.136486E-05 -1.290492E-17 -8.240010E-01  0.000000E+00
  1.910699E+00  7.142975E-02  5.000000E-01  4.057775E-01  1.488326E-02  0.000000E+00  1.528690E-02 -1.689892E-04 -2.356028E-17 -8.564114E-01  0.000000E+00
  1.877561E+00  7.189040E-02  5.000000E-01  3.987399E-01  1.498109E-02  0.000000E+00  1.595367E-02 -2.577877E-04 -3.871205E-17 -8.794209E-01  0.000000E+00
  1.844424E+00  7.249280E-02  5.000000E-01  3.917024E-01  1.510903E-02  0.000000E+00  1.641850E-02 -3.212420E-04 -5.400918E-17 -8.948215E-01  0.000000E+00
  1.811282E+00  7.318055E-02  5.000000E-01  3.846637E-01  1.525509E-02  0.000000E+00  1.675982E-02 -3.563383E-04 -6.391074E-17 -9.038718E-01  0.000000E+00
  1.778139E+00  7.389643E-02  5.000000E-01  3.776250E-01  1.540712E-02  0.000000E+00  1.702966E-02 -3.612265E-04 -6.280200E-17 -9.072238E-01  0.000000E+00
  1.744992E+00  7.458162E-02  5.000000E-01  3.705853E-01  1.555264E-02  0.000000E+00  1.724575E-02 -3.342726E-04 -4.942650E-17 -9.050969E-01  0.000000E+00
  1.711843E+00  7.517673E-02  5.000000E-01  3.635455E-01  1.567903E-02  0.000000E+00  1.739984E-02 -2.738726E-04 -2.824318E-17 -8.974201E-01  0.000000E+00
  1.678692E+00  7.562055E-02  5.000000E-01  3.565048E-01  1.577328E-02  0.000000E+00  1.746938E-02 -1.789832E-04 -7.062988E-18 -8.839174E-01  0.000000E+00
  1.645539E+00  7.585138E-02  5.000000E-01  3.494640E-01  1.582231E-02  0.000000E+00  1.742799E-02 -4.970997E-05  7.308021E-18 -8.641684E-01  0.000000E+00
  1.612385E+00  7.580533E-02  5.000000E-01  3.424230E-01  1.581253E-02  0.000000E+00  1.725348E-02  1.121095E-04  1.302627E-17 -8.378275E-01  0.000000E+00
  1.579236E+00  7.541746E-02  5.000000E-01  3.353830E-01  1.573015E-02  0.000000E+00  1.693038E-02  2.990682E-04  1.282048E-17 -8.054018E-01  0.000000E+00
  1.546090E+00  7.462747E-02  5.000000E-01  3.283435E-01  1.556238E-02  0.000000E+00  1.644236E-02  4.829823E-04  1.038145E-17 -7.700164E-01  0.000000E+00
  1.512946E+00  7.345668E-02  5.000000E-01  3.213046E-01  1.531373E-02  0.000000E+00  1.579885E-02  6.273420E-04  8.005323E-18 -7.365106E-01  0.000000E+00
  1.479807E+00  7.198140E-02  5.000000E-01  3.142666E-01  1.500042E-02  0.000000E+00  1.506385E-02  7.193934E-04  6.767895E-18 -7.083635E-01  0.000000E+00
  1.446672E+00  7.028023E-02  5.000000E-01  3.072295E-01  1.463913E-02  0.000000E+00  1.432251E-02  7.651655E-04  6.167715E-18 -6.874396E-01  0.000000E+00
  1.413540E+00  6.843218E-02  5.000000E-01  3.001932E-01  1.424665E-02  0.000000E+00  1.364506E-02  7.740945E-04  6.657718E-18 -6.748149E-01  0.000000E+00
  1.380413E+00  6.651483E-02  5.000000E-01  2.931578E-01  1.383945E-02  0.000000E+00  1.307908E-02  7.551731E-04  7.764151E-18 -6.709860E-01  0.000000E+00
  1.347294E+00  6.460264E-02  5.000000E-01  2.861242E-01  1.343335E-02  0.000000E+00  1.265261E-02  7.155501E-04  1.033634E-17 -6.760178E-01  0.000000E+00
  1.314179E+00  6.276556E-02  5.000000E-01  2.790914E-01  1.304320E-02  0.000000E+00  1.238002E-02  6.599321E-04  1.470873E-17 -6.896146E-01  0.000000E+00
  1.281074E+00  6.106937E-02  5.000000E-01  2.720606E-01  1.268297E-02  0.000000E+00  1.226626E-02  5.907576E-04  1.870291E-17 -7.111279E-01  0.000000E+00
  1.247974E+00  5.957306E-02  5.000000E-01  2.650310E-01  1.236519E-02  0.000000E+00  1.230829E-02  5.082333E-04  2.405240E-17 -7.396166E-01  0.000000E+00
  1.214880E+00  5.833089E-02  5.000000E-01  2.580028E-01  1.210139E-02  0.000000E+00  1.249576E-02  4.108945E-04  2.923621E-17 -7.739028E-01  0.000000E+00
  1.181795E+00  5.739018E-02  5.000000E-01  2.509763E-01  1.190160E-02  0.000000E+00  1.281201E-02  2.963549E-04  3.081706E-17 -8.126747E-01  0.000000E+00
  1.148718E+00  5.679196E-02  5.000000E-01  2.439515E-01  1.177456E-02  0.000000E+00  1.323558E-02  1.615856E-04  2.776557E-17 -8.546725E-01  0.000000E+00
  1.115646E+00  5.657229E-02  5.000000E-01  2.369279E-01  1.172790E-02  0.000000E+00  1.374340E-02  3.715686E-06  1.947312E-17 -8.987873E-01  0.000000E+00
  1.082583E+00  5.676196E-02  5.000000E-01  2.299060E-01  1.176818E-02  0.000000E+00  1.431337E-02 -1.794009E-04  7.979792E-18 -9.440731E-01  0.000000E+00
  1.049524E+00  5.738661E-02  5.000000E-01  2.228852E-01  1.190084E-02  0.000000E+00  1.492462E-02 -3.892838E-04 -1.930448E-18 -9.896116E-01  0.000000E+00
  1.016475E+00  5.846792E-02  5.000000E-01  2.158664E-01  1.213049E-02  0.000000E+00  1.555987E-02 -6.238549E-04 -6.856303E-18 -1.033938E+00  0.000000E+00
  9.834318E-01  6.001977E-02  5.000000E-01  2.088488E-01  1.246006E-02  0.000000E+00  1.622182E-02 -8.621065E-04 -7.741535E-18 -1.073691E+00  0.000000E+00
  9.503976E-01  6.197162E-02  5.000000E-01  2.018331E-01  1.287459E-02  0.000000E+00  1.691312E-02 -1.065437E-03 -6.292670E-18 -1.104537E+00  0.000000E+00
  9.173728E-01  6.417678E-02  5.000000E-01  1.948195E-01  1.334291E-02  0.000000E+00  1.758406E-02 -1.207302E-03 -3.791822E-18 -1.124539E+00  0.000000E+00
  8.843598E-01  6.650047E-02  5.000000E-01  1.878083E-01  1.383640E-02  0.000000E+00  1.816561E-02 -1.280183E-03 -2.678544E-18 -1.134374E+00  0.000000E+00
  8.513623E-01  6.882400E-02  5.000000E-01  1.808005E-01  1.432986E-02  0.000000E+00  1.863047E-02 -1.284972E-03 -1.380502E-18 -1.135534E+00  0.000000E+00
  8.183794E-01  7.104680E-02  5.000000E-01  1.737957E-01  1.480193E-02  0.000000E+00  1.899157E-02 -1.228475E-03  3.388828E-19 -1.129615E+00  0.000000E+00
  7.854121E-01  7.308577E-02  5.000000E-01  1.667942E-01  1.523496E-02  0.000000E+00  1.927797E-02 -1.120469E-03  1.761564E-18 -1.118002E+00  0.000000E+00
  7.524593E-01  7.487405E-02  5.000000E-01  1.597959E-01  1.561475E-02  0.000000E+00  1.951405E-02 -9.706702E-04  2.544271E-18 -1.101800E+00  0.000000E+00
  7.195226E-01  7.635914E-02  5.000000E-01  1.528009E-01  1.593014E-02  0.000000E+00  1.971239E-02 -7.871811E-04  7.719058E-19 -1.081869E+00  0.000000E+00
  6.866079E-01  7.749963E-02  5.000000E-01  1.458107E-01  1.617236E-02  0.000000E+00  1.987609E-02 -5.763616E-04 -3.308930E-18 -1.058862E+00  0.000000E+00
  6.537221E-01  7.826306E-02  5.000000E-01  1.388265E-01  1.633449E-02  0.000000E+00  2.000269E-02 -3.436559E-04 -9.287891E-18 -1.033309E+00  0.000000E+00
  6.208691E-01  7.862468E-02  5.000000E-01  1.318494E-01  1.641129E-02  0.000000E+00  2.008732E-02 -9.431131E-05 -1.560526E-17 -1.005690E+00  0.000000E+00
  5.880524E-01  7.856661E-02  5.000000E-01  1.248799E-01  1.639896E-02  0.000000E+00  2.012471E-02  1.662913E-04 -2.110882E-17 -9.764810E-01  0.000000E+00
  5.552711E-01  7.807734E-02  5.000000E-01  1.179180E-01  1.629505E-02  0.000000E+00  2.011039E-02  4.326888E-04 -2.533665E-17 -9.461650E-01  0.000000E+00
  5.225283E-01  7.715108E-02  5.000000E-01  1.109642E-01  1.609833E-02  0.000000E+00  2.004146E-02  6.999613E-04 -2.769190E-17 -9.152089E-01  0.000000E+00
  4.898261E-01  7.578541E-02  5.000000E-01  1.040191E-01  1.580830E-02  0.000000E+00  1.991525E-02  9.633901E-04 -2.772747E-17 -8.841263E-01  0.000000E+00
  4.571624E-01  7.398215E-02  5.000000E-01  9.708208E-02  1.542533E-02  0.000000E+00  1.972844E-02  1.217964E-03 -2.471096E-17 -8.535456E-01  0.000000E+00
  4.245350E-01  7.174685E-02  5.000000E-01  9.015283E-02  1.495061E-02  0.000000E+00  1.947747E-02  1.458541E-03 -1.840152E-17 -8.242008E-01  0.000000E+00
  3.919369E-01  6.908910E-02  5.000000E-01  8.322980E-02  1.438617E-02  0.000000E+00  1.915894E-02  1.680544E-03 -1.004031E-17 -7.968185E-01  0.000000E+00
  3.593832E-01  6.602262E-02  5.000000E-01  7.631620E-02  1.373492E-02  0.000000E+00  1.876975E-02  1.881517E-03  1.637296E-18 -7.719032E-01  0.000000E+00
  3.269046E-01  6.256074E-02  5.000000E-01  6.941853E-02  1.299970E-02  0.000000E+00  1.830467E-02  2.061499E-03  2.093083E-17 -7.496743E-01  0.000000E+00
  2.945750E-01  5.871528E-02  5.000000E-01  6.255252E-02  1.218302E-02  0.000000E+00  1.775362E-02  2.220487E-03  4.216944E-17 -7.304166E-01  0.000000E+00
  2.624265E-01  5.448718E-02  5.000000E-01  5.572497E-02  1.128508E-02  0.000000E+00  1.710303E-02  2.352542E-03  2.222010E-17 -7.153384E-01  0.000000E+00
  2.304268E-01  4.988077E-02  5.000000E-01  4.892902E-02  1.030679E-02  0.000000E+00  1.635558E-02  2.449664E-03 -1.544024E-16 -7.068048E-01  0.000000E+00
  1.986088E-01  4.491840E-02  5.000000E-01  4.217166E-02  9.252902E-03  0.000000E+00  1.555097E-02  2.509969E-03 -6.290674E-16 -7.081835E-01  0.000000E+00
  1.669282E-01  3.961521E-02  5.000000E-01  3.544349E-02  8.126637E-03  0.000000E+00  1.475715E-02  2.530051E-03 -1.249251E-15 -7.246959E-01  0.000000E+00
  1.350509E-01  3.399902E-02  5.000000E-01  2.867354E-02  6.933896E-03  0.000000E+00  1.408787E-02  2.536704E-03 -8.429439E-16 -7.597392E-01  0.000000E+00
  1.043791E-01  2.835521E-02  5.000000E-01  2.215958E-02  5.735289E-03  0.000000E+00  1.367689E-02  2.612219E-03  3.271716E-15 -8.109478E-01  0.000000E+00
  7.632629E-02  2.279203E-02  5.000000E-01  1.620187E-02  4.553807E-03  0.000000E+00  1.346308E-02  2.769110E-03  1.291297E-14 -8.808718E-01  0.000000E+00
  5.118571E-02  1.739904E-02  5.000000E-01  1.086263E-02  3.408468E-03  0.000000E+00  1.320342E-02  2.956710E-03  1.966685E-14 -9.731972E-01  0.000000E+00
  3.264831E-02  1.307640E-02  5.000000E-01  6.925738E-03  2.490446E-03  0.000000E+00  1.293066E-02  3.246772E-03 -1.233693E-14 -1.074291E+00  0.000000E+00
  2.051015E-02  9.825457E-03  5.000000E-01  4.347892E-03  1.800025E-03  0.000000E+00  1.334720E-02  3.866846E-03 -1.559066E-13 -1.171204E+00  0.000000E+00
  1.247723E-02  7.315413E-03  5.000000E-01  2.641898E-03  1.266953E-03  0.000000E+00  1.675888E-02  5.659177E-03 -4.752303E-13 -1.265601E+00  0.000000E+00
  7.055255E-03  5.359854E-03  5.000000E-01  1.490404E-03  8.516406E-04  0.000000E+00  2.830046E-02  1.149795E-02 -7.977088E-13 -1.346192E+00  0.000000E+00
  3.418635E-03  3.789267E-03  5.000000E-01  7.180754E-04  5.180865E-04  0.000000E+00  5.317975E-02  2.781531E-02 -3.609130E-13 -1.358673E+00  0.000000E+00
  1.108798E-03  2.464249E-03  5.000000E-01  2.275226E-04  2.366853E-04  0.000000E+00  7.253472E-02  6.251036E-02  1.374153E-12 -1.139393E+00  0.000000E+00
  3.747479E-05  1.349782E-03  5.000000E-01  0.000000E+00  0.000000E+00  0.000000E+00  2.317441E-02  1.124714E-01  3.071405E-12 -9.450034E-02  0.000000E+00
  3.747479E-05  1.349782E-03  5.000000E-01  0.000000E+00  0.000000E+00  0.000000E+00  2.317441E-02  1.124714E-01  3.071405E-12 -9.450034E-02  0.000000E+00
  2.534065E-04  3.720161E-04  5.000000E-01  4.585858E-05 -2.076535E-04  0.000000E+00 -3.858246E-02  8.341240E-02  2.726612E-12  1.034231E+00  0.000000E+00
  1.848580E-03 -5.059621E-04  5.000000E-01  3.846342E-04 -3.941144E-04  0.000000E+00 -3.280990E-02  1.577616E-02  1.305986E-12  1.216449E+00  0.000000E+00
  4.867645E-03 -1.285797E-03  5.000000E-01  1.025809E-03 -5.597322E-04  0.000000E+00 -8.538972E-03  2.097272E-03  4.239179E-13  1.068715E+00  0.000000E+00
  9.380877E-03 -2.015632E-03  5.000000E-01  1.984309E-03 -7.147312E-04  0.000000E+00  4.788736E-03 -5.460432E-04 -1.103003E-14  9.913498E-01  0.000000E+00
  1.589077E-02 -2.743084E-03  5.000000E-01  3.366850E-03 -8.692242E-04  0.000000E+00  1.021541E-02 -9.355158E-04 -1.268664E-13  9.283312E-01  0.000000E+00
  2.547297E-02 -3.484562E-03  5.000000E-01  5.401873E-03 -1.026696E-03  0.000000E+00  1.153703E-02 -7.406093E-04 -9.410153E-14  8.606653E-01  0.000000E+00
  3.989163E-02 -4.222605E-03  5.000000E-01  8.464043E-03 -1.183438E-03  0.000000E+00  1.110704E-02 -4.714819E-04 -3.564767E-14  7.960345E-01  0.000000E+00
  6.092142E-02 -4.914506E-03  5.000000E-01  1.293025E-02 -1.330381E-03  0.000000E+00  1.028550E-02 -3.113123E-04 -1.422548E-15  7.437000E-01  0.000000E+00
  8.832839E-02 -5.659392E-03  5.000000E-01  1.875082E-02 -1.488576E-03  0.000000E+00  9.667697E-03 -2.800475E-04  6.846024E-15  7.071532E-01  0.000000E+00
  1.189914E-01 -6.605372E-03  5.000000E-01  2.526288E-02 -1.689479E-03  0.000000E+00  9.373239E-03 -3.291918E-04  4.155128E-15  6.823178E-01  0.000000E+00
  1.511926E-01 -7.879242E-03  5.000000E-01  3.210162E-02 -1.960018E-03  0.000000E+00  9.338881E-03 -4.215807E-04  1.024975E-15  6.639180E-01  0.000000E+00
  1.838450E-01 -9.539525E-03  5.000000E-01  3.903620E-02 -2.312621E-03  0.000000E+00  9.462882E-03 -5.332550E-04 -1.362237E-16  6.476326E-01  0.000000E+00
  2.165049E-01 -1.156276E-02  5.000000E-01  4.597235E-02 -2.742307E-03  0.000000E+00  9.653872E-03 -6.462419E-04 -2.179594E-16  6.313707E-01  0.000000E+00
  2.491496E-01 -1.391064E-02  5.000000E-01  5.290528E-02 -3.240937E-03  0.000000E+00  9.854818E-03 -7.566575E-04 -8.575765E-17  6.158685E-01  0.000000E+00
  2.819003E-01 -1.658233E-02  5.000000E-01  5.986073E-02 -3.808339E-03  0.000000E+00  1.004261E-02 -8.691906E-04 -1.075134E-17  6.020283E-01  0.000000E+00
  3.147601E-01 -1.958924E-02  5.000000E-01  6.683935E-02 -4.446933E-03  0.000000E+00  1.021526E-02 -9.876130E-04  7.652545E-18  5.893050E-01  0.000000E+00
  3.477303E-01 -2.294793E-02  5.000000E-01  7.384141E-02 -5.160236E-03  0.000000E+00  1.038151E-02 -1.113736E-03  4.594036E-18  5.766207E-01  0.000000E+00
  3.807756E-01 -2.667253E-02  5.000000E-01  8.085940E-02 -5.951250E-03  0.000000E+00  1.055249E-02 -1.246994E-03  1.168360E-18  5.630939E-01  0.000000E+00
  4.138291E-01 -3.075974E-02  5.000000E-01  8.787916E-02 -6.819272E-03  0.000000E+00  1.073637E-02 -1.384648E-03 -2.824520E-20  5.481432E-01  0.000000E+00
  4.468689E-01 -3.519680E-02  5.000000E-01  9.489600E-02 -7.761596E-03  0.000000E+00  1.093923E-02 -1.525436E-03 -1.634316E-18  5.316543E-01  0.000000E+00
  4.799091E-01 -3.997418E-02  5.000000E-01  1.019129E-01 -8.776194E-03  0.000000E+00  1.116732E-02 -1.670583E-03 -1.801156E-18  5.136966E-01  0.000000E+00
  5.129612E-01 -4.508361E-02  5.000000E-01  1.089324E-01 -9.861310E-03  0.000000E+00  1.142793E-02 -1.822098E-03 -2.441631E-18  4.941137E-01  0.000000E+00
  5.460360E-01 -5.051723E-02  5.000000E-01  1.159566E-01 -1.101528E-02  0.000000E+00  1.172956E-02 -1.981836E-03 -8.931635E-19  4.724969E-01  0.000000E+00
  5.791347E-01 -5.626380E-02  5.000000E-01  1.229860E-01 -1.223571E-02  0.000000E+00  1.208179E-02 -2.150980E-03  1.093839E-19  4.482881E-01  0.000000E+00
  6.122565E-01 -6.230610E-02  5.000000E-01  1.300203E-01 -1.351894E-02  0.000000E+00  1.249499E-02 -2.329929E-03  6.549930E-20  4.208639E-01  0.000000E+00
  6.454013E-01 -6.861968E-02  5.000000E-01  1.370594E-01 -1.485979E-02  0.000000E+00  1.298051E-02 -2.518478E-03  1.409137E-18  3.895672E-01  0.000000E+00
  6.785693E-01 -7.517144E-02  5.000000E-01  1.441035E-01 -1.625122E-02  0.000000E+00  1.355089E-02 -2.715369E-03  9.634799E-19  3.536453E-01  0.000000E+00
  7.117575E-01 -8.191628E-02  5.000000E-01  1.511518E-01 -1.768366E-02  0.000000E+00  1.422038E-02 -2.917168E-03  2.754761E-18  3.121639E-01  0.000000E+00
  7.449560E-01 -8.879132E-02  5.000000E-01  1.582024E-01 -1.914375E-02  0.000000E+00  1.500658E-02 -3.117537E-03  4.645265E-18  2.640277E-01  0.000000E+00
  7.781569E-01 -9.571394E-02  5.000000E-01  1.652534E-01 -2.061395E-02  0.000000E+00  1.593289E-02 -3.307116E-03  4.440654E-18  2.080803E-01  0.000000E+00
  8.113578E-01 -1.025810E-01  5.000000E-01  1.723045E-01 -2.207233E-02  0.000000E+00  1.702785E-02 -3.472228E-03  2.915706E-18  1.431433E-01  0.000000E+00
  8.445597E-01 -1.092664E-01  5.000000E-01  1.793557E-01 -2.349216E-02  0.000000E+00  1.831438E-02 -3.590572E-03  5.188503E-20  6.804057E-02  0.000000E+00
  8.777625E-01 -1.156189E-01  5.000000E-01  1.864072E-01 -2.484128E-02  0.000000E+00  1.978034E-02 -3.623400E-03 -1.763743E-18 -1.822619E-02  0.000000E+00
  9.109638E-01 -1.214586E-01  5.000000E-01  1.934584E-01 -2.608147E-02  0.000000E+00  2.132638E-02 -3.508334E-03 -4.022592E-19 -1.157955E-01  0.000000E+00
  9.441676E-01 -1.265793E-01  5.000000E-01  2.005100E-01 -2.716900E-02  0.000000E+00  2.269835E-02 -3.162159E-03 -6.840561E-20 -2.225504E-01  0.000000E+00
  9.773746E-01 -1.307504E-01  5.000000E-01  2.075624E-01 -2.805484E-02  0.000000E+00  2.345053E-02 -2.513445E-03 -1.315584E-18 -3.317763E-01  0.000000E+00
  1.010583E+00 -1.337222E-01  5.000000E-01  2.146150E-01 -2.868596E-02  0.000000E+00  2.308833E-02 -1.606933E-03 -2.026974E-18 -4.268303E-01  0.000000E+00
  1.043798E+00 -1.353460E-01  5.000000E-01  2.216690E-01 -2.903082E-02  0.000000E+00  2.141549E-02 -6.514944E-04 -3.448292E-18 -4.804411E-01  0.000000E+00
  1.077015E+00 -1.356558E-01  5.000000E-01  2.287236E-01 -2.909662E-02  0.000000E+00  1.870986E-02  1.407605E-04 -3.103924E-18 -4.694111E-01  0.000000E+00
  1.110238E+00 -1.347181E-01  5.000000E-01  2.357793E-01 -2.889747E-02  0.000000E+00  1.556439E-02  6.807357E-04 -1.696125E-18 -3.903266E-01  0.000000E+00
  1.143462E+00 -1.326161E-01  5.000000E-01  2.428353E-01 -2.845107E-02  0.000000E+00  1.251729E-02  9.712814E-04 -5.494161E-19 -2.634653E-01  0.000000E+00
  1.176693E+00 -1.294529E-01  5.000000E-01  2.498927E-01 -2.777927E-02  0.000000E+00  9.817050E-03  1.060873E-03 -8.869774E-19 -1.231853E-01  0.000000E+00
  1.209925E+00 -1.253522E-01  5.000000E-01  2.569505E-01 -2.690838E-02  0.000000E+00  7.474208E-03  1.002454E-03 -1.037458E-18  2.747269E-03  0.000000E+00
  1.243158E+00 -1.204582E-01  5.000000E-01  2.640083E-01 -2.586902E-02  0.000000E+00  5.423824E-03  8.413105E-04  8.681825E-19  1.062423E-01  0.000000E+00
  1.276395E+00 -1.149377E-01  5.000000E-01  2.710670E-01 -2.469661E-02  0.000000E+00  3.659428E-03  6.254423E-04  1.350009E-18  1.932924E-01  0.000000E+00
  1.309630E+00 -1.089806E-01  5.000000E-01  2.781253E-01 -2.343146E-02  0.000000E+00  2.223262E-03  4.033384E-04 -1.061467E-18  2.702908E-01  0.000000E+00
  1.342868E+00 -1.027968E-01  5.000000E-01  2.851842E-01 -2.211817E-02  0.000000E+00  1.143234E-03  2.130106E-04 -2.644561E-18  3.378187E-01  0.000000E+00
  1.376108E+00 -9.661896E-02  5.000000E-01  2.922435E-01 -2.080615E-02  0.000000E+00  3.961945E-04  7.385846E-05 -3.094735E-18  3.936472E-01  0.000000E+00
  1.409347E+00 -9.069747E-02  5.000000E-01  2.993027E-01 -1.954857E-02  0.000000E+00 -7.875344E-05 -1.173662E-05 -3.870895E-18  4.372300E-01  0.000000E+00
  1.442589E+00 -8.529779E-02  5.000000E-01  3.063624E-01 -1.840181E-02  0.000000E+00 -3.480051E-04 -5.130351E-05 -2.662929E-18  4.707337E-01  0.000000E+00
  1.475831E+00 -8.069804E-02  5.000000E-01  3.134222E-01 -1.742494E-02  0.000000E+00 -4.607254E-04 -5.608193E-05 -1.108871E-19  4.974670E-01  0.000000E+00
  1.509072E+00 -7.718256E-02  5.000000E-01  3.204818E-01 -1.667834E-02  0.000000E+00 -4.418880E-04 -3.883132E-05  1.043832E-18  5.203340E-01  0.000000E+00
  1.542314E+00 -7.503690E-02  5.000000E-01  3.275416E-01 -1.622265E-02  0.000000E+00 -2.953027E-04 -1.483837E-05  4.447536E-19  5.411677E-01  0.000000E+00
  1.575558E+00 -7.454259E-02  5.000000E-01  3.346018E-01 -1.611767E-02  0.000000E+00 -1.109844E-05 -4.716967E-06 -5.020245E-19  5.599467E-01  0.000000E+00
  1.608800E+00 -7.583813E-02  5.000000E-01  3.416615E-01 -1.639281E-02  0.000000E+00  4.246402E-04 -3.319017E-05 -5.854102E-19  5.742484E-01  0.000000E+00
  1.642044E+00 -7.878136E-02  5.000000E-01  3.487219E-01 -1.701788E-02  0.000000E+00  1.024504E-03 -1.208146E-04 -3.504052E-19  5.814305E-01  0.000000E+00
  1.675286E+00 -8.319310E-02  5.000000E-01  3.557815E-01 -1.795483E-02  0.000000E+00  1.800265E-03 -2.821735E-04  1.262685E-18  5.801830E-01  0.000000E+00
  1.708526E+00 -8.889332E-02  5.000000E-01  3.628410E-01 -1.916541E-02  0.000000E+00  2.760347E-03 -5.279632E-04  1.115257E-18  5.696247E-01  0.000000E+00
  1.741762E+00 -9.569977E-02  5.000000E-01  3.698995E-01 -2.061094E-02  0.000000E+00  3.903026E-03 -8.619233E-04 -4.274855E-18  5.490499E-01  0.000000E+00
  1.774995E+00 -1.034289E-01  5.000000E-01  3.769573E-01 -2.225241E-02  0.000000E+00  5.212996E-03 -1.278042E-03 -3.247542E-18  5.182386E-01  0.000000E+00
  1.808227E+00 -1.118980E-01  5.000000E-01  3.840149E-01 -2.405104E-02  0.000000E+00  6.664656E-03 -1.760229E-03 -1.226948E-18  4.773950E-01  0.000000E+00
  1.841453E+00 -1.209205E-01  5.000000E-01  3.910714E-01 -2.596720E-02  0.000000E+00  8.229938E-03 -2.284644E-03 -7.309171E-19  4.268231E-01  0.000000E+00
  1.874678E+00 -1.303115E-01  5.000000E-01  3.981276E-01 -2.796162E-02  0.000000E+00  9.885383E-03 -2.823009E-03  4.077529E-18  3.667706E-01  0.000000E+00
  1.907900E+00 -1.398837E-01  5.000000E-01  4.051830E-01 -2.999451E-02  0.000000E+00  1.161364E-02 -3.344463E-03  2.943519E-18  2.974074E-01  0.000000E+00
  1.941118E+00 -1.494491E-01  5.000000E-01  4.122377E-01 -3.202596E-02  0.000000E+00  1.339722E-02 -3.815025E-03  5.017565E-18  2.188540E-01  0.000000E+00
  1.974334E+00 -1.588196E-01  5.000000E-01  4.192919E-01 -3.401604E-02  0.000000E+00  1.520610E-02 -4.195618E-03  6.332966E-18  1.312552E-01  0.000000E+00
  2.007549E+00 -1.678072E-01  5.000000E-01  4.263460E-01 -3.592478E-02  0.000000E+00  1.698445E-02 -4.440171E-03  7.464254E-18  3.508752E-02  0.000000E+00
  2.040760E+00 -1.762213E-01  5.000000E-01  4.333992E-01 -3.771174E-02  0.000000E+00  1.864382E-02 -4.497838E-03  1.108814E-17 -6.839355E-02  0.000000E+00
  2.073970E+00 -1.838725E-01  5.000000E-01  4.404522E-01 -3.933665E-02  0.000000E+00  2.007441E-02 -4.326534E-03  9.139302E-18 -1.767298E-01  0.000000E+00
  2.107177E+00 -1.905741E-01  5.000000E-01  4.475045E-01 -4.075991E-02  0.000000E+00  2.120388E-02 -3.943813E-03  6.084633E-18 -2.843377E-01  0.000000E+00
  2.140379E+00 -1.962500E-01  5.000000E-01  4.545558E-01 -4.196534E-02  0.000000E+00  2.203894E-02 -3.438922E-03  5.156520E-18 -3.835141E-01  0.000000E+00
  2.173577E+00 -2.009527E-01  5.000000E-01  4.616063E-01 -4.296408E-02  0.000000E+00  2.261371E-02 -2.886775E-03  5.186570E-18 -4.706778E-01  0.000000E+00
  2.206768E+00 -2.047401E-01  5.000000E-01  4.686553E-01 -4.376842E-02  0.000000E+00  2.295787E-02 -2.319589E-03  3.949899E-18 -5.469340E-01  0.000000E+00
  2.239954E+00 -2.076708E-01  5.000000E-01  4.757033E-01 -4.439084E-02  0.000000E+00  2.311043E-02 -1.760101E-03  3.835664E-18 -6.141566E-01  0.000000E+00
  2.273134E+00 -2.098029E-01  5.000000E-01  4.827498E-01 -4.484364E-02  0.000000E+00  2.311421E-02 -1.225544E-03  3.826013E-18 -6.737638E-01  0.000000E+00
  2.306309E+00 -2.111951E-01  5.000000E-01  4.897953E-01 -4.513930E-02  0.000000E+00  2.300665E-02 -7.275214E-04  2.968917E-18 -7.266045E-01  0.000000E+00
  2.339476E+00 -2.119054E-01  5.000000E-01  4.968391E-01 -4.529015E-02  0.000000E+00  2.281537E-02 -2.729176E-04  7.064957E-19 -7.731569E-01  0.000000E+00
  2.372638E+00 -2.119920E-01  5.000000E-01  5.038821E-01 -4.530855E-02  0.000000E+00  2.256141E-02  1.332989E-04 -2.323784E-18 -8.136183E-01  0.000000E+00
  2.405805E+00 -2.115163E-01  5.000000E-01  5.109258E-01 -4.520751E-02  0.000000E+00  2.226107E-02  4.875410E-04 -4.318919E-18 -8.480627E-01  0.000000E+00
  2.438976E+00 -2.105418E-01  5.000000E-01  5.179706E-01 -4.500056E-02  0.000000E+00  2.192281E-02  7.887198E-04 -4.386347E-18 -8.766291E-01  0.000000E+00
  2.472150E+00 -2.091321E-01  5.000000E-01  5.250159E-01 -4.470118E-02  0.000000E+00  2.154809E-02  1.036959E-03 -2.571348E-18 -8.994592E-01  0.000000E+00
  2.505329E+00 -2.073514E-01  5.000000E-01  5.320624E-01 -4.432300E-02  0.000000E+00  2.113595E-02  1.232557E-03  8.254094E-20 -9.166114E-01  0.000000E+00
  2.538512E+00 -2.052649E-01  5.000000E-01  5.391097E-01 -4.387988E-02  0.000000E+00  2.068940E-02  1.376794E-03  2.402818E-18 -9.281384E-01  0.000000E+00
  2.571700E+00 -2.029374E-01  5.000000E-01  5.461579E-01 -4.338556E-02  0.000000E+00  2.022714E-02  1.472339E-03  5.481281E-18 -9.341924E-01  0.000000E+00
  2.604894E+00 -2.004354E-01  5.000000E-01  5.532074E-01 -4.285421E-02  0.000000E+00  1.979200E-02  1.526001E-03  7.841738E-18 -9.353346E-01  0.000000E+00
  2.638090E+00 -1.978224E-01  5.000000E-01  5.602574E-01 -4.229927E-02  0.000000E+00  1.944521E-02  1.554899E-03  9.308153E-18 -9.331015E-01  0.000000E+00
  2.671292E+00 -1.951320E-01  5.000000E-01  5.673087E-01 -4.172791E-02  0.000000E+00  1.926715E-02  1.581630E-03  1.045251E-17 -9.295524E-01  0.000000E+00
  2.704497E+00 -1.923778E-01  5.000000E-01  5.743607E-01 -4.114298E-02  0.000000E+00  1.933536E-02  1.620673E-03  9.453368E-18 -9.260892E-01  0.000000E+00
  2.737708E+00 -1.895730E-01  5.000000E-01  5.814140E-01 -4.054731E-02  0.000000E+00  1.960440E-02  1.670136E-03  7.814388E-18 -9.231115E-01  0.000000E+00
  2.770923E+00 -1.867305E-01  5.000000E-01  5.884679E-01 -3.994363E-02  0.000000E+00  1.971593E-02  1.699470E-03  6.813654E-18 -9.193847E-01  0.000000E+00
  2.804143E+00 -1.838627E-01  5.000000E-01  5.955230E-01 -3.933457E-02  0.000000E+00  1.892558E-02  1.641266E-03  7.059601E-18 -9.097608E-01  0.000000E+00
  2.837367E+00 -1.809821E-01  5.000000E-01  6.025790E-01 -3.872280E-02  0.000000E+00  1.645079E-02  1.424926E-03  6.914406E-18 -8.819884E-01  0.000000E+00
  2.870594E+00 -1.781003E-01  5.000000E-01  6.096356E-01 -3.811078E-02  0.000000E+00  1.224317E-02  1.051454E-03  5.894163E-18 -8.175244E-01  0.000000E+00
  2.903823E+00 -1.752283E-01  5.000000E-01  6.166926E-01 -3.750085E-02  0.000000E+00  7.394112E-03  6.285029E-04  4.394895E-18 -7.031381E-01  0.000000E+00
  2.937051E+00 -1.723748E-01  5.000000E-01  6.237495E-01 -3.689483E-02  0.000000E+00  3.356370E-03  2.854671E-04  1.916695E-18 -5.476284E-01  0.000000E+00
  2.970283E+00 -1.695490E-01  5.000000E-01  6.308072E-01 -3.629470E-02  0.000000E+00  8.738981E-04  7.973961E-05  8.497517E-19 -3.840988E-01  0.000000E+00
  3.003515E+00 -1.667593E-01  5.000000E-01  6.378648E-01 -3.570224E-02  0.000000E+00 -1.812807E-04 -6.967035E-06  7.645940E-19 -2.504383E-01  0.000000E+00
  3.036751E+00 -1.640131E-01  5.000000E-01  6.449232E-01 -3.511900E-02  0.000000E+00 -3.183610E-04 -2.171053E-05  1.322913E-19 -1.655728E-01  0.000000E+00
  3.069988E+00 -1.613176E-01  5.000000E-01  6.519819E-01 -3.454654E-02  0.000000E+00  3.651621E-06 -5.429008E-07  1.019695E-19 -1.222578E-01  0.000000E+00
  3.103226E+00 -1.586777E-01  5.000000E-01  6.590409E-01 -3.398590E-02  0.000000E+00  5.031162E-04  3.622816E-05  1.625625E-19 -9.949417E-02  0.000000E+00
  3.136469E+00 -1.560988E-01  5.000000E-01  6.661009E-01 -3.343821E-02  0.000000E+00  1.058099E-03  7.880972E-05  1.248692E-19 -8.046518E-02  0.000000E+00
  3.169712E+00 -1.535833E-01  5.000000E-01  6.731610E-01 -3.290398E-02  0.000000E+00  1.636290E-03  1.219105E-04  7.224111E-19 -6.029036E-02  0.000000E+00
  3.202960E+00 -1.511304E-01  5.000000E-01  6.802220E-01 -3.238305E-02  0.000000E+00  2.230424E-03  1.629961E-04  8.994268E-19 -4.169634E-02  0.000000E+00
  3.236210E+00 -1.487377E-01  5.000000E-01  6.872834E-01 -3.187490E-02  0.000000E+00  2.828559E-03  2.012851E-04  5.618503E-19 -2.773497E-02  0.000000E+00
  3.269464E+00 -1.464031E-01  5.000000E-01  6.943459E-01 -3.137909E-02  0.000000E+00  3.414803E-03  2.367015E-04 -2.508242E-19 -1.869617E-02  0.000000E+00
  3.302721E+00 -1.441238E-01  5.000000E-01  7.014088E-01 -3.089500E-02  0.000000E+00  3.977259E-03  2.691757E-04 -1.866941E-19 -1.316389E-02  0.000000E+00
  3.335981E+00 -1.418962E-01  5.000000E-01  7.084724E-01 -3.042192E-02  0.000000E+00  4.510613E-03  2.985040E-04  4.537819E-19 -9.762174E-03  0.000000E+00
  3.369247E+00 -1.397176E-01  5.000000E-01  7.155372E-01 -2.995924E-02  0.000000E+00  5.014102E-03  3.246312E-04  1.709316E-19 -7.799654E-03  0.000000E+00
  3.402518E+00 -1.375873E-01  5.000000E-01  7.226032E-01 -2.950682E-02  0.000000E+00  5.488475E-03  3.476497E-04 -1.185866E-18 -7.179239E-03  0.000000E+00
  3.435792E+00 -1.355028E-01  5.000000E-01  7.296698E-01 -2.906412E-02  0.000000E+00  5.935258E-03  3.677177E-04 -1.579302E-18 -7.872257E-03  0.000000E+00
  3.469073E+00 -1.334639E-01  5.000000E-01  7.367378E-01 -2.863111E-02  0.000000E+00  6.357446E-03  3.851451E-04 -2.073962E-19 -9.672973E-03  0.000000E+00
  3.502353E+00 -1.314705E-01  5.000000E-01  7.438057E-01 -2.820777E-02  0.000000E+00  6.759621E-03  4.001314E-04  5.454489E-19 -1.242428E-02  0.000000E+00
  3.535630E+00 -1.295245E-01  5.000000E-01  7.508728E-01 -2.779448E-02  0.000000E+00  7.148381E-03  4.128139E-04  7.868565E-19 -1.609947E-02  0.000000E+00
  3.568904E+00 -1.276279E-01  5.000000E-01  7.579395E-01 -2.739169E-02  0.000000E+00  7.533197E-03  4.236438E-04  6.624520E-19 -2.078597E-02  0.000000E+00
  3.602176E+00 -1.257828E-01  5.000000E-01  7.650056E-01 -2.699983E-02  0.000000E+00  7.927040E-03  4.332360E-04  4.661261E-20 -2.664273E-02  0.000000E+00
  3.635446E+00 -1.239922E-01  5.000000E-01  7.720714E-01 -2.661955E-02  0.000000E+00  8.344855E-03  4.419015E-04 -2.979333E-19 -3.395841E-02  0.000000E+00
  3.668713E+00 -1.222602E-01  5.000000E-01  7.791364E-01 -2.625173E-02  0.000000E+00  8.799896E-03  4.493296E-04 -8.666850E-19 -4.303189E-02  0.000000E+00
  3.701976E+00 -1.205948E-01  5.000000E-01  7.862008E-01 -2.589803E-02  0.000000E+00  9.295821E-03  4.570066E-04 -1.369623E-18 -5.418799E-02  0.000000E+00
  3.735241E+00 -1.189920E-01  5.000000E-01  7.932654E-01 -2.555763E-02  0.000000E+00  9.813706E-03  4.742290E-04 -1.099559E-18 -6.832519E-02  0.000000E+00
  3.768500E+00 -1.173866E-01  5.000000E-01  8.003288E-01 -2.521669E-02  0.000000E+00  1.031654E-02  5.118677E-04 -8.291086E-19 -8.558813E-02  0.000000E+00
  3.801751E+00 -1.156981E-01  5.000000E-01  8.073904E-01 -2.485808E-02  0.000000E+00  1.076691E-02  5.719055E-04  2.889536E-20 -1.041762E-01  0.000000E+00
  3.834989E+00 -1.138600E-01  5.000000E-01  8.144494E-01 -2.446773E-02  0.000000E+00  1.113424E-02  6.493896E-04  2.114633E-18 -1.217233E-01  0.000000E+00
  3.868211E+00 -1.118270E-01  5.000000E-01  8.215050E-01 -2.403595E-02  0.000000E+00  1.139671E-02  7.379359E-04  3.077943E-18 -1.365115E-01  0.000000E+00
  3.901422E+00 -1.095633E-01  5.000000E-01  8.285581E-01 -2.355521E-02  0.000000E+00  1.154408E-02  8.314095E-04  3.149289E-18 -1.475142E-01  0.000000E+00
  3.934617E+00 -1.070482E-01  5.000000E-01  8.356079E-01 -2.302107E-02  0.000000E+00  1.157745E-02  9.237484E-04  4.013435E-18 -1.541764E-01  0.000000E+00
  3.967800E+00 -1.042701E-01  5.000000E-01  8.426551E-01 -2.243106E-02  0.000000E+00  1.150486E-02  1.010053E-03  3.831371E-18 -1.563805E-01  0.000000E+00
  4.000972E+00 -1.012245E-01  5.000000E-01  8.497000E-01 -2.178425E-02  0.000000E+00  1.133778E-02  1.086960E-03  2.337564E-18 -1.542193E-01  0.000000E+00
  4.034139E+00 -9.791096E-02  5.000000E-01  8.567439E-01 -2.108054E-02  0.000000E+00  1.108664E-02  1.153205E-03  1.957270E-19 -1.479776E-01  0.000000E+00
  4.067311E+00 -9.432403E-02  5.000000E-01  8.637889E-01 -2.031876E-02  0.000000E+00  1.075877E-02  1.208050E-03 -1.610721E-19 -1.379947E-01  0.000000E+00
  4.100488E+00 -9.045961E-02  5.000000E-01  8.708347E-01 -1.949806E-02  0.000000E+00  1.035949E-02  1.249729E-03  1.396871E-19 -1.244472E-01  0.000000E+00
  4.133669E+00 -8.631614E-02  5.000000E-01  8.778817E-01 -1.861809E-02  0.000000E+00  9.891926E-03  1.276438E-03  2.593836E-20 -1.075005E-01  0.000000E+00
  4.166856E+00 -8.189130E-02  5.000000E-01  8.849299E-01 -1.767836E-02  0.000000E+00  9.359007E-03  1.286702E-03  4.827925E-20 -8.735656E-02  0.000000E+00
  4.200049E+00 -7.718449E-02  5.000000E-01  8.919792E-01 -1.667875E-02  0.000000E+00  8.766911E-03  1.279662E-03 -1.133770E-18 -6.429592E-02  0.000000E+00
  4.233242E+00 -7.219416E-02  5.000000E-01  8.990285E-01 -1.561892E-02  0.000000E+00  8.129967E-03  1.254225E-03 -1.283820E-18 -3.859018E-02  0.000000E+00
  4.266405E+00 -6.693879E-02  5.000000E-01  9.060714E-01 -1.450281E-02  0.000000E+00  7.473264E-03  1.208678E-03  6.392727E-19 -1.050933E-02  0.000000E+00
  4.299502E+00 -6.146872E-02  5.000000E-01  9.131006E-01 -1.334111E-02  0.000000E+00  6.827652E-03  1.143680E-03  2.457708E-18  1.927484E-02  0.000000E+00
  4.332522E+00 -5.585870E-02  5.000000E-01  9.201131E-01 -1.214967E-02  0.000000E+00  6.220483E-03  1.064768E-03  6.337495E-19  4.938724E-02  0.000000E+00
  4.365472E+00 -5.017645E-02  5.000000E-01  9.271109E-01 -1.094290E-02  0.000000E+00  5.671169E-03  9.795185E-04 -3.216303E-19  7.835598E-02  0.000000E+00
  4.398350E+00 -4.449179E-02  5.000000E-01  9.340934E-01 -9.735622E-03  0.000000E+00  5.192827E-03  8.937611E-04  9.759709E-19  1.053483E-01  0.000000E+00
  4.431155E+00 -3.887546E-02  5.000000E-01  9.410604E-01 -8.542853E-03  0.000000E+00  4.793450E-03  8.111616E-04  4.298622E-19  1.301305E-01  0.000000E+00
  4.463888E+00 -3.340789E-02  5.000000E-01  9.480121E-01 -7.381675E-03  0.000000E+00  4.472378E-03  7.339635E-04 -7.765277E-19  1.524951E-01  0.000000E+00
  4.496579E+00 -2.814772E-02  5.000000E-01  9.549549E-01 -6.264544E-03  0.000000E+00  4.215164E-03  6.628154E-04 -2.688612E-19  1.722725E-01  0.000000E+00
  4.529252E+00 -2.313517E-02  5.000000E-01  9.618938E-01 -5.200002E-03  0.000000E+00  3.990022E-03  5.965480E-04 -6.387426E-20  1.897013E-01  0.000000E+00
  4.561929E+00 -1.838554E-02  5.000000E-01  9.688336E-01 -4.191297E-03  0.000000E+00  3.744018E-03  5.300787E-04 -2.423769E-19  2.043383E-01  0.000000E+00
  4.594574E+00 -1.392720E-02  5.000000E-01  9.757665E-01 -3.244455E-03  0.000000E+00  3.418255E-03  4.504211E-04 -1.195255E-19  2.156927E-01  0.000000E+00
  4.627203E+00 -9.788092E-03  5.000000E-01  9.826961E-01 -2.365410E-03  0.000000E+00  3.011641E-03  3.561100E-04 -1.323904E-18  2.306961E-01  0.000000E+00
  4.659162E+00 -6.082260E-03  5.000000E-01  9.894835E-01 -1.578383E-03  0.000000E+00  2.595028E-03  2.886738E-04 -5.863830E-19  2.526419E-01  0.000000E+00
  4.689251E+00 -2.955235E-03  5.000000E-01  9.958736E-01 -9.142797E-04  0.000000E+00  2.122158E-03  2.427768E-04  3.536675E-18  2.299561E-01  0.000000E+00
  4.708680E+00 -1.149682E-03  5.000000E-01  9.999999E-01 -5.308246E-04  0.000000E+00  1.498744E-03  1.220546E-04  4.049205E-18  1.178939E-01  0.000000E+00
    1    2
    2    3
    3    4
    4    5
    5    6
    6    7
    7    8
    8    9
    9   10
   10   11
   11   12
   12   13
   13   14
   14   15
   15   16
   16   17
   17   18
   18   19
   19   20
   20   21
   21   22
   22   23
   23   24
   24   25
   25   26
   26   27
   27   28
   28   29
   29   30
   30   31
   31   32
   32   33
   33   34
   34   35
   35   36
   36   37
   37   38
   38   39
   39   40
   40   41
   41   42
   42   43
   43   44
   44   45
   45   46
   46   47
   47   48
   48   49
   49   50
   50   51
   51   52
   52   53
   53   54
   54   55
   55   56
   56   57
   57   58
   58   59
   59   60
   60   61
   61   62
   62   63
   63   64
   64   65
   65   66
   66   67
   67   68
   68   69
   69   70
   70   71
   71   72
   72   73
   73   74
   74   75
   75   76
   76   77
   77   78
   78   79
   79   80
   80   81
   81   82
   82   83
   83   84
   84   85
   85   86
   86   87
   87   88
   88   89
   89   90
   90   91
   91   92
   92   93
   93   94
   94   95
   95   96
   96   97
   97   98
   98   99
   99  100
  100  101
  101  102
  102  103
  103  104
  104  105
  105  106
  106  107
  107  108
  108  109
  109  110
  110  111
  111  112
  112  113
  113  114
  114  115
  115  116
  116  117
  117  118
  118  119
  119  120
  120  121
  121  122
  122  123
  123  124
  124  125
  125  126
  126  127
  127  128
  128  129
  129  130
  130  131
  131  132
  132  133
  133  134
  134  135
  135  136
  136  137
  137  138
  138  139
  139  140
  140  141
  141  142
  142  143
  143  144
  144  145
  145  146
  146  147
  147  148
  148  149
  149  150
  151  152
  152  153
  153  154
  154  155
  155  156
  156  157
  157  158
  158  159
  159  160
  160  161
  161  162
  162  163
  163  164
  164  165
  165  166
  166  167
  167  168
  168  169
  169  170
  170  171
  171  172
  172  173
  173  174
  174  175
  175  176
  176  177
  177  178
  178  179
  179  180
  180  181
  181  182
  182  183
  183  184
  184  185
  185  186
  186  187
  187  188
  188  189
  189  190
  190  191
  191  192
  192  193
  193  194
  194  195
  195  196
  196  197
  197  198
  198  199
  199  200
  200  201
  201  202
  202  203
  203  204
  204  205
  205  206
  206  207
  207  208
  208  209
  209  210
  210  211
  211  212
  212  213
  213  214
  214  215
  215  216
  216  217
  217  218
  218  219
  219  220
  220  221
  221  222
  222  223
  223  224
  224  225
  225  226
  226  227
  227  228
  228  229
  229  230
  230  231
  231  232
  232  233
  233  234
  234  235
  235  236
  236  237
  237  238
  238  239
  239  240
  240  241
  241  242
  242  243
  243  244
  244  245
  245  246
  246  247
  247  248
  248  249
  249  250
  250  251
  251  252
  252  253
  253  254
  254  255
  255  256
  256  257
  257  258
  258  259
  259  260
  260  261
  261  262
  262  263
  263  264
  264  265
  265  266
  266  267
  267  268
  268  269
  269  270
  270  271
  271  272
  272  273
  273  274
  274  275
  275  276
  276  277
  277  278
  278  279
  279  280
  280  281
  281  282
  282  283
  283  284
  284  285
  285  286
  286  287
  287  288
  288  289
  289  290
  290  291
  291  292
  292  293
  293  294
  294  295
  295  296
  296  297
  297  298
  298  299
  299  300
