 Title = "ADflow Slice Data"
Variables =  "CoordinateX"  "CoordinateY"  "CoordinateZ"  "XoC"  "YoC"  "ZoC" "VelocityX" "VelocityY" "VelocityZ" "CoefPressure" "Mach" 
Zone T= "Slice_0001 None Absolute Regular z = 0.50000000"
 Nodes =          300  Elements=          298  ZONETYPE=FELINESEG
 DATAPACKING=POINT
  4.708680E+00 -5.286873E-04  5.000000E-01  9.999999E-01 -3.194806E-04  0.000000E+00  2.038026E-03 -9.470857E-05  5.187830E-18  1.668863E-01  0.000000E+00
  4.689187E+00  2.842965E-03  5.000000E-01  9.958601E-01  3.965754E-04  0.000000E+00  1.405934E-03 -2.034464E-04  4.063484E-19  8.862643E-02  0.000000E+00
  4.658673E+00  8.123589E-03  5.000000E-01  9.893797E-01  1.518050E-03  0.000000E+00  1.081856E-03 -2.088933E-04 -4.254982E-19  1.109679E-01  0.000000E+00
  4.626256E+00  1.371750E-02  5.000000E-01  9.824952E-01  2.706059E-03  0.000000E+00  9.001501E-04 -1.567745E-04  1.246658E-18  1.054084E-01  0.000000E+00
  4.593146E+00  1.939386E-02  5.000000E-01  9.754635E-01  3.911579E-03  0.000000E+00  8.595494E-04 -1.410415E-04 -8.948666E-20  8.419342E-02  0.000000E+00
  4.560031E+00  2.501682E-02  5.000000E-01  9.684306E-01  5.105758E-03  0.000000E+00  9.571717E-04 -1.612993E-04 -2.037532E-18  6.820144E-02  0.000000E+00
  4.526891E+00  3.057580E-02  5.000000E-01  9.613923E-01  6.286349E-03  0.000000E+00  1.147829E-03 -1.922973E-04  1.140274E-18  5.377060E-02  0.000000E+00
  4.493752E+00  3.605377E-02  5.000000E-01  9.543545E-01  7.449734E-03  0.000000E+00  1.397945E-03 -2.289206E-04  2.570333E-18  3.654261E-02  0.000000E+00
  4.460612E+00  4.143728E-02  5.000000E-01  9.473164E-01  8.593060E-03  0.000000E+00  1.686679E-03 -2.708198E-04  1.752530E-18  1.750800E-02  0.000000E+00
  4.427470E+00  4.671508E-02  5.000000E-01  9.402779E-01  9.713934E-03  0.000000E+00  1.993477E-03 -3.135017E-04  6.881978E-19 -2.254873E-03  0.000000E+00
  4.394325E+00  5.187146E-02  5.000000E-01  9.332387E-01  1.080902E-02  0.000000E+00  2.301967E-03 -3.532109E-04 -6.101292E-19 -2.266181E-02  0.000000E+00
  4.361178E+00  5.689405E-02  5.000000E-01  9.261991E-01  1.187570E-02  0.000000E+00  2.604603E-03 -3.885775E-04  5.873754E-19 -4.373039E-02  0.000000E+00
  4.328027E+00  6.176881E-02  5.000000E-01  9.191586E-01  1.291098E-02  0.000000E+00  2.900337E-03 -4.190816E-04  4.270967E-21 -6.535216E-02  0.000000E+00
  4.294876E+00  6.648042E-02  5.000000E-01  9.121181E-01  1.391161E-02  0.000000E+00  3.189772E-03 -4.445052E-04 -2.153213E-19 -8.723456E-02  0.000000E+00
  4.261727E+00  7.101631E-02  5.000000E-01  9.050782E-01  1.487492E-02  0.000000E+00  3.470884E-03 -4.646009E-04  2.474381E-19 -1.088809E-01  0.000000E+00
  4.228582E+00  7.536465E-02  5.000000E-01  8.980388E-01  1.579840E-02  0.000000E+00  3.736697E-03 -4.783726E-04  3.508929E-19 -1.300757E-01  0.000000E+00
  4.195443E+00  7.951131E-02  5.000000E-01  8.910010E-01  1.667905E-02  0.000000E+00  3.975876E-03 -4.846197E-04  3.933449E-19 -1.513918E-01  0.000000E+00
  4.162308E+00  8.344158E-02  5.000000E-01  8.839639E-01  1.751374E-02  0.000000E+00  4.174652E-03 -4.818059E-04  1.884011E-19 -1.741652E-01  0.000000E+00
  4.129179E+00  8.714387E-02  5.000000E-01  8.769281E-01  1.830002E-02  0.000000E+00  4.318100E-03 -4.674804E-04  2.742132E-19 -1.984621E-01  0.000000E+00
  4.096054E+00  9.060516E-02  5.000000E-01  8.698932E-01  1.903511E-02  0.000000E+00  4.387336E-03 -4.400216E-04 -2.217159E-19 -2.201749E-01  0.000000E+00
  4.062934E+00  9.381559E-02  5.000000E-01  8.628593E-01  1.971692E-02  0.000000E+00  4.357579E-03 -4.011606E-04 -2.406999E-20 -2.327304E-01  0.000000E+00
  4.029817E+00  9.676578E-02  5.000000E-01  8.558262E-01  2.034347E-02  0.000000E+00  4.218845E-03 -3.568199E-04 -3.687277E-20 -2.361845E-01  0.000000E+00
  3.996705E+00  9.944885E-02  5.000000E-01  8.487940E-01  2.091329E-02  0.000000E+00  4.033604E-03 -3.148878E-04  1.209504E-19 -2.460707E-01  0.000000E+00
  3.963594E+00  1.018621E-01  5.000000E-01  8.417620E-01  2.142581E-02  0.000000E+00  4.005228E-03 -2.840944E-04  4.064464E-19 -2.874375E-01  0.000000E+00
  3.930486E+00  1.040072E-01  5.000000E-01  8.347306E-01  2.188137E-02  0.000000E+00  4.488641E-03 -2.764043E-04  3.247606E-19 -3.725627E-01  0.000000E+00
  3.897377E+00  1.058893E-01  5.000000E-01  8.276991E-01  2.228109E-02  0.000000E+00  5.861299E-03 -3.049832E-04  4.146128E-19 -4.854369E-01  0.000000E+00
  3.864269E+00  1.075218E-01  5.000000E-01  8.206677E-01  2.262779E-02  0.000000E+00  8.203554E-03 -3.639829E-04  1.439907E-18 -5.928005E-01  0.000000E+00
  3.831161E+00  1.089220E-01  5.000000E-01  8.136366E-01  2.292515E-02  0.000000E+00  1.104893E-02 -4.231437E-04  1.650398E-18 -6.688007E-01  0.000000E+00
  3.798054E+00  1.101170E-01  5.000000E-01  8.066053E-01  2.317895E-02  0.000000E+00  1.356592E-02 -4.512033E-04  4.827575E-19 -7.078977E-01  0.000000E+00
  3.764948E+00  1.111418E-01  5.000000E-01  7.995744E-01  2.339658E-02  0.000000E+00  1.511906E-02 -4.407007E-04 -3.356821E-19 -7.198534E-01  0.000000E+00
  3.731842E+00  1.120404E-01  5.000000E-01  7.925435E-01  2.358743E-02  0.000000E+00  1.564981E-02 -4.109613E-04 -5.977441E-19 -7.181865E-01  0.000000E+00
  3.698737E+00  1.128673E-01  5.000000E-01  7.855130E-01  2.376304E-02  0.000000E+00  1.552928E-02 -3.826915E-04 -8.984917E-19 -7.124611E-01  0.000000E+00
  3.665634E+00  1.136625E-01  5.000000E-01  7.784827E-01  2.393192E-02  0.000000E+00  1.519231E-02 -3.608727E-04 -8.949644E-19 -7.068961E-01  0.000000E+00
  3.632534E+00  1.144337E-01  5.000000E-01  7.714529E-01  2.409571E-02  0.000000E+00  1.490436E-02 -3.437522E-04 -5.208046E-19 -7.027806E-01  0.000000E+00
  3.599434E+00  1.151840E-01  5.000000E-01  7.644234E-01  2.425506E-02  0.000000E+00  1.474640E-02 -3.313773E-04 -3.300008E-20 -7.003491E-01  0.000000E+00
  3.566334E+00  1.159168E-01  5.000000E-01  7.573938E-01  2.441068E-02  0.000000E+00  1.470075E-02 -3.228970E-04  5.534833E-19 -6.992435E-01  0.000000E+00
  3.533236E+00  1.166340E-01  5.000000E-01  7.503646E-01  2.456300E-02  0.000000E+00  1.472187E-02 -3.165697E-04  9.906045E-19 -6.989612E-01  0.000000E+00
  3.500138E+00  1.173362E-01  5.000000E-01  7.433353E-01  2.471212E-02  0.000000E+00  1.477127E-02 -3.112821E-04  1.336846E-18 -6.991413E-01  0.000000E+00
  3.467038E+00  1.180248E-01  5.000000E-01  7.363057E-01  2.485837E-02  0.000000E+00  1.482764E-02 -3.064822E-04  1.800235E-18 -6.995468E-01  0.000000E+00
  3.433936E+00  1.187003E-01  5.000000E-01  7.292757E-01  2.500183E-02  0.000000E+00  1.488354E-02 -3.015644E-04  2.074564E-18 -6.999898E-01  0.000000E+00
  3.400832E+00  1.193620E-01  5.000000E-01  7.222453E-01  2.514235E-02  0.000000E+00  1.493795E-02 -2.960887E-04  1.842293E-18 -7.003377E-01  0.000000E+00
  3.367728E+00  1.200084E-01  5.000000E-01  7.152146E-01  2.527962E-02  0.000000E+00  1.499152E-02 -2.896013E-04  1.434639E-18 -7.004703E-01  0.000000E+00
  3.334620E+00  1.206367E-01  5.000000E-01  7.081834E-01  2.541308E-02  0.000000E+00  1.504414E-02 -2.816258E-04  1.305266E-18 -7.002703E-01  0.000000E+00
  3.301512E+00  1.212435E-01  5.000000E-01  7.011520E-01  2.554195E-02  0.000000E+00  1.509414E-02 -2.717310E-04  1.173971E-18 -6.996434E-01  0.000000E+00
  3.268401E+00  1.218244E-01  5.000000E-01  6.941201E-01  2.566532E-02  0.000000E+00  1.513903E-02 -2.594135E-04  9.543151E-19 -6.984836E-01  0.000000E+00
  3.235290E+00  1.223740E-01  5.000000E-01  6.870881E-01  2.578202E-02  0.000000E+00  1.517605E-02 -2.441704E-04  1.053119E-18 -6.966638E-01  0.000000E+00
  3.202177E+00  1.228857E-01  5.000000E-01  6.800557E-01  2.589069E-02  0.000000E+00  1.520218E-02 -2.257084E-04  1.286918E-18 -6.940868E-01  0.000000E+00
  3.169063E+00  1.233531E-01  5.000000E-01  6.730231E-01  2.598996E-02  0.000000E+00  1.521499E-02 -2.038482E-04  1.601353E-18 -6.907086E-01  0.000000E+00
  3.135947E+00  1.237689E-01  5.000000E-01  6.659902E-01  2.607828E-02  0.000000E+00  1.521289E-02 -1.790964E-04  2.057260E-18 -6.866240E-01  0.000000E+00
  3.102831E+00  1.241284E-01  5.000000E-01  6.589571E-01  2.615463E-02  0.000000E+00  1.519518E-02 -1.535327E-04  2.247545E-18 -6.821565E-01  0.000000E+00
  3.069714E+00  1.244335E-01  5.000000E-01  6.519238E-01  2.621941E-02  0.000000E+00  1.516459E-02 -1.290503E-04  2.185140E-18 -6.776635E-01  0.000000E+00
  3.036593E+00  1.246874E-01  5.000000E-01  6.448898E-01  2.627334E-02  0.000000E+00  1.512724E-02 -1.060651E-04  1.907617E-18 -6.733524E-01  0.000000E+00
  3.003475E+00  1.248934E-01  5.000000E-01  6.378564E-01  2.631708E-02  0.000000E+00  1.508928E-02 -8.432355E-05  1.422565E-18 -6.693046E-01  0.000000E+00
  2.970356E+00  1.250531E-01  5.000000E-01  6.308226E-01  2.635100E-02  0.000000E+00  1.505430E-02 -6.387934E-05  9.234364E-19 -6.655734E-01  0.000000E+00
  2.937236E+00  1.251700E-01  5.000000E-01  6.237888E-01  2.637582E-02  0.000000E+00  1.502378E-02 -4.482167E-05  5.077976E-19 -6.621866E-01  0.000000E+00
  2.904117E+00  1.252463E-01  5.000000E-01  6.167550E-01  2.639204E-02  0.000000E+00  1.499822E-02 -2.698560E-05  1.933843E-19 -6.591352E-01  0.000000E+00
  2.870996E+00  1.252847E-01  5.000000E-01  6.097211E-01  2.640019E-02  0.000000E+00  1.497738E-02 -1.035891E-05  6.706701E-20 -6.564179E-01  0.000000E+00
  2.837877E+00  1.252877E-01  5.000000E-01  6.026873E-01  2.640083E-02  0.000000E+00  1.496110E-02  5.153058E-06  4.832738E-20 -6.540193E-01  0.000000E+00
  2.804757E+00  1.252575E-01  5.000000E-01  5.956535E-01  2.639441E-02  0.000000E+00  1.494920E-02  1.958157E-05  5.969760E-20 -6.519288E-01  0.000000E+00
  2.771639E+00  1.251966E-01  5.000000E-01  5.886200E-01  2.638149E-02  0.000000E+00  1.494183E-02  3.311625E-05  1.314271E-19 -6.501212E-01  0.000000E+00
  2.738522E+00  1.251064E-01  5.000000E-01  5.815867E-01  2.636231E-02  0.000000E+00  1.493901E-02  4.580102E-05  2.075125E-19 -6.485872E-01  0.000000E+00
  2.705406E+00  1.249892E-01  5.000000E-01  5.745537E-01  2.633743E-02  0.000000E+00  1.494077E-02  5.758169E-05  2.861105E-19 -6.473300E-01  0.000000E+00
  2.672292E+00  1.248467E-01  5.000000E-01  5.675211E-01  2.630718E-02  0.000000E+00  1.494737E-02  6.855080E-05  3.480556E-19 -6.463418E-01  0.000000E+00
  2.639177E+00  1.246810E-01  5.000000E-01  5.604885E-01  2.627198E-02  0.000000E+00  1.495886E-02  7.872439E-05  2.829658E-19 -6.456119E-01  0.000000E+00
  2.606068E+00  1.244938E-01  5.000000E-01  5.534568E-01  2.623223E-02  0.000000E+00  1.497528E-02  8.846069E-05  2.247326E-19 -6.450740E-01  0.000000E+00
  2.572958E+00  1.242854E-01  5.000000E-01  5.464251E-01  2.618797E-02  0.000000E+00  1.499604E-02  9.821621E-05  2.404989E-19 -6.446303E-01  0.000000E+00
  2.539852E+00  1.240558E-01  5.000000E-01  5.393941E-01  2.613921E-02  0.000000E+00  1.501978E-02  1.084911E-04  2.094058E-19 -6.441623E-01  0.000000E+00
  2.506749E+00  1.238029E-01  5.000000E-01  5.323639E-01  2.608550E-02  0.000000E+00  1.504434E-02  1.195704E-04  1.868503E-19 -6.435777E-01  0.000000E+00
  2.473650E+00  1.235253E-01  5.000000E-01  5.253345E-01  2.602654E-02  0.000000E+00  1.506716E-02  1.313643E-04  1.295463E-19 -6.428429E-01  0.000000E+00
  2.440554E+00  1.232214E-01  5.000000E-01  5.183056E-01  2.596200E-02  0.000000E+00  1.508628E-02  1.436735E-04 -1.111797E-19 -6.419542E-01  0.000000E+00
  2.407460E+00  1.228906E-01  5.000000E-01  5.112774E-01  2.589175E-02  0.000000E+00  1.510097E-02  1.565739E-04 -2.284008E-19 -6.408966E-01  0.000000E+00
  2.374373E+00  1.225310E-01  5.000000E-01  5.042504E-01  2.581537E-02  0.000000E+00  1.511115E-02  1.701851E-04 -1.216041E-19 -6.396753E-01  0.000000E+00
  2.341286E+00  1.221410E-01  5.000000E-01  4.972236E-01  2.573255E-02  0.000000E+00  1.511670E-02  1.838399E-04 -1.273005E-21 -6.384109E-01  0.000000E+00
  2.308194E+00  1.217217E-01  5.000000E-01  4.901958E-01  2.564350E-02  0.000000E+00  1.511876E-02  1.966606E-04  2.030548E-20 -6.372786E-01  0.000000E+00
  2.275097E+00  1.212756E-01  5.000000E-01  4.831667E-01  2.554875E-02  0.000000E+00  1.512039E-02  2.082224E-04 -1.332454E-19 -6.364213E-01  0.000000E+00
  2.241991E+00  1.208056E-01  5.000000E-01  4.761359E-01  2.544893E-02  0.000000E+00  1.512547E-02  2.184421E-04 -3.974733E-19 -6.359332E-01  0.000000E+00
  2.208879E+00  1.203148E-01  5.000000E-01  4.691038E-01  2.534471E-02  0.000000E+00  1.513749E-02  2.274116E-04 -5.646536E-19 -6.358612E-01  0.000000E+00
  2.175760E+00  1.198061E-01  5.000000E-01  4.620701E-01  2.523667E-02  0.000000E+00  1.515883E-02  2.352367E-04 -4.628096E-19 -6.362214E-01  0.000000E+00
  2.142637E+00  1.192823E-01  5.000000E-01  4.550354E-01  2.512544E-02  0.000000E+00  1.519052E-02  2.420065E-04 -1.077318E-19 -6.370016E-01  0.000000E+00
  2.109507E+00  1.187460E-01  5.000000E-01  4.479994E-01  2.501152E-02  0.000000E+00  1.523248E-02  2.478747E-04 -1.120656E-19 -6.381391E-01  0.000000E+00
  2.076374E+00  1.181995E-01  5.000000E-01  4.409628E-01  2.489547E-02  0.000000E+00  1.528411E-02  2.537566E-04 -5.274639E-19 -6.394464E-01  0.000000E+00
  2.043241E+00  1.176414E-01  5.000000E-01  4.339262E-01  2.477695E-02  0.000000E+00  1.534338E-02  2.608581E-04 -4.008736E-19 -6.406751E-01  0.000000E+00
  2.010106E+00  1.170685E-01  5.000000E-01  4.268892E-01  2.465528E-02  0.000000E+00  1.540611E-02  2.695812E-04 -3.141553E-19 -6.416534E-01  0.000000E+00
  1.976970E+00  1.164774E-01  5.000000E-01  4.198519E-01  2.452974E-02  0.000000E+00  1.546792E-02  2.800049E-04 -7.070706E-19 -6.422718E-01  0.000000E+00
  1.943835E+00  1.158645E-01  5.000000E-01  4.128148E-01  2.439957E-02  0.000000E+00  1.552547E-02  2.921928E-04 -8.615921E-19 -6.424703E-01  0.000000E+00
  1.910699E+00  1.152257E-01  5.000000E-01  4.057776E-01  2.426391E-02  0.000000E+00  1.557657E-02  3.059446E-04 -8.816895E-19 -6.422545E-01  0.000000E+00
  1.877561E+00  1.145583E-01  5.000000E-01  3.987399E-01  2.412216E-02  0.000000E+00  1.562060E-02  3.211534E-04 -9.636330E-19 -6.416467E-01  0.000000E+00
  1.844424E+00  1.138586E-01  5.000000E-01  3.917024E-01  2.397358E-02  0.000000E+00  1.565782E-02  3.377387E-04 -8.968890E-19 -6.406808E-01  0.000000E+00
  1.811282E+00  1.131240E-01  5.000000E-01  3.846638E-01  2.381756E-02  0.000000E+00  1.568864E-02  3.553892E-04 -8.142213E-19 -6.394165E-01  0.000000E+00
  1.778139E+00  1.123525E-01  5.000000E-01  3.776250E-01  2.365372E-02  0.000000E+00  1.571389E-02  3.741301E-04 -8.735097E-19 -6.378766E-01  0.000000E+00
  1.744992E+00  1.115411E-01  5.000000E-01  3.705854E-01  2.348140E-02  0.000000E+00  1.573388E-02  3.939380E-04 -9.044341E-19 -6.360799E-01  0.000000E+00
  1.711843E+00  1.106881E-01  5.000000E-01  3.635455E-01  2.330022E-02  0.000000E+00  1.574837E-02  4.147972E-04 -6.577028E-19 -6.340334E-01  0.000000E+00
  1.678692E+00  1.097902E-01  5.000000E-01  3.565049E-01  2.310955E-02  0.000000E+00  1.575656E-02  4.366487E-04 -3.074089E-19 -6.317326E-01  0.000000E+00
  1.645539E+00  1.088460E-01  5.000000E-01  3.494640E-01  2.290901E-02  0.000000E+00  1.575750E-02  4.595486E-04 -4.520282E-19 -6.291455E-01  0.000000E+00
  1.612385E+00  1.078520E-01  5.000000E-01  3.424230E-01  2.269791E-02  0.000000E+00  1.575045E-02  4.837758E-04 -3.596571E-19 -6.262223E-01  0.000000E+00
  1.579236E+00  1.068052E-01  5.000000E-01  3.353830E-01  2.247561E-02  0.000000E+00  1.573474E-02  5.093804E-04  2.111007E-19 -6.229863E-01  0.000000E+00
  1.546090E+00  1.057014E-01  5.000000E-01  3.283435E-01  2.224118E-02  0.000000E+00  1.570951E-02  5.349157E-04  2.029350E-19 -6.196960E-01  0.000000E+00
  1.512946E+00  1.045432E-01  5.000000E-01  3.213046E-01  2.199520E-02  0.000000E+00  1.567608E-02  5.582263E-04 -1.666809E-19 -6.167569E-01  0.000000E+00
  1.479807E+00  1.033362E-01  5.000000E-01  3.142666E-01  2.173887E-02  0.000000E+00  1.564024E-02  5.787988E-04 -6.740441E-20 -6.144379E-01  0.000000E+00
  1.446672E+00  1.020858E-01  5.000000E-01  3.072296E-01  2.147331E-02  0.000000E+00  1.560890E-02  5.969079E-04 -6.144694E-20 -6.128837E-01  0.000000E+00
  1.413540E+00  1.007973E-01  5.000000E-01  3.001932E-01  2.119967E-02  0.000000E+00  1.558738E-02  6.129079E-04 -6.265224E-19 -6.121470E-01  0.000000E+00
  1.380413E+00  9.947580E-02  5.000000E-01  2.931579E-01  2.091901E-02  0.000000E+00  1.557870E-02  6.273143E-04 -4.969521E-19 -6.121916E-01  0.000000E+00
  1.347294E+00  9.812521E-02  5.000000E-01  2.861242E-01  2.063218E-02  0.000000E+00  1.558342E-02  6.405349E-04 -1.379026E-19 -6.129471E-01  0.000000E+00
  1.314179E+00  9.674878E-02  5.000000E-01  2.790914E-01  2.033986E-02  0.000000E+00  1.560048E-02  6.527227E-04 -5.094654E-20 -6.143458E-01  0.000000E+00
  1.281074E+00  9.535002E-02  5.000000E-01  2.720606E-01  2.004280E-02  0.000000E+00  1.562846E-02  6.641353E-04 -3.391948E-19 -6.163093E-01  0.000000E+00
  1.247974E+00  9.393080E-02  5.000000E-01  2.650310E-01  1.974139E-02  0.000000E+00  1.566589E-02  6.748504E-04 -3.907305E-19 -6.187825E-01  0.000000E+00
  1.214880E+00  9.249397E-02  5.000000E-01  2.580028E-01  1.943625E-02  0.000000E+00  1.571178E-02  6.849794E-04 -5.251411E-20 -6.217108E-01  0.000000E+00
  1.181795E+00  9.104112E-02  5.000000E-01  2.509763E-01  1.912770E-02  0.000000E+00  1.576573E-02  6.948845E-04 -4.286359E-19 -6.250231E-01  0.000000E+00
  1.148718E+00  8.957326E-02  5.000000E-01  2.439516E-01  1.881596E-02  0.000000E+00  1.582717E-02  7.045562E-04 -6.820141E-19 -6.286929E-01  0.000000E+00
  1.115646E+00  8.809182E-02  5.000000E-01  2.369279E-01  1.850134E-02  0.000000E+00  1.589586E-02  7.139435E-04 -3.177173E-19 -6.327091E-01  0.000000E+00
  1.082583E+00  8.659825E-02  5.000000E-01  2.299061E-01  1.818414E-02  0.000000E+00  1.597220E-02  7.232328E-04  1.876428E-19 -6.370477E-01  0.000000E+00
  1.049524E+00  8.509309E-02  5.000000E-01  2.228852E-01  1.786448E-02  0.000000E+00  1.605649E-02  7.325326E-04  3.767128E-19 -6.416909E-01  0.000000E+00
  1.016475E+00  8.357752E-02  5.000000E-01  2.158664E-01  1.754261E-02  0.000000E+00  1.614885E-02  7.419957E-04  4.127290E-19 -6.466015E-01  0.000000E+00
  9.834318E-01  8.205147E-02  5.000000E-01  2.088488E-01  1.721852E-02  0.000000E+00  1.624904E-02  7.520112E-04  4.448577E-19 -6.516882E-01  0.000000E+00
  9.503976E-01  8.051467E-02  5.000000E-01  2.018331E-01  1.689214E-02  0.000000E+00  1.635646E-02  7.635870E-04  6.983254E-19 -6.567620E-01  0.000000E+00
  9.173728E-01  7.896292E-02  5.000000E-01  1.948195E-01  1.656258E-02  0.000000E+00  1.646898E-02  7.776991E-04  4.210670E-19 -6.616142E-01  0.000000E+00
  8.843598E-01  7.739157E-02  5.000000E-01  1.878083E-01  1.622887E-02  0.000000E+00  1.658291E-02  7.948110E-04 -3.609346E-19 -6.660925E-01  0.000000E+00
  8.513623E-01  7.579446E-02  5.000000E-01  1.808005E-01  1.588968E-02  0.000000E+00  1.669444E-02  8.152399E-04 -7.002107E-19 -6.701003E-01  0.000000E+00
  8.183794E-01  7.416489E-02  5.000000E-01  1.737957E-01  1.554360E-02  0.000000E+00  1.680035E-02  8.389041E-04 -3.777874E-19 -6.736356E-01  0.000000E+00
  7.854121E-01  7.249659E-02  5.000000E-01  1.667943E-01  1.518929E-02  0.000000E+00  1.689890E-02  8.655581E-04  9.052067E-20 -6.767636E-01  0.000000E+00
  7.524593E-01  7.078365E-02  5.000000E-01  1.597959E-01  1.482551E-02  0.000000E+00  1.699000E-02  8.949380E-04  1.571134E-19 -6.795789E-01  0.000000E+00
  7.195226E-01  6.902102E-02  5.000000E-01  1.528009E-01  1.445117E-02  0.000000E+00  1.707465E-02  9.270421E-04  1.463150E-19 -6.821529E-01  0.000000E+00
  6.866079E-01  6.720352E-02  5.000000E-01  1.458107E-01  1.406517E-02  0.000000E+00  1.715401E-02  9.622682E-04  1.649395E-20 -6.845064E-01  0.000000E+00
  6.537221E-01  6.532512E-02  5.000000E-01  1.388265E-01  1.366625E-02  0.000000E+00  1.722802E-02  1.001000E-03 -5.593258E-19 -6.866480E-01  0.000000E+00
  6.208691E-01  6.337917E-02  5.000000E-01  1.318494E-01  1.325298E-02  0.000000E+00  1.729511E-02  1.043268E-03 -1.072595E-18 -6.886287E-01  0.000000E+00
  5.880524E-01  6.135908E-02  5.000000E-01  1.248799E-01  1.282396E-02  0.000000E+00  1.735287E-02  1.088661E-03 -1.772239E-18 -6.905743E-01  0.000000E+00
  5.552711E-01  5.925894E-02  5.000000E-01  1.179180E-01  1.237794E-02  0.000000E+00  1.739931E-02  1.136483E-03 -3.362803E-18 -6.926805E-01  0.000000E+00
  5.225283E-01  5.707440E-02  5.000000E-01  1.109642E-01  1.191400E-02  0.000000E+00  1.743374E-02  1.186267E-03 -4.168119E-18 -6.951746E-01  0.000000E+00
  4.898261E-01  5.480102E-02  5.000000E-01  1.040191E-01  1.143119E-02  0.000000E+00  1.745602E-02  1.237472E-03 -3.734620E-18 -6.983542E-01  0.000000E+00
  4.571624E-01  5.243569E-02  5.000000E-01  9.708209E-02  1.092885E-02  0.000000E+00  1.746566E-02  1.289092E-03 -3.600128E-18 -7.026287E-01  0.000000E+00
  4.245350E-01  4.997695E-02  5.000000E-01  9.015283E-02  1.040668E-02  0.000000E+00  1.746166E-02  1.339760E-03 -3.770546E-18 -7.084759E-01  0.000000E+00
  3.919369E-01  4.742572E-02  5.000000E-01  8.322981E-02  9.864856E-03  0.000000E+00  1.744212E-02  1.388274E-03 -3.325823E-18 -7.162980E-01  0.000000E+00
  3.593832E-01  4.478570E-02  5.000000E-01  7.631620E-02  9.304182E-03  0.000000E+00  1.740316E-02  1.434923E-03 -3.953024E-18 -7.261863E-01  0.000000E+00
  3.269046E-01  4.205858E-02  5.000000E-01  6.941854E-02  8.725009E-03  0.000000E+00  1.733568E-02  1.482028E-03 -9.912050E-18 -7.378562E-01  0.000000E+00
  2.945750E-01  3.924139E-02  5.000000E-01  6.255253E-02  8.126707E-03  0.000000E+00  1.722186E-02  1.532105E-03 -2.127446E-17 -7.509939E-01  0.000000E+00
  2.624265E-01  3.631875E-02  5.000000E-01  5.572497E-02  7.506010E-03  0.000000E+00  1.703635E-02  1.582348E-03 -1.734044E-17 -7.660846E-01  0.000000E+00
  2.304268E-01  3.327901E-02  5.000000E-01  4.892903E-02  6.860444E-03  0.000000E+00  1.676656E-02  1.626711E-03  6.652335E-17 -7.846259E-01  0.000000E+00
  1.986088E-01  3.012392E-02  5.000000E-01  4.217166E-02  6.190380E-03  0.000000E+00  1.643666E-02  1.661561E-03  3.244695E-16 -8.090158E-01  0.000000E+00
  1.669282E-01  2.685060E-02  5.000000E-01  3.544349E-02  5.495207E-03  0.000000E+00  1.610563E-02  1.676589E-03  7.364669E-16 -8.435211E-01  0.000000E+00
  1.350509E-01  2.349106E-02  5.000000E-01  2.867354E-02  4.781723E-03  0.000000E+00  1.590713E-02  1.691416E-03  7.868968E-16 -8.904797E-01  0.000000E+00
  1.043791E-01  2.020351E-02  5.000000E-01  2.215959E-02  4.083529E-03  0.000000E+00  1.605279E-02  1.800300E-03 -8.907441E-16 -9.457060E-01  0.000000E+00
  7.632629E-02  1.691882E-02  5.000000E-01  1.620187E-02  3.385942E-03  0.000000E+00  1.658767E-02  2.051586E-03 -5.459926E-15 -1.009413E+00  0.000000E+00
  5.118571E-02  1.362270E-02  5.000000E-01  1.086263E-02  2.685926E-03  0.000000E+00  1.746904E-02  2.468560E-03 -9.033472E-15 -1.083941E+00  0.000000E+00
  3.264831E-02  1.083351E-02  5.000000E-01  6.925739E-03  2.093572E-03  0.000000E+00  1.911023E-02  3.292467E-03  5.149035E-15 -1.155872E+00  0.000000E+00
  2.051015E-02  8.519762E-03  5.000000E-01  4.347893E-03  1.602188E-03  0.000000E+00  2.224115E-02  4.869842E-03  6.398779E-14 -1.215950E+00  0.000000E+00
  1.247723E-02  6.554881E-03  5.000000E-01  2.641898E-03  1.184895E-03  0.000000E+00  2.828637E-02  7.822884E-03  1.723573E-13 -1.272951E+00  0.000000E+00
  7.055255E-03  4.905615E-03  5.000000E-01  1.490404E-03  8.346316E-04  0.000000E+00  4.107189E-02  1.464876E-02  2.492216E-13 -1.318270E+00  0.000000E+00
  3.418635E-03  3.481215E-03  5.000000E-01  7.180754E-04  5.321241E-04  0.000000E+00  6.406793E-02  3.182489E-02  1.070004E-13 -1.290062E+00  0.000000E+00
  1.108798E-03  2.179327E-03  5.000000E-01  2.275226E-04  2.556350E-04  0.000000E+00  7.643125E-02  6.641762E-02 -2.415942E-13 -1.016789E+00  0.000000E+00
  3.747479E-05  9.756328E-04  5.000000E-01  0.000000E+00  0.000000E+00  0.000000E+00  2.547189E-02  1.122965E-01 -4.419500E-13 -6.487727E-03  0.000000E+00
  3.747479E-05  9.756328E-04  5.000000E-01  0.000000E+00  0.000000E+00  0.000000E+00  2.547189E-02  1.122965E-01 -4.419500E-13 -6.487727E-03  0.000000E+00
  2.534065E-04 -2.163619E-04  5.000000E-01  4.585858E-05 -2.531504E-04  0.000000E+00 -3.393407E-02  8.533373E-02 -2.957113E-13  1.025846E+00  0.000000E+00
  1.848580E-03 -1.442358E-03  5.000000E-01  3.846343E-04 -5.135218E-04  0.000000E+00 -3.049466E-02  2.075789E-02 -9.622445E-14  1.195746E+00  0.000000E+00
  4.867645E-03 -2.698139E-03  5.000000E-01  1.025809E-03 -7.802189E-04  0.000000E+00 -7.074337E-03  2.971510E-03 -2.945594E-14  1.060160E+00  0.000000E+00
  9.380877E-03 -4.034925E-03  5.000000E-01  1.984309E-03 -1.064119E-03  0.000000E+00  7.036448E-03 -1.713016E-03  5.191957E-15  9.646441E-01  0.000000E+00
  1.589077E-02 -5.542007E-03  5.000000E-01  3.366850E-03 -1.384187E-03  0.000000E+00  1.284446E-02 -2.635497E-03  2.470566E-14  8.800670E-01  0.000000E+00
  2.547297E-02 -7.311814E-03  5.000000E-01  5.401873E-03 -1.760050E-03  0.000000E+00  1.413121E-02 -2.341050E-03  2.521279E-14  7.928174E-01  0.000000E+00
  3.989163E-02 -9.426356E-03  5.000000E-01  8.464043E-03 -2.209127E-03  0.000000E+00  1.356205E-02 -1.793815E-03  1.347677E-14  7.088345E-01  0.000000E+00
  6.092142E-02 -1.188214E-02  5.000000E-01  1.293025E-02 -2.730674E-03  0.000000E+00  1.265642E-02 -1.376749E-03  2.325260E-15  6.371611E-01  0.000000E+00
  8.832839E-02 -1.462460E-02  5.000000E-01  1.875082E-02 -3.313105E-03  0.000000E+00  1.204060E-02 -1.163019E-03 -2.029968E-15  5.821208E-01  0.000000E+00
  1.189914E-01 -1.747731E-02  5.000000E-01  2.526288E-02 -3.918952E-03  0.000000E+00  1.181682E-02 -1.087580E-03 -1.777433E-15  5.403411E-01  0.000000E+00
  1.511926E-01 -2.041185E-02  5.000000E-01  3.210163E-02 -4.542176E-03  0.000000E+00  1.189854E-02 -1.087192E-03 -6.244444E-16  5.070644E-01  0.000000E+00
  1.838450E-01 -2.340847E-02  5.000000E-01  3.903620E-02 -5.178584E-03  0.000000E+00  1.215749E-02 -1.117032E-03 -2.875007E-17  4.777531E-01  0.000000E+00
  2.165049E-01 -2.641960E-02  5.000000E-01  4.597235E-02 -5.818075E-03  0.000000E+00  1.247449E-02 -1.145022E-03  8.784805E-17  4.499303E-01  0.000000E+00
  2.491496E-01 -2.940712E-02  5.000000E-01  5.290529E-02 -6.452550E-03  0.000000E+00  1.277325E-02 -1.162067E-03  4.893989E-17  4.244111E-01  0.000000E+00
  2.819003E-01 -3.237145E-02  5.000000E-01  5.986073E-02 -7.082101E-03  0.000000E+00  1.302195E-02 -1.172826E-03  1.054978E-17  4.023984E-01  0.000000E+00
  3.147601E-01 -3.531963E-02  5.000000E-01  6.683936E-02 -7.708221E-03  0.000000E+00  1.321630E-02 -1.181929E-03 -8.987221E-19  3.834725E-01  0.000000E+00
  3.477303E-01 -3.826280E-02  5.000000E-01  7.384142E-02 -8.333279E-03  0.000000E+00  1.336573E-02 -1.191758E-03 -2.295017E-18  3.664583E-01  0.000000E+00
  3.807756E-01 -4.121042E-02  5.000000E-01  8.085941E-02 -8.959281E-03  0.000000E+00  1.348180E-02 -1.201563E-03 -9.638218E-19  3.503349E-01  0.000000E+00
  4.138291E-01 -4.415863E-02  5.000000E-01  8.787917E-02 -9.585409E-03  0.000000E+00  1.357119E-02 -1.207850E-03  1.544081E-18  3.345337E-01  0.000000E+00
  4.468689E-01 -4.709726E-02  5.000000E-01  9.489601E-02 -1.020950E-02  0.000000E+00  1.363758E-02 -1.208926E-03  1.804742E-18  3.191475E-01  0.000000E+00
  4.799091E-01 -5.002037E-02  5.000000E-01  1.019129E-01 -1.083030E-02  0.000000E+00  1.368471E-02 -1.205959E-03  7.414129E-19  3.045594E-01  0.000000E+00
  5.129612E-01 -5.292552E-02  5.000000E-01  1.089324E-01 -1.144728E-02  0.000000E+00  1.371692E-02 -1.200876E-03  9.262498E-19  2.909393E-01  0.000000E+00
  5.460360E-01 -5.581363E-02  5.000000E-01  1.159567E-01 -1.206064E-02  0.000000E+00  1.373899E-02 -1.195344E-03  7.846485E-19  2.781901E-01  0.000000E+00
  5.791347E-01 -5.868705E-02  5.000000E-01  1.229860E-01 -1.267089E-02  0.000000E+00  1.375572E-02 -1.190360E-03  3.354932E-19  2.660848E-01  0.000000E+00
  6.122565E-01 -6.154833E-02  5.000000E-01  1.300203E-01 -1.327855E-02  0.000000E+00  1.377170E-02 -1.186433E-03  1.382557E-18  2.544050E-01  0.000000E+00
  6.454013E-01 -6.440016E-02  5.000000E-01  1.370594E-01 -1.388421E-02  0.000000E+00  1.379137E-02 -1.184082E-03  1.056385E-18  2.430056E-01  0.000000E+00
  6.785693E-01 -6.724589E-02  5.000000E-01  1.441035E-01 -1.448858E-02  0.000000E+00  1.381871E-02 -1.183782E-03  7.233179E-19  2.317715E-01  0.000000E+00
  7.117575E-01 -7.008877E-02  5.000000E-01  1.511518E-01 -1.509233E-02  0.000000E+00  1.385624E-02 -1.185383E-03  6.150666E-19  2.205472E-01  0.000000E+00
  7.449560E-01 -7.292951E-02  5.000000E-01  1.582024E-01 -1.569564E-02  0.000000E+00  1.390452E-02 -1.187983E-03  4.040663E-20  2.091612E-01  0.000000E+00
  7.781569E-01 -7.576620E-02  5.000000E-01  1.652534E-01 -1.629808E-02  0.000000E+00  1.396278E-02 -1.190532E-03  1.887384E-19  1.975195E-01  0.000000E+00
  8.113578E-01 -7.859556E-02  5.000000E-01  1.723045E-01 -1.689897E-02  0.000000E+00  1.402964E-02 -1.192285E-03  1.065628E-19  1.856270E-01  0.000000E+00
  8.445597E-01 -8.141360E-02  5.000000E-01  1.793558E-01 -1.749745E-02  0.000000E+00  1.410342E-02 -1.192741E-03  5.135286E-19  1.735336E-01  0.000000E+00
  8.777625E-01 -8.421581E-02  5.000000E-01  1.864072E-01 -1.809257E-02  0.000000E+00  1.418167E-02 -1.191207E-03  9.789539E-19  1.612672E-01  0.000000E+00
  9.109638E-01 -8.699575E-02  5.000000E-01  1.934584E-01 -1.868296E-02  0.000000E+00  1.426097E-02 -1.186818E-03 -1.879337E-20  1.488543E-01  0.000000E+00
  9.441676E-01 -8.974657E-02  5.000000E-01  2.005100E-01 -1.926717E-02  0.000000E+00  1.433758E-02 -1.178852E-03 -3.566506E-19  1.363792E-01  0.000000E+00
  9.773746E-01 -9.246064E-02  5.000000E-01  2.075624E-01 -1.984357E-02  0.000000E+00  1.440780E-02 -1.166509E-03  9.996354E-19  1.239447E-01  0.000000E+00
  1.010583E+00 -9.512835E-02  5.000000E-01  2.146150E-01 -2.041012E-02  0.000000E+00  1.446959E-02 -1.149894E-03  2.064048E-18  1.117208E-01  0.000000E+00
  1.043798E+00 -9.774357E-02  5.000000E-01  2.216690E-01 -2.096553E-02  0.000000E+00  1.452373E-02 -1.130567E-03  1.468907E-18  9.992694E-02  0.000000E+00
  1.077015E+00 -1.003039E-01  5.000000E-01  2.287236E-01 -2.150929E-02  0.000000E+00  1.457204E-02 -1.109788E-03  3.606927E-19  8.861879E-02  0.000000E+00
  1.110238E+00 -1.028081E-01  5.000000E-01  2.357793E-01 -2.204112E-02  0.000000E+00  1.461578E-02 -1.087785E-03  8.397552E-20  7.767518E-02  0.000000E+00
  1.143462E+00 -1.052539E-01  5.000000E-01  2.428354E-01 -2.256053E-02  0.000000E+00  1.465600E-02 -1.064729E-03  5.554573E-19  6.699624E-02  0.000000E+00
  1.176693E+00 -1.076404E-01  5.000000E-01  2.498927E-01 -2.306739E-02  0.000000E+00  1.469355E-02 -1.040855E-03  1.311171E-18  5.655087E-02  0.000000E+00
  1.209925E+00 -1.099665E-01  5.000000E-01  2.569505E-01 -2.356138E-02  0.000000E+00  1.472846E-02 -1.015944E-03  1.874223E-18  4.630592E-02  0.000000E+00
  1.243158E+00 -1.122297E-01  5.000000E-01  2.640083E-01 -2.404202E-02  0.000000E+00  1.476055E-02 -9.900047E-04  1.571086E-18  3.627775E-02  0.000000E+00
  1.276395E+00 -1.144292E-01  5.000000E-01  2.710670E-01 -2.450914E-02  0.000000E+00  1.478961E-02 -9.631848E-04  2.332992E-19  2.650152E-02  0.000000E+00
  1.309630E+00 -1.165633E-01  5.000000E-01  2.781253E-01 -2.496237E-02  0.000000E+00  1.481513E-02 -9.353649E-04  2.875886E-19  1.697304E-02  0.000000E+00
  1.342868E+00 -1.186305E-01  5.000000E-01  2.851842E-01 -2.540140E-02  0.000000E+00  1.483716E-02 -9.068923E-04  6.752851E-19  7.726461E-03  0.000000E+00
  1.376108E+00 -1.206311E-01  5.000000E-01  2.922436E-01 -2.582628E-02  0.000000E+00  1.485585E-02 -8.779258E-04  3.101874E-19 -1.239206E-03  0.000000E+00
  1.409347E+00 -1.225637E-01  5.000000E-01  2.993027E-01 -2.623672E-02  0.000000E+00  1.487140E-02 -8.485065E-04 -1.754354E-19 -9.949141E-03  0.000000E+00
  1.442589E+00 -1.244287E-01  5.000000E-01  3.063625E-01 -2.663280E-02  0.000000E+00  1.488469E-02 -8.190081E-04 -2.071449E-19 -1.839994E-02  0.000000E+00
  1.475831E+00 -1.262264E-01  5.000000E-01  3.134222E-01 -2.701458E-02  0.000000E+00  1.489683E-02 -7.895880E-04  4.218205E-19 -2.662368E-02  0.000000E+00
  1.509072E+00 -1.279571E-01  5.000000E-01  3.204819E-01 -2.738214E-02  0.000000E+00  1.490916E-02 -7.603563E-04  9.870229E-21 -3.467181E-02  0.000000E+00
  1.542314E+00 -1.296214E-01  5.000000E-01  3.275416E-01 -2.773561E-02  0.000000E+00  1.492344E-02 -7.316882E-04 -2.066903E-19 -4.257759E-02  0.000000E+00
  1.575558E+00 -1.312213E-01  5.000000E-01  3.346018E-01 -2.807539E-02  0.000000E+00  1.494084E-02 -7.035442E-04 -1.949709E-20 -5.041581E-02  0.000000E+00
  1.608800E+00 -1.327568E-01  5.000000E-01  3.416615E-01 -2.840147E-02  0.000000E+00  1.496128E-02 -6.753388E-04 -2.682269E-19 -5.828772E-02  0.000000E+00
  1.642044E+00 -1.342271E-01  5.000000E-01  3.487219E-01 -2.871374E-02  0.000000E+00  1.498400E-02 -6.465940E-04 -2.160221E-19 -6.622841E-02  0.000000E+00
  1.675286E+00 -1.356304E-01  5.000000E-01  3.557816E-01 -2.901176E-02  0.000000E+00  1.500780E-02 -6.169696E-04 -1.727048E-19 -7.421189E-02  0.000000E+00
  1.708526E+00 -1.369647E-01  5.000000E-01  3.628410E-01 -2.929514E-02  0.000000E+00  1.503136E-02 -5.862795E-04 -3.246227E-19 -8.217457E-02  0.000000E+00
  1.741762E+00 -1.382278E-01  5.000000E-01  3.698996E-01 -2.956339E-02  0.000000E+00  1.505314E-02 -5.542338E-04 -4.150995E-19 -9.006752E-02  0.000000E+00
  1.774995E+00 -1.394165E-01  5.000000E-01  3.769573E-01 -2.981585E-02  0.000000E+00  1.507214E-02 -5.209420E-04 -4.355422E-19 -9.781366E-02  0.000000E+00
  1.808227E+00 -1.405296E-01  5.000000E-01  3.840150E-01 -3.005223E-02  0.000000E+00  1.508762E-02 -4.865108E-04 -5.033880E-19 -1.053546E-01  0.000000E+00
  1.841453E+00 -1.415641E-01  5.000000E-01  3.910714E-01 -3.027194E-02  0.000000E+00  1.509858E-02 -4.507850E-04 -3.851213E-19 -1.126724E-01  0.000000E+00
  1.874678E+00 -1.425181E-01  5.000000E-01  3.981276E-01 -3.047454E-02  0.000000E+00  1.510427E-02 -4.138686E-04  2.592603E-20 -1.197186E-01  0.000000E+00
  1.907900E+00 -1.433893E-01  5.000000E-01  4.051830E-01 -3.065957E-02  0.000000E+00  1.510383E-02 -3.757786E-04  2.216267E-19 -1.264471E-01  0.000000E+00
  1.941118E+00 -1.441756E-01  5.000000E-01  4.122377E-01 -3.082656E-02  0.000000E+00  1.509627E-02 -3.365147E-04  6.301100E-20 -1.328102E-01  0.000000E+00
  1.974334E+00 -1.448747E-01  5.000000E-01  4.192920E-01 -3.097503E-02  0.000000E+00  1.508078E-02 -2.963294E-04 -8.298614E-20 -1.387334E-01  0.000000E+00
  2.007549E+00 -1.454854E-01  5.000000E-01  4.263460E-01 -3.110472E-02  0.000000E+00  1.505625E-02 -2.553124E-04 -2.605922E-19 -1.441613E-01  0.000000E+00
  2.040760E+00 -1.460056E-01  5.000000E-01  4.333993E-01 -3.121520E-02  0.000000E+00  1.502129E-02 -2.133993E-04 -2.616115E-19 -1.490516E-01  0.000000E+00
  2.073970E+00 -1.464334E-01  5.000000E-01  4.404522E-01 -3.130605E-02  0.000000E+00  1.497512E-02 -1.708326E-04 -1.117707E-19 -1.533248E-01  0.000000E+00
  2.107177E+00 -1.467676E-01  5.000000E-01  4.475046E-01 -3.137702E-02  0.000000E+00  1.491775E-02 -1.279523E-04 -1.242224E-19 -1.569060E-01  0.000000E+00
  2.140379E+00 -1.470072E-01  5.000000E-01  4.545558E-01 -3.142791E-02  0.000000E+00  1.485034E-02 -8.545656E-05 -9.505795E-20 -1.597195E-01  0.000000E+00
  2.173577E+00 -1.471538E-01  5.000000E-01  4.616063E-01 -3.145905E-02  0.000000E+00  1.477426E-02 -4.379765E-05 -1.001970E-20 -1.617596E-01  0.000000E+00
  2.206768E+00 -1.472082E-01  5.000000E-01  4.686553E-01 -3.147060E-02  0.000000E+00  1.469011E-02 -2.963738E-06 -2.857284E-20 -1.630906E-01  0.000000E+00
  2.239954E+00 -1.471714E-01  5.000000E-01  4.757033E-01 -3.146278E-02  0.000000E+00  1.459783E-02  3.703102E-05 -5.919923E-20 -1.637590E-01  0.000000E+00
  2.273134E+00 -1.470439E-01  5.000000E-01  4.827499E-01 -3.143572E-02  0.000000E+00  1.449669E-02  7.614115E-05 -7.210595E-20 -1.637733E-01  0.000000E+00
  2.306309E+00 -1.468269E-01  5.000000E-01  4.897953E-01 -3.138962E-02  0.000000E+00  1.438567E-02  1.143115E-04 -9.233236E-20 -1.631104E-01  0.000000E+00
  2.339476E+00 -1.465208E-01  5.000000E-01  4.968392E-01 -3.132461E-02  0.000000E+00  1.426390E-02  1.515724E-04 -8.066564E-20 -1.617499E-01  0.000000E+00
  2.372638E+00 -1.461259E-01  5.000000E-01  5.038821E-01 -3.124075E-02  0.000000E+00  1.413235E-02  1.873218E-04 -6.156043E-20 -1.596290E-01  0.000000E+00
  2.405805E+00 -1.456452E-01  5.000000E-01  5.109259E-01 -3.113867E-02  0.000000E+00  1.399400E-02  2.206202E-04  8.113423E-21 -1.567088E-01  0.000000E+00
  2.438976E+00 -1.450837E-01  5.000000E-01  5.179706E-01 -3.101942E-02  0.000000E+00  1.385207E-02  2.512329E-04  1.866724E-19 -1.531023E-01  0.000000E+00
  2.472150E+00 -1.444457E-01  5.000000E-01  5.250160E-01 -3.088392E-02  0.000000E+00  1.370938E-02  2.792732E-04  2.211007E-19 -1.489927E-01  0.000000E+00
  2.505329E+00 -1.437358E-01  5.000000E-01  5.320624E-01 -3.073316E-02  0.000000E+00  1.356860E-02  3.047528E-04 -1.117152E-19 -1.445289E-01  0.000000E+00
  2.538512E+00 -1.429590E-01  5.000000E-01  5.391097E-01 -3.056818E-02  0.000000E+00  1.343190E-02  3.278422E-04 -3.722802E-19 -1.398419E-01  0.000000E+00
  2.571700E+00 -1.421196E-01  5.000000E-01  5.461580E-01 -3.038991E-02  0.000000E+00  1.330115E-02  3.485661E-04 -3.026047E-19 -1.350175E-01  0.000000E+00
  2.604894E+00 -1.412232E-01  5.000000E-01  5.532074E-01 -3.019953E-02  0.000000E+00  1.317754E-02  3.670691E-04 -3.057909E-19 -1.301386E-01  0.000000E+00
  2.638090E+00 -1.402740E-01  5.000000E-01  5.602575E-01 -2.999796E-02  0.000000E+00  1.306111E-02  3.838134E-04 -2.513814E-19 -1.253057E-01  0.000000E+00
  2.671292E+00 -1.392758E-01  5.000000E-01  5.673087E-01 -2.978595E-02  0.000000E+00  1.295123E-02  3.992148E-04  1.538298E-19 -1.205814E-01  0.000000E+00
  2.704497E+00 -1.382308E-01  5.000000E-01  5.743608E-01 -2.956403E-02  0.000000E+00  1.284727E-02  4.134651E-04  3.072965E-19 -1.159706E-01  0.000000E+00
  2.737708E+00 -1.371420E-01  5.000000E-01  5.814140E-01 -2.933278E-02  0.000000E+00  1.274887E-02  4.266278E-04  3.736265E-20 -1.114518E-01  0.000000E+00
  2.770923E+00 -1.360116E-01  5.000000E-01  5.884680E-01 -2.909273E-02  0.000000E+00  1.265586E-02  4.388042E-04  1.994584E-20 -1.070225E-01  0.000000E+00
  2.804143E+00 -1.348422E-01  5.000000E-01  5.955231E-01 -2.884437E-02  0.000000E+00  1.256835E-02  4.499942E-04  2.378804E-19 -1.026852E-01  0.000000E+00
  2.837367E+00 -1.336364E-01  5.000000E-01  6.025790E-01 -2.858828E-02  0.000000E+00  1.248630E-02  4.602938E-04  4.227498E-19 -9.846184E-02  0.000000E+00
  2.870594E+00 -1.323962E-01  5.000000E-01  6.096357E-01 -2.832490E-02  0.000000E+00  1.240928E-02  4.698804E-04  6.794043E-19 -9.437696E-02  0.000000E+00
  2.903823E+00 -1.311237E-01  5.000000E-01  6.166926E-01 -2.805466E-02  0.000000E+00  1.233631E-02  4.790991E-04  4.029280E-19 -9.045863E-02  0.000000E+00
  2.937051E+00 -1.298189E-01  5.000000E-01  6.237496E-01 -2.777755E-02  0.000000E+00  1.226649E-02  4.879990E-04 -2.484251E-19 -8.667963E-02  0.000000E+00
  2.970283E+00 -1.284833E-01  5.000000E-01  6.308072E-01 -2.749389E-02  0.000000E+00  1.219933E-02  4.964650E-04 -4.054838E-19 -8.298862E-02  0.000000E+00
  3.003515E+00 -1.271177E-01  5.000000E-01  6.378649E-01 -2.720388E-02  0.000000E+00  1.213434E-02  5.045678E-04 -5.105499E-19 -7.937192E-02  0.000000E+00
  3.036751E+00 -1.257230E-01  5.000000E-01  6.449232E-01 -2.690768E-02  0.000000E+00  1.207134E-02  5.122099E-04 -4.887031E-19 -7.581116E-02  0.000000E+00
  3.069988E+00 -1.243008E-01  5.000000E-01  6.519820E-01 -2.660563E-02  0.000000E+00  1.201001E-02  5.195038E-04 -3.855987E-19 -7.232750E-02  0.000000E+00
  3.103226E+00 -1.228511E-01  5.000000E-01  6.590410E-01 -2.629776E-02  0.000000E+00  1.195045E-02  5.263718E-04 -3.846349E-19 -6.891000E-02  0.000000E+00
  3.136469E+00 -1.213761E-01  5.000000E-01  6.661010E-01 -2.598449E-02  0.000000E+00  1.189301E-02  5.327935E-04 -3.611109E-19 -6.555662E-02  0.000000E+00
  3.169712E+00 -1.198762E-01  5.000000E-01  6.731611E-01 -2.566595E-02  0.000000E+00  1.183818E-02  5.387692E-04 -8.686837E-20 -6.229161E-02  0.000000E+00
  3.202960E+00 -1.183535E-01  5.000000E-01  6.802220E-01 -2.534257E-02  0.000000E+00  1.178690E-02  5.441529E-04 -1.394299E-20 -5.912408E-02  0.000000E+00
  3.236210E+00 -1.168097E-01  5.000000E-01  6.872835E-01 -2.501472E-02  0.000000E+00  1.174014E-02  5.489712E-04 -1.992182E-19 -5.608493E-02  0.000000E+00
  3.269464E+00 -1.152472E-01  5.000000E-01  6.943459E-01 -2.468288E-02  0.000000E+00  1.169855E-02  5.533562E-04 -2.432173E-20 -5.322836E-02  0.000000E+00
  3.302721E+00 -1.136673E-01  5.000000E-01  7.014089E-01 -2.434733E-02  0.000000E+00  1.166226E-02  5.576178E-04 -6.331799E-20 -5.062762E-02  0.000000E+00
  3.335981E+00 -1.120704E-01  5.000000E-01  7.084724E-01 -2.400819E-02  0.000000E+00  1.163159E-02  5.618323E-04 -4.789007E-19 -4.830091E-02  0.000000E+00
  3.369247E+00 -1.104573E-01  5.000000E-01  7.155373E-01 -2.366562E-02  0.000000E+00  1.160749E-02  5.659079E-04 -3.696535E-19 -4.622005E-02  0.000000E+00
  3.402518E+00 -1.088299E-01  5.000000E-01  7.226033E-01 -2.332001E-02  0.000000E+00  1.159039E-02  5.701174E-04  1.263359E-19 -4.443976E-02  0.000000E+00
  3.435792E+00 -1.071876E-01  5.000000E-01  7.296699E-01 -2.297121E-02  0.000000E+00  1.158049E-02  5.746846E-04  8.561826E-21 -4.302505E-02  0.000000E+00
  3.469073E+00 -1.055306E-01  5.000000E-01  7.367379E-01 -2.261931E-02  0.000000E+00  1.157827E-02  5.797430E-04 -3.611184E-19 -4.199657E-02  0.000000E+00
  3.502353E+00 -1.038583E-01  5.000000E-01  7.438057E-01 -2.226415E-02  0.000000E+00  1.158444E-02  5.855114E-04 -3.736597E-19 -4.138842E-02  0.000000E+00
  3.535630E+00 -1.021701E-01  5.000000E-01  7.508729E-01 -2.190563E-02  0.000000E+00  1.160051E-02  5.921709E-04 -2.197071E-19 -4.123896E-02  0.000000E+00
  3.568904E+00 -1.004646E-01  5.000000E-01  7.579395E-01 -2.154342E-02  0.000000E+00  1.162903E-02  6.002934E-04 -4.500846E-19 -4.162045E-02  0.000000E+00
  3.602176E+00 -9.873855E-02  5.000000E-01  7.650057E-01 -2.117684E-02  0.000000E+00  1.167407E-02  6.105550E-04 -4.409781E-19 -4.259955E-02  0.000000E+00
  3.635446E+00 -9.698812E-02  5.000000E-01  7.720714E-01 -2.080509E-02  0.000000E+00  1.173986E-02  6.234338E-04 -7.418064E-20 -4.425413E-02  0.000000E+00
  3.668713E+00 -9.520882E-02  5.000000E-01  7.791365E-01 -2.042721E-02  0.000000E+00  1.182788E-02  6.389673E-04  2.169360E-21 -4.661846E-02  0.000000E+00
  3.701976E+00 -9.339742E-02  5.000000E-01  7.862009E-01 -2.004252E-02  0.000000E+00  1.193102E-02  6.584283E-04  1.651547E-20 -4.972312E-02  0.000000E+00
  3.735241E+00 -9.154209E-02  5.000000E-01  7.932655E-01 -1.964849E-02  0.000000E+00  1.202655E-02  6.873787E-04  1.161541E-18 -5.380080E-02  0.000000E+00
  3.768500E+00 -8.960078E-02  5.000000E-01  8.003289E-01 -1.923620E-02  0.000000E+00  1.208358E-02  7.302706E-04  1.433905E-18 -5.844649E-02  0.000000E+00
  3.801751E+00 -8.752666E-02  5.000000E-01  8.073904E-01 -1.879571E-02  0.000000E+00  1.207733E-02  7.849041E-04  1.053762E-18 -6.215818E-02  0.000000E+00
  3.834989E+00 -8.528208E-02  5.000000E-01  8.144495E-01 -1.831902E-02  0.000000E+00  1.199394E-02  8.453201E-04  7.436697E-19 -6.330205E-02  0.000000E+00
  3.868211E+00 -8.284426E-02  5.000000E-01  8.215050E-01 -1.780128E-02  0.000000E+00  1.182932E-02  9.058866E-04  1.342109E-18 -6.094822E-02  0.000000E+00
  3.901422E+00 -8.019593E-02  5.000000E-01  8.285582E-01 -1.723884E-02  0.000000E+00  1.158778E-02  9.622436E-04  2.104623E-18 -5.488351E-02  0.000000E+00
  3.934617E+00 -7.733058E-02  5.000000E-01  8.356079E-01 -1.663031E-02  0.000000E+00  1.128019E-02  1.010813E-03  8.206379E-19 -4.527324E-02  0.000000E+00
  3.967800E+00 -7.424802E-02  5.000000E-01  8.426552E-01 -1.597566E-02  0.000000E+00  1.091947E-02  1.049367E-03 -2.367345E-19 -3.253693E-02  0.000000E+00
  4.000972E+00 -7.095348E-02  5.000000E-01  8.497001E-01 -1.527598E-02  0.000000E+00  1.051723E-02  1.076863E-03 -3.918114E-19 -1.713702E-02  0.000000E+00
  4.034139E+00 -6.745492E-02  5.000000E-01  8.567440E-01 -1.453297E-02  0.000000E+00  1.008053E-02  1.093731E-03  9.457012E-20  4.455423E-04  0.000000E+00
  4.067311E+00 -6.375473E-02  5.000000E-01  8.637890E-01 -1.374714E-02  0.000000E+00  9.611436E-03  1.100496E-03 -9.852731E-19  1.985244E-02  0.000000E+00
  4.100488E+00 -5.985619E-02  5.000000E-01  8.708348E-01 -1.291918E-02  0.000000E+00  9.109180E-03  1.096428E-03 -1.265272E-18  4.099686E-02  0.000000E+00
  4.133669E+00 -5.576487E-02  5.000000E-01  8.778818E-01 -1.205029E-02  0.000000E+00  8.571145E-03  1.080535E-03 -1.914735E-18  6.384343E-02  0.000000E+00
  4.166856E+00 -5.148577E-02  5.000000E-01  8.849299E-01 -1.114151E-02  0.000000E+00  7.995640E-03  1.052084E-03 -2.297970E-18  8.833000E-02  0.000000E+00
  4.200049E+00 -4.702630E-02  5.000000E-01  8.919793E-01 -1.019443E-02  0.000000E+00  7.385759E-03  1.010991E-03  4.303776E-19  1.143109E-01  0.000000E+00
  4.233242E+00 -4.239374E-02  5.000000E-01  8.990286E-01 -9.210590E-03  0.000000E+00  6.753874E-03  9.570598E-04  1.220713E-18  1.416345E-01  0.000000E+00
  4.266405E+00 -3.761780E-02  5.000000E-01  9.060715E-01 -8.196296E-03  0.000000E+00  6.123720E-03  8.895304E-04 -4.830101E-19  1.701375E-01  0.000000E+00
  4.299502E+00 -3.276455E-02  5.000000E-01  9.131007E-01 -7.165586E-03  0.000000E+00  5.525785E-03  8.097708E-04 -3.408392E-19  1.992645E-01  0.000000E+00
  4.332522E+00 -2.793042E-02  5.000000E-01  9.201132E-01 -6.138935E-03  0.000000E+00  4.988137E-03  7.232402E-04  5.874879E-19  2.277335E-01  0.000000E+00
  4.365472E+00 -2.320810E-02  5.000000E-01  9.271110E-01 -5.136030E-03  0.000000E+00  4.531547E-03  6.366463E-04  1.173824E-18  2.541247E-01  0.000000E+00
  4.398350E+00 -1.869417E-02  5.000000E-01  9.340935E-01 -4.177382E-03  0.000000E+00  4.171426E-03  5.546204E-04  8.296581E-19  2.776791E-01  0.000000E+00
  4.431155E+00 -1.448677E-02  5.000000E-01  9.410605E-01 -3.283835E-03  0.000000E+00  3.919556E-03  4.791447E-04  6.566243E-19  2.981914E-01  0.000000E+00
  4.463888E+00 -1.069362E-02  5.000000E-01  9.480121E-01 -2.478262E-03  0.000000E+00  3.780947E-03  4.101498E-04  9.193048E-19  3.153763E-01  0.000000E+00
  4.496579E+00 -7.397491E-03  5.000000E-01  9.549550E-01 -1.778246E-03  0.000000E+00  3.747310E-03  3.458899E-04  2.524073E-20  3.290014E-01  0.000000E+00
  4.529252E+00 -4.656135E-03  5.000000E-01  9.618938E-01 -1.196049E-03  0.000000E+00  3.787793E-03  2.839215E-04  1.293281E-19  3.392590E-01  0.000000E+00
  4.561929E+00 -2.494609E-03  5.000000E-01  9.688337E-01 -7.369940E-04  0.000000E+00  3.834555E-03  2.200730E-04  4.220923E-19  3.452796E-01  0.000000E+00
  4.594574E+00 -9.386874E-04  5.000000E-01  9.757666E-01 -4.065546E-04  0.000000E+00  3.789407E-03  1.439238E-04  1.267952E-19  3.460716E-01  0.000000E+00
  4.627203E+00 -8.180807E-06  5.000000E-01  9.826962E-01 -2.089378E-04  0.000000E+00  3.600621E-03  5.685298E-05 -1.767822E-19  3.498615E-01  0.000000E+00
  4.659162E+00  2.784681E-04  5.000000E-01  9.894836E-01 -1.480606E-04  0.000000E+00  3.300434E-03  3.906253E-06  1.020091E-18  3.597614E-01  0.000000E+00
  4.689251E+00 -2.913239E-05  5.000000E-01  9.958737E-01 -2.133874E-04  0.000000E+00  2.798783E-03 -1.347494E-05  5.412881E-18  3.131445E-01  0.000000E+00
  4.708680E+00 -5.286873E-04  5.000000E-01  9.999999E-01 -3.194806E-04  0.000000E+00  2.038026E-03 -9.470857E-05  5.187830E-18  1.668863E-01  0.000000E+00
    1    2
    2    3
    3    4
    4    5
    5    6
    6    7
    7    8
    8    9
    9   10
   10   11
   11   12
   12   13
   13   14
   14   15
   15   16
   16   17
   17   18
   18   19
   19   20
   20   21
   21   22
   22   23
   23   24
   24   25
   25   26
   26   27
   27   28
   28   29
   29   30
   30   31
   31   32
   32   33
   33   34
   34   35
   35   36
   36   37
   37   38
   38   39
   39   40
   40   41
   41   42
   42   43
   43   44
   44   45
   45   46
   46   47
   47   48
   48   49
   49   50
   50   51
   51   52
   52   53
   53   54
   54   55
   55   56
   56   57
   57   58
   58   59
   59   60
   60   61
   61   62
   62   63
   63   64
   64   65
   65   66
   66   67
   67   68
   68   69
   69   70
   70   71
   71   72
   72   73
   73   74
   74   75
   75   76
   76   77
   77   78
   78   79
   79   80
   80   81
   81   82
   82   83
   83   84
   84   85
   85   86
   86   87
   87   88
   88   89
   89   90
   90   91
   91   92
   92   93
   93   94
   94   95
   95   96
   96   97
   97   98
   98   99
   99  100
  100  101
  101  102
  102  103
  103  104
  104  105
  105  106
  106  107
  107  108
  108  109
  109  110
  110  111
  111  112
  112  113
  113  114
  114  115
  115  116
  116  117
  117  118
  118  119
  119  120
  120  121
  121  122
  122  123
  123  124
  124  125
  125  126
  126  127
  127  128
  128  129
  129  130
  130  131
  131  132
  132  133
  133  134
  134  135
  135  136
  136  137
  137  138
  138  139
  139  140
  140  141
  141  142
  142  143
  143  144
  144  145
  145  146
  146  147
  147  148
  148  149
  149  150
  151  152
  152  153
  153  154
  154  155
  155  156
  156  157
  157  158
  158  159
  159  160
  160  161
  161  162
  162  163
  163  164
  164  165
  165  166
  166  167
  167  168
  168  169
  169  170
  170  171
  171  172
  172  173
  173  174
  174  175
  175  176
  176  177
  177  178
  178  179
  179  180
  180  181
  181  182
  182  183
  183  184
  184  185
  185  186
  186  187
  187  188
  188  189
  189  190
  190  191
  191  192
  192  193
  193  194
  194  195
  195  196
  196  197
  197  198
  198  199
  199  200
  200  201
  201  202
  202  203
  203  204
  204  205
  205  206
  206  207
  207  208
  208  209
  209  210
  210  211
  211  212
  212  213
  213  214
  214  215
  215  216
  216  217
  217  218
  218  219
  219  220
  220  221
  221  222
  222  223
  223  224
  224  225
  225  226
  226  227
  227  228
  228  229
  229  230
  230  231
  231  232
  232  233
  233  234
  234  235
  235  236
  236  237
  237  238
  238  239
  239  240
  240  241
  241  242
  242  243
  243  244
  244  245
  245  246
  246  247
  247  248
  248  249
  249  250
  250  251
  251  252
  252  253
  253  254
  254  255
  255  256
  256  257
  257  258
  258  259
  259  260
  260  261
  261  262
  262  263
  263  264
  264  265
  265  266
  266  267
  267  268
  268  269
  269  270
  270  271
  271  272
  272  273
  273  274
  274  275
  275  276
  276  277
  277  278
  278  279
  279  280
  280  281
  281  282
  282  283
  283  284
  284  285
  285  286
  286  287
  287  288
  288  289
  289  290
  290  291
  291  292
  292  293
  293  294
  294  295
  295  296
  296  297
  297  298
  298  299
  299  300
