 Title = "ADflow Slice Data"
Variables =  "CoordinateX"  "CoordinateY"  "CoordinateZ"  "XoC"  "YoC"  "ZoC" "VelocityX" "VelocityY" "VelocityZ" "CoefPressure" "Mach" 
Zone T= "Slice_0001 None Absolute Regular z = 0.50000000"
 Nodes =          300  Elements=          298  ZONETYPE=FELINESEG
 DATAPACKING=POINT
  4.708680E+00 -5.043254E-04  5.000000E-01  9.999999E-01 -3.352088E-04  0.000000E+00  2.332380E-03 -1.042130E-04  5.427693E-18  1.580759E-01  0.000000E+00
  4.689187E+00  2.465007E-03  5.000000E-01  9.958601E-01  2.954044E-04  0.000000E+00  1.758243E-03 -2.303262E-04  1.045804E-19  9.237436E-02  0.000000E+00
  4.658673E+00  7.040653E-03  5.000000E-01  9.893797E-01  1.267159E-03  0.000000E+00  1.544217E-03 -2.504185E-04 -2.684541E-18  1.166304E-01  0.000000E+00
  4.626256E+00  1.181572E-02  5.000000E-01  9.824952E-01  2.281266E-03  0.000000E+00  1.460627E-03 -2.146406E-04 -2.613206E-18  1.123755E-01  0.000000E+00
  4.593146E+00  1.661110E-02  5.000000E-01  9.754634E-01  3.299687E-03  0.000000E+00  1.492541E-03 -2.092624E-04 -1.834587E-18  9.353257E-02  0.000000E+00
  4.560031E+00  2.133181E-02  5.000000E-01  9.684306E-01  4.302251E-03  0.000000E+00  1.631292E-03 -2.306650E-04 -8.373366E-19  7.959139E-02  0.000000E+00
  4.526891E+00  2.598590E-02  5.000000E-01  9.613923E-01  5.290664E-03  0.000000E+00  1.826761E-03 -2.557073E-04 -2.429141E-19  6.727389E-02  0.000000E+00
  4.493752E+00  3.057278E-02  5.000000E-01  9.543545E-01  6.264804E-03  0.000000E+00  2.043659E-03 -2.806564E-04 -2.247046E-19  5.300826E-02  0.000000E+00
  4.460612E+00  3.509249E-02  5.000000E-01  9.473164E-01  7.224679E-03  0.000000E+00  2.262405E-03 -3.059504E-04  1.731040E-18  3.784149E-02  0.000000E+00
  4.427470E+00  3.954521E-02  5.000000E-01  9.402779E-01  8.170329E-03  0.000000E+00  2.467192E-03 -3.287067E-04  3.027629E-18  2.264152E-02  0.000000E+00
  4.394325E+00  4.392606E-02  5.000000E-01  9.332387E-01  9.100714E-03  0.000000E+00  2.649068E-03 -3.470947E-04  1.811120E-18  7.378101E-03  0.000000E+00
  4.361178E+00  4.823197E-02  5.000000E-01  9.261991E-01  1.001518E-02  0.000000E+00  2.807801E-03 -3.612718E-04 -1.272826E-18 -7.994522E-03  0.000000E+00
  4.328027E+00  5.245769E-02  5.000000E-01  9.191586E-01  1.091262E-02  0.000000E+00  2.947517E-03 -3.717773E-04 -2.518049E-18 -2.341262E-02  0.000000E+00
  4.294876E+00  5.659617E-02  5.000000E-01  9.121180E-01  1.179153E-02  0.000000E+00  3.072032E-03 -3.791638E-04 -7.296224E-19 -3.881715E-02  0.000000E+00
  4.261727E+00  6.064210E-02  5.000000E-01  9.050782E-01  1.265079E-02  0.000000E+00  3.182729E-03 -3.838214E-04  1.437066E-18 -5.420482E-02  0.000000E+00
  4.228582E+00  6.459030E-02  5.000000E-01  8.980388E-01  1.348929E-02  0.000000E+00  3.278654E-03 -3.854093E-04  1.474736E-18 -6.968892E-02  0.000000E+00
  4.195443E+00  6.843297E-02  5.000000E-01  8.910010E-01  1.430538E-02  0.000000E+00  3.357363E-03 -3.834795E-04  4.169039E-19 -8.516913E-02  0.000000E+00
  4.162308E+00  7.216138E-02  5.000000E-01  8.839639E-01  1.509720E-02  0.000000E+00  3.414195E-03 -3.777683E-04 -7.064449E-19 -1.002935E-01  0.000000E+00
  4.129179E+00  7.576868E-02  5.000000E-01  8.769281E-01  1.586330E-02  0.000000E+00  3.441371E-03 -3.678439E-04 -2.332811E-19 -1.149277E-01  0.000000E+00
  4.096054E+00  7.924608E-02  5.000000E-01  8.698932E-01  1.660182E-02  0.000000E+00  3.428867E-03 -3.532748E-04  1.409393E-18 -1.297308E-01  0.000000E+00
  4.062934E+00  8.258656E-02  5.000000E-01  8.628593E-01  1.731125E-02  0.000000E+00  3.367279E-03 -3.333583E-04  1.340947E-18 -1.461164E-01  0.000000E+00
  4.029817E+00  8.578235E-02  5.000000E-01  8.558262E-01  1.798996E-02  0.000000E+00  3.250488E-03 -3.070225E-04  1.829781E-19 -1.644707E-01  0.000000E+00
  3.996705E+00  8.882640E-02  5.000000E-01  8.487939E-01  1.863644E-02  0.000000E+00  3.073912E-03 -2.740564E-04  2.928561E-19 -1.818362E-01  0.000000E+00
  3.963594E+00  9.171363E-02  5.000000E-01  8.417620E-01  1.924962E-02  0.000000E+00  2.832245E-03 -2.368982E-04 -3.347160E-19 -1.932831E-01  0.000000E+00
  3.930486E+00  9.444035E-02  5.000000E-01  8.347306E-01  1.982871E-02  0.000000E+00  2.536425E-03 -2.009185E-04 -1.149761E-18 -1.994623E-01  0.000000E+00
  3.897377E+00  9.700374E-02  5.000000E-01  8.276991E-01  2.037311E-02  0.000000E+00  2.263203E-03 -1.730130E-04  1.894918E-19 -2.139756E-01  0.000000E+00
  3.864269E+00  9.940462E-02  5.000000E-01  8.206677E-01  2.088300E-02  0.000000E+00  2.214691E-03 -1.621262E-04  6.801973E-19 -2.588383E-01  0.000000E+00
  3.831161E+00  1.016438E-01  5.000000E-01  8.136366E-01  2.135854E-02  0.000000E+00  2.732585E-03 -1.826873E-04  3.117111E-19 -3.467040E-01  0.000000E+00
  3.798054E+00  1.037266E-01  5.000000E-01  8.066053E-01  2.180088E-02  0.000000E+00  4.199597E-03 -2.521134E-04  4.131186E-19 -4.669106E-01  0.000000E+00
  3.764948E+00  1.056604E-01  5.000000E-01  7.995744E-01  2.221157E-02  0.000000E+00  6.772254E-03 -3.730525E-04 -3.536413E-19 -5.907270E-01  0.000000E+00
  3.731842E+00  1.074564E-01  5.000000E-01  7.925435E-01  2.259299E-02  0.000000E+00  1.008229E-02 -5.190878E-04 -1.341165E-18 -6.897750E-01  0.000000E+00
  3.698737E+00  1.091302E-01  5.000000E-01  7.855129E-01  2.294846E-02  0.000000E+00  1.326894E-02 -6.435680E-04 -1.504519E-18 -7.507449E-01  0.000000E+00
  3.665634E+00  1.106940E-01  5.000000E-01  7.784827E-01  2.328058E-02  0.000000E+00  1.550231E-02 -7.073311E-04 -1.265380E-18 -7.771143E-01  0.000000E+00
  3.632534E+00  1.121519E-01  5.000000E-01  7.714529E-01  2.359021E-02  0.000000E+00  1.652238E-02 -7.045537E-04 -7.778356E-19 -7.809626E-01  0.000000E+00
  3.599434E+00  1.135067E-01  5.000000E-01  7.644234E-01  2.387792E-02  0.000000E+00  1.663869E-02 -6.589154E-04  3.270042E-19 -7.738990E-01  0.000000E+00
  3.566334E+00  1.147620E-01  5.000000E-01  7.573938E-01  2.414453E-02  0.000000E+00  1.634109E-02 -5.983464E-04  2.283884E-18 -7.631539E-01  0.000000E+00
  3.533236E+00  1.159214E-01  5.000000E-01  7.503646E-01  2.439076E-02  0.000000E+00  1.598464E-02 -5.392020E-04  4.038252E-18 -7.521070E-01  0.000000E+00
  3.500138E+00  1.169881E-01  5.000000E-01  7.433353E-01  2.461728E-02  0.000000E+00  1.571846E-02 -4.870425E-04  5.725180E-18 -7.419705E-01  0.000000E+00
  3.467038E+00  1.179670E-01  5.000000E-01  7.363057E-01  2.482520E-02  0.000000E+00  1.555642E-02 -4.418852E-04  6.699745E-18 -7.329678E-01  0.000000E+00
  3.433936E+00  1.188637E-01  5.000000E-01  7.292757E-01  2.501563E-02  0.000000E+00  1.546229E-02 -4.019476E-04  6.551319E-18 -7.249690E-01  0.000000E+00
  3.400832E+00  1.196835E-01  5.000000E-01  7.222452E-01  2.518972E-02  0.000000E+00  1.539881E-02 -3.659065E-04  5.707434E-18 -7.178182E-01  0.000000E+00
  3.367728E+00  1.204324E-01  5.000000E-01  7.152146E-01  2.534878E-02  0.000000E+00  1.534445E-02 -3.331363E-04  4.055248E-18 -7.114009E-01  0.000000E+00
  3.334620E+00  1.211165E-01  5.000000E-01  7.081834E-01  2.549406E-02  0.000000E+00  1.529197E-02 -3.034841E-04  2.455754E-18 -7.056581E-01  0.000000E+00
  3.301512E+00  1.217420E-01  5.000000E-01  7.011520E-01  2.562691E-02  0.000000E+00  1.524181E-02 -2.770455E-04  1.325561E-18 -7.005990E-01  0.000000E+00
  3.268401E+00  1.223156E-01  5.000000E-01  6.941201E-01  2.574872E-02  0.000000E+00  1.519740E-02 -2.538491E-04  6.821876E-19 -6.962506E-01  0.000000E+00
  3.235290E+00  1.228437E-01  5.000000E-01  6.870881E-01  2.586088E-02  0.000000E+00  1.516240E-02 -2.338362E-04  4.218134E-19 -6.926319E-01  0.000000E+00
  3.202177E+00  1.233324E-01  5.000000E-01  6.800557E-01  2.596467E-02  0.000000E+00  1.513924E-02 -2.170434E-04  5.647432E-19 -6.897742E-01  0.000000E+00
  3.169063E+00  1.237885E-01  5.000000E-01  6.730231E-01  2.606154E-02  0.000000E+00  1.512912E-02 -2.033789E-04  1.072969E-18 -6.876779E-01  0.000000E+00
  3.135947E+00  1.242180E-01  5.000000E-01  6.659902E-01  2.615276E-02  0.000000E+00  1.513270E-02 -1.921341E-04  1.454907E-18 -6.862241E-01  0.000000E+00
  3.102831E+00  1.246250E-01  5.000000E-01  6.589570E-01  2.623919E-02  0.000000E+00  1.514980E-02 -1.817402E-04  1.535378E-18 -6.851356E-01  0.000000E+00
  3.069714E+00  1.250084E-01  5.000000E-01  6.519238E-01  2.632061E-02  0.000000E+00  1.517758E-02 -1.709329E-04  1.594059E-18 -6.841388E-01  0.000000E+00
  3.036593E+00  1.253667E-01  5.000000E-01  6.448898E-01  2.639670E-02  0.000000E+00  1.521094E-02 -1.594088E-04  1.596713E-18 -6.830759E-01  0.000000E+00
  3.003475E+00  1.256983E-01  5.000000E-01  6.378564E-01  2.646713E-02  0.000000E+00  1.524556E-02 -1.468631E-04  1.321867E-18 -6.818280E-01  0.000000E+00
  2.970356E+00  1.260004E-01  5.000000E-01  6.308226E-01  2.653129E-02  0.000000E+00  1.527816E-02 -1.333634E-04  9.182344E-19 -6.803589E-01  0.000000E+00
  2.937236E+00  1.262721E-01  5.000000E-01  6.237888E-01  2.658898E-02  0.000000E+00  1.530716E-02 -1.190507E-04  5.296756E-19 -6.786739E-01  0.000000E+00
  2.904117E+00  1.265112E-01  5.000000E-01  6.167550E-01  2.663976E-02  0.000000E+00  1.533253E-02 -1.038291E-04  2.136732E-19 -6.767682E-01  0.000000E+00
  2.870996E+00  1.267162E-01  5.000000E-01  6.097211E-01  2.668329E-02  0.000000E+00  1.535454E-02 -8.776058E-05  4.055025E-20 -6.746523E-01  0.000000E+00
  2.837877E+00  1.268853E-01  5.000000E-01  6.026873E-01  2.671922E-02  0.000000E+00  1.537356E-02 -7.081047E-05 -1.522929E-20 -6.723232E-01  0.000000E+00
  2.804757E+00  1.270168E-01  5.000000E-01  5.956534E-01  2.674714E-02  0.000000E+00  1.538954E-02 -5.299995E-05  6.330083E-20 -6.697797E-01  0.000000E+00
  2.771639E+00  1.271090E-01  5.000000E-01  5.886200E-01  2.676673E-02  0.000000E+00  1.540227E-02 -3.417843E-05  3.369921E-19 -6.670011E-01  0.000000E+00
  2.738522E+00  1.271593E-01  5.000000E-01  5.815867E-01  2.677740E-02  0.000000E+00  1.541108E-02 -1.434137E-05  7.090895E-19 -6.639777E-01  0.000000E+00
  2.705406E+00  1.271661E-01  5.000000E-01  5.745537E-01  2.677886E-02  0.000000E+00  1.541518E-02  6.417225E-06  1.038341E-18 -6.607068E-01  0.000000E+00
  2.672292E+00  1.271273E-01  5.000000E-01  5.675211E-01  2.677060E-02  0.000000E+00  1.541406E-02  2.816167E-05  1.213892E-18 -6.571757E-01  0.000000E+00
  2.639177E+00  1.270407E-01  5.000000E-01  5.604885E-01  2.675222E-02  0.000000E+00  1.540733E-02  5.082946E-05  1.152988E-18 -6.533950E-01  0.000000E+00
  2.606068E+00  1.269044E-01  5.000000E-01  5.534568E-01  2.672328E-02  0.000000E+00  1.539483E-02  7.421176E-05  8.996965E-19 -6.494108E-01  0.000000E+00
  2.572958E+00  1.267169E-01  5.000000E-01  5.464251E-01  2.668346E-02  0.000000E+00  1.537636E-02  9.751949E-05  6.888559E-19 -6.453484E-01  0.000000E+00
  2.539852E+00  1.264798E-01  5.000000E-01  5.393941E-01  2.663311E-02  0.000000E+00  1.535302E-02  1.203996E-04  4.912347E-19 -6.412939E-01  0.000000E+00
  2.506749E+00  1.261932E-01  5.000000E-01  5.323638E-01  2.657223E-02  0.000000E+00  1.532652E-02  1.430452E-04  3.854733E-19 -6.372693E-01  0.000000E+00
  2.473650E+00  1.258575E-01  5.000000E-01  5.253345E-01  2.650093E-02  0.000000E+00  1.529758E-02  1.654035E-04  3.934924E-19 -6.333025E-01  0.000000E+00
  2.440554E+00  1.254729E-01  5.000000E-01  5.183056E-01  2.641926E-02  0.000000E+00  1.526626E-02  1.873006E-04  2.843290E-19 -6.294159E-01  0.000000E+00
  2.407460E+00  1.250409E-01  5.000000E-01  5.112774E-01  2.632751E-02  0.000000E+00  1.523256E-02  2.088336E-04  3.577111E-19 -6.255997E-01  0.000000E+00
  2.374373E+00  1.245613E-01  5.000000E-01  5.042504E-01  2.622565E-02  0.000000E+00  1.519640E-02  2.301372E-04  4.549316E-19 -6.218576E-01  0.000000E+00
  2.341286E+00  1.240343E-01  5.000000E-01  4.972236E-01  2.611374E-02  0.000000E+00  1.515736E-02  2.505440E-04  1.589174E-19 -6.183087E-01  0.000000E+00
  2.308194E+00  1.234629E-01  5.000000E-01  4.901958E-01  2.599237E-02  0.000000E+00  1.511634E-02  2.691819E-04 -1.937939E-19 -6.151312E-01  0.000000E+00
  2.275097E+00  1.228511E-01  5.000000E-01  4.831667E-01  2.586246E-02  0.000000E+00  1.507631E-02  2.856471E-04 -3.508953E-19 -6.124749E-01  0.000000E+00
  2.241991E+00  1.222040E-01  5.000000E-01  4.761359E-01  2.572502E-02  0.000000E+00  1.504126E-02  2.998863E-04 -1.994479E-19 -6.104437E-01  0.000000E+00
  2.208879E+00  1.215264E-01  5.000000E-01  4.691037E-01  2.558113E-02  0.000000E+00  1.501496E-02  3.120218E-04  5.203546E-20 -6.090965E-01  0.000000E+00
  2.175760E+00  1.208232E-01  5.000000E-01  4.620701E-01  2.543178E-02  0.000000E+00  1.500012E-02  3.221823E-04 -1.090982E-19 -6.084626E-01  0.000000E+00
  2.142637E+00  1.200992E-01  5.000000E-01  4.550354E-01  2.527801E-02  0.000000E+00  1.499820E-02  3.304681E-04 -2.761672E-19 -6.085427E-01  0.000000E+00
  2.109507E+00  1.193588E-01  5.000000E-01  4.479994E-01  2.512077E-02  0.000000E+00  1.500952E-02  3.370233E-04 -1.755181E-19 -6.092887E-01  0.000000E+00
  2.076374E+00  1.186068E-01  5.000000E-01  4.409628E-01  2.496107E-02  0.000000E+00  1.503385E-02  3.426762E-04 -1.560998E-19 -6.105319E-01  0.000000E+00
  2.043241E+00  1.178441E-01  5.000000E-01  4.339262E-01  2.479908E-02  0.000000E+00  1.506952E-02  3.484799E-04 -7.525919E-20 -6.120442E-01  0.000000E+00
  2.010106E+00  1.170701E-01  5.000000E-01  4.268892E-01  2.463470E-02  0.000000E+00  1.511283E-02  3.547416E-04 -9.985037E-20 -6.136644E-01  0.000000E+00
  1.976970E+00  1.162841E-01  5.000000E-01  4.198519E-01  2.446779E-02  0.000000E+00  1.515987E-02  3.615184E-04 -6.267004E-20 -6.152815E-01  0.000000E+00
  1.943835E+00  1.154854E-01  5.000000E-01  4.128148E-01  2.429815E-02  0.000000E+00  1.520761E-02  3.688697E-04 -1.649899E-19 -6.168282E-01  0.000000E+00
  1.910699E+00  1.146723E-01  5.000000E-01  4.057775E-01  2.412547E-02  0.000000E+00  1.525405E-02  3.766061E-04 -3.949080E-19 -6.183014E-01  0.000000E+00
  1.877561E+00  1.138447E-01  5.000000E-01  3.987399E-01  2.394971E-02  0.000000E+00  1.529870E-02  3.846465E-04 -4.541155E-19 -6.197145E-01  0.000000E+00
  1.844424E+00  1.130016E-01  5.000000E-01  3.917024E-01  2.377065E-02  0.000000E+00  1.534197E-02  3.929491E-04 -8.020772E-19 -6.210940E-01  0.000000E+00
  1.811282E+00  1.121426E-01  5.000000E-01  3.846638E-01  2.358822E-02  0.000000E+00  1.538455E-02  4.012544E-04 -7.739073E-19 -6.224923E-01  0.000000E+00
  1.778139E+00  1.112682E-01  5.000000E-01  3.776250E-01  2.340253E-02  0.000000E+00  1.542771E-02  4.096448E-04 -5.458273E-19 -6.239251E-01  0.000000E+00
  1.744992E+00  1.103779E-01  5.000000E-01  3.705854E-01  2.321344E-02  0.000000E+00  1.547234E-02  4.181624E-04 -6.163993E-19 -6.254040E-01  0.000000E+00
  1.711843E+00  1.094720E-01  5.000000E-01  3.635455E-01  2.302105E-02  0.000000E+00  1.551900E-02  4.268635E-04 -7.080656E-19 -6.269298E-01  0.000000E+00
  1.678692E+00  1.085497E-01  5.000000E-01  3.565049E-01  2.282518E-02  0.000000E+00  1.556777E-02  4.357699E-04 -6.603542E-19 -6.284944E-01  0.000000E+00
  1.645539E+00  1.076114E-01  5.000000E-01  3.494640E-01  2.262591E-02  0.000000E+00  1.561854E-02  4.450221E-04 -1.056225E-19 -6.300626E-01  0.000000E+00
  1.612385E+00  1.066559E-01  5.000000E-01  3.424230E-01  2.242298E-02  0.000000E+00  1.567102E-02  4.549844E-04 -1.044451E-19 -6.315661E-01  0.000000E+00
  1.579236E+00  1.056820E-01  5.000000E-01  3.353830E-01  2.221615E-02  0.000000E+00  1.572443E-02  4.659665E-04 -6.122320E-19 -6.329476E-01  0.000000E+00
  1.546090E+00  1.046868E-01  5.000000E-01  3.283435E-01  2.200480E-02  0.000000E+00  1.577742E-02  4.777481E-04 -1.517132E-19 -6.342233E-01  0.000000E+00
  1.512946E+00  1.036700E-01  5.000000E-01  3.213046E-01  2.178886E-02  0.000000E+00  1.582910E-02  4.898394E-04  4.133503E-19 -6.354570E-01  0.000000E+00
  1.479807E+00  1.026310E-01  5.000000E-01  3.142666E-01  2.156821E-02  0.000000E+00  1.588007E-02  5.023251E-04  4.883295E-19 -6.366672E-01  0.000000E+00
  1.446672E+00  1.015689E-01  5.000000E-01  3.072296E-01  2.134264E-02  0.000000E+00  1.593109E-02  5.152645E-04  2.254707E-19 -6.378688E-01  0.000000E+00
  1.413540E+00  1.004831E-01  5.000000E-01  3.001932E-01  2.111203E-02  0.000000E+00  1.598273E-02  5.287132E-04  1.293805E-19 -6.390608E-01  0.000000E+00
  1.380413E+00  9.937245E-02  5.000000E-01  2.931579E-01  2.087616E-02  0.000000E+00  1.603530E-02  5.429344E-04  7.447619E-20 -6.402085E-01  0.000000E+00
  1.347294E+00  9.823545E-02  5.000000E-01  2.861242E-01  2.063469E-02  0.000000E+00  1.608843E-02  5.581214E-04 -3.369822E-19 -6.412776E-01  0.000000E+00
  1.314179E+00  9.707008E-02  5.000000E-01  2.790914E-01  2.038720E-02  0.000000E+00  1.614117E-02  5.742284E-04 -5.643798E-19 -6.422572E-01  0.000000E+00
  1.281074E+00  9.587500E-02  5.000000E-01  2.720606E-01  2.013339E-02  0.000000E+00  1.619273E-02  5.913283E-04 -7.198580E-19 -6.431359E-01  0.000000E+00
  1.247974E+00  9.464770E-02  5.000000E-01  2.650310E-01  1.987274E-02  0.000000E+00  1.624235E-02  6.092976E-04 -7.031950E-19 -6.439317E-01  0.000000E+00
  1.214880E+00  9.338718E-02  5.000000E-01  2.580028E-01  1.960504E-02  0.000000E+00  1.628968E-02  6.280403E-04 -5.247280E-19 -6.446653E-01  0.000000E+00
  1.181795E+00  9.209157E-02  5.000000E-01  2.509763E-01  1.932988E-02  0.000000E+00  1.633487E-02  6.477228E-04 -2.268353E-19 -6.453392E-01  0.000000E+00
  1.148718E+00  9.075896E-02  5.000000E-01  2.439516E-01  1.904687E-02  0.000000E+00  1.637767E-02  6.681133E-04 -3.327347E-19 -6.459999E-01  0.000000E+00
  1.115646E+00  8.938832E-02  5.000000E-01  2.369279E-01  1.875578E-02  0.000000E+00  1.641815E-02  6.889399E-04 -6.142564E-19 -6.467042E-01  0.000000E+00
  1.082583E+00  8.797906E-02  5.000000E-01  2.299061E-01  1.845649E-02  0.000000E+00  1.645712E-02  7.102051E-04 -4.477447E-19 -6.474908E-01  0.000000E+00
  1.049524E+00  8.653012E-02  5.000000E-01  2.228852E-01  1.814877E-02  0.000000E+00  1.649578E-02  7.318679E-04  1.862076E-19 -6.484174E-01  0.000000E+00
  1.016475E+00  8.504147E-02  5.000000E-01  2.158664E-01  1.783262E-02  0.000000E+00  1.653575E-02  7.538241E-04  7.500636E-19 -6.495817E-01  0.000000E+00
  9.834318E-01  8.351236E-02  5.000000E-01  2.088488E-01  1.750787E-02  0.000000E+00  1.657844E-02  7.750981E-04  5.296204E-19 -6.511998E-01  0.000000E+00
  9.503976E-01  8.194704E-02  5.000000E-01  2.018331E-01  1.717543E-02  0.000000E+00  1.662634E-02  7.946277E-04 -1.625029E-19 -6.534970E-01  0.000000E+00
  9.173728E-01  8.035012E-02  5.000000E-01  1.948195E-01  1.683629E-02  0.000000E+00  1.668386E-02  8.127919E-04 -5.233578E-19 -6.565117E-01  0.000000E+00
  8.843598E-01  7.872495E-02  5.000000E-01  1.878083E-01  1.649114E-02  0.000000E+00  1.675464E-02  8.308246E-04 -4.073241E-19 -6.601152E-01  0.000000E+00
  8.513623E-01  7.707205E-02  5.000000E-01  1.808005E-01  1.614011E-02  0.000000E+00  1.683929E-02  8.498811E-04 -3.899090E-19 -6.641151E-01  0.000000E+00
  8.183794E-01  7.539016E-02  5.000000E-01  1.737957E-01  1.578291E-02  0.000000E+00  1.693533E-02  8.705082E-04 -2.473770E-19 -6.683573E-01  0.000000E+00
  7.854121E-01  7.367730E-02  5.000000E-01  1.667943E-01  1.541914E-02  0.000000E+00  1.703909E-02  8.929203E-04 -3.351099E-20 -6.727437E-01  0.000000E+00
  7.524593E-01  7.193080E-02  5.000000E-01  1.597959E-01  1.504823E-02  0.000000E+00  1.714743E-02  9.172060E-04  2.773620E-20 -6.772194E-01  0.000000E+00
  7.195226E-01  7.014798E-02  5.000000E-01  1.528009E-01  1.466961E-02  0.000000E+00  1.725851E-02  9.436768E-04 -4.759429E-20 -6.817265E-01  0.000000E+00
  6.866079E-01  6.832525E-02  5.000000E-01  1.458107E-01  1.428250E-02  0.000000E+00  1.737133E-02  9.730503E-04 -3.782940E-20 -6.861747E-01  0.000000E+00
  6.537221E-01  6.645739E-02  5.000000E-01  1.388265E-01  1.388581E-02  0.000000E+00  1.748442E-02  1.006024E-03 -3.208237E-19 -6.904818E-01  0.000000E+00
  6.208691E-01  6.453799E-02  5.000000E-01  1.318494E-01  1.347818E-02  0.000000E+00  1.759525E-02  1.042911E-03 -1.453651E-18 -6.946285E-01  0.000000E+00
  5.880524E-01  6.256023E-02  5.000000E-01  1.248799E-01  1.305815E-02  0.000000E+00  1.770085E-02  1.083534E-03 -2.070075E-18 -6.986887E-01  0.000000E+00
  5.552711E-01  6.051763E-02  5.000000E-01  1.179180E-01  1.262435E-02  0.000000E+00  1.779891E-02  1.127397E-03 -1.535672E-18 -7.028197E-01  0.000000E+00
  5.225283E-01  5.840505E-02  5.000000E-01  1.109642E-01  1.217569E-02  0.000000E+00  1.788875E-02  1.174246E-03 -2.155975E-18 -7.072158E-01  0.000000E+00
  4.898261E-01  5.621693E-02  5.000000E-01  1.040191E-01  1.171099E-02  0.000000E+00  1.797037E-02  1.223738E-03 -2.818746E-18 -7.121447E-01  0.000000E+00
  4.571624E-01  5.394891E-02  5.000000E-01  9.708209E-02  1.122932E-02  0.000000E+00  1.804346E-02  1.275002E-03 -2.382047E-18 -7.179892E-01  0.000000E+00
  4.245350E-01  5.159814E-02  5.000000E-01  9.015283E-02  1.073007E-02  0.000000E+00  1.810719E-02  1.326745E-03 -1.662499E-18 -7.252038E-01  0.000000E+00
  3.919369E-01  4.916419E-02  5.000000E-01  8.322981E-02  1.021316E-02  0.000000E+00  1.815997E-02  1.377870E-03 -4.232519E-19 -7.341629E-01  0.000000E+00
  3.593832E-01  4.664914E-02  5.000000E-01  7.631620E-02  9.679028E-03  0.000000E+00  1.819873E-02  1.429072E-03 -1.701279E-18 -7.449067E-01  0.000000E+00
  3.269046E-01  4.405230E-02  5.000000E-01  6.941854E-02  9.127524E-03  0.000000E+00  1.821589E-02  1.483695E-03 -8.558527E-18 -7.570549E-01  0.000000E+00
  2.945750E-01  4.136667E-02  5.000000E-01  6.255253E-02  8.557161E-03  0.000000E+00  1.819537E-02  1.545796E-03 -2.279448E-17 -7.701602E-01  0.000000E+00
  2.624265E-01  3.857099E-02  5.000000E-01  5.572497E-02  7.963428E-03  0.000000E+00  1.811240E-02  1.613544E-03 -2.708636E-17 -7.846137E-01  0.000000E+00
  2.304268E-01  3.564788E-02  5.000000E-01  4.892903E-02  7.342630E-03  0.000000E+00  1.795504E-02  1.681205E-03  4.323472E-17 -8.018762E-01  0.000000E+00
  1.986088E-01  3.259255E-02  5.000000E-01  4.217166E-02  6.693755E-03  0.000000E+00  1.775048E-02  1.745337E-03  2.981769E-16 -8.243124E-01  0.000000E+00
  1.669282E-01  2.939449E-02  5.000000E-01  3.544349E-02  6.014564E-03  0.000000E+00  1.756268E-02  1.792637E-03  7.777996E-16 -8.562810E-01  0.000000E+00
  1.350509E-01  2.608676E-02  5.000000E-01  2.867354E-02  5.312085E-03  0.000000E+00  1.755663E-02  1.847842E-03  1.155139E-15 -8.996473E-01  0.000000E+00
  1.043791E-01  2.281696E-02  5.000000E-01  2.215959E-02  4.617658E-03  0.000000E+00  1.803237E-02  2.041872E-03  5.315051E-16 -9.480420E-01  0.000000E+00
  7.632629E-02  1.946246E-02  5.000000E-01  1.620187E-02  3.905246E-03  0.000000E+00  1.911594E-02  2.461934E-03 -1.638883E-15 -1.000247E+00  0.000000E+00
  5.118571E-02  1.598117E-02  5.000000E-01  1.086263E-02  3.165905E-03  0.000000E+00  2.085444E-02  3.182157E-03 -2.660421E-15 -1.058896E+00  0.000000E+00
  3.264831E-02  1.292375E-02  5.000000E-01  6.925739E-03  2.516585E-03  0.000000E+00  2.382568E-02  4.626138E-03  5.288286E-15 -1.108589E+00  0.000000E+00
  2.051015E-02  1.027865E-02  5.000000E-01  4.347893E-03  1.954829E-03  0.000000E+00  2.846302E-02  7.281772E-03  2.856450E-14 -1.140056E+00  0.000000E+00
  1.247723E-02  7.957874E-03  5.000000E-01  2.641898E-03  1.461954E-03  0.000000E+00  3.507073E-02  1.159866E-02  5.900762E-14 -1.168909E+00  0.000000E+00
  7.055255E-03  5.965980E-03  5.000000E-01  1.490404E-03  1.038925E-03  0.000000E+00  4.600441E-02  1.989237E-02  6.898567E-14 -1.190248E+00  0.000000E+00
  3.418635E-03  4.215616E-03  5.000000E-01  7.180754E-04  6.671906E-04  0.000000E+00  6.293564E-02  3.840843E-02  3.268599E-14 -1.137200E+00  0.000000E+00
  1.108798E-03  2.592705E-03  5.000000E-01  2.275226E-04  3.225242E-04  0.000000E+00  6.792104E-02  7.202903E-02 -4.788222E-15 -8.410742E-01  0.000000E+00
  3.747479E-05  1.074053E-03  5.000000E-01  0.000000E+00  0.000000E+00  0.000000E+00  2.314620E-02  1.072791E-01  3.074498E-14  4.026581E-02  0.000000E+00
  3.747479E-05  1.074053E-03  5.000000E-01  0.000000E+00  0.000000E+00  0.000000E+00  2.314620E-02  1.072791E-01  3.074498E-14  4.026581E-02  0.000000E+00
  2.534065E-04 -4.450110E-04  5.000000E-01  4.585858E-05 -3.226119E-04  0.000000E+00 -2.905968E-02  8.163965E-02  1.063482E-13  9.680048E-01  0.000000E+00
  1.848580E-03 -2.017424E-03  5.000000E-01  3.846343E-04 -6.565538E-04  0.000000E+00 -2.980176E-02  2.552917E-02  1.131776E-13  1.198141E+00  0.000000E+00
  4.867645E-03 -3.631587E-03  5.000000E-01  1.025809E-03 -9.993624E-04  0.000000E+00 -8.475215E-03  4.518967E-03  5.590116E-14  1.081824E+00  0.000000E+00
  9.380877E-03 -5.345936E-03  5.000000E-01  1.984309E-03 -1.363448E-03  0.000000E+00  6.137134E-03 -1.879564E-03  1.444404E-14  9.755232E-01  0.000000E+00
  1.589077E-02 -7.266839E-03  5.000000E-01  3.366850E-03 -1.771401E-03  0.000000E+00  1.268748E-02 -3.291365E-03  3.267951E-15  8.844273E-01  0.000000E+00
  2.547297E-02 -9.500118E-03  5.000000E-01  5.401873E-03 -2.245694E-03  0.000000E+00  1.443567E-02 -2.994453E-03  5.148314E-15  7.903858E-01  0.000000E+00
  3.989163E-02 -1.212965E-02  5.000000E-01  8.464043E-03 -2.804142E-03  0.000000E+00  1.402881E-02 -2.288305E-03  5.398166E-15  6.997890E-01  0.000000E+00
  6.092142E-02 -1.512507E-02  5.000000E-01  1.293025E-02 -3.440295E-03  0.000000E+00  1.310678E-02 -1.722989E-03  2.248895E-15  6.240779E-01  0.000000E+00
  8.832839E-02 -1.839924E-02  5.000000E-01  1.875082E-02 -4.135648E-03  0.000000E+00  1.242510E-02 -1.419981E-03 -3.364698E-16  5.678781E-01  0.000000E+00
  1.189914E-01 -2.173993E-02  5.000000E-01  2.526288E-02 -4.845129E-03  0.000000E+00  1.214977E-02 -1.299438E-03 -8.781890E-16  5.260593E-01  0.000000E+00
  1.511926E-01 -2.512321E-02  5.000000E-01  3.210163E-02 -5.563654E-03  0.000000E+00  1.220565E-02 -1.277708E-03 -4.670879E-16  4.925305E-01  0.000000E+00
  1.838450E-01 -2.853500E-02  5.000000E-01  3.903620E-02 -6.288235E-03  0.000000E+00  1.245635E-02 -1.296298E-03 -9.688904E-17  4.623048E-01  0.000000E+00
  2.165049E-01 -3.192773E-02  5.000000E-01  4.597235E-02 -7.008769E-03  0.000000E+00  1.277307E-02 -1.315214E-03  3.033594E-17  4.330679E-01  0.000000E+00
  2.491496E-01 -3.526396E-02  5.000000E-01  5.290529E-02 -7.717301E-03  0.000000E+00  1.307478E-02 -1.323306E-03  3.276002E-17  4.061254E-01  0.000000E+00
  2.819003E-01 -3.854886E-02  5.000000E-01  5.986073E-02 -8.414932E-03  0.000000E+00  1.332832E-02 -1.325777E-03  1.244589E-17  3.829685E-01  0.000000E+00
  3.147601E-01 -4.179372E-02  5.000000E-01  6.683936E-02 -9.104061E-03  0.000000E+00  1.352897E-02 -1.327618E-03  2.847984E-18  3.631145E-01  0.000000E+00
  3.477303E-01 -4.501329E-02  5.000000E-01  7.384141E-02 -9.787819E-03  0.000000E+00  1.368607E-02 -1.331186E-03  1.216812E-18  3.452153E-01  0.000000E+00
  3.807756E-01 -4.821952E-02  5.000000E-01  8.085941E-02 -1.046874E-02  0.000000E+00  1.381094E-02 -1.335332E-03  6.408444E-19  3.281275E-01  0.000000E+00
  4.138291E-01 -5.140919E-02  5.000000E-01  8.787917E-02 -1.114615E-02  0.000000E+00  1.390972E-02 -1.335896E-03  6.941920E-19  3.112405E-01  0.000000E+00
  4.468689E-01 -5.457181E-02  5.000000E-01  9.489601E-02 -1.181781E-02  0.000000E+00  1.398560E-02 -1.330846E-03  6.485463E-19  2.946893E-01  0.000000E+00
  4.799091E-01 -5.770133E-02  5.000000E-01  1.019129E-01 -1.248245E-02  0.000000E+00  1.404212E-02 -1.321402E-03  7.740464E-19  2.789258E-01  0.000000E+00
  5.129612E-01 -6.079529E-02  5.000000E-01  1.089324E-01 -1.313953E-02  0.000000E+00  1.408358E-02 -1.309629E-03  5.037367E-19  2.641560E-01  0.000000E+00
  5.460360E-01 -6.385461E-02  5.000000E-01  1.159567E-01 -1.378925E-02  0.000000E+00  1.411484E-02 -1.297286E-03  1.045387E-18  2.502826E-01  0.000000E+00
  5.791347E-01 -6.688157E-02  5.000000E-01  1.229860E-01 -1.443210E-02  0.000000E+00  1.414079E-02 -1.285385E-03  1.444998E-18  2.370612E-01  0.000000E+00
  6.122565E-01 -6.987840E-02  5.000000E-01  1.300203E-01 -1.506856E-02  0.000000E+00  1.416610E-02 -1.274388E-03 -5.228266E-19  2.242571E-01  0.000000E+00
  6.454013E-01 -7.284731E-02  5.000000E-01  1.370594E-01 -1.569908E-02  0.000000E+00  1.419535E-02 -1.264772E-03 -1.384364E-18  2.117201E-01  0.000000E+00
  6.785693E-01 -7.579102E-02  5.000000E-01  1.441035E-01 -1.632425E-02  0.000000E+00  1.423256E-02 -1.256962E-03 -8.481874E-19  1.993358E-01  0.000000E+00
  7.117575E-01 -7.871196E-02  5.000000E-01  1.511518E-01 -1.694459E-02  0.000000E+00  1.428014E-02 -1.250679E-03  3.644026E-19  1.869486E-01  0.000000E+00
  7.449560E-01 -8.160977E-02  5.000000E-01  1.582024E-01 -1.756001E-02  0.000000E+00  1.433828E-02 -1.244815E-03  1.840588E-18  1.743887E-01  0.000000E+00
  7.781569E-01 -8.448115E-02  5.000000E-01  1.652534E-01 -1.816982E-02  0.000000E+00  1.440560E-02 -1.238106E-03  1.531194E-18  1.615746E-01  0.000000E+00
  8.113578E-01 -8.732127E-02  5.000000E-01  1.723045E-01 -1.877299E-02  0.000000E+00  1.447999E-02 -1.229631E-03  1.527996E-19  1.485387E-01  0.000000E+00
  8.445597E-01 -9.012450E-02  5.000000E-01  1.793558E-01 -1.936833E-02  0.000000E+00  1.455894E-02 -1.218760E-03  2.167329E-20  1.353701E-01  0.000000E+00
  8.777625E-01 -9.288469E-02  5.000000E-01  1.864072E-01 -1.995453E-02  0.000000E+00  1.463888E-02 -1.204680E-03  3.106498E-19  1.221410E-01  0.000000E+00
  9.109638E-01 -9.559377E-02  5.000000E-01  1.934584E-01 -2.052987E-02  0.000000E+00  1.471517E-02 -1.186438E-03  9.076465E-19  1.089290E-01  0.000000E+00
  9.441676E-01 -9.824336E-02  5.000000E-01  2.005100E-01 -2.109258E-02  0.000000E+00  1.478272E-02 -1.163317E-03  8.714415E-19  9.587910E-02  0.000000E+00
  9.773746E-01 -1.008246E-01  5.000000E-01  2.075624E-01 -2.164077E-02  0.000000E+00  1.483672E-02 -1.134620E-03 -2.832014E-20  8.316115E-02  0.000000E+00
  1.010583E+00 -1.033271E-01  5.000000E-01  2.146150E-01 -2.217223E-02  0.000000E+00  1.487454E-02 -1.100794E-03 -2.923580E-19  7.101890E-02  0.000000E+00
  1.043798E+00 -1.057446E-01  5.000000E-01  2.216690E-01 -2.268566E-02  0.000000E+00  1.489707E-02 -1.063982E-03 -4.955654E-19  5.974098E-02  0.000000E+00
  1.077015E+00 -1.080761E-01  5.000000E-01  2.287236E-01 -2.318082E-02  0.000000E+00  1.490658E-02 -1.025944E-03 -2.913203E-19  4.941313E-02  0.000000E+00
  1.110238E+00 -1.103219E-01  5.000000E-01  2.357793E-01 -2.365777E-02  0.000000E+00  1.490473E-02 -9.872296E-04  1.494312E-19  3.990696E-02  0.000000E+00
  1.143462E+00 -1.124819E-01  5.000000E-01  2.428354E-01 -2.411649E-02  0.000000E+00  1.489308E-02 -9.483263E-04 -3.593064E-19  3.110831E-02  0.000000E+00
  1.176693E+00 -1.145579E-01  5.000000E-01  2.498927E-01 -2.455739E-02  0.000000E+00  1.487304E-02 -9.097959E-04 -7.121356E-19  2.297491E-02  0.000000E+00
  1.209925E+00 -1.165519E-01  5.000000E-01  2.569505E-01 -2.498087E-02  0.000000E+00  1.484531E-02 -8.717418E-04 -7.320010E-19  1.546126E-02  0.000000E+00
  1.243158E+00 -1.184653E-01  5.000000E-01  2.640083E-01 -2.538722E-02  0.000000E+00  1.481057E-02 -8.345189E-04 -1.087510E-19  8.566071E-03  0.000000E+00
  1.276395E+00 -1.203016E-01  5.000000E-01  2.710670E-01 -2.577720E-02  0.000000E+00  1.476969E-02 -7.986309E-04  6.227589E-19  2.293816E-03  0.000000E+00
  1.309630E+00 -1.220639E-01  5.000000E-01  2.781253E-01 -2.615149E-02  0.000000E+00  1.472351E-02 -7.643032E-04  4.266375E-19 -3.410046E-03  0.000000E+00
  1.342868E+00 -1.237564E-01  5.000000E-01  2.851842E-01 -2.651093E-02  0.000000E+00  1.467377E-02 -7.322177E-04  4.168737E-19 -8.581311E-03  0.000000E+00
  1.376108E+00 -1.253854E-01  5.000000E-01  2.922436E-01 -2.685689E-02  0.000000E+00  1.462282E-02 -7.028444E-04  1.488921E-20 -1.331357E-02  0.000000E+00
  1.409347E+00 -1.269561E-01  5.000000E-01  2.993027E-01 -2.719045E-02  0.000000E+00  1.457383E-02 -6.765155E-04 -1.206023E-19 -1.774876E-02  0.000000E+00
  1.442589E+00 -1.284757E-01  5.000000E-01  3.063625E-01 -2.751318E-02  0.000000E+00  1.453175E-02 -6.538758E-04  3.290580E-19 -2.202501E-02  0.000000E+00
  1.475831E+00 -1.299519E-01  5.000000E-01  3.134222E-01 -2.782668E-02  0.000000E+00  1.450286E-02 -6.353301E-04  1.234005E-19 -2.634724E-02  0.000000E+00
  1.509072E+00 -1.313925E-01  5.000000E-01  3.204819E-01 -2.813264E-02  0.000000E+00  1.449414E-02 -6.212112E-04 -2.444441E-19 -3.097575E-02  0.000000E+00
  1.542314E+00 -1.328056E-01  5.000000E-01  3.275416E-01 -2.843274E-02  0.000000E+00  1.451205E-02 -6.119746E-04 -2.913148E-19 -3.617544E-02  0.000000E+00
  1.575558E+00 -1.342005E-01  5.000000E-01  3.346018E-01 -2.872899E-02  0.000000E+00  1.455900E-02 -6.065527E-04 -6.284444E-19 -4.230070E-02  0.000000E+00
  1.608800E+00 -1.355803E-01  5.000000E-01  3.416615E-01 -2.902202E-02  0.000000E+00  1.463096E-02 -6.014487E-04 -5.627901E-19 -4.975702E-02  0.000000E+00
  1.642044E+00 -1.369385E-01  5.000000E-01  3.487219E-01 -2.931048E-02  0.000000E+00  1.472098E-02 -5.937358E-04 -1.914248E-19 -5.860762E-02  0.000000E+00
  1.675286E+00 -1.382664E-01  5.000000E-01  3.557816E-01 -2.959249E-02  0.000000E+00  1.482266E-02 -5.823689E-04 -1.584020E-19 -6.853411E-02  0.000000E+00
  1.708526E+00 -1.395550E-01  5.000000E-01  3.628410E-01 -2.986616E-02  0.000000E+00  1.493049E-02 -5.668679E-04 -4.390981E-19 -7.916326E-02  0.000000E+00
  1.741762E+00 -1.407949E-01  5.000000E-01  3.698996E-01 -3.012949E-02  0.000000E+00  1.503951E-02 -5.466947E-04 -2.888268E-19 -9.024089E-02  0.000000E+00
  1.774995E+00 -1.419758E-01  5.000000E-01  3.769573E-01 -3.038028E-02  0.000000E+00  1.514601E-02 -5.217381E-04  7.283634E-20 -1.015732E-01  0.000000E+00
  1.808227E+00 -1.430892E-01  5.000000E-01  3.840150E-01 -3.061673E-02  0.000000E+00  1.524692E-02 -4.919075E-04 -6.625891E-20 -1.130156E-01  0.000000E+00
  1.841453E+00 -1.441249E-01  5.000000E-01  3.910714E-01 -3.083668E-02  0.000000E+00  1.533903E-02 -4.568738E-04 -1.998899E-19 -1.244495E-01  0.000000E+00
  1.874678E+00 -1.450733E-01  5.000000E-01  3.981276E-01 -3.103811E-02  0.000000E+00  1.541903E-02 -4.165972E-04  1.940821E-21 -1.356905E-01  0.000000E+00
  1.907900E+00 -1.459250E-01  5.000000E-01  4.051830E-01 -3.121899E-02  0.000000E+00  1.548265E-02 -3.709781E-04  6.391909E-20 -1.465169E-01  0.000000E+00
  1.941118E+00 -1.466702E-01  5.000000E-01  4.122377E-01 -3.137724E-02  0.000000E+00  1.552391E-02 -3.199386E-04 -2.534954E-19 -1.566649E-01  0.000000E+00
  1.974334E+00 -1.472990E-01  5.000000E-01  4.192920E-01 -3.151078E-02  0.000000E+00  1.553482E-02 -2.637376E-04 -2.439063E-19 -1.657975E-01  0.000000E+00
  2.007549E+00 -1.478026E-01  5.000000E-01  4.263460E-01 -3.161775E-02  0.000000E+00  1.550511E-02 -2.025980E-04 -1.096503E-19 -1.735368E-01  0.000000E+00
  2.040760E+00 -1.481714E-01  5.000000E-01  4.333993E-01 -3.169607E-02  0.000000E+00  1.542378E-02 -1.367543E-04 -1.699146E-19 -1.794579E-01  0.000000E+00
  2.073970E+00 -1.483957E-01  5.000000E-01  4.404522E-01 -3.174371E-02  0.000000E+00  1.528348E-02 -6.719871E-05 -1.484736E-19 -1.830714E-01  0.000000E+00
  2.107177E+00 -1.484670E-01  5.000000E-01  4.475046E-01 -3.175885E-02  0.000000E+00  1.508616E-02  2.795081E-06 -8.909119E-20 -1.838275E-01  0.000000E+00
  2.140379E+00 -1.483860E-01  5.000000E-01  4.545558E-01 -3.174164E-02  0.000000E+00  1.484506E-02  6.773213E-05 -8.215335E-20 -1.813041E-01  0.000000E+00
  2.173577E+00 -1.481666E-01  5.000000E-01  4.616063E-01 -3.169504E-02  0.000000E+00  1.457700E-02  1.244755E-04 -1.487228E-19 -1.757539E-01  0.000000E+00
  2.206768E+00 -1.478223E-01  5.000000E-01  4.686553E-01 -3.162192E-02  0.000000E+00  1.429603E-02  1.729453E-04 -2.327957E-19 -1.680053E-01  0.000000E+00
  2.239954E+00 -1.473671E-01  5.000000E-01  4.757033E-01 -3.152525E-02  0.000000E+00  1.401287E-02  2.135532E-04 -3.088766E-19 -1.588902E-01  0.000000E+00
  2.273134E+00 -1.468144E-01  5.000000E-01  4.827499E-01 -3.140788E-02  0.000000E+00  1.373469E-02  2.467840E-04 -2.787161E-19 -1.490093E-01  0.000000E+00
  2.306309E+00 -1.461783E-01  5.000000E-01  4.897953E-01 -3.127278E-02  0.000000E+00  1.346587E-02  2.731369E-04 -7.749074E-20 -1.387189E-01  0.000000E+00
  2.339476E+00 -1.454723E-01  5.000000E-01  4.968392E-01 -3.112284E-02  0.000000E+00  1.320921E-02  2.931762E-04  1.761068E-19 -1.282439E-01  0.000000E+00
  2.372638E+00 -1.447096E-01  5.000000E-01  5.038821E-01 -3.096086E-02  0.000000E+00  1.296824E-02  3.068715E-04  3.149955E-19 -1.177184E-01  0.000000E+00
  2.405805E+00 -1.439061E-01  5.000000E-01  5.109259E-01 -3.079021E-02  0.000000E+00  1.274802E-02  3.138796E-04  5.558154E-19 -1.073000E-01  0.000000E+00
  2.438976E+00 -1.430798E-01  5.000000E-01  5.179706E-01 -3.061473E-02  0.000000E+00  1.255429E-02  3.144687E-04  5.763723E-19 -9.730281E-02  0.000000E+00
  2.472150E+00 -1.422480E-01  5.000000E-01  5.250160E-01 -3.043808E-02  0.000000E+00  1.239377E-02  3.091710E-04  1.781952E-19 -8.811115E-02  0.000000E+00
  2.505329E+00 -1.414283E-01  5.000000E-01  5.320624E-01 -3.026400E-02  0.000000E+00  1.227517E-02  2.983701E-04 -1.879498E-19 -8.008164E-02  0.000000E+00
  2.538512E+00 -1.406388E-01  5.000000E-01  5.391097E-01 -3.009632E-02  0.000000E+00  1.220857E-02  2.824637E-04 -4.206931E-20 -7.358661E-02  0.000000E+00
  2.571700E+00 -1.398965E-01  5.000000E-01  5.461580E-01 -2.993867E-02  0.000000E+00  1.220392E-02  2.614496E-04  5.963681E-20 -6.900072E-02  0.000000E+00
  2.604894E+00 -1.392199E-01  5.000000E-01  5.532074E-01 -2.979500E-02  0.000000E+00  1.226713E-02  2.356559E-04 -1.199645E-20 -6.672660E-02  0.000000E+00
  2.638090E+00 -1.386247E-01  5.000000E-01  5.602575E-01 -2.966859E-02  0.000000E+00  1.239355E-02  2.087941E-04  3.093537E-19 -6.737772E-02  0.000000E+00
  2.671292E+00 -1.381057E-01  5.000000E-01  5.673087E-01 -2.955837E-02  0.000000E+00  1.256864E-02  1.864929E-04  1.552851E-19 -7.136715E-02  0.000000E+00
  2.704497E+00 -1.376433E-01  5.000000E-01  5.743608E-01 -2.946016E-02  0.000000E+00  1.277678E-02  1.713932E-04 -1.367428E-19 -7.828946E-02  0.000000E+00
  2.737708E+00 -1.372181E-01  5.000000E-01  5.814140E-01 -2.936985E-02  0.000000E+00  1.300519E-02  1.638007E-04 -1.354458E-19 -8.730921E-02  0.000000E+00
  2.770923E+00 -1.368101E-01  5.000000E-01  5.884680E-01 -2.928320E-02  0.000000E+00  1.324344E-02  1.639280E-04 -6.313011E-20 -9.775863E-02  0.000000E+00
  2.804143E+00 -1.363995E-01  5.000000E-01  5.955230E-01 -2.919601E-02  0.000000E+00  1.348327E-02  1.719781E-04 -7.290858E-20 -1.092202E-01  0.000000E+00
  2.837367E+00 -1.359668E-01  5.000000E-01  6.025790E-01 -2.910411E-02  0.000000E+00  1.371779E-02  1.883134E-04 -2.362537E-19 -1.214372E-01  0.000000E+00
  2.870594E+00 -1.354918E-01  5.000000E-01  6.096357E-01 -2.900323E-02  0.000000E+00  1.394050E-02  2.133940E-04  7.917809E-20 -1.341714E-01  0.000000E+00
  2.903823E+00 -1.349544E-01  5.000000E-01  6.166926E-01 -2.888909E-02  0.000000E+00  1.414400E-02  2.478401E-04  3.883399E-19 -1.471337E-01  0.000000E+00
  2.937051E+00 -1.343322E-01  5.000000E-01  6.237496E-01 -2.875697E-02  0.000000E+00  1.431978E-02  2.917782E-04  2.082279E-19 -1.598957E-01  0.000000E+00
  2.970283E+00 -1.336051E-01  5.000000E-01  6.308072E-01 -2.860254E-02  0.000000E+00  1.445730E-02  3.448838E-04  1.556825E-19 -1.719163E-01  0.000000E+00
  3.003515E+00 -1.327517E-01  5.000000E-01  6.378649E-01 -2.842130E-02  0.000000E+00  1.454252E-02  4.066659E-04  2.990646E-19 -1.826027E-01  0.000000E+00
  3.036751E+00 -1.317511E-01  5.000000E-01  6.449232E-01 -2.820880E-02  0.000000E+00  1.455807E-02  4.758645E-04  5.396836E-19 -1.912586E-01  0.000000E+00
  3.069988E+00 -1.305832E-01  5.000000E-01  6.519820E-01 -2.796076E-02  0.000000E+00  1.448465E-02  5.508714E-04  5.606037E-19 -1.971295E-01  0.000000E+00
  3.103226E+00 -1.292264E-01  5.000000E-01  6.590409E-01 -2.767262E-02  0.000000E+00  1.430694E-02  6.293156E-04  4.664282E-19 -1.993837E-01  0.000000E+00
  3.136469E+00 -1.276615E-01  5.000000E-01  6.661010E-01 -2.734026E-02  0.000000E+00  1.402148E-02  7.074815E-04  2.686018E-19 -1.972455E-01  0.000000E+00
  3.169712E+00 -1.258723E-01  5.000000E-01  6.731611E-01 -2.696028E-02  0.000000E+00  1.364602E-02  7.775325E-04 -1.949086E-19 -1.899568E-01  0.000000E+00
  3.202960E+00 -1.238720E-01  5.000000E-01  6.802220E-01 -2.653548E-02  0.000000E+00  1.321410E-02  8.321568E-04 -1.485863E-19 -1.774820E-01  0.000000E+00
  3.236210E+00 -1.216848E-01  5.000000E-01  6.872835E-01 -2.607095E-02  0.000000E+00  1.275852E-02  8.705109E-04  6.794057E-19 -1.611054E-01  0.000000E+00
  3.269464E+00 -1.193359E-01  5.000000E-01  6.943459E-01 -2.557211E-02  0.000000E+00  1.230510E-02  8.947697E-04  1.221720E-18 -1.425944E-01  0.000000E+00
  3.302721E+00 -1.168505E-01  5.000000E-01  7.014089E-01 -2.504428E-02  0.000000E+00  1.187159E-02  9.076069E-04  6.844911E-19 -1.234140E-01  0.000000E+00
  3.335981E+00 -1.142529E-01  5.000000E-01  7.084724E-01 -2.449262E-02  0.000000E+00  1.146923E-02  9.112701E-04 -5.330739E-19 -1.044249E-01  0.000000E+00
  3.369247E+00 -1.115671E-01  5.000000E-01  7.155373E-01 -2.392221E-02  0.000000E+00  1.110473E-02  9.075581E-04 -9.982635E-19 -8.600919E-02  0.000000E+00
  3.402518E+00 -1.088175E-01  5.000000E-01  7.226033E-01 -2.333827E-02  0.000000E+00  1.078108E-02  8.982868E-04 -9.614617E-19 -6.841829E-02  0.000000E+00
  3.435792E+00 -1.060253E-01  5.000000E-01  7.296699E-01 -2.274526E-02  0.000000E+00  1.049905E-02  8.849263E-04 -5.508863E-19 -5.185882E-02  0.000000E+00
  3.469073E+00 -1.032109E-01  5.000000E-01  7.367379E-01 -2.214755E-02  0.000000E+00  1.025866E-02  8.686213E-04 -3.673163E-19 -3.648680E-02  0.000000E+00
  3.502353E+00 -1.003926E-01  5.000000E-01  7.438057E-01 -2.154903E-02  0.000000E+00  1.005953E-02  8.504063E-04 -3.813029E-19 -2.244984E-02  0.000000E+00
  3.535630E+00 -9.758756E-02  5.000000E-01  7.508729E-01 -2.095330E-02  0.000000E+00  9.901635E-03  8.311214E-04  8.144867E-19 -9.858563E-03  0.000000E+00
  3.568904E+00 -9.480979E-02  5.000000E-01  7.579395E-01 -2.036337E-02  0.000000E+00  9.785635E-03  8.117847E-04  9.727123E-19  1.188072E-03  0.000000E+00
  3.602176E+00 -9.207029E-02  5.000000E-01  7.650057E-01 -1.978157E-02  0.000000E+00  9.713305E-03  7.933599E-04 -8.033343E-20  1.062585E-02  0.000000E+00
  3.635446E+00 -8.937796E-02  5.000000E-01  7.720714E-01 -1.920978E-02  0.000000E+00  9.686511E-03  7.764767E-04 -9.307175E-19  1.839232E-02  0.000000E+00
  3.668713E+00 -8.673962E-02  5.000000E-01  7.791365E-01 -1.864947E-02  0.000000E+00  9.705031E-03  7.612340E-04 -1.128557E-18  2.446856E-02  0.000000E+00
  3.701976E+00 -8.416197E-02  5.000000E-01  7.862009E-01 -1.810204E-02  0.000000E+00  9.762356E-03  7.485285E-04 -1.665242E-19  2.883729E-02  0.000000E+00
  3.735241E+00 -8.164216E-02  5.000000E-01  7.932655E-01 -1.756689E-02  0.000000E+00  9.840301E-03  7.425051E-04 -6.742975E-19  3.126357E-02  0.000000E+00
  3.768500E+00 -7.914684E-02  5.000000E-01  8.003289E-01 -1.703695E-02  0.000000E+00  9.914203E-03  7.468077E-04 -8.385831E-19  3.200301E-02  0.000000E+00
  3.801751E+00 -7.663549E-02  5.000000E-01  8.073904E-01 -1.650360E-02  0.000000E+00  9.963448E-03  7.604964E-04  5.323000E-19  3.222010E-02  0.000000E+00
  3.834989E+00 -7.407407E-02  5.000000E-01  8.144495E-01 -1.595961E-02  0.000000E+00  9.974964E-03  7.800526E-04 -1.102718E-20  3.317744E-02  0.000000E+00
  3.868211E+00 -7.144044E-02  5.000000E-01  8.215050E-01 -1.540030E-02  0.000000E+00  9.942219E-03  8.022730E-04 -6.375168E-19  3.558346E-02  0.000000E+00
  3.901422E+00 -6.871587E-02  5.000000E-01  8.285582E-01 -1.482166E-02  0.000000E+00  9.864168E-03  8.247817E-04 -6.713050E-20  3.965718E-02  0.000000E+00
  3.934617E+00 -6.589033E-02  5.000000E-01  8.356079E-01 -1.422159E-02  0.000000E+00  9.744201E-03  8.455060E-04  5.678414E-20  4.542617E-02  0.000000E+00
  3.967800E+00 -6.295849E-02  5.000000E-01  8.426552E-01 -1.359894E-02  0.000000E+00  9.587382E-03  8.630268E-04  1.009360E-18  5.278727E-02  0.000000E+00
  4.000972E+00 -5.991921E-02  5.000000E-01  8.497001E-01 -1.295347E-02  0.000000E+00  9.398407E-03  8.765287E-04  1.620990E-18  6.162908E-02  0.000000E+00
  4.034139E+00 -5.677330E-02  5.000000E-01  8.567440E-01 -1.228536E-02  0.000000E+00  9.179370E-03  8.861673E-04  3.518380E-20  7.180453E-02  0.000000E+00
  4.067311E+00 -5.351660E-02  5.000000E-01  8.637890E-01 -1.159371E-02  0.000000E+00  8.929262E-03  8.921095E-04 -1.362275E-18  8.322199E-02  0.000000E+00
  4.100488E+00 -5.014562E-02  5.000000E-01  8.708348E-01 -1.087780E-02  0.000000E+00  8.645243E-03  8.935189E-04 -1.172706E-18  9.597516E-02  0.000000E+00
  4.133669E+00 -4.665887E-02  5.000000E-01  8.778818E-01 -1.013730E-02  0.000000E+00  8.323137E-03  8.893130E-04  4.944559E-19  1.101777E-01  0.000000E+00
  4.166856E+00 -4.305428E-02  5.000000E-01  8.849299E-01 -9.371774E-03  0.000000E+00  7.959299E-03  8.785165E-04 -2.730080E-20  1.259167E-01  0.000000E+00
  4.200049E+00 -3.933175E-02  5.000000E-01  8.919793E-01 -8.581200E-03  0.000000E+00  7.553531E-03  8.604793E-04 -9.685381E-19  1.432120E-01  0.000000E+00
  4.233242E+00 -3.549088E-02  5.000000E-01  8.990285E-01 -7.765494E-03  0.000000E+00  7.112986E-03  8.339890E-04 -1.278475E-18  1.620817E-01  0.000000E+00
  4.266405E+00 -3.154991E-02  5.000000E-01  9.060715E-01 -6.928529E-03  0.000000E+00  6.654647E-03  7.966197E-04 -1.830941E-18  1.825347E-01  0.000000E+00
  4.299502E+00 -2.755747E-02  5.000000E-01  9.131007E-01 -6.080631E-03  0.000000E+00  6.202401E-03  7.471270E-04 -1.168137E-18  2.042255E-01  0.000000E+00
  4.332522E+00 -2.358748E-02  5.000000E-01  9.201132E-01 -5.237503E-03  0.000000E+00  5.780084E-03  6.880401E-04  6.080089E-19  2.261278E-01  0.000000E+00
  4.365472E+00 -1.971062E-02  5.000000E-01  9.271110E-01 -4.414153E-03  0.000000E+00  5.407528E-03  6.238398E-04  1.398772E-18  2.470131E-01  0.000000E+00
  4.398350E+00 -1.600096E-02  5.000000E-01  9.340935E-01 -3.626313E-03  0.000000E+00  5.101519E-03  5.579311E-04  2.705994E-19  2.661303E-01  0.000000E+00
  4.431155E+00 -1.253443E-02  5.000000E-01  9.410605E-01 -2.890108E-03  0.000000E+00  4.876317E-03  4.919742E-04 -7.289742E-19  2.831554E-01  0.000000E+00
  4.463888E+00 -9.396152E-03  5.000000E-01  9.480121E-01 -2.223614E-03  0.000000E+00  4.739565E-03  4.266136E-04 -1.013257E-18  2.976840E-01  0.000000E+00
  4.496579E+00 -6.651649E-03  5.000000E-01  9.549550E-01 -1.640749E-03  0.000000E+00  4.685123E-03  3.618547E-04 -4.758521E-19  3.093795E-01  0.000000E+00
  4.529252E+00 -4.346903E-03  5.000000E-01  9.618938E-01 -1.151278E-03  0.000000E+00  4.682706E-03  2.974497E-04 -2.234369E-20  3.182801E-01  0.000000E+00
  4.561929E+00 -2.501930E-03  5.000000E-01  9.688337E-01 -7.594509E-04  0.000000E+00  4.661867E-03  2.309831E-04  1.273834E-19  3.234649E-01  0.000000E+00
  4.594574E+00 -1.139754E-03  5.000000E-01  9.757666E-01 -4.701583E-04  0.000000E+00  4.520796E-03  1.534504E-04 -1.443406E-19  3.242162E-01  0.000000E+00
  4.627203E+00 -2.814497E-04  5.000000E-01  9.826962E-01 -2.878755E-04  0.000000E+00  4.210846E-03  6.735291E-05 -3.650126E-19  3.284291E-01  0.000000E+00
  4.659162E+00  4.700917E-05  5.000000E-01  9.894836E-01 -2.181189E-04  0.000000E+00  3.776553E-03  1.570870E-05  9.073863E-19  3.376628E-01  0.000000E+00
  4.689251E+00 -1.294379E-04  5.000000E-01  9.958737E-01 -2.555920E-04  0.000000E+00  3.148483E-03 -6.574955E-06  5.758575E-18  2.918943E-01  0.000000E+00
  4.708680E+00 -5.043254E-04  5.000000E-01  9.999999E-01 -3.352088E-04  0.000000E+00  2.332380E-03 -1.042130E-04  5.427693E-18  1.580759E-01  0.000000E+00
    1    2
    2    3
    3    4
    4    5
    5    6
    6    7
    7    8
    8    9
    9   10
   10   11
   11   12
   12   13
   13   14
   14   15
   15   16
   16   17
   17   18
   18   19
   19   20
   20   21
   21   22
   22   23
   23   24
   24   25
   25   26
   26   27
   27   28
   28   29
   29   30
   30   31
   31   32
   32   33
   33   34
   34   35
   35   36
   36   37
   37   38
   38   39
   39   40
   40   41
   41   42
   42   43
   43   44
   44   45
   45   46
   46   47
   47   48
   48   49
   49   50
   50   51
   51   52
   52   53
   53   54
   54   55
   55   56
   56   57
   57   58
   58   59
   59   60
   60   61
   61   62
   62   63
   63   64
   64   65
   65   66
   66   67
   67   68
   68   69
   69   70
   70   71
   71   72
   72   73
   73   74
   74   75
   75   76
   76   77
   77   78
   78   79
   79   80
   80   81
   81   82
   82   83
   83   84
   84   85
   85   86
   86   87
   87   88
   88   89
   89   90
   90   91
   91   92
   92   93
   93   94
   94   95
   95   96
   96   97
   97   98
   98   99
   99  100
  100  101
  101  102
  102  103
  103  104
  104  105
  105  106
  106  107
  107  108
  108  109
  109  110
  110  111
  111  112
  112  113
  113  114
  114  115
  115  116
  116  117
  117  118
  118  119
  119  120
  120  121
  121  122
  122  123
  123  124
  124  125
  125  126
  126  127
  127  128
  128  129
  129  130
  130  131
  131  132
  132  133
  133  134
  134  135
  135  136
  136  137
  137  138
  138  139
  139  140
  140  141
  141  142
  142  143
  143  144
  144  145
  145  146
  146  147
  147  148
  148  149
  149  150
  151  152
  152  153
  153  154
  154  155
  155  156
  156  157
  157  158
  158  159
  159  160
  160  161
  161  162
  162  163
  163  164
  164  165
  165  166
  166  167
  167  168
  168  169
  169  170
  170  171
  171  172
  172  173
  173  174
  174  175
  175  176
  176  177
  177  178
  178  179
  179  180
  180  181
  181  182
  182  183
  183  184
  184  185
  185  186
  186  187
  187  188
  188  189
  189  190
  190  191
  191  192
  192  193
  193  194
  194  195
  195  196
  196  197
  197  198
  198  199
  199  200
  200  201
  201  202
  202  203
  203  204
  204  205
  205  206
  206  207
  207  208
  208  209
  209  210
  210  211
  211  212
  212  213
  213  214
  214  215
  215  216
  216  217
  217  218
  218  219
  219  220
  220  221
  221  222
  222  223
  223  224
  224  225
  225  226
  226  227
  227  228
  228  229
  229  230
  230  231
  231  232
  232  233
  233  234
  234  235
  235  236
  236  237
  237  238
  238  239
  239  240
  240  241
  241  242
  242  243
  243  244
  244  245
  245  246
  246  247
  247  248
  248  249
  249  250
  250  251
  251  252
  252  253
  253  254
  254  255
  255  256
  256  257
  257  258
  258  259
  259  260
  260  261
  261  262
  262  263
  263  264
  264  265
  265  266
  266  267
  267  268
  268  269
  269  270
  270  271
  271  272
  272  273
  273  274
  274  275
  275  276
  276  277
  277  278
  278  279
  279  280
  280  281
  281  282
  282  283
  283  284
  284  285
  285  286
  286  287
  287  288
  288  289
  289  290
  290  291
  291  292
  292  293
  293  294
  294  295
  295  296
  296  297
  297  298
  298  299
  299  300
