 Title = "ADflow Slice Data"
Variables =  "CoordinateX"  "CoordinateY"  "CoordinateZ"  "XoC"  "YoC"  "ZoC" "VelocityX" "VelocityY" "VelocityZ" "CoefPressure" "Mach" 
Zone T= "Slice_0001 None Absolute Regular z = 0.50000000"
 Nodes =          300  Elements=          298  ZONETYPE=FELINESEG
 DATAPACKING=POINT
  4.708680E+00 -5.468480E-04  5.000000E-01  9.999999E-01 -3.221933E-04  0.000000E+00  1.727914E-03 -7.948995E-05  5.062895E-18  1.752259E-01  0.000000E+00
  4.689187E+00  3.138526E-03  5.000000E-01  9.958601E-01  4.604896E-04  0.000000E+00  1.132103E-03 -1.721511E-04  1.667474E-18  8.998759E-02  0.000000E+00
  4.658673E+00  8.910599E-03  5.000000E-01  9.893797E-01  1.686336E-03  0.000000E+00  7.738147E-04 -1.684167E-04  1.168958E-18  1.110333E-01  0.000000E+00
  4.626256E+00  1.502290E-02  5.000000E-01  9.824952E-01  2.984438E-03  0.000000E+00  5.407007E-04 -1.040927E-04  1.108353E-18  1.054539E-01  0.000000E+00
  4.593146E+00  2.122063E-02  5.000000E-01  9.754635E-01  4.300685E-03  0.000000E+00  4.424541E-04 -7.654197E-05  1.048191E-18  8.389396E-02  0.000000E+00
  4.560031E+00  2.735344E-02  5.000000E-01  9.684306E-01  5.603141E-03  0.000000E+00  4.796433E-04 -8.786287E-05  4.073924E-19  6.815000E-02  0.000000E+00
  4.526891E+00  3.340821E-02  5.000000E-01  9.613923E-01  6.889026E-03  0.000000E+00  6.126346E-04 -1.123092E-04 -2.080677E-19  5.444438E-02  0.000000E+00
  4.493752E+00  3.936513E-02  5.000000E-01  9.543545E-01  8.154129E-03  0.000000E+00  8.139345E-04 -1.448046E-04  1.160059E-18  3.771347E-02  0.000000E+00
  4.460612E+00  4.520847E-02  5.000000E-01  9.473164E-01  9.395112E-03  0.000000E+00  1.068495E-03 -1.858248E-04  1.152891E-18  1.871411E-02  0.000000E+00
  4.427470E+00  5.092506E-02  5.000000E-01  9.402779E-01  1.060918E-02  0.000000E+00  1.359206E-03 -2.311185E-04  1.551401E-19 -1.424751E-03  0.000000E+00
  4.394325E+00  5.649696E-02  5.000000E-01  9.332387E-01  1.179251E-02  0.000000E+00  1.669162E-03 -2.762984E-04 -9.448544E-19 -2.262551E-02  0.000000E+00
  4.361178E+00  6.190991E-02  5.000000E-01  9.261991E-01  1.294209E-02  0.000000E+00  1.987357E-03 -3.189506E-04 -1.727945E-18 -4.492039E-02  0.000000E+00
  4.328027E+00  6.714794E-02  5.000000E-01  9.191586E-01  1.405452E-02  0.000000E+00  2.308413E-03 -3.575562E-04 -2.654828E-18 -6.804410E-02  0.000000E+00
  4.294876E+00  7.219366E-02  5.000000E-01  9.121181E-01  1.512610E-02  0.000000E+00  2.628348E-03 -3.911069E-04 -3.549318E-18 -9.142294E-02  0.000000E+00
  4.261727E+00  7.703278E-02  5.000000E-01  9.050782E-01  1.615381E-02  0.000000E+00  2.939899E-03 -4.187787E-04 -1.135904E-18 -1.146519E-01  0.000000E+00
  4.228582E+00  8.165191E-02  5.000000E-01  8.980388E-01  1.713480E-02  0.000000E+00  3.231465E-03 -4.389168E-04  7.375655E-20 -1.384680E-01  0.000000E+00
  4.195443E+00  8.603513E-02  5.000000E-01  8.910010E-01  1.806569E-02  0.000000E+00  3.489929E-03 -4.492677E-04 -1.737996E-18 -1.643848E-01  0.000000E+00
  4.162308E+00  9.016597E-02  5.000000E-01  8.839639E-01  1.894298E-02  0.000000E+00  3.700699E-03 -4.469925E-04 -1.206877E-18 -1.921863E-01  0.000000E+00
  4.129179E+00  9.403148E-02  5.000000E-01  8.769281E-01  1.976392E-02  0.000000E+00  3.842130E-03 -4.295800E-04  3.833586E-19 -2.169472E-01  0.000000E+00
  4.096054E+00  9.761725E-02  5.000000E-01  8.698932E-01  2.052545E-02  0.000000E+00  3.882888E-03 -3.983484E-04  7.748961E-19 -2.312505E-01  0.000000E+00
  4.062934E+00  1.009125E-01  5.000000E-01  8.628593E-01  2.122528E-02  0.000000E+00  3.807680E-03 -3.597560E-04  1.154760E-18 -2.360987E-01  0.000000E+00
  4.029817E+00  1.039073E-01  5.000000E-01  8.558262E-01  2.186130E-02  0.000000E+00  3.687917E-03 -3.224127E-04  1.732571E-19 -2.505056E-01  0.000000E+00
  3.996705E+00  1.065946E-01  5.000000E-01  8.487940E-01  2.243202E-02  0.000000E+00  3.762237E-03 -2.971725E-04 -5.299356E-19 -3.022880E-01  0.000000E+00
  3.963594E+00  1.089725E-01  5.000000E-01  8.417620E-01  2.293703E-02  0.000000E+00  4.437938E-03 -3.000960E-04  3.763225E-20 -4.009457E-01  0.000000E+00
  3.930486E+00  1.110442E-01  5.000000E-01  8.347306E-01  2.337701E-02  0.000000E+00  6.115755E-03 -3.453536E-04  9.000898E-19 -5.231029E-01  0.000000E+00
  3.897377E+00  1.128177E-01  5.000000E-01  8.276991E-01  2.375365E-02  0.000000E+00  8.802874E-03 -4.191584E-04  2.543366E-18 -6.304338E-01  0.000000E+00
  3.864269E+00  1.143103E-01  5.000000E-01  8.206677E-01  2.407064E-02  0.000000E+00  1.186279E-02 -4.774141E-04  3.972460E-18 -6.982341E-01  0.000000E+00
  3.831161E+00  1.155446E-01  5.000000E-01  8.136366E-01  2.433278E-02  0.000000E+00  1.434066E-02 -4.831045E-04  4.410288E-18 -7.258557E-01  0.000000E+00
  3.798054E+00  1.165551E-01  5.000000E-01  8.066053E-01  2.454739E-02  0.000000E+00  1.565116E-02 -4.370735E-04  3.816709E-18 -7.270984E-01  0.000000E+00
  3.764948E+00  1.173853E-01  5.000000E-01  7.995744E-01  2.472370E-02  0.000000E+00  1.589026E-02 -3.716873E-04  2.048130E-18 -7.167987E-01  0.000000E+00
  3.731842E+00  1.180901E-01  5.000000E-01  7.925435E-01  2.487338E-02  0.000000E+00  1.553819E-02 -3.197796E-04  4.151024E-19 -7.049872E-01  0.000000E+00
  3.698737E+00  1.187360E-01  5.000000E-01  7.855130E-01  2.501056E-02  0.000000E+00  1.505164E-02 -2.928665E-04 -4.446857E-19 -6.964672E-01  0.000000E+00
  3.665634E+00  1.193713E-01  5.000000E-01  7.784827E-01  2.514547E-02  0.000000E+00  1.468647E-02 -2.820295E-04 -7.786760E-19 -6.919558E-01  0.000000E+00
  3.632534E+00  1.200031E-01  5.000000E-01  7.714529E-01  2.527966E-02  0.000000E+00  1.450865E-02 -2.774457E-04 -4.310123E-19 -6.905185E-01  0.000000E+00
  3.599434E+00  1.206331E-01  5.000000E-01  7.644234E-01  2.541346E-02  0.000000E+00  1.447899E-02 -2.764622E-04  3.252935E-19 -6.911562E-01  0.000000E+00
  3.566334E+00  1.212633E-01  5.000000E-01  7.573938E-01  2.554730E-02  0.000000E+00  1.453432E-02 -2.776787E-04  8.676129E-19 -6.929166E-01  0.000000E+00
  3.533236E+00  1.218942E-01  5.000000E-01  7.503646E-01  2.568127E-02  0.000000E+00  1.462455E-02 -2.794919E-04  1.416516E-18 -6.950935E-01  0.000000E+00
  3.500138E+00  1.225244E-01  5.000000E-01  7.433353E-01  2.581512E-02  0.000000E+00  1.472077E-02 -2.811105E-04  2.181604E-18 -6.973177E-01  0.000000E+00
  3.467038E+00  1.231541E-01  5.000000E-01  7.363057E-01  2.594884E-02  0.000000E+00  1.481198E-02 -2.822268E-04  2.495500E-18 -6.993995E-01  0.000000E+00
  3.433936E+00  1.237816E-01  5.000000E-01  7.292757E-01  2.608211E-02  0.000000E+00  1.489735E-02 -2.822791E-04  2.644031E-18 -7.011952E-01  0.000000E+00
  3.400832E+00  1.244042E-01  5.000000E-01  7.222453E-01  2.621434E-02  0.000000E+00  1.497868E-02 -2.807623E-04  2.941978E-18 -7.026022E-01  0.000000E+00
  3.367728E+00  1.250182E-01  5.000000E-01  7.152146E-01  2.634475E-02  0.000000E+00  1.505720E-02 -2.770997E-04  2.714378E-18 -7.035081E-01  0.000000E+00
  3.334620E+00  1.256184E-01  5.000000E-01  7.081834E-01  2.647220E-02  0.000000E+00  1.513233E-02 -2.706821E-04  2.228471E-18 -7.037832E-01  0.000000E+00
  3.301512E+00  1.261983E-01  5.000000E-01  7.011520E-01  2.659536E-02  0.000000E+00  1.520139E-02 -2.609470E-04  2.182324E-18 -7.033162E-01  0.000000E+00
  3.268401E+00  1.267507E-01  5.000000E-01  6.941201E-01  2.671268E-02  0.000000E+00  1.526081E-02 -2.472664E-04  2.214290E-18 -7.019781E-01  0.000000E+00
  3.235290E+00  1.272670E-01  5.000000E-01  6.870881E-01  2.682232E-02  0.000000E+00  1.530680E-02 -2.290544E-04  2.364780E-18 -6.996125E-01  0.000000E+00
  3.202177E+00  1.277374E-01  5.000000E-01  6.800557E-01  2.692223E-02  0.000000E+00  1.533538E-02 -2.059930E-04  2.792648E-18 -6.961011E-01  0.000000E+00
  3.169063E+00  1.281525E-01  5.000000E-01  6.730231E-01  2.701038E-02  0.000000E+00  1.534344E-02 -1.779522E-04  3.423197E-18 -6.914039E-01  0.000000E+00
  3.135947E+00  1.285016E-01  5.000000E-01  6.659902E-01  2.708453E-02  0.000000E+00  1.532900E-02 -1.458407E-04  3.969883E-18 -6.856818E-01  0.000000E+00
  3.102831E+00  1.287782E-01  5.000000E-01  6.589571E-01  2.714326E-02  0.000000E+00  1.529140E-02 -1.127992E-04  4.111822E-18 -6.794172E-01  0.000000E+00
  3.069714E+00  1.289853E-01  5.000000E-01  6.519238E-01  2.718725E-02  0.000000E+00  1.523487E-02 -8.160555E-05  3.890105E-18 -6.731337E-01  0.000000E+00
  3.036593E+00  1.291281E-01  5.000000E-01  6.448898E-01  2.721758E-02  0.000000E+00  1.516840E-02 -5.285205E-05  3.386035E-18 -6.671381E-01  0.000000E+00
  3.003475E+00  1.292114E-01  5.000000E-01  6.378564E-01  2.723528E-02  0.000000E+00  1.510087E-02 -2.625063E-05  2.563194E-18 -6.615657E-01  0.000000E+00
  2.970356E+00  1.292387E-01  5.000000E-01  6.308226E-01  2.724106E-02  0.000000E+00  1.503770E-02 -1.828303E-06  1.682192E-18 -6.564980E-01  0.000000E+00
  2.937236E+00  1.292149E-01  5.000000E-01  6.237888E-01  2.723602E-02  0.000000E+00  1.498129E-02  2.035635E-05  9.344622E-19 -6.519769E-01  0.000000E+00
  2.904117E+00  1.291442E-01  5.000000E-01  6.167550E-01  2.722100E-02  0.000000E+00  1.493249E-02  4.051210E-05  4.300914E-19 -6.479993E-01  0.000000E+00
  2.870996E+00  1.290308E-01  5.000000E-01  6.097211E-01  2.719691E-02  0.000000E+00  1.489117E-02  5.868038E-05  1.621084E-19 -6.445665E-01  0.000000E+00
  2.837877E+00  1.288788E-01  5.000000E-01  6.026873E-01  2.716464E-02  0.000000E+00  1.485731E-02  7.498614E-05  2.501082E-20 -6.416643E-01  0.000000E+00
  2.804757E+00  1.286921E-01  5.000000E-01  5.956535E-01  2.712498E-02  0.000000E+00  1.483093E-02  8.948709E-05 -6.857241E-20 -6.392826E-01  0.000000E+00
  2.771639E+00  1.284748E-01  5.000000E-01  5.886200E-01  2.707884E-02  0.000000E+00  1.481247E-02  1.023999E-04 -1.750817E-19 -6.373970E-01  0.000000E+00
  2.738522E+00  1.282299E-01  5.000000E-01  5.815867E-01  2.702682E-02  0.000000E+00  1.480236E-02  1.137917E-04 -5.030775E-20 -6.360004E-01  0.000000E+00
  2.705406E+00  1.279613E-01  5.000000E-01  5.745537E-01  2.696978E-02  0.000000E+00  1.480104E-02  1.236274E-04  1.428248E-19 -6.350988E-01  0.000000E+00
  2.672292E+00  1.276723E-01  5.000000E-01  5.675211E-01  2.690841E-02  0.000000E+00  1.480910E-02  1.320192E-04  1.147946E-19 -6.346857E-01  0.000000E+00
  2.639177E+00  1.273664E-01  5.000000E-01  5.604885E-01  2.684344E-02  0.000000E+00  1.482675E-02  1.390197E-04  1.232796E-19 -6.347377E-01  0.000000E+00
  2.606068E+00  1.270469E-01  5.000000E-01  5.534568E-01  2.677559E-02  0.000000E+00  1.485404E-02  1.452440E-04  1.640283E-19 -6.351306E-01  0.000000E+00
  2.572958E+00  1.267146E-01  5.000000E-01  5.464251E-01  2.670500E-02  0.000000E+00  1.488996E-02  1.517135E-04  9.329661E-20 -6.356539E-01  0.000000E+00
  2.539852E+00  1.263680E-01  5.000000E-01  5.393941E-01  2.663141E-02  0.000000E+00  1.493178E-02  1.593259E-04  8.544730E-20 -6.360810E-01  0.000000E+00
  2.506749E+00  1.260039E-01  5.000000E-01  5.323639E-01  2.655408E-02  0.000000E+00  1.497522E-02  1.684253E-04  5.003141E-20 -6.362518E-01  0.000000E+00
  2.473650E+00  1.256192E-01  5.000000E-01  5.253345E-01  2.647238E-02  0.000000E+00  1.501578E-02  1.789192E-04  7.773173E-20 -6.360906E-01  0.000000E+00
  2.440554E+00  1.252108E-01  5.000000E-01  5.183056E-01  2.638564E-02  0.000000E+00  1.505017E-02  1.906079E-04  1.689363E-19 -6.355718E-01  0.000000E+00
  2.407460E+00  1.247766E-01  5.000000E-01  5.112774E-01  2.629343E-02  0.000000E+00  1.507691E-02  2.035685E-04  1.011570E-19 -6.346711E-01  0.000000E+00
  2.374373E+00  1.243130E-01  5.000000E-01  5.042504E-01  2.619498E-02  0.000000E+00  1.509561E-02  2.179164E-04  3.229912E-20 -6.333920E-01  0.000000E+00
  2.341286E+00  1.238170E-01  5.000000E-01  4.972236E-01  2.608964E-02  0.000000E+00  1.510601E-02  2.329659E-04 -4.595318E-21 -6.318569E-01  0.000000E+00
  2.308194E+00  1.232880E-01  5.000000E-01  4.901958E-01  2.597728E-02  0.000000E+00  1.510914E-02  2.478123E-04  1.391118E-19 -6.302469E-01  0.000000E+00
  2.275097E+00  1.227269E-01  5.000000E-01  4.831667E-01  2.585813E-02  0.000000E+00  1.510792E-02  2.620005E-04  5.272431E-20 -6.287132E-01  0.000000E+00
  2.241991E+00  1.221354E-01  5.000000E-01  4.761359E-01  2.573250E-02  0.000000E+00  1.510599E-02  2.754141E-04 -1.015404E-19 -6.273589E-01  0.000000E+00
  2.208879E+00  1.215152E-01  5.000000E-01  4.691038E-01  2.560078E-02  0.000000E+00  1.510662E-02  2.881098E-04 -3.538651E-20 -6.262398E-01  0.000000E+00
  2.175760E+00  1.208678E-01  5.000000E-01  4.620701E-01  2.546330E-02  0.000000E+00  1.511196E-02  3.001555E-04 -1.290494E-19 -6.253818E-01  0.000000E+00
  2.142637E+00  1.201950E-01  5.000000E-01  4.550354E-01  2.532041E-02  0.000000E+00  1.512295E-02  3.116020E-04 -9.349711E-20 -6.247874E-01  0.000000E+00
  2.109507E+00  1.194981E-01  5.000000E-01  4.479994E-01  2.517241E-02  0.000000E+00  1.513964E-02  3.225256E-04 -2.264863E-19 -6.244280E-01  0.000000E+00
  2.076374E+00  1.187789E-01  5.000000E-01  4.409628E-01  2.501967E-02  0.000000E+00  1.516172E-02  3.334579E-04 -4.954470E-19 -6.242028E-01  0.000000E+00
  2.043241E+00  1.180364E-01  5.000000E-01  4.339262E-01  2.486197E-02  0.000000E+00  1.518791E-02  3.449552E-04 -4.058648E-19 -6.239946E-01  0.000000E+00
  2.010106E+00  1.172694E-01  5.000000E-01  4.268892E-01  2.469909E-02  0.000000E+00  1.521585E-02  3.570616E-04 -3.119668E-19 -6.237354E-01  0.000000E+00
  1.976970E+00  1.164769E-01  5.000000E-01  4.198519E-01  2.453076E-02  0.000000E+00  1.524344E-02  3.698345E-04 -4.706128E-19 -6.233705E-01  0.000000E+00
  1.943835E+00  1.156572E-01  5.000000E-01  4.128148E-01  2.435669E-02  0.000000E+00  1.526912E-02  3.833544E-04 -6.880935E-19 -6.228654E-01  0.000000E+00
  1.910699E+00  1.148086E-01  5.000000E-01  4.057775E-01  2.417647E-02  0.000000E+00  1.529173E-02  3.974374E-04 -6.770841E-19 -6.222318E-01  0.000000E+00
  1.877561E+00  1.139303E-01  5.000000E-01  3.987399E-01  2.398993E-02  0.000000E+00  1.531096E-02  4.119941E-04 -6.969101E-19 -6.214883E-01  0.000000E+00
  1.844424E+00  1.130208E-01  5.000000E-01  3.917024E-01  2.379679E-02  0.000000E+00  1.532705E-02  4.269697E-04 -1.018576E-18 -6.206606E-01  0.000000E+00
  1.811282E+00  1.120794E-01  5.000000E-01  3.846638E-01  2.359685E-02  0.000000E+00  1.534025E-02  4.420975E-04 -1.638228E-18 -6.197975E-01  0.000000E+00
  1.778139E+00  1.111060E-01  5.000000E-01  3.776250E-01  2.339013E-02  0.000000E+00  1.535127E-02  4.574419E-04 -1.600228E-18 -6.189114E-01  0.000000E+00
  1.744992E+00  1.100995E-01  5.000000E-01  3.705854E-01  2.317638E-02  0.000000E+00  1.536038E-02  4.730289E-04 -1.001751E-18 -6.180111E-01  0.000000E+00
  1.711843E+00  1.090599E-01  5.000000E-01  3.635455E-01  2.295559E-02  0.000000E+00  1.536737E-02  4.888914E-04 -5.646894E-19 -6.170935E-01  0.000000E+00
  1.678692E+00  1.079857E-01  5.000000E-01  3.565049E-01  2.272746E-02  0.000000E+00  1.537154E-02  5.050288E-04 -3.796550E-19 -6.161439E-01  0.000000E+00
  1.645539E+00  1.068769E-01  5.000000E-01  3.494640E-01  2.249198E-02  0.000000E+00  1.537204E-02  5.215477E-04 -6.755675E-19 -6.151222E-01  0.000000E+00
  1.612385E+00  1.057317E-01  5.000000E-01  3.424230E-01  2.224876E-02  0.000000E+00  1.536822E-02  5.387592E-04 -1.338467E-19 -6.139706E-01  0.000000E+00
  1.579236E+00  1.045484E-01  5.000000E-01  3.353830E-01  2.199746E-02  0.000000E+00  1.535951E-02  5.567581E-04  1.655200E-19 -6.127019E-01  0.000000E+00
  1.546090E+00  1.033243E-01  5.000000E-01  3.283435E-01  2.173748E-02  0.000000E+00  1.534522E-02  5.742862E-04 -2.778125E-19 -6.115483E-01  0.000000E+00
  1.512946E+00  1.020628E-01  5.000000E-01  3.213046E-01  2.146958E-02  0.000000E+00  1.532678E-02  5.894727E-04 -3.698534E-19 -6.108740E-01  0.000000E+00
  1.479807E+00  1.007703E-01  5.000000E-01  3.142666E-01  2.119508E-02  0.000000E+00  1.530966E-02  6.019695E-04  4.334047E-20 -6.109092E-01  0.000000E+00
  1.446672E+00  9.945230E-02  5.000000E-01  3.072296E-01  2.091517E-02  0.000000E+00  1.530026E-02  6.121462E-04  4.949539E-19 -6.117622E-01  0.000000E+00
  1.413540E+00  9.811441E-02  5.000000E-01  3.001932E-01  2.063103E-02  0.000000E+00  1.530334E-02  6.204143E-04  2.787128E-19 -6.134518E-01  0.000000E+00
  1.380413E+00  9.676156E-02  5.000000E-01  2.931579E-01  2.034372E-02  0.000000E+00  1.532134E-02  6.272930E-04 -3.210115E-19 -6.159137E-01  0.000000E+00
  1.347294E+00  9.539766E-02  5.000000E-01  2.861242E-01  2.005406E-02  0.000000E+00  1.535434E-02  6.331812E-04 -3.753908E-19 -6.190523E-01  0.000000E+00
  1.314179E+00  9.402571E-02  5.000000E-01  2.790914E-01  1.976269E-02  0.000000E+00  1.540087E-02  6.382407E-04  7.759181E-20 -6.227756E-01  0.000000E+00
  1.281074E+00  9.264888E-02  5.000000E-01  2.720606E-01  1.947029E-02  0.000000E+00  1.545918E-02  6.427183E-04 -1.286711E-19 -6.269860E-01  0.000000E+00
  1.247974E+00  9.126868E-02  5.000000E-01  2.650310E-01  1.917717E-02  0.000000E+00  1.552756E-02  6.467105E-04 -2.325671E-19 -6.316104E-01  0.000000E+00
  1.214880E+00  8.988740E-02  5.000000E-01  2.580028E-01  1.888382E-02  0.000000E+00  1.560484E-02  6.503448E-04 -6.539196E-19 -6.365793E-01  0.000000E+00
  1.181795E+00  8.850611E-02  5.000000E-01  2.509763E-01  1.859047E-02  0.000000E+00  1.569059E-02  6.539674E-04 -5.961787E-19 -6.418123E-01  0.000000E+00
  1.148718E+00  8.712526E-02  5.000000E-01  2.439516E-01  1.829721E-02  0.000000E+00  1.578432E-02  6.576135E-04  2.923269E-20 -6.472700E-01  0.000000E+00
  1.115646E+00  8.574554E-02  5.000000E-01  2.369279E-01  1.800419E-02  0.000000E+00  1.588595E-02  6.612853E-04  3.469391E-21 -6.529309E-01  0.000000E+00
  1.082583E+00  8.436757E-02  5.000000E-01  2.299061E-01  1.771154E-02  0.000000E+00  1.599582E-02  6.651811E-04  3.441640E-19 -6.587664E-01  0.000000E+00
  1.049524E+00  8.299109E-02  5.000000E-01  2.228852E-01  1.741921E-02  0.000000E+00  1.611393E-02  6.694181E-04  3.997330E-19 -6.647438E-01  0.000000E+00
  1.016475E+00  8.161629E-02  5.000000E-01  2.158664E-01  1.712724E-02  0.000000E+00  1.623968E-02  6.742555E-04  3.925871E-19 -6.707677E-01  0.000000E+00
  9.834318E-01  8.024201E-02  5.000000E-01  2.088488E-01  1.683537E-02  0.000000E+00  1.637219E-02  6.810128E-04  6.417143E-19 -6.765697E-01  0.000000E+00
  9.503976E-01  7.886316E-02  5.000000E-01  2.018331E-01  1.654254E-02  0.000000E+00  1.650926E-02  6.920759E-04  2.546364E-19 -6.817285E-01  0.000000E+00
  9.173728E-01  7.746836E-02  5.000000E-01  1.948195E-01  1.624632E-02  0.000000E+00  1.664490E-02  7.086694E-04 -8.014911E-20 -6.859418E-01  0.000000E+00
  8.843598E-01  7.604699E-02  5.000000E-01  1.878083E-01  1.594446E-02  0.000000E+00  1.677133E-02  7.305204E-04 -7.512511E-19 -6.891267E-01  0.000000E+00
  8.513623E-01  7.458852E-02  5.000000E-01  1.808005E-01  1.563471E-02  0.000000E+00  1.688304E-02  7.571661E-04 -1.203718E-18 -6.913266E-01  0.000000E+00
  8.183794E-01  7.308324E-02  5.000000E-01  1.737957E-01  1.531503E-02  0.000000E+00  1.697778E-02  7.879399E-04 -1.055235E-18 -6.926953E-01  0.000000E+00
  7.854121E-01  7.152298E-02  5.000000E-01  1.667943E-01  1.498367E-02  0.000000E+00  1.705641E-02  8.221654E-04 -1.076230E-18 -6.934376E-01  0.000000E+00
  7.524593E-01  6.990083E-02  5.000000E-01  1.597959E-01  1.463916E-02  0.000000E+00  1.712171E-02  8.592536E-04 -6.359076E-19 -6.937599E-01  0.000000E+00
  7.195226E-01  6.821138E-02  5.000000E-01  1.528009E-01  1.428036E-02  0.000000E+00  1.717708E-02  8.989143E-04 -5.222106E-19 -6.938242E-01  0.000000E+00
  6.866079E-01  6.644979E-02  5.000000E-01  1.458107E-01  1.390625E-02  0.000000E+00  1.722528E-02  9.412533E-04 -8.315370E-19 -6.937289E-01  0.000000E+00
  6.537221E-01  6.461096E-02  5.000000E-01  1.388265E-01  1.351572E-02  0.000000E+00  1.726736E-02  9.864087E-04 -7.974633E-19 -6.935429E-01  0.000000E+00
  6.208691E-01  6.268962E-02  5.000000E-01  1.318494E-01  1.310768E-02  0.000000E+00  1.730254E-02  1.034258E-03 -1.606112E-18 -6.933562E-01  0.000000E+00
  5.880524E-01  6.068075E-02  5.000000E-01  1.248799E-01  1.268104E-02  0.000000E+00  1.732903E-02  1.084340E-03 -2.625970E-18 -6.933104E-01  0.000000E+00
  5.552711E-01  5.858003E-02  5.000000E-01  1.179180E-01  1.223490E-02  0.000000E+00  1.734518E-02  1.135974E-03 -3.327471E-18 -6.935976E-01  0.000000E+00
  5.225283E-01  5.638458E-02  5.000000E-01  1.109642E-01  1.176864E-02  0.000000E+00  1.735024E-02  1.188686E-03 -4.394832E-18 -6.944321E-01  0.000000E+00
  4.898261E-01  5.409149E-02  5.000000E-01  1.040191E-01  1.128165E-02  0.000000E+00  1.734377E-02  1.241944E-03 -5.299810E-18 -6.960891E-01  0.000000E+00
  4.571624E-01  5.169898E-02  5.000000E-01  9.708209E-02  1.077354E-02  0.000000E+00  1.732485E-02  1.294824E-03 -4.656821E-18 -6.989449E-01  0.000000E+00
  4.245350E-01  4.920664E-02  5.000000E-01  9.015283E-02  1.024422E-02  0.000000E+00  1.729203E-02  1.346095E-03 -3.588481E-18 -7.034435E-01  0.000000E+00
  3.919369E-01  4.661604E-02  5.000000E-01  8.322981E-02  9.694045E-03  0.000000E+00  1.724286E-02  1.394647E-03 -2.808153E-18 -7.099682E-01  0.000000E+00
  3.593832E-01  4.393142E-02  5.000000E-01  7.631620E-02  9.123898E-03  0.000000E+00  1.717276E-02  1.440563E-03 -2.748242E-18 -7.186347E-01  0.000000E+00
  3.269046E-01  4.115558E-02  5.000000E-01  6.941854E-02  8.534378E-03  0.000000E+00  1.707179E-02  1.485502E-03 -6.861887E-18 -7.292311E-01  0.000000E+00
  2.945750E-01  3.828810E-02  5.000000E-01  6.255253E-02  7.925396E-03  0.000000E+00  1.692155E-02  1.531111E-03 -1.474069E-17 -7.415220E-01  0.000000E+00
  2.624265E-01  3.531753E-02  5.000000E-01  5.572497E-02  7.294519E-03  0.000000E+00  1.669679E-02  1.574479E-03 -1.323661E-17 -7.559676E-01  0.000000E+00
  2.304268E-01  3.223467E-02  5.000000E-01  4.892903E-02  6.639796E-03  0.000000E+00  1.638411E-02  1.610061E-03  4.118433E-17 -7.739231E-01  0.000000E+00
  1.986088E-01  2.904285E-02  5.000000E-01  4.217166E-02  5.961931E-03  0.000000E+00  1.600411E-02  1.634617E-03  2.194221E-16 -7.975881E-01  0.000000E+00
  1.669282E-01  2.574041E-02  5.000000E-01  3.544349E-02  5.260574E-03  0.000000E+00  1.561032E-02  1.640029E-03  5.240330E-16 -8.309065E-01  0.000000E+00
  1.350509E-01  2.235063E-02  5.000000E-01  2.867354E-02  4.540669E-03  0.000000E+00  1.531661E-02  1.642812E-03  5.915565E-16 -8.764201E-01  0.000000E+00
  1.043791E-01  1.903384E-02  5.000000E-01  2.215959E-02  3.836264E-03  0.000000E+00  1.528725E-02  1.717847E-03 -7.197709E-16 -9.313825E-01  0.000000E+00
  7.632629E-02  1.575962E-02  5.000000E-01  1.620187E-02  3.140900E-03  0.000000E+00  1.552701E-02  1.897358E-03 -4.802212E-15 -9.967191E-01  0.000000E+00
  5.118571E-02  1.252577E-02  5.000000E-01  1.086263E-02  2.454110E-03  0.000000E+00  1.593837E-02  2.185190E-03 -8.972783E-15 -1.074454E+00  0.000000E+00
  3.264831E-02  9.840052E-03  5.000000E-01  6.925739E-03  1.883729E-03  0.000000E+00  1.683515E-02  2.742815E-03  4.043695E-15 -1.152365E+00  0.000000E+00
  2.051015E-02  7.673176E-03  5.000000E-01  4.347893E-03  1.423538E-03  0.000000E+00  1.904584E-02  3.844116E-03  7.191145E-14 -1.221347E+00  0.000000E+00
  1.247723E-02  5.876428E-03  5.000000E-01  2.641898E-03  1.041953E-03  0.000000E+00  2.446454E-02  6.120460E-03  2.226664E-13 -1.287704E+00  0.000000E+00
  7.055255E-03  4.393760E-03  5.000000E-01  1.490404E-03  7.270705E-04  0.000000E+00  3.757495E-02  1.196091E-02  3.635683E-13 -1.343152E+00  0.000000E+00
  3.418635E-03  3.133057E-03  5.000000E-01  7.180754E-04  4.593282E-04  0.000000E+00  6.311253E-02  2.759125E-02  1.388476E-13 -1.330308E+00  0.000000E+00
  1.108798E-03  1.999425E-03  5.000000E-01  2.275226E-04  2.185724E-04  0.000000E+00  7.969711E-02  6.103699E-02 -6.939743E-13 -1.066738E+00  0.000000E+00
  3.747479E-05  9.702450E-04  5.000000E-01  0.000000E+00  0.000000E+00  0.000000E+00  2.645778E-02  1.082030E-01 -1.558243E-12  4.662426E-02  0.000000E+00
  3.747479E-05  9.702450E-04  5.000000E-01  0.000000E+00  0.000000E+00  0.000000E+00  2.645778E-02  1.082030E-01 -1.558243E-12  4.662426E-02  0.000000E+00
  2.534065E-04 -2.689095E-05  5.000000E-01  4.585858E-05 -2.117672E-04  0.000000E+00 -3.303758E-02  7.928923E-02 -1.438627E-12  1.128084E+00  0.000000E+00
  1.848580E-03 -1.029448E-03  5.000000E-01  3.846343E-04 -4.246857E-04  0.000000E+00 -2.473752E-02  1.424062E-02 -7.076694E-13  1.201104E+00  0.000000E+00
  4.867645E-03 -2.033855E-03  5.000000E-01  1.025809E-03 -6.379971E-04  0.000000E+00 -2.152731E-03  8.753243E-04 -2.210809E-13  1.022183E+00  0.000000E+00
  9.380877E-03 -3.082728E-03  5.000000E-01  1.984309E-03 -8.607518E-04  0.000000E+00  9.619862E-03 -1.869734E-03  1.139531E-14  9.280260E-01  0.000000E+00
  1.589077E-02 -4.243783E-03  5.000000E-01  3.366850E-03 -1.107332E-03  0.000000E+00  1.392442E-02 -2.188347E-03  6.534521E-14  8.466295E-01  0.000000E+00
  2.547297E-02 -5.578664E-03  5.000000E-01  5.401873E-03 -1.390827E-03  0.000000E+00  1.450271E-02 -1.793701E-03  4.406519E-14  7.627128E-01  0.000000E+00
  3.989163E-02 -7.130063E-03  5.000000E-01  8.464043E-03 -1.720306E-03  0.000000E+00  1.367049E-02 -1.307678E-03  1.451711E-14  6.829775E-01  0.000000E+00
  6.092142E-02 -8.868997E-03  5.000000E-01  1.293025E-02 -2.089613E-03  0.000000E+00  1.269105E-02 -9.650841E-04 -4.221211E-16  6.155319E-01  0.000000E+00
  8.832839E-02 -1.075445E-02  5.000000E-01  1.875082E-02 -2.490037E-03  0.000000E+00  1.205297E-02 -7.946221E-04 -3.131820E-15  5.639802E-01  0.000000E+00
  1.189914E-01 -1.268614E-02  5.000000E-01  2.526288E-02 -2.900281E-03  0.000000E+00  1.180724E-02 -7.343396E-04 -1.663793E-15  5.252581E-01  0.000000E+00
  1.511926E-01 -1.466586E-02  5.000000E-01  3.210163E-02 -3.320724E-03  0.000000E+00  1.185752E-02 -7.316406E-04 -3.675190E-16  4.950044E-01  0.000000E+00
  1.838450E-01 -1.669296E-02  5.000000E-01  3.903620E-02 -3.751231E-03  0.000000E+00  1.207784E-02 -7.509603E-04  6.612936E-17  4.689702E-01  0.000000E+00
  2.165049E-01 -1.873329E-02  5.000000E-01  4.597235E-02 -4.184546E-03  0.000000E+00  1.235267E-02 -7.674042E-04  8.675657E-17  4.447562E-01  0.000000E+00
  2.491496E-01 -2.075428E-02  5.000000E-01  5.290529E-02 -4.613755E-03  0.000000E+00  1.260729E-02 -7.746929E-04  3.415260E-17  4.229304E-01  0.000000E+00
  2.819003E-01 -2.275418E-02  5.000000E-01  5.986073E-02 -5.038484E-03  0.000000E+00  1.280990E-02 -7.773461E-04  4.845802E-18  4.044779E-01  0.000000E+00
  3.147601E-01 -2.473897E-02  5.000000E-01  6.683936E-02 -5.460004E-03  0.000000E+00  1.295599E-02 -7.793955E-04 -1.843286E-18  3.890051E-01  0.000000E+00
  3.477303E-01 -2.671839E-02  5.000000E-01  7.384142E-02 -5.880385E-03  0.000000E+00  1.305471E-02 -7.827364E-04 -1.957341E-18  3.754678E-01  0.000000E+00
  3.807756E-01 -2.870149E-02  5.000000E-01  8.085941E-02 -6.301548E-03  0.000000E+00  1.311755E-02 -7.866181E-04 -7.862321E-19  3.629683E-01  0.000000E+00
  4.138291E-01 -3.068670E-02  5.000000E-01  8.787917E-02 -6.723158E-03  0.000000E+00  1.315164E-02 -7.881524E-04  1.689599E-18  3.510151E-01  0.000000E+00
  4.468689E-01 -3.266660E-02  5.000000E-01  9.489601E-02 -7.143638E-03  0.000000E+00  1.316117E-02 -7.860310E-04  1.050458E-18  3.396860E-01  0.000000E+00
  4.799091E-01 -3.463703E-02  5.000000E-01  1.019129E-01 -7.562110E-03  0.000000E+00  1.315008E-02 -7.812967E-04 -3.921275E-19  3.293013E-01  0.000000E+00
  5.129612E-01 -3.659714E-02  5.000000E-01  1.089324E-01 -7.978388E-03  0.000000E+00  1.312260E-02 -7.755880E-04 -5.421678E-19  3.199957E-01  0.000000E+00
  5.460360E-01 -3.854920E-02  5.000000E-01  1.159567E-01 -8.392958E-03  0.000000E+00  1.308324E-02 -7.702991E-04 -3.057670E-19  3.116794E-01  0.000000E+00
  5.791347E-01 -4.049720E-02  5.000000E-01  1.229860E-01 -8.806665E-03  0.000000E+00  1.303636E-02 -7.662740E-04 -8.678713E-20  3.041598E-01  0.000000E+00
  6.122565E-01 -4.244566E-02  5.000000E-01  1.300203E-01 -9.220471E-03  0.000000E+00  1.298598E-02 -7.639705E-04  1.569864E-19  2.972569E-01  0.000000E+00
  6.454013E-01 -4.439968E-02  5.000000E-01  1.370594E-01 -9.635458E-03  0.000000E+00  1.293591E-02 -7.638747E-04  6.795341E-20  2.908543E-01  0.000000E+00
  6.785693E-01 -4.636541E-02  5.000000E-01  1.441035E-01 -1.005293E-02  0.000000E+00  1.288947E-02 -7.664715E-04 -4.467790E-19  2.848599E-01  0.000000E+00
  7.117575E-01 -4.834949E-02  5.000000E-01  1.511518E-01 -1.047430E-02  0.000000E+00  1.284887E-02 -7.718183E-04 -8.003410E-19  2.791465E-01  0.000000E+00
  7.449560E-01 -5.035721E-02  5.000000E-01  1.582024E-01 -1.090069E-02  0.000000E+00  1.281485E-02 -7.794786E-04 -5.156010E-19  2.735694E-01  0.000000E+00
  7.781569E-01 -5.239234E-02  5.000000E-01  1.652534E-01 -1.133290E-02  0.000000E+00  1.278729E-02 -7.889943E-04  8.357170E-19  2.680391E-01  0.000000E+00
  8.113578E-01 -5.445825E-02  5.000000E-01  1.723045E-01 -1.177165E-02  0.000000E+00  1.276606E-02 -8.002203E-04  1.796858E-18  2.625317E-01  0.000000E+00
  8.445597E-01 -5.655857E-02  5.000000E-01  1.793558E-01 -1.221771E-02  0.000000E+00  1.275140E-02 -8.132748E-04 -2.479172E-19  2.570391E-01  0.000000E+00
  8.777625E-01 -5.869737E-02  5.000000E-01  1.864072E-01 -1.267194E-02  0.000000E+00  1.274380E-02 -8.281984E-04 -2.039467E-18  2.515120E-01  0.000000E+00
  9.109638E-01 -6.087799E-02  5.000000E-01  1.934584E-01 -1.313504E-02  0.000000E+00  1.274378E-02 -8.449389E-04 -1.097891E-18  2.458710E-01  0.000000E+00
  9.441676E-01 -6.310404E-02  5.000000E-01  2.005100E-01 -1.360780E-02  0.000000E+00  1.275202E-02 -8.635208E-04  5.323034E-19  2.400505E-01  0.000000E+00
  9.773746E-01 -6.537897E-02  5.000000E-01  2.075624E-01 -1.409094E-02  0.000000E+00  1.276897E-02 -8.837348E-04  1.545559E-18  2.339741E-01  0.000000E+00
  1.010583E+00 -6.770453E-02  5.000000E-01  2.146150E-01 -1.458483E-02  0.000000E+00  1.279487E-02 -9.052975E-04  5.536068E-19  2.275769E-01  0.000000E+00
  1.043798E+00 -7.008257E-02  5.000000E-01  2.216690E-01 -1.508987E-02  0.000000E+00  1.283007E-02 -9.280555E-04  1.083792E-19  2.208245E-01  0.000000E+00
  1.077015E+00 -7.251370E-02  5.000000E-01  2.287236E-01 -1.560618E-02  0.000000E+00  1.287496E-02 -9.518891E-04  1.938928E-18  2.136870E-01  0.000000E+00
  1.110238E+00 -7.499858E-02  5.000000E-01  2.357793E-01 -1.613391E-02  0.000000E+00  1.292990E-02 -9.766313E-04  1.855309E-18  2.061210E-01  0.000000E+00
  1.143462E+00 -7.753646E-02  5.000000E-01  2.428354E-01 -1.667290E-02  0.000000E+00  1.299540E-02 -1.002202E-03  3.393935E-19  1.980870E-01  0.000000E+00
  1.176693E+00 -8.012736E-02  5.000000E-01  2.498927E-01 -1.722314E-02  0.000000E+00  1.307199E-02 -1.028546E-03 -1.387083E-18  1.895489E-01  0.000000E+00
  1.209925E+00 -8.276986E-02  5.000000E-01  2.569505E-01 -1.778434E-02  0.000000E+00  1.315977E-02 -1.055235E-03 -2.400518E-18  1.804333E-01  0.000000E+00
  1.243158E+00 -8.546085E-02  5.000000E-01  2.640083E-01 -1.835584E-02  0.000000E+00  1.325872E-02 -1.081955E-03 -2.145410E-18  1.706992E-01  0.000000E+00
  1.276395E+00 -8.819784E-02  5.000000E-01  2.710670E-01 -1.893711E-02  0.000000E+00  1.336881E-02 -1.108442E-03 -1.230461E-18  1.603282E-01  0.000000E+00
  1.309630E+00 -9.097616E-02  5.000000E-01  2.781253E-01 -1.952716E-02  0.000000E+00  1.348966E-02 -1.134163E-03 -2.636489E-20  1.492788E-01  0.000000E+00
  1.342868E+00 -9.379057E-02  5.000000E-01  2.851842E-01 -2.012487E-02  0.000000E+00  1.362110E-02 -1.158890E-03  7.014903E-19  1.375505E-01  0.000000E+00
  1.376108E+00 -9.663610E-02  5.000000E-01  2.922436E-01 -2.072919E-02  0.000000E+00  1.376274E-02 -1.182187E-03  1.840309E-18  1.251208E-01  0.000000E+00
  1.409347E+00 -9.950507E-02  5.000000E-01  2.993027E-01 -2.133849E-02  0.000000E+00  1.391396E-02 -1.203474E-03  1.432194E-18  1.119586E-01  0.000000E+00
  1.442589E+00 -1.023904E-01  5.000000E-01  3.063625E-01 -2.195127E-02  0.000000E+00  1.407431E-02 -1.222411E-03  3.715680E-19  9.807321E-02  0.000000E+00
  1.475831E+00 -1.052837E-01  5.000000E-01  3.134222E-01 -2.256572E-02  0.000000E+00  1.424323E-02 -1.238470E-03 -3.247665E-19  8.345951E-02  0.000000E+00
  1.509072E+00 -1.081756E-01  5.000000E-01  3.204819E-01 -2.317990E-02  0.000000E+00  1.442012E-02 -1.251093E-03 -1.171668E-18  6.811034E-02  0.000000E+00
  1.542314E+00 -1.110562E-01  5.000000E-01  3.275416E-01 -2.379167E-02  0.000000E+00  1.460462E-02 -1.260013E-03 -1.084423E-18  5.204929E-02  0.000000E+00
  1.575558E+00 -1.139162E-01  5.000000E-01  3.346018E-01 -2.439906E-02  0.000000E+00  1.479609E-02 -1.264715E-03 -4.796423E-19  3.527676E-02  0.000000E+00
  1.608800E+00 -1.167439E-01  5.000000E-01  3.416615E-01 -2.499959E-02  0.000000E+00  1.499331E-02 -1.264379E-03 -3.666406E-19  1.777854E-02  0.000000E+00
  1.642044E+00 -1.195278E-01  5.000000E-01  3.487219E-01 -2.559083E-02  0.000000E+00  1.519481E-02 -1.258307E-03 -1.040147E-18 -4.159531E-04  0.000000E+00
  1.675286E+00 -1.222547E-01  5.000000E-01  3.557816E-01 -2.616995E-02  0.000000E+00  1.539879E-02 -1.245836E-03 -4.403401E-19 -1.924934E-02  0.000000E+00
  1.708526E+00 -1.249116E-01  5.000000E-01  3.628410E-01 -2.673422E-02  0.000000E+00  1.560325E-02 -1.226398E-03  8.145356E-19 -3.863813E-02  0.000000E+00
  1.741762E+00 -1.274850E-01  5.000000E-01  3.698996E-01 -2.728074E-02  0.000000E+00  1.580584E-02 -1.199293E-03 -2.336509E-19 -5.850458E-02  0.000000E+00
  1.774995E+00 -1.299604E-01  5.000000E-01  3.769573E-01 -2.780646E-02  0.000000E+00  1.600449E-02 -1.164234E-03 -4.494982E-19 -7.872417E-02  0.000000E+00
  1.808227E+00 -1.323254E-01  5.000000E-01  3.840150E-01 -2.830871E-02  0.000000E+00  1.619708E-02 -1.120945E-03  7.068818E-19 -9.916503E-02  0.000000E+00
  1.841453E+00 -1.345654E-01  5.000000E-01  3.910714E-01 -2.878445E-02  0.000000E+00  1.638075E-02 -1.068884E-03 -1.973116E-19 -1.197024E-01  0.000000E+00
  1.874678E+00 -1.366672E-01  5.000000E-01  3.981276E-01 -2.923081E-02  0.000000E+00  1.655195E-02 -1.007781E-03 -2.798189E-19 -1.401384E-01  0.000000E+00
  1.907900E+00 -1.386169E-01  5.000000E-01  4.051830E-01 -2.964488E-02  0.000000E+00  1.670515E-02 -9.372540E-04  7.096132E-19 -1.602148E-01  0.000000E+00
  1.941118E+00 -1.404007E-01  5.000000E-01  4.122377E-01 -3.002371E-02  0.000000E+00  1.683134E-02 -8.568695E-04  7.691420E-20 -1.795832E-01  0.000000E+00
  1.974334E+00 -1.420047E-01  5.000000E-01  4.192920E-01 -3.036437E-02  0.000000E+00  1.691697E-02 -7.665097E-04 -6.973889E-19 -1.977485E-01  0.000000E+00
  2.007549E+00 -1.434162E-01  5.000000E-01  4.263460E-01 -3.066414E-02  0.000000E+00  1.694312E-02 -6.660705E-04 -1.732188E-19 -2.140745E-01  0.000000E+00
  2.040760E+00 -1.446213E-01  5.000000E-01  4.333993E-01 -3.092006E-02  0.000000E+00  1.688818E-02 -5.557078E-04  3.975254E-20 -2.277555E-01  0.000000E+00
  2.073970E+00 -1.456064E-01  5.000000E-01  4.404522E-01 -3.112927E-02  0.000000E+00  1.673515E-02 -4.370125E-04 -2.241590E-19 -2.378103E-01  0.000000E+00
  2.107177E+00 -1.463590E-01  5.000000E-01  4.475046E-01 -3.128911E-02  0.000000E+00  1.648222E-02 -3.156226E-04  2.190509E-20 -2.431066E-01  0.000000E+00
  2.140379E+00 -1.468796E-01  5.000000E-01  4.545558E-01 -3.139967E-02  0.000000E+00  1.614749E-02 -2.008417E-04 -1.223842E-19 -2.427239E-01  0.000000E+00
  2.173577E+00 -1.471860E-01  5.000000E-01  4.616063E-01 -3.146475E-02  0.000000E+00  1.575760E-02 -9.836395E-05 -2.211516E-19 -2.368298E-01  0.000000E+00
  2.206768E+00 -1.472959E-01  5.000000E-01  4.686553E-01 -3.148809E-02  0.000000E+00  1.533741E-02 -9.039709E-06 -1.714894E-19 -2.266184E-01  0.000000E+00
  2.239954E+00 -1.472275E-01  5.000000E-01  4.757033E-01 -3.147357E-02  0.000000E+00  1.490729E-02  6.738392E-05 -1.532943E-19 -2.135058E-01  0.000000E+00
  2.273134E+00 -1.469986E-01  5.000000E-01  4.827499E-01 -3.142495E-02  0.000000E+00  1.448133E-02  1.315674E-04 -1.475175E-19 -1.986821E-01  0.000000E+00
  2.306309E+00 -1.466274E-01  5.000000E-01  4.897953E-01 -3.134611E-02  0.000000E+00  1.406781E-02  1.843733E-04 -1.435748E-19 -1.829448E-01  0.000000E+00
  2.339476E+00 -1.461319E-01  5.000000E-01  4.968392E-01 -3.124088E-02  0.000000E+00  1.367116E-02  2.268052E-04 -3.058463E-19 -1.667620E-01  0.000000E+00
  2.372638E+00 -1.455297E-01  5.000000E-01  5.038821E-01 -3.111298E-02  0.000000E+00  1.329533E-02  2.592522E-04 -2.701623E-19 -1.503570E-01  0.000000E+00
  2.405805E+00 -1.448411E-01  5.000000E-01  5.109259E-01 -3.096676E-02  0.000000E+00  1.294520E-02  2.817747E-04 -5.164752E-20 -1.339041E-01  0.000000E+00
  2.438976E+00 -1.440887E-01  5.000000E-01  5.179706E-01 -3.080696E-02  0.000000E+00  1.262575E-02  2.950498E-04  1.282913E-19 -1.177243E-01  0.000000E+00
  2.472150E+00 -1.432941E-01  5.000000E-01  5.250160E-01 -3.063820E-02  0.000000E+00  1.234219E-02  2.999971E-04  1.324659E-19 -1.022126E-01  0.000000E+00
  2.505329E+00 -1.424794E-01  5.000000E-01  5.320624E-01 -3.046519E-02  0.000000E+00  1.210071E-02  2.973531E-04 -8.492663E-20 -8.772214E-02  0.000000E+00
  2.538512E+00 -1.416671E-01  5.000000E-01  5.391097E-01 -3.029267E-02  0.000000E+00  1.190797E-02  2.878495E-04 -7.655261E-20 -7.458202E-02  0.000000E+00
  2.571700E+00 -1.408789E-01  5.000000E-01  5.461580E-01 -3.012526E-02  0.000000E+00  1.177015E-02  2.718424E-04 -3.508655E-20 -6.307581E-02  0.000000E+00
  2.604894E+00 -1.401376E-01  5.000000E-01  5.532074E-01 -2.996783E-02  0.000000E+00  1.169030E-02  2.498544E-04 -5.648307E-20 -5.347866E-02  0.000000E+00
  2.638090E+00 -1.394638E-01  5.000000E-01  5.602575E-01 -2.982475E-02  0.000000E+00  1.166415E-02  2.245229E-04 -1.143063E-19 -4.619525E-02  0.000000E+00
  2.671292E+00 -1.388638E-01  5.000000E-01  5.673087E-01 -2.969732E-02  0.000000E+00  1.168106E-02  1.994642E-04 -1.843834E-20 -4.147609E-02  0.000000E+00
  2.704497E+00 -1.383337E-01  5.000000E-01  5.743608E-01 -2.958473E-02  0.000000E+00  1.173015E-02  1.761486E-04  1.211091E-19 -3.901616E-02  0.000000E+00
  2.737708E+00 -1.378696E-01  5.000000E-01  5.814140E-01 -2.948618E-02  0.000000E+00  1.180330E-02  1.544663E-04 -7.925661E-21 -3.824882E-02  0.000000E+00
  2.770923E+00 -1.374674E-01  5.000000E-01  5.884680E-01 -2.940076E-02  0.000000E+00  1.189472E-02  1.342573E-04 -1.408201E-19 -3.877107E-02  0.000000E+00
  2.804143E+00 -1.371229E-01  5.000000E-01  5.955230E-01 -2.932759E-02  0.000000E+00  1.200076E-02  1.153499E-04 -9.589915E-20 -4.038890E-02  0.000000E+00
  2.837367E+00 -1.368321E-01  5.000000E-01  6.025790E-01 -2.926583E-02  0.000000E+00  1.211910E-02  9.774165E-05  1.313429E-19 -4.305085E-02  0.000000E+00
  2.870594E+00 -1.365904E-01  5.000000E-01  6.096357E-01 -2.921449E-02  0.000000E+00  1.224813E-02  8.157795E-05  1.906425E-19 -4.674682E-02  0.000000E+00
  2.903823E+00 -1.363930E-01  5.000000E-01  6.166926E-01 -2.917258E-02  0.000000E+00  1.238631E-02  6.724784E-05  8.564852E-20 -5.147440E-02  0.000000E+00
  2.937051E+00 -1.362331E-01  5.000000E-01  6.237496E-01 -2.913861E-02  0.000000E+00  1.253279E-02  5.486251E-05  4.537988E-20 -5.717925E-02  0.000000E+00
  2.970283E+00 -1.361055E-01  5.000000E-01  6.308072E-01 -2.911153E-02  0.000000E+00  1.268775E-02  4.437086E-05  4.177130E-20 -6.379886E-02  0.000000E+00
  3.003515E+00 -1.360043E-01  5.000000E-01  6.378649E-01 -2.909002E-02  0.000000E+00  1.285247E-02  3.592737E-05  5.889033E-20 -7.133418E-02  0.000000E+00
  3.036751E+00 -1.359234E-01  5.000000E-01  6.449232E-01 -2.907284E-02  0.000000E+00  1.302992E-02  2.950315E-05  5.409978E-20 -7.981292E-02  0.000000E+00
  3.069988E+00 -1.358575E-01  5.000000E-01  6.519820E-01 -2.905886E-02  0.000000E+00  1.322399E-02  2.532145E-05  5.884426E-20 -8.934703E-02  0.000000E+00
  3.103226E+00 -1.357999E-01  5.000000E-01  6.590410E-01 -2.904662E-02  0.000000E+00  1.343891E-02  2.334947E-05  6.184538E-20 -1.000467E-01  0.000000E+00
  3.136469E+00 -1.357459E-01  5.000000E-01  6.661010E-01 -2.903514E-02  0.000000E+00  1.367645E-02  2.418316E-05  4.574847E-20 -1.120611E-01  0.000000E+00
  3.169712E+00 -1.356868E-01  5.000000E-01  6.731611E-01 -2.902259E-02  0.000000E+00  1.393203E-02  3.071680E-05 -4.348731E-20 -1.256660E-01  0.000000E+00
  3.202960E+00 -1.356042E-01  5.000000E-01  6.802220E-01 -2.900506E-02  0.000000E+00  1.419619E-02  4.621071E-05 -1.603353E-19 -1.409168E-01  0.000000E+00
  3.236210E+00 -1.354752E-01  5.000000E-01  6.872835E-01 -2.897766E-02  0.000000E+00  1.445882E-02  7.193408E-05 -1.831609E-19 -1.574141E-01  0.000000E+00
  3.269464E+00 -1.352782E-01  5.000000E-01  6.943459E-01 -2.893582E-02  0.000000E+00  1.470984E-02  1.080513E-04 -2.230903E-19 -1.745805E-01  0.000000E+00
  3.302721E+00 -1.349917E-01  5.000000E-01  7.014089E-01 -2.887498E-02  0.000000E+00  1.493894E-02  1.545991E-04 -3.000151E-19 -1.918973E-01  0.000000E+00
  3.335981E+00 -1.345951E-01  5.000000E-01  7.084724E-01 -2.879074E-02  0.000000E+00  1.513692E-02  2.109255E-04 -2.560994E-19 -2.088610E-01  0.000000E+00
  3.369247E+00 -1.340698E-01  5.000000E-01  7.155373E-01 -2.867920E-02  0.000000E+00  1.529638E-02  2.757246E-04  7.620747E-20 -2.249538E-01  0.000000E+00
  3.402518E+00 -1.334009E-01  5.000000E-01  7.226033E-01 -2.853713E-02  0.000000E+00  1.541011E-02  3.479333E-04  6.017933E-19 -2.397550E-01  0.000000E+00
  3.435792E+00 -1.325725E-01  5.000000E-01  7.296699E-01 -2.836119E-02  0.000000E+00  1.547151E-02  4.261248E-04  8.697617E-19 -2.528448E-01  0.000000E+00
  3.469073E+00 -1.315726E-01  5.000000E-01  7.367379E-01 -2.814883E-02  0.000000E+00  1.547564E-02  5.084711E-04  1.507752E-18 -2.637550E-01  0.000000E+00
  3.502353E+00 -1.303899E-01  5.000000E-01  7.438057E-01 -2.789767E-02  0.000000E+00  1.541932E-02  5.931202E-04  2.704616E-18 -2.720573E-01  0.000000E+00
  3.535630E+00 -1.290163E-01  5.000000E-01  7.508729E-01 -2.760594E-02  0.000000E+00  1.530198E-02  6.780905E-04  3.111636E-18 -2.773886E-01  0.000000E+00
  3.568904E+00 -1.274443E-01  5.000000E-01  7.579395E-01 -2.727209E-02  0.000000E+00  1.512577E-02  7.620143E-04  3.074031E-18 -2.795313E-01  0.000000E+00
  3.602176E+00 -1.256667E-01  5.000000E-01  7.650057E-01 -2.689458E-02  0.000000E+00  1.489604E-02  8.437650E-04  3.908185E-18 -2.783851E-01  0.000000E+00
  3.635446E+00 -1.236776E-01  5.000000E-01  7.720714E-01 -2.647215E-02  0.000000E+00  1.461992E-02  9.221829E-04  4.936970E-18 -2.739794E-01  0.000000E+00
  3.668713E+00 -1.214718E-01  5.000000E-01  7.791365E-01 -2.600368E-02  0.000000E+00  1.430367E-02  9.958836E-04  5.788447E-18 -2.664280E-01  0.000000E+00
  3.701976E+00 -1.190471E-01  5.000000E-01  7.862009E-01 -2.548873E-02  0.000000E+00  1.394781E-02  1.064561E-03  7.407997E-18 -2.559761E-01  0.000000E+00
  3.735241E+00 -1.163958E-01  5.000000E-01  7.932655E-01 -2.492566E-02  0.000000E+00  1.354379E-02  1.129714E-03  8.431701E-18 -2.430122E-01  0.000000E+00
  3.768500E+00 -1.134991E-01  5.000000E-01  8.003289E-01 -2.431048E-02  0.000000E+00  1.308259E-02  1.190771E-03  8.695781E-18 -2.275083E-01  0.000000E+00
  3.801751E+00 -1.103411E-01  5.000000E-01  8.073904E-01 -2.363980E-02  0.000000E+00  1.256366E-02  1.243935E-03  7.736957E-18 -2.089601E-01  0.000000E+00
  3.834989E+00 -1.069131E-01  5.000000E-01  8.144495E-01 -2.291178E-02  0.000000E+00  1.199611E-02  1.284780E-03  5.055167E-18 -1.869854E-01  0.000000E+00
  3.868211E+00 -1.032196E-01  5.000000E-01  8.215050E-01 -2.212737E-02  0.000000E+00  1.139460E-02  1.310881E-03  3.494047E-18 -1.618135E-01  0.000000E+00
  3.901422E+00 -9.926686E-02  5.000000E-01  8.285582E-01 -2.128790E-02  0.000000E+00  1.077536E-02  1.321934E-03  4.175458E-18 -1.341852E-01  0.000000E+00
  3.934617E+00 -9.506932E-02  5.000000E-01  8.356079E-01 -2.039644E-02  0.000000E+00  1.015394E-02  1.318460E-03  3.311604E-18 -1.049379E-01  0.000000E+00
  3.967800E+00 -9.064458E-02  5.000000E-01  8.426552E-01 -1.945674E-02  0.000000E+00  9.541734E-03  1.301835E-03  1.298330E-18 -7.486478E-02  0.000000E+00
  4.000972E+00 -8.601291E-02  5.000000E-01  8.497001E-01 -1.847308E-02  0.000000E+00  8.944561E-03  1.273779E-03  8.153864E-19 -4.452261E-02  0.000000E+00
  4.034139E+00 -8.119444E-02  5.000000E-01  8.567440E-01 -1.744976E-02  0.000000E+00  8.361637E-03  1.236440E-03  3.734830E-19 -1.428775E-02  0.000000E+00
  4.067311E+00 -7.620045E-02  5.000000E-01  8.637890E-01 -1.638916E-02  0.000000E+00  7.787045E-03  1.191208E-03 -1.417405E-19  1.569004E-02  0.000000E+00
  4.100488E+00 -7.104138E-02  5.000000E-01  8.708348E-01 -1.529350E-02  0.000000E+00  7.213312E-03  1.137895E-03  2.569267E-19  4.555150E-02  0.000000E+00
  4.133669E+00 -6.572858E-02  5.000000E-01  8.778818E-01 -1.416519E-02  0.000000E+00  6.633308E-03  1.075976E-03  4.328010E-19  7.544611E-02  0.000000E+00
  4.166856E+00 -6.027137E-02  5.000000E-01  8.849299E-01 -1.300621E-02  0.000000E+00  6.042981E-03  1.005337E-03 -7.982880E-19  1.054412E-01  0.000000E+00
  4.200049E+00 -5.468069E-02  5.000000E-01  8.919793E-01 -1.181889E-02  0.000000E+00  5.444443E-03  9.267239E-04 -1.615951E-18  1.354821E-01  0.000000E+00
  4.233242E+00 -4.896661E-02  5.000000E-01  8.990285E-01 -1.060536E-02  0.000000E+00  4.848940E-03  8.412465E-04 -3.629829E-19  1.654887E-01  0.000000E+00
  4.266405E+00 -4.316358E-02  5.000000E-01  9.060715E-01 -9.372939E-03  0.000000E+00  4.277481E-03  7.500499E-04  4.330071E-19  1.953707E-01  0.000000E+00
  4.299502E+00 -3.734537E-02  5.000000E-01  9.131007E-01 -8.137295E-03  0.000000E+00  3.755900E-03  6.562078E-04  7.671186E-19  2.247148E-01  0.000000E+00
  4.332522E+00 -3.161769E-02  5.000000E-01  9.201132E-01 -6.920876E-03  0.000000E+00  3.306640E-03  5.653817E-04 -4.608907E-19  2.524867E-01  0.000000E+00
  4.365472E+00 -2.608068E-02  5.000000E-01  9.271110E-01 -5.744951E-03  0.000000E+00  2.944665E-03  4.830291E-04 -1.381883E-18  2.775609E-01  0.000000E+00
  4.398350E+00 -2.083790E-02  5.000000E-01  9.340935E-01 -4.631514E-03  0.000000E+00  2.679832E-03  4.121593E-04 -2.205798E-18  2.994856E-01  0.000000E+00
  4.431155E+00 -1.599369E-02  5.000000E-01  9.410605E-01 -3.602724E-03  0.000000E+00  2.519517E-03  3.531818E-04 -1.486183E-18  3.183095E-01  0.000000E+00
  4.463888E+00 -1.166191E-02  5.000000E-01  9.480121E-01 -2.682759E-03  0.000000E+00  2.466667E-03  3.041823E-04  1.501959E-18  3.339234E-01  0.000000E+00
  4.496579E+00 -7.928267E-03  5.000000E-01  9.549550E-01 -1.889825E-03  0.000000E+00  2.514149E-03  2.612645E-04  4.103503E-19  3.462348E-01  0.000000E+00
  4.529252E+00 -4.850790E-03  5.000000E-01  9.618938E-01 -1.236245E-03  0.000000E+00  2.636612E-03  2.201132E-04 -5.361190E-19  3.555320E-01  0.000000E+00
  4.561929E+00 -2.451775E-03  5.000000E-01  9.688337E-01 -7.267530E-04  0.000000E+00  2.778088E-03  1.755100E-04  4.272876E-19  3.608698E-01  0.000000E+00
  4.594574E+00 -7.542212E-04  5.000000E-01  9.757666E-01 -3.662342E-04  0.000000E+00  2.855454E-03  1.161849E-04  5.876017E-19  3.608979E-01  0.000000E+00
  4.627203E+00  2.256613E-04  5.000000E-01  9.826962E-01 -1.581313E-04  0.000000E+00  2.820400E-03  4.177393E-05  2.316799E-19  3.637706E-01  0.000000E+00
  4.659162E+00  4.749719E-04  5.000000E-01  9.894836E-01 -1.051838E-04  0.000000E+00  2.689084E-03 -3.727951E-06  1.213708E-18  3.734672E-01  0.000000E+00
  4.689251E+00  5.866668E-05  5.000000E-01  9.958737E-01 -1.935968E-04  0.000000E+00  2.357354E-03 -1.469113E-05  4.879872E-18  3.270245E-01  0.000000E+00
  4.708680E+00 -5.468480E-04  5.000000E-01  9.999999E-01 -3.221933E-04  0.000000E+00  1.727914E-03 -7.948995E-05  5.062895E-18  1.752259E-01  0.000000E+00
    1    2
    2    3
    3    4
    4    5
    5    6
    6    7
    7    8
    8    9
    9   10
   10   11
   11   12
   12   13
   13   14
   14   15
   15   16
   16   17
   17   18
   18   19
   19   20
   20   21
   21   22
   22   23
   23   24
   24   25
   25   26
   26   27
   27   28
   28   29
   29   30
   30   31
   31   32
   32   33
   33   34
   34   35
   35   36
   36   37
   37   38
   38   39
   39   40
   40   41
   41   42
   42   43
   43   44
   44   45
   45   46
   46   47
   47   48
   48   49
   49   50
   50   51
   51   52
   52   53
   53   54
   54   55
   55   56
   56   57
   57   58
   58   59
   59   60
   60   61
   61   62
   62   63
   63   64
   64   65
   65   66
   66   67
   67   68
   68   69
   69   70
   70   71
   71   72
   72   73
   73   74
   74   75
   75   76
   76   77
   77   78
   78   79
   79   80
   80   81
   81   82
   82   83
   83   84
   84   85
   85   86
   86   87
   87   88
   88   89
   89   90
   90   91
   91   92
   92   93
   93   94
   94   95
   95   96
   96   97
   97   98
   98   99
   99  100
  100  101
  101  102
  102  103
  103  104
  104  105
  105  106
  106  107
  107  108
  108  109
  109  110
  110  111
  111  112
  112  113
  113  114
  114  115
  115  116
  116  117
  117  118
  118  119
  119  120
  120  121
  121  122
  122  123
  123  124
  124  125
  125  126
  126  127
  127  128
  128  129
  129  130
  130  131
  131  132
  132  133
  133  134
  134  135
  135  136
  136  137
  137  138
  138  139
  139  140
  140  141
  141  142
  142  143
  143  144
  144  145
  145  146
  146  147
  147  148
  148  149
  149  150
  151  152
  152  153
  153  154
  154  155
  155  156
  156  157
  157  158
  158  159
  159  160
  160  161
  161  162
  162  163
  163  164
  164  165
  165  166
  166  167
  167  168
  168  169
  169  170
  170  171
  171  172
  172  173
  173  174
  174  175
  175  176
  176  177
  177  178
  178  179
  179  180
  180  181
  181  182
  182  183
  183  184
  184  185
  185  186
  186  187
  187  188
  188  189
  189  190
  190  191
  191  192
  192  193
  193  194
  194  195
  195  196
  196  197
  197  198
  198  199
  199  200
  200  201
  201  202
  202  203
  203  204
  204  205
  205  206
  206  207
  207  208
  208  209
  209  210
  210  211
  211  212
  212  213
  213  214
  214  215
  215  216
  216  217
  217  218
  218  219
  219  220
  220  221
  221  222
  222  223
  223  224
  224  225
  225  226
  226  227
  227  228
  228  229
  229  230
  230  231
  231  232
  232  233
  233  234
  234  235
  235  236
  236  237
  237  238
  238  239
  239  240
  240  241
  241  242
  242  243
  243  244
  244  245
  245  246
  246  247
  247  248
  248  249
  249  250
  250  251
  251  252
  252  253
  253  254
  254  255
  255  256
  256  257
  257  258
  258  259
  259  260
  260  261
  261  262
  262  263
  263  264
  264  265
  265  266
  266  267
  267  268
  268  269
  269  270
  270  271
  271  272
  272  273
  273  274
  274  275
  275  276
  276  277
  277  278
  278  279
  279  280
  280  281
  281  282
  282  283
  283  284
  284  285
  285  286
  286  287
  287  288
  288  289
  289  290
  290  291
  291  292
  292  293
  293  294
  294  295
  295  296
  296  297
  297  298
  298  299
  299  300
