 Title = "ADflow Slice Data"
Variables =  "CoordinateX"  "CoordinateY"  "CoordinateZ"  "XoC"  "YoC"  "ZoC" "VelocityX" "VelocityY" "VelocityZ" "CoefPressure" "Mach" 
Zone T= "Slice_0001 None Absolute Regular z = 0.50000000"
 Nodes =          300  Elements=          298  ZONETYPE=FELINESEG
 DATAPACKING=POINT
  4.708680E+00 -5.089795E-04  5.000000E-01  1.000000E+00 -3.150684E-04  0.000000E+00  2.086806E-03 -1.062009E-04  5.517981E-18  1.641700E-01  0.000000E+00
  4.689187E+00  2.935011E-03  5.000000E-01  9.958601E-01  4.163505E-04  0.000000E+00  1.445181E-03 -2.138581E-04  2.232170E-18  8.413438E-02  0.000000E+00
  4.658673E+00  8.272730E-03  5.000000E-01  9.893797E-01  1.549951E-03  0.000000E+00  1.127154E-03 -2.180345E-04  7.689751E-19  1.062505E-01  0.000000E+00
  4.626256E+00  1.386839E-02  5.000000E-01  9.824952E-01  2.738332E-03  0.000000E+00  9.560673E-04 -1.658845E-04 -1.027815E-18  1.008057E-01  0.000000E+00
  4.593146E+00  1.949939E-02  5.000000E-01  9.754635E-01  3.934217E-03  0.000000E+00  9.261471E-04 -1.506344E-04 -1.333799E-18  7.969109E-02  0.000000E+00
  4.560031E+00  2.504160E-02  5.000000E-01  9.684306E-01  5.111246E-03  0.000000E+00  1.032446E-03 -1.710378E-04 -1.758267E-18  6.380504E-02  0.000000E+00
  4.526891E+00  3.049398E-02  5.000000E-01  9.613923E-01  6.269198E-03  0.000000E+00  1.227199E-03 -2.011929E-04 -6.962380E-19  4.959881E-02  0.000000E+00
  4.493752E+00  3.584726E-02  5.000000E-01  9.543545E-01  7.406103E-03  0.000000E+00  1.474488E-03 -2.356311E-04  4.796466E-19  3.278067E-02  0.000000E+00
  4.460612E+00  4.109432E-02  5.000000E-01  9.473164E-01  8.520450E-03  0.000000E+00  1.751942E-03 -2.739283E-04 -1.042209E-18  1.436680E-02  0.000000E+00
  4.427470E+00  4.622915E-02  5.000000E-01  9.402779E-01  9.610962E-03  0.000000E+00  2.038433E-03 -3.117448E-04 -6.852112E-19 -4.561935E-03  0.000000E+00
  4.394325E+00  5.124068E-02  5.000000E-01  9.332387E-01  1.067529E-02  0.000000E+00  2.317918E-03 -3.456382E-04  1.357108E-18 -2.393100E-02  0.000000E+00
  4.361178E+00  5.612045E-02  5.000000E-01  9.261991E-01  1.171163E-02  0.000000E+00  2.583686E-03 -3.745942E-04  1.521154E-18 -4.377597E-02  0.000000E+00
  4.328027E+00  6.085795E-02  5.000000E-01  9.191586E-01  1.271776E-02  0.000000E+00  2.835541E-03 -3.984157E-04  1.424423E-18 -6.401204E-02  0.000000E+00
  4.294876E+00  6.544106E-02  5.000000E-01  9.121181E-01  1.369110E-02  0.000000E+00  3.074685E-03 -4.171492E-04  2.316829E-18 -8.437622E-02  0.000000E+00
  4.261727E+00  6.985998E-02  5.000000E-01  9.050782E-01  1.462957E-02  0.000000E+00  3.299434E-03 -4.307751E-04  2.581790E-18 -1.044166E-01  0.000000E+00
  4.228582E+00  7.410537E-02  5.000000E-01  8.980388E-01  1.553119E-02  0.000000E+00  3.503072E-03 -4.385430E-04  1.146354E-18 -1.239922E-01  0.000000E+00
  4.195443E+00  7.816541E-02  5.000000E-01  8.910010E-01  1.639344E-02  0.000000E+00  3.674770E-03 -4.394955E-04 -1.965661E-18 -1.437725E-01  0.000000E+00
  4.162308E+00  8.202751E-02  5.000000E-01  8.839639E-01  1.721365E-02  0.000000E+00  3.802052E-03 -4.323300E-04 -2.174300E-18 -1.651319E-01  0.000000E+00
  4.129179E+00  8.568185E-02  5.000000E-01  8.769281E-01  1.798975E-02  0.000000E+00  3.872548E-03 -4.149489E-04 -1.396163E-19 -1.880587E-01  0.000000E+00
  4.096054E+00  8.911696E-02  5.000000E-01  8.698932E-01  1.871928E-02  0.000000E+00  3.871346E-03 -3.862582E-04 -1.641750E-19 -2.084286E-01  0.000000E+00
  4.062934E+00  9.232418E-02  5.000000E-01  8.628593E-01  1.940041E-02  0.000000E+00  3.779499E-03 -3.485353E-04 -5.765040E-19 -2.201523E-01  0.000000E+00
  4.029817E+00  9.529499E-02  5.000000E-01  8.558262E-01  2.003134E-02  0.000000E+00  3.596572E-03 -3.079305E-04 -6.971520E-19 -2.244538E-01  0.000000E+00
  3.996705E+00  9.802291E-02  5.000000E-01  8.487940E-01  2.061068E-02  0.000000E+00  3.399653E-03 -2.722766E-04 -1.118140E-18 -2.378954E-01  0.000000E+00
  3.963594E+00  1.005051E-01  5.000000E-01  8.417620E-01  2.113785E-02  0.000000E+00  3.409336E-03 -2.510680E-04 -8.065007E-19 -2.850162E-01  0.000000E+00
  3.930486E+00  1.027424E-01  5.000000E-01  8.347306E-01  2.161300E-02  0.000000E+00  3.992456E-03 -2.580690E-04  9.489315E-19 -3.761565E-01  0.000000E+00
  3.897377E+00  1.047387E-01  5.000000E-01  8.276991E-01  2.203695E-02  0.000000E+00  5.523866E-03 -3.075806E-04  1.338553E-18 -4.939435E-01  0.000000E+00
  3.864269E+00  1.065047E-01  5.000000E-01  8.206677E-01  2.241201E-02  0.000000E+00  8.060381E-03 -3.920829E-04  9.928239E-19 -6.052562E-01  0.000000E+00
  3.831161E+00  1.080544E-01  5.000000E-01  8.136366E-01  2.274114E-02  0.000000E+00  1.109634E-02 -4.770357E-04  1.384141E-18 -6.846085E-01  0.000000E+00
  3.798054E+00  1.094106E-01  5.000000E-01  8.066053E-01  2.302915E-02  0.000000E+00  1.376119E-02 -5.256330E-04  1.011180E-18 -7.261312E-01  0.000000E+00
  3.764948E+00  1.106021E-01  5.000000E-01  7.995744E-01  2.328219E-02  0.000000E+00  1.540030E-02 -5.259024E-04 -1.865044E-19 -7.391208E-01  0.000000E+00
  3.731842E+00  1.116660E-01  5.000000E-01  7.925435E-01  2.350814E-02  0.000000E+00  1.596371E-02 -4.964513E-04 -1.563600E-18 -7.371100E-01  0.000000E+00
  3.698737E+00  1.126482E-01  5.000000E-01  7.855130E-01  2.371673E-02  0.000000E+00  1.584374E-02 -4.609921E-04 -1.841136E-18 -7.300840E-01  0.000000E+00
  3.665634E+00  1.135823E-01  5.000000E-01  7.784827E-01  2.391511E-02  0.000000E+00  1.549256E-02 -4.290175E-04 -1.321356E-18 -7.227425E-01  0.000000E+00
  3.632534E+00  1.144747E-01  5.000000E-01  7.714529E-01  2.410463E-02  0.000000E+00  1.518488E-02 -4.016354E-04 -9.708608E-19 -7.166403E-01  0.000000E+00
  3.599434E+00  1.153277E-01  5.000000E-01  7.644234E-01  2.428580E-02  0.000000E+00  1.500507E-02 -3.795026E-04 -2.112110E-19 -7.120789E-01  0.000000E+00
  3.566334E+00  1.161443E-01  5.000000E-01  7.573938E-01  2.445923E-02  0.000000E+00  1.493538E-02 -3.616275E-04  7.434627E-19 -7.087365E-01  0.000000E+00
  3.533236E+00  1.169264E-01  5.000000E-01  7.503646E-01  2.462533E-02  0.000000E+00  1.492951E-02 -3.460923E-04  1.758537E-18 -7.061618E-01  0.000000E+00
  3.500138E+00  1.176747E-01  5.000000E-01  7.433353E-01  2.478425E-02  0.000000E+00  1.494876E-02 -3.317663E-04  2.720181E-18 -7.040543E-01  0.000000E+00
  3.467038E+00  1.183913E-01  5.000000E-01  7.363057E-01  2.493643E-02  0.000000E+00  1.497246E-02 -3.182121E-04  3.259906E-18 -7.022341E-01  0.000000E+00
  3.433936E+00  1.190775E-01  5.000000E-01  7.292757E-01  2.508215E-02  0.000000E+00  1.499425E-02 -3.049915E-04  3.248855E-18 -7.005623E-01  0.000000E+00
  3.400832E+00  1.197336E-01  5.000000E-01  7.222453E-01  2.522151E-02  0.000000E+00  1.501418E-02 -2.918474E-04  2.693848E-18 -6.989498E-01  0.000000E+00
  3.367728E+00  1.203601E-01  5.000000E-01  7.152146E-01  2.535455E-02  0.000000E+00  1.503387E-02 -2.785034E-04  2.116717E-18 -6.973152E-01  0.000000E+00
  3.334620E+00  1.209559E-01  5.000000E-01  7.081834E-01  2.548109E-02  0.000000E+00  1.505405E-02 -2.646553E-04  1.659146E-18 -6.955772E-01  0.000000E+00
  3.301512E+00  1.215198E-01  5.000000E-01  7.011520E-01  2.560084E-02  0.000000E+00  1.507385E-02 -2.500379E-04  1.281941E-18 -6.936766E-01  0.000000E+00
  3.268401E+00  1.220499E-01  5.000000E-01  6.941201E-01  2.571343E-02  0.000000E+00  1.509166E-02 -2.343009E-04  1.023626E-18 -6.915411E-01  0.000000E+00
  3.235290E+00  1.225436E-01  5.000000E-01  6.870881E-01  2.581827E-02  0.000000E+00  1.510564E-02 -2.170783E-04  1.085775E-18 -6.890748E-01  0.000000E+00
  3.202177E+00  1.229973E-01  5.000000E-01  6.800557E-01  2.591463E-02  0.000000E+00  1.511361E-02 -1.981907E-04  1.341272E-18 -6.862078E-01  0.000000E+00
  3.169063E+00  1.234078E-01  5.000000E-01  6.730231E-01  2.600181E-02  0.000000E+00  1.511378E-02 -1.775124E-04  1.614213E-18 -6.829082E-01  0.000000E+00
  3.135947E+00  1.237710E-01  5.000000E-01  6.659902E-01  2.607894E-02  0.000000E+00  1.510505E-02 -1.553226E-04  1.963157E-18 -6.792326E-01  0.000000E+00
  3.102831E+00  1.240845E-01  5.000000E-01  6.589571E-01  2.614552E-02  0.000000E+00  1.508697E-02 -1.329645E-04  2.084834E-18 -6.753890E-01  0.000000E+00
  3.069714E+00  1.243501E-01  5.000000E-01  6.519238E-01  2.620194E-02  0.000000E+00  1.506130E-02 -1.116793E-04  2.018799E-18 -6.716132E-01  0.000000E+00
  3.036593E+00  1.245710E-01  5.000000E-01  6.448898E-01  2.624885E-02  0.000000E+00  1.503208E-02 -9.172238E-05  1.776067E-18 -6.680445E-01  0.000000E+00
  3.003475E+00  1.247499E-01  5.000000E-01  6.378564E-01  2.628683E-02  0.000000E+00  1.500352E-02 -7.282170E-05  1.348765E-18 -6.647262E-01  0.000000E+00
  2.970356E+00  1.248881E-01  5.000000E-01  6.308226E-01  2.631619E-02  0.000000E+00  1.497798E-02 -5.503331E-05  8.861885E-19 -6.616950E-01  0.000000E+00
  2.937236E+00  1.249888E-01  5.000000E-01  6.237888E-01  2.633758E-02  0.000000E+00  1.495643E-02 -3.845672E-05  4.206934E-19 -6.589743E-01  0.000000E+00
  2.904117E+00  1.250540E-01  5.000000E-01  6.167550E-01  2.635143E-02  0.000000E+00  1.493932E-02 -2.293852E-05  1.520394E-19 -6.565556E-01  0.000000E+00
  2.870996E+00  1.250861E-01  5.000000E-01  6.097211E-01  2.635824E-02  0.000000E+00  1.492658E-02 -8.479734E-06  4.503902E-20 -6.544394E-01  0.000000E+00
  2.837877E+00  1.250873E-01  5.000000E-01  6.026873E-01  2.635850E-02  0.000000E+00  1.491820E-02  5.004566E-06  6.742848E-21 -6.526116E-01  0.000000E+00
  2.804757E+00  1.250595E-01  5.000000E-01  5.956535E-01  2.635259E-02  0.000000E+00  1.491415E-02  1.753729E-05  1.414880E-20 -6.510626E-01  0.000000E+00
  2.771639E+00  1.250051E-01  5.000000E-01  5.886200E-01  2.634104E-02  0.000000E+00  1.491461E-02  2.930273E-05  7.098646E-20 -6.497678E-01  0.000000E+00
  2.738522E+00  1.249251E-01  5.000000E-01  5.815867E-01  2.632404E-02  0.000000E+00  1.491964E-02  4.033902E-05  1.794768E-19 -6.487184E-01  0.000000E+00
  2.705406E+00  1.248217E-01  5.000000E-01  5.745537E-01  2.630208E-02  0.000000E+00  1.492928E-02  5.058563E-05  3.011953E-19 -6.479179E-01  0.000000E+00
  2.672292E+00  1.246963E-01  5.000000E-01  5.675211E-01  2.627545E-02  0.000000E+00  1.494380E-02  6.013184E-05  3.992903E-19 -6.473583E-01  0.000000E+00
  2.639177E+00  1.245507E-01  5.000000E-01  5.604885E-01  2.624454E-02  0.000000E+00  1.496322E-02  6.899286E-05  4.290868E-19 -6.470276E-01  0.000000E+00
  2.606068E+00  1.243865E-01  5.000000E-01  5.534568E-01  2.620967E-02  0.000000E+00  1.498758E-02  7.755443E-05  3.724640E-19 -6.468523E-01  0.000000E+00
  2.572958E+00  1.242037E-01  5.000000E-01  5.464251E-01  2.617083E-02  0.000000E+00  1.501620E-02  8.633900E-05  2.489462E-19 -6.467217E-01  0.000000E+00
  2.539852E+00  1.240015E-01  5.000000E-01  5.393941E-01  2.612789E-02  0.000000E+00  1.504756E-02  9.589760E-05  1.999372E-19 -6.465049E-01  0.000000E+00
  2.506749E+00  1.237774E-01  5.000000E-01  5.323639E-01  2.608031E-02  0.000000E+00  1.507922E-02  1.065290E-04  1.120132E-19 -6.461018E-01  0.000000E+00
  2.473650E+00  1.235295E-01  5.000000E-01  5.253345E-01  2.602765E-02  0.000000E+00  1.510837E-02  1.181475E-04  9.857245E-20 -6.454741E-01  0.000000E+00
  2.440554E+00  1.232554E-01  5.000000E-01  5.183056E-01  2.596944E-02  0.000000E+00  1.513287E-02  1.305554E-04  2.159437E-19 -6.446158E-01  0.000000E+00
  2.407460E+00  1.229541E-01  5.000000E-01  5.112774E-01  2.590545E-02  0.000000E+00  1.515186E-02  1.438303E-04  1.043269E-19 -6.435109E-01  0.000000E+00
  2.374373E+00  1.226230E-01  5.000000E-01  5.042504E-01  2.583513E-02  0.000000E+00  1.516518E-02  1.580915E-04  1.282535E-20 -6.421644E-01  0.000000E+00
  2.341286E+00  1.222599E-01  5.000000E-01  4.972236E-01  2.575803E-02  0.000000E+00  1.517263E-02  1.726615E-04  8.999323E-20 -6.406974E-01  0.000000E+00
  2.308194E+00  1.218654E-01  5.000000E-01  4.901958E-01  2.567424E-02  0.000000E+00  1.517524E-02  1.866475E-04  7.159090E-21 -6.392861E-01  0.000000E+00
  2.275097E+00  1.214413E-01  5.000000E-01  4.831667E-01  2.558417E-02  0.000000E+00  1.517596E-02  1.996112E-04 -6.947144E-20 -6.380742E-01  0.000000E+00
  2.241991E+00  1.209901E-01  5.000000E-01  4.761359E-01  2.548835E-02  0.000000E+00  1.517849E-02  2.114575E-04 -1.790600E-19 -6.371561E-01  0.000000E+00
  2.208879E+00  1.205143E-01  5.000000E-01  4.691038E-01  2.538731E-02  0.000000E+00  1.518616E-02  2.222694E-04 -2.206527E-19 -6.365783E-01  0.000000E+00
  2.175760E+00  1.200162E-01  5.000000E-01  4.620701E-01  2.528153E-02  0.000000E+00  1.520114E-02  2.321467E-04 -9.742119E-20 -6.363566E-01  0.000000E+00
  2.142637E+00  1.194982E-01  5.000000E-01  4.550354E-01  2.517151E-02  0.000000E+00  1.522435E-02  2.411758E-04 -4.080853E-20 -6.364807E-01  0.000000E+00
  2.109507E+00  1.189621E-01  5.000000E-01  4.479994E-01  2.505765E-02  0.000000E+00  1.525570E-02  2.494883E-04  3.133689E-20 -6.369013E-01  0.000000E+00
  2.076374E+00  1.184101E-01  5.000000E-01  4.409628E-01  2.494041E-02  0.000000E+00  1.529468E-02  2.578001E-04 -4.561893E-21 -6.374757E-01  0.000000E+00
  2.043241E+00  1.178408E-01  5.000000E-01  4.339262E-01  2.481952E-02  0.000000E+00  1.533963E-02  2.669558E-04 -1.268463E-19 -6.380277E-01  0.000000E+00
  2.010106E+00  1.172524E-01  5.000000E-01  4.268892E-01  2.469455E-02  0.000000E+00  1.538738E-02  2.771575E-04 -2.861406E-19 -6.384440E-01  0.000000E+00
  1.976970E+00  1.166427E-01  5.000000E-01  4.198519E-01  2.456507E-02  0.000000E+00  1.543484E-02  2.884787E-04 -4.453510E-19 -6.386460E-01  0.000000E+00
  1.943835E+00  1.160094E-01  5.000000E-01  4.128148E-01  2.443057E-02  0.000000E+00  1.547973E-02  3.009995E-04 -5.116693E-19 -6.385885E-01  0.000000E+00
  1.910699E+00  1.153496E-01  5.000000E-01  4.057776E-01  2.429045E-02  0.000000E+00  1.552050E-02  3.145306E-04 -5.352821E-19 -6.382815E-01  0.000000E+00
  1.877561E+00  1.146618E-01  5.000000E-01  3.987399E-01  2.414438E-02  0.000000E+00  1.555678E-02  3.289747E-04 -7.895266E-19 -6.377459E-01  0.000000E+00
  1.844424E+00  1.139436E-01  5.000000E-01  3.917024E-01  2.399186E-02  0.000000E+00  1.558890E-02  3.442629E-04 -9.417437E-19 -6.370124E-01  0.000000E+00
  1.811282E+00  1.131935E-01  5.000000E-01  3.846638E-01  2.383255E-02  0.000000E+00  1.561730E-02  3.601001E-04 -7.771439E-19 -6.361372E-01  0.000000E+00
  1.778139E+00  1.124107E-01  5.000000E-01  3.776250E-01  2.366630E-02  0.000000E+00  1.564294E-02  3.765303E-04 -6.464179E-19 -6.351393E-01  0.000000E+00
  1.744992E+00  1.115933E-01  5.000000E-01  3.705854E-01  2.349271E-02  0.000000E+00  1.566635E-02  3.935555E-04 -6.944635E-19 -6.340349E-01  0.000000E+00
  1.711843E+00  1.107407E-01  5.000000E-01  3.635455E-01  2.331163E-02  0.000000E+00  1.568765E-02  4.111902E-04 -6.509320E-19 -6.328296E-01  0.000000E+00
  1.678692E+00  1.098509E-01  5.000000E-01  3.565049E-01  2.312266E-02  0.000000E+00  1.570648E-02  4.294123E-04 -2.027189E-19 -6.315192E-01  0.000000E+00
  1.645539E+00  1.089233E-01  5.000000E-01  3.494640E-01  2.292567E-02  0.000000E+00  1.572233E-02  4.483167E-04 -6.996574E-20 -6.300733E-01  0.000000E+00
  1.612385E+00  1.079557E-01  5.000000E-01  3.424230E-01  2.272016E-02  0.000000E+00  1.573471E-02  4.682204E-04 -2.392780E-19 -6.284369E-01  0.000000E+00
  1.579236E+00  1.069460E-01  5.000000E-01  3.353830E-01  2.250573E-02  0.000000E+00  1.574295E-02  4.892950E-04 -5.698911E-20 -6.265979E-01  0.000000E+00
  1.546090E+00  1.058908E-01  5.000000E-01  3.283435E-01  2.228162E-02  0.000000E+00  1.574597E-02  5.106903E-04  1.645465E-19 -6.246994E-01  0.000000E+00
  1.512946E+00  1.047913E-01  5.000000E-01  3.213046E-01  2.204812E-02  0.000000E+00  1.574407E-02  5.310560E-04  6.319236E-19 -6.229818E-01  0.000000E+00
  1.479807E+00  1.036503E-01  5.000000E-01  3.142666E-01  2.180580E-02  0.000000E+00  1.574052E-02  5.501452E-04  5.533059E-19 -6.215937E-01  0.000000E+00
  1.446672E+00  1.024702E-01  5.000000E-01  3.072296E-01  2.155518E-02  0.000000E+00  1.573921E-02  5.680982E-04  2.797960E-19 -6.206183E-01  0.000000E+00
  1.413540E+00  1.012537E-01  5.000000E-01  3.001932E-01  2.129683E-02  0.000000E+00  1.574314E-02  5.850958E-04  2.694216E-19 -6.200837E-01  0.000000E+00
  1.380413E+00  1.000031E-01  5.000000E-01  2.931579E-01  2.103122E-02  0.000000E+00  1.575399E-02  6.015039E-04  5.112074E-20 -6.199570E-01  0.000000E+00
  1.347294E+00  9.871981E-02  5.000000E-01  2.861242E-01  2.075869E-02  0.000000E+00  1.577186E-02  6.176049E-04 -6.861472E-21 -6.201878E-01  0.000000E+00
  1.314179E+00  9.740486E-02  5.000000E-01  2.790914E-01  2.047942E-02  0.000000E+00  1.579576E-02  6.334432E-04 -5.691154E-20 -6.207390E-01  0.000000E+00
  1.281074E+00  9.605967E-02  5.000000E-01  2.720606E-01  2.019374E-02  0.000000E+00  1.582463E-02  6.491770E-04 -1.616972E-19 -6.215681E-01  0.000000E+00
  1.247974E+00  9.468429E-02  5.000000E-01  2.650310E-01  1.990164E-02  0.000000E+00  1.585741E-02  6.647864E-04 -9.973030E-20 -6.226591E-01  0.000000E+00
  1.214880E+00  9.328002E-02  5.000000E-01  2.580028E-01  1.960341E-02  0.000000E+00  1.589349E-02  6.802855E-04 -4.447931E-20 -6.239976E-01  0.000000E+00
  1.181795E+00  9.184711E-02  5.000000E-01  2.509763E-01  1.929909E-02  0.000000E+00  1.593284E-02  6.959419E-04 -3.876751E-19 -6.255518E-01  0.000000E+00
  1.148718E+00  9.038547E-02  5.000000E-01  2.439516E-01  1.898868E-02  0.000000E+00  1.597513E-02  7.116525E-04 -1.594862E-19 -6.273324E-01  0.000000E+00
  1.115646E+00  8.889567E-02  5.000000E-01  2.369279E-01  1.867228E-02  0.000000E+00  1.602039E-02  7.272781E-04  7.352755E-21 -6.293616E-01  0.000000E+00
  1.082583E+00  8.737849E-02  5.000000E-01  2.299061E-01  1.835007E-02  0.000000E+00  1.606925E-02  7.429295E-04  2.326372E-19 -6.316463E-01  0.000000E+00
  1.049524E+00  8.583399E-02  5.000000E-01  2.228852E-01  1.802206E-02  0.000000E+00  1.612248E-02  7.586585E-04  3.834777E-19 -6.342046E-01  0.000000E+00
  1.016475E+00  8.426310E-02  5.000000E-01  2.158664E-01  1.768844E-02  0.000000E+00  1.618092E-02  7.745116E-04  8.567599E-20 -6.370624E-01  0.000000E+00
  9.834318E-01  8.266567E-02  5.000000E-01  2.088488E-01  1.734918E-02  0.000000E+00  1.624512E-02  7.902727E-04 -1.426643E-19 -6.402704E-01  0.000000E+00
  9.503976E-01  8.104378E-02  5.000000E-01  2.018331E-01  1.700473E-02  0.000000E+00  1.631592E-02  8.060080E-04 -3.360414E-19 -6.438308E-01  0.000000E+00
  9.173728E-01  7.939756E-02  5.000000E-01  1.948195E-01  1.665512E-02  0.000000E+00  1.639417E-02  8.224010E-04 -3.551024E-19 -6.476483E-01  0.000000E+00
  8.843598E-01  7.772631E-02  5.000000E-01  1.878083E-01  1.630018E-02  0.000000E+00  1.647945E-02  8.402337E-04 -6.505284E-19 -6.515799E-01  0.000000E+00
  8.513623E-01  7.602727E-02  5.000000E-01  1.808005E-01  1.593935E-02  0.000000E+00  1.656988E-02  8.601638E-04 -5.205627E-19 -6.554824E-01  0.000000E+00
  8.183794E-01  7.429653E-02  5.000000E-01  1.737957E-01  1.557178E-02  0.000000E+00  1.666245E-02  8.823686E-04 -3.842090E-19 -6.592811E-01  0.000000E+00
  7.854121E-01  7.253013E-02  5.000000E-01  1.667943E-01  1.519664E-02  0.000000E+00  1.675440E-02  9.067961E-04 -5.515818E-19 -6.629636E-01  0.000000E+00
  7.524593E-01  7.072396E-02  5.000000E-01  1.597959E-01  1.481306E-02  0.000000E+00  1.684410E-02  9.333328E-04 -3.745695E-19 -6.665544E-01  0.000000E+00
  7.195226E-01  6.887434E-02  5.000000E-01  1.528009E-01  1.442024E-02  0.000000E+00  1.693111E-02  9.620991E-04 -1.613305E-19 -6.700673E-01  0.000000E+00
  6.866079E-01  6.697720E-02  5.000000E-01  1.458107E-01  1.401734E-02  0.000000E+00  1.701544E-02  9.935924E-04  1.770628E-19 -6.734771E-01  0.000000E+00
  6.537221E-01  6.502729E-02  5.000000E-01  1.388265E-01  1.360322E-02  0.000000E+00  1.709633E-02  1.028284E-03  3.949941E-20 -6.767565E-01  0.000000E+00
  6.208691E-01  6.301855E-02  5.000000E-01  1.318494E-01  1.317662E-02  0.000000E+00  1.717171E-02  1.066284E-03 -6.662544E-19 -6.799291E-01  0.000000E+00
  5.880524E-01  6.094480E-02  5.000000E-01  1.248799E-01  1.273620E-02  0.000000E+00  1.723893E-02  1.107263E-03 -1.067574E-18 -6.830995E-01  0.000000E+00
  5.552711E-01  5.880037E-02  5.000000E-01  1.179180E-01  1.228078E-02  0.000000E+00  1.729583E-02  1.150606E-03 -1.604263E-18 -6.864465E-01  0.000000E+00
  5.225283E-01  5.658104E-02  5.000000E-01  1.109642E-01  1.180945E-02  0.000000E+00  1.734160E-02  1.195916E-03 -2.108818E-18 -6.901833E-01  0.000000E+00
  4.898261E-01  5.428241E-02  5.000000E-01  1.040191E-01  1.132128E-02  0.000000E+00  1.737601E-02  1.242718E-03 -2.671975E-18 -6.945943E-01  0.000000E+00
  4.571624E-01  5.190129E-02  5.000000E-01  9.708209E-02  1.081559E-02  0.000000E+00  1.739849E-02  1.290072E-03 -3.105091E-18 -7.000747E-01  0.000000E+00
  4.245350E-01  4.943609E-02  5.000000E-01  9.015283E-02  1.029204E-02  0.000000E+00  1.740794E-02  1.336676E-03 -2.102693E-18 -7.070866E-01  0.000000E+00
  3.919369E-01  4.688748E-02  5.000000E-01  8.322981E-02  9.750775E-03  0.000000E+00  1.740235E-02  1.381381E-03 -1.797214E-18 -7.160162E-01  0.000000E+00
  3.593832E-01  4.425885E-02  5.000000E-01  7.631620E-02  9.192519E-03  0.000000E+00  1.737767E-02  1.424497E-03 -3.757856E-18 -7.269417E-01  0.000000E+00
  3.269046E-01  4.155155E-02  5.000000E-01  6.941854E-02  8.617553E-03  0.000000E+00  1.732458E-02  1.468339E-03 -9.567861E-18 -7.395707E-01  0.000000E+00
  2.945750E-01  3.876224E-02  5.000000E-01  6.255253E-02  8.025173E-03  0.000000E+00  1.722504E-02  1.515432E-03 -2.070307E-17 -7.535816E-01  0.000000E+00
  2.624265E-01  3.587522E-02  5.000000E-01  5.572497E-02  7.412042E-03  0.000000E+00  1.705350E-02  1.563094E-03 -1.723066E-17 -7.694405E-01  0.000000E+00
  2.304268E-01  3.287834E-02  5.000000E-01  4.892903E-02  6.775578E-03  0.000000E+00  1.679710E-02  1.605455E-03  6.646617E-17 -7.886102E-01  0.000000E+00
  1.986088E-01  2.977248E-02  5.000000E-01  4.217166E-02  6.115970E-03  0.000000E+00  1.647969E-02  1.638989E-03  3.289511E-16 -8.134440E-01  0.000000E+00
  1.669282E-01  2.655381E-02  5.000000E-01  3.544349E-02  5.432403E-03  0.000000E+00  1.616009E-02  1.653481E-03  7.549965E-16 -8.481530E-01  0.000000E+00
  1.350509E-01  2.325296E-02  5.000000E-01  2.867354E-02  4.731383E-03  0.000000E+00  1.597225E-02  1.668357E-03  8.237536E-16 -8.950554E-01  0.000000E+00
  1.043791E-01  2.002398E-02  5.000000E-01  2.215959E-02  4.045629E-03  0.000000E+00  1.612928E-02  1.777555E-03 -8.596110E-16 -9.499998E-01  0.000000E+00
  7.632629E-02  1.679476E-02  5.000000E-01  1.620187E-02  3.359820E-03  0.000000E+00  1.667939E-02  2.030309E-03 -5.496394E-15 -1.013150E+00  0.000000E+00
  5.118571E-02  1.354772E-02  5.000000E-01  1.086263E-02  2.670229E-03  0.000000E+00  1.758424E-02  2.451773E-03 -9.141032E-15 -1.086777E+00  0.000000E+00
  3.264831E-02  1.079226E-02  5.000000E-01  6.925739E-03  2.085037E-03  0.000000E+00  1.926165E-02  3.285546E-03  5.311084E-15 -1.157544E+00  0.000000E+00
  2.051015E-02  8.498405E-03  5.000000E-01  4.347893E-03  1.597879E-03  0.000000E+00  2.243980E-02  4.880059E-03  6.532540E-14 -1.216327E+00  0.000000E+00
  1.247723E-02  6.544662E-03  5.000000E-01  2.641898E-03  1.182952E-03  0.000000E+00  2.852775E-02  7.854873E-03  1.757430E-13 -1.272072E+00  0.000000E+00
  7.055255E-03  4.901249E-03  5.000000E-01  1.490404E-03  8.339310E-04  0.000000E+00  4.132749E-02  1.470070E-02  2.536037E-13 -1.316338E+00  0.000000E+00
  3.418635E-03  3.479583E-03  5.000000E-01  7.180754E-04  5.320042E-04  0.000000E+00  6.427922E-02  3.188967E-02  1.075572E-13 -1.287193E+00  0.000000E+00
  1.108798E-03  2.178554E-03  5.000000E-01  2.275226E-04  2.556975E-04  0.000000E+00  7.652261E-02  6.645747E-02 -2.492109E-13 -1.012601E+00  0.000000E+00
  3.747479E-05  9.745653E-04  5.000000E-01  0.000000E+00  0.000000E+00  0.000000E+00  2.550900E-02  1.121869E-01 -4.552654E-13 -1.335097E-03  0.000000E+00
  3.747479E-05  9.745653E-04  5.000000E-01  0.000000E+00  0.000000E+00  0.000000E+00  2.550900E-02  1.121869E-01 -4.552654E-13 -1.335097E-03  0.000000E+00
  2.534065E-04 -2.183286E-04  5.000000E-01  4.585858E-05 -2.533413E-04  0.000000E+00 -3.374897E-02  8.511152E-02 -3.070700E-13  1.029090E+00  0.000000E+00
  1.848580E-03 -1.445226E-03  5.000000E-01  3.846343E-04 -5.139043E-04  0.000000E+00 -3.019598E-02  2.059038E-02 -1.024263E-13  1.195620E+00  0.000000E+00
  4.867645E-03 -2.701197E-03  5.000000E-01  1.025809E-03 -7.806415E-04  0.000000E+00 -6.822011E-03  2.879814E-03 -3.213655E-14  1.058165E+00  0.000000E+00
  9.380877E-03 -4.036700E-03  5.000000E-01  1.984309E-03 -1.064270E-03  0.000000E+00  7.220710E-03 -1.758616E-03  4.915571E-15  9.617936E-01  0.000000E+00
  1.589077E-02 -5.539890E-03  5.000000E-01  3.366850E-03 -1.383510E-03  0.000000E+00  1.297466E-02 -2.653179E-03  2.550548E-14  8.766819E-01  0.000000E+00
  2.547297E-02 -7.301092E-03  5.000000E-01  5.401873E-03 -1.757546E-03  0.000000E+00  1.422465E-02 -2.342062E-03  2.597223E-14  7.891164E-01  0.000000E+00
  3.989163E-02 -9.398688E-03  5.000000E-01  8.464043E-03 -2.203024E-03  0.000000E+00  1.363204E-02 -1.785626E-03  1.379875E-14  7.050279E-01  0.000000E+00
  6.092142E-02 -1.182487E-02  5.000000E-01  1.293025E-02 -2.718285E-03  0.000000E+00  1.271145E-02 -1.363644E-03  2.354099E-15  6.334446E-01  0.000000E+00
  8.832839E-02 -1.452326E-02  5.000000E-01  1.875082E-02 -3.291358E-03  0.000000E+00  1.208525E-02 -1.146866E-03 -2.076176E-15  5.786281E-01  0.000000E+00
  1.189914E-01 -1.732130E-02  5.000000E-01  2.526288E-02 -3.885593E-03  0.000000E+00  1.185332E-02 -1.068879E-03 -1.808785E-15  5.371309E-01  0.000000E+00
  1.511926E-01 -2.019342E-02  5.000000E-01  3.210163E-02 -4.495561E-03  0.000000E+00  1.192809E-02 -1.065919E-03 -6.343650E-16  5.041504E-01  0.000000E+00
  1.838450E-01 -2.312215E-02  5.000000E-01  3.903620E-02 -5.117551E-03  0.000000E+00  1.218072E-02 -1.093167E-03 -3.007600E-17  4.751457E-01  0.000000E+00
  2.165049E-01 -2.606180E-02  5.000000E-01  4.597235E-02 -5.741859E-03  0.000000E+00  1.249174E-02 -1.118804E-03  8.776389E-17  4.476529E-01  0.000000E+00
  2.491496E-01 -2.897548E-02  5.000000E-01  5.290529E-02 -6.360654E-03  0.000000E+00  1.278470E-02 -1.133872E-03  5.066638E-17  4.224801E-01  0.000000E+00
  2.819003E-01 -3.186412E-02  5.000000E-01  5.986073E-02 -6.974129E-03  0.000000E+00  1.302766E-02 -1.142979E-03  1.236234E-17  4.008147E-01  0.000000E+00
  3.147601E-01 -3.473509E-02  5.000000E-01  6.683936E-02 -7.583853E-03  0.000000E+00  1.321626E-02 -1.150665E-03 -1.005170E-18  3.822334E-01  0.000000E+00
  3.477303E-01 -3.759976E-02  5.000000E-01  7.384142E-02 -8.192238E-03  0.000000E+00  1.335990E-02 -1.159237E-03 -2.200528E-18  3.655657E-01  0.000000E+00
  3.807756E-01 -4.046776E-02  5.000000E-01  8.085941E-02 -8.801330E-03  0.000000E+00  1.347012E-02 -1.167922E-03 -1.366585E-18  3.497983E-01  0.000000E+00
  4.138291E-01 -4.333561E-02  5.000000E-01  8.787917E-02 -9.410392E-03  0.000000E+00  1.355363E-02 -1.173262E-03  3.066958E-19  3.343689E-01  0.000000E+00
  4.468689E-01 -4.619354E-02  5.000000E-01  9.489601E-02 -1.001735E-02  0.000000E+00  1.361415E-02 -1.173590E-03  1.139210E-18  3.193696E-01  0.000000E+00
  4.799091E-01 -4.903590E-02  5.000000E-01  1.019129E-01 -1.062099E-02  0.000000E+00  1.365545E-02 -1.170048E-03  2.407118E-19  3.051779E-01  0.000000E+00
  5.129612E-01 -5.186047E-02  5.000000E-01  1.089324E-01 -1.122086E-02  0.000000E+00  1.368182E-02 -1.164528E-03 -2.397093E-19  2.919606E-01  0.000000E+00
  5.460360E-01 -5.466832E-02  5.000000E-01  1.159567E-01 -1.181718E-02  0.000000E+00  1.369803E-02 -1.158660E-03  1.138373E-18  2.796213E-01  0.000000E+00
  5.791347E-01 -5.746199E-02  5.000000E-01  1.229860E-01 -1.241049E-02  0.000000E+00  1.370882E-02 -1.153418E-03  1.103911E-18  2.679360E-01  0.000000E+00
  6.122565E-01 -6.024416E-02  5.000000E-01  1.300203E-01 -1.300135E-02  0.000000E+00  1.371874E-02 -1.149298E-03  3.588393E-19  2.566898E-01  0.000000E+00
  6.454013E-01 -6.301774E-02  5.000000E-01  1.370594E-01 -1.359039E-02  0.000000E+00  1.373216E-02 -1.146809E-03  3.992779E-19  2.457401E-01  0.000000E+00
  6.785693E-01 -6.578627E-02  5.000000E-01  1.441035E-01 -1.417836E-02  0.000000E+00  1.375300E-02 -1.146421E-03 -1.037765E-18  2.349740E-01  0.000000E+00
  7.117575E-01 -6.855322E-02  5.000000E-01  1.511518E-01 -1.476599E-02  0.000000E+00  1.378378E-02 -1.147995E-03 -1.585699E-18  2.242385E-01  0.000000E+00
  7.449560E-01 -7.131964E-02  5.000000E-01  1.582024E-01 -1.535351E-02  0.000000E+00  1.382508E-02 -1.150659E-03 -1.213129E-18  2.133645E-01  0.000000E+00
  7.781569E-01 -7.408397E-02  5.000000E-01  1.652534E-01 -1.594059E-02  0.000000E+00  1.387614E-02 -1.153404E-03 -7.001993E-19  2.022588E-01  0.000000E+00
  8.113578E-01 -7.684333E-02  5.000000E-01  1.723045E-01 -1.652661E-02  0.000000E+00  1.393569E-02 -1.155513E-03  2.279908E-19  1.909249E-01  0.000000E+00
  8.445597E-01 -7.959416E-02  5.000000E-01  1.793558E-01 -1.711082E-02  0.000000E+00  1.400211E-02 -1.156516E-03 -1.528363E-19  1.794098E-01  0.000000E+00
  8.777625E-01 -8.233237E-02  5.000000E-01  1.864072E-01 -1.769235E-02  0.000000E+00  1.407302E-02 -1.155744E-03  2.288863E-19  1.677387E-01  0.000000E+00
  9.109638E-01 -8.505199E-02  5.000000E-01  1.934584E-01 -1.826993E-02  0.000000E+00  1.414509E-02 -1.152352E-03 -2.246952E-19  1.559351E-01  0.000000E+00
  9.441676E-01 -8.774655E-02  5.000000E-01  2.005100E-01 -1.884219E-02  0.000000E+00  1.421458E-02 -1.145622E-03 -1.231658E-18  1.440796E-01  0.000000E+00
  9.773746E-01 -9.040882E-02  5.000000E-01  2.075624E-01 -1.940759E-02  0.000000E+00  1.427781E-02 -1.134743E-03 -1.472850E-19  1.322723E-01  0.000000E+00
  1.010583E+00 -9.302948E-02  5.000000E-01  2.146150E-01 -1.996415E-02  0.000000E+00  1.433269E-02 -1.119800E-03  2.865840E-19  1.206810E-01  0.000000E+00
  1.043798E+00 -9.560265E-02  5.000000E-01  2.216690E-01 -2.051063E-02  0.000000E+00  1.437994E-02 -1.102338E-03 -2.273428E-19  1.095259E-01  0.000000E+00
  1.077015E+00 -9.812629E-02  5.000000E-01  2.287237E-01 -2.104659E-02  0.000000E+00  1.442138E-02 -1.083630E-03 -3.775372E-19  9.886462E-02  0.000000E+00
  1.110238E+00 -1.005995E-01  5.000000E-01  2.357793E-01 -2.157183E-02  0.000000E+00  1.445831E-02 -1.063930E-03 -1.351472E-19  8.857612E-02  0.000000E+00
  1.143462E+00 -1.030204E-01  5.000000E-01  2.428354E-01 -2.208597E-02  0.000000E+00  1.449183E-02 -1.043436E-03 -9.404398E-19  7.855868E-02  0.000000E+00
  1.176693E+00 -1.053888E-01  5.000000E-01  2.498927E-01 -2.258896E-02  0.000000E+00  1.452291E-02 -1.022407E-03 -9.448877E-19  6.877751E-02  0.000000E+00
  1.209925E+00 -1.077039E-01  5.000000E-01  2.569505E-01 -2.308063E-02  0.000000E+00  1.455172E-02 -1.000660E-03 -7.134531E-19  5.919427E-02  0.000000E+00
  1.243158E+00 -1.099638E-01  5.000000E-01  2.640083E-01 -2.356058E-02  0.000000E+00  1.457825E-02 -9.782312E-04 -3.484038E-19  4.981761E-02  0.000000E+00
  1.276395E+00 -1.121685E-01  5.000000E-01  2.710670E-01 -2.402881E-02  0.000000E+00  1.460249E-02 -9.552918E-04  1.110100E-18  4.067265E-02  0.000000E+00
  1.309630E+00 -1.143169E-01  5.000000E-01  2.781253E-01 -2.448507E-02  0.000000E+00  1.462418E-02 -9.317467E-04  1.470500E-18  3.174346E-02  0.000000E+00
  1.342868E+00 -1.164081E-01  5.000000E-01  2.851842E-01 -2.492920E-02  0.000000E+00  1.464361E-02 -9.079530E-04  1.158786E-18  2.305006E-02  0.000000E+00
  1.376108E+00 -1.184432E-01  5.000000E-01  2.922436E-01 -2.536139E-02  0.000000E+00  1.466120E-02 -8.840785E-04  5.702394E-19  1.457557E-02  0.000000E+00
  1.409347E+00 -1.204213E-01  5.000000E-01  2.993027E-01 -2.578150E-02  0.000000E+00  1.467755E-02 -8.601736E-04 -8.122751E-19  6.277002E-03  0.000000E+00
  1.442589E+00 -1.223437E-01  5.000000E-01  3.063625E-01 -2.618976E-02  0.000000E+00  1.469403E-02 -8.366132E-04 -1.223761E-18 -1.862765E-03  0.000000E+00
  1.475831E+00 -1.242111E-01  5.000000E-01  3.134222E-01 -2.658635E-02  0.000000E+00  1.471238E-02 -8.135597E-04 -2.658594E-20 -9.899296E-03  0.000000E+00
  1.509072E+00 -1.260245E-01  5.000000E-01  3.204819E-01 -2.697149E-02  0.000000E+00  1.473462E-02 -7.911259E-04  3.838659E-20 -1.791156E-02  0.000000E+00
  1.542314E+00 -1.277851E-01  5.000000E-01  3.275416E-01 -2.734539E-02  0.000000E+00  1.476304E-02 -7.696655E-04 -1.405719E-19 -2.596286E-02  0.000000E+00
  1.575558E+00 -1.294952E-01  5.000000E-01  3.346018E-01 -2.770857E-02  0.000000E+00  1.479885E-02 -7.489563E-04  6.937251E-20 -3.416360E-02  0.000000E+00
  1.608800E+00 -1.311545E-01  5.000000E-01  3.416615E-01 -2.806097E-02  0.000000E+00  1.484134E-02 -7.279600E-04  3.644991E-20 -4.265325E-02  0.000000E+00
  1.642044E+00 -1.327610E-01  5.000000E-01  3.487219E-01 -2.840215E-02  0.000000E+00  1.488881E-02 -7.058166E-04 -2.971067E-19 -5.146610E-02  0.000000E+00
  1.675286E+00 -1.343110E-01  5.000000E-01  3.557816E-01 -2.873132E-02  0.000000E+00  1.493930E-02 -6.820617E-04 -6.182080E-19 -6.053114E-02  0.000000E+00
  1.708526E+00 -1.358008E-01  5.000000E-01  3.628410E-01 -2.904773E-02  0.000000E+00  1.499084E-02 -6.564451E-04 -4.491051E-19 -6.973894E-02  0.000000E+00
  1.741762E+00 -1.372266E-01  5.000000E-01  3.698996E-01 -2.935053E-02  0.000000E+00  1.504138E-02 -6.286196E-04 -5.984752E-19 -7.901009E-02  0.000000E+00
  1.774995E+00 -1.385833E-01  5.000000E-01  3.769573E-01 -2.963867E-02  0.000000E+00  1.508948E-02 -5.986429E-04 -4.512703E-19 -8.824906E-02  0.000000E+00
  1.808227E+00 -1.398680E-01  5.000000E-01  3.840150E-01 -2.991150E-02  0.000000E+00  1.513397E-02 -5.665750E-04 -3.915374E-19 -9.738200E-02  0.000000E+00
  1.841453E+00 -1.410760E-01  5.000000E-01  3.910714E-01 -3.016806E-02  0.000000E+00  1.517346E-02 -5.322177E-04 -4.129954E-19 -1.063717E-01  0.000000E+00
  1.874678E+00 -1.422035E-01  5.000000E-01  3.981276E-01 -3.040750E-02  0.000000E+00  1.520671E-02 -4.956374E-04  2.788772E-19 -1.151443E-01  0.000000E+00
  1.907900E+00 -1.432464E-01  5.000000E-01  4.051830E-01 -3.062899E-02  0.000000E+00  1.523225E-02 -4.568158E-04  8.228092E-19 -1.236213E-01  0.000000E+00
  1.941118E+00 -1.442007E-01  5.000000E-01  4.122377E-01 -3.083165E-02  0.000000E+00  1.524816E-02 -4.157192E-04  5.327454E-19 -1.317152E-01  0.000000E+00
  1.974334E+00 -1.450622E-01  5.000000E-01  4.192920E-01 -3.101462E-02  0.000000E+00  1.525230E-02 -3.725768E-04  2.057449E-19 -1.393030E-01  0.000000E+00
  2.007549E+00 -1.458280E-01  5.000000E-01  4.263460E-01 -3.117725E-02  0.000000E+00  1.524177E-02 -3.274652E-04  2.419086E-19 -1.462687E-01  0.000000E+00
  2.040760E+00 -1.464939E-01  5.000000E-01  4.333993E-01 -3.131868E-02  0.000000E+00  1.521325E-02 -2.803224E-04  1.281129E-19 -1.524960E-01  0.000000E+00
  2.073970E+00 -1.470563E-01  5.000000E-01  4.404522E-01 -3.143811E-02  0.000000E+00  1.516446E-02 -2.314769E-04 -9.346817E-20 -1.578221E-01  0.000000E+00
  2.107177E+00 -1.475120E-01  5.000000E-01  4.475046E-01 -3.153490E-02  0.000000E+00  1.509538E-02 -1.818069E-04 -1.790271E-19 -1.620690E-01  0.000000E+00
  2.140379E+00 -1.478601E-01  5.000000E-01  4.545558E-01 -3.160883E-02  0.000000E+00  1.500901E-02 -1.329825E-04 -1.067222E-19 -1.650734E-01  0.000000E+00
  2.173577E+00 -1.481043E-01  5.000000E-01  4.616063E-01 -3.166069E-02  0.000000E+00  1.490920E-02 -8.605920E-05 -1.568518E-19 -1.668528E-01  0.000000E+00
  2.206768E+00 -1.482475E-01  5.000000E-01  4.686553E-01 -3.169109E-02  0.000000E+00  1.479877E-02 -4.112833E-05 -1.358288E-19 -1.675909E-01  0.000000E+00
  2.239954E+00 -1.482929E-01  5.000000E-01  4.757033E-01 -3.170075E-02  0.000000E+00  1.467952E-02  1.791695E-06 -4.354242E-20 -1.674598E-01  0.000000E+00
  2.273134E+00 -1.482434E-01  5.000000E-01  4.827499E-01 -3.169024E-02  0.000000E+00  1.455224E-02  4.267876E-05  2.725405E-20 -1.665649E-01  0.000000E+00
  2.306309E+00 -1.481023E-01  5.000000E-01  4.897953E-01 -3.166026E-02  0.000000E+00  1.441707E-02  8.151898E-05  2.886827E-20 -1.649493E-01  0.000000E+00
  2.339476E+00 -1.478723E-01  5.000000E-01  4.968392E-01 -3.161141E-02  0.000000E+00  1.427402E-02  1.183965E-04 -5.414736E-20 -1.626423E-01  0.000000E+00
  2.372638E+00 -1.475559E-01  5.000000E-01  5.038821E-01 -3.154422E-02  0.000000E+00  1.412485E-02  1.527656E-04 -4.889599E-20 -1.596262E-01  0.000000E+00
  2.405805E+00 -1.471585E-01  5.000000E-01  5.109259E-01 -3.145982E-02  0.000000E+00  1.397327E-02  1.837461E-04  2.288434E-20 -1.559103E-01  0.000000E+00
  2.438976E+00 -1.466873E-01  5.000000E-01  5.179706E-01 -3.135975E-02  0.000000E+00  1.382329E-02  2.111740E-04 -1.100034E-19 -1.516605E-01  0.000000E+00
  2.472150E+00 -1.461488E-01  5.000000E-01  5.250160E-01 -3.124539E-02  0.000000E+00  1.367880E-02  2.352416E-04 -2.184716E-19 -1.471154E-01  0.000000E+00
  2.505329E+00 -1.455500E-01  5.000000E-01  5.320624E-01 -3.111821E-02  0.000000E+00  1.354393E-02  2.560485E-04 -3.996658E-19 -1.424811E-01  0.000000E+00
  2.538512E+00 -1.448981E-01  5.000000E-01  5.391097E-01 -3.097977E-02  0.000000E+00  1.342257E-02  2.738579E-04 -4.509917E-19 -1.379510E-01  0.000000E+00
  2.571700E+00 -1.441997E-01  5.000000E-01  5.461580E-01 -3.083144E-02  0.000000E+00  1.331830E-02  2.887697E-04 -2.568078E-19 -1.336789E-01  0.000000E+00
  2.604894E+00 -1.434626E-01  5.000000E-01  5.532074E-01 -3.067490E-02  0.000000E+00  1.323315E-02  3.010780E-04 -3.514394E-20 -1.298169E-01  0.000000E+00
  2.638090E+00 -1.426932E-01  5.000000E-01  5.602575E-01 -3.051150E-02  0.000000E+00  1.316598E-02  3.119713E-04 -2.196351E-20 -1.265613E-01  0.000000E+00
  2.671292E+00 -1.418935E-01  5.000000E-01  5.673087E-01 -3.034166E-02  0.000000E+00  1.311303E-02  3.228824E-04 -2.026619E-19 -1.240283E-01  0.000000E+00
  2.704497E+00 -1.410621E-01  5.000000E-01  5.743608E-01 -3.016509E-02  0.000000E+00  1.307035E-02  3.344099E-04 -1.209114E-19 -1.221257E-01  0.000000E+00
  2.737708E+00 -1.401980E-01  5.000000E-01  5.814140E-01 -2.998158E-02  0.000000E+00  1.303487E-02  3.465656E-04  5.687527E-20 -1.206543E-01  0.000000E+00
  2.770923E+00 -1.392998E-01  5.000000E-01  5.884680E-01 -2.979082E-02  0.000000E+00  1.300432E-02  3.593568E-04 -2.051298E-19 -1.194612E-01  0.000000E+00
  2.804143E+00 -1.383660E-01  5.000000E-01  5.955231E-01 -2.959250E-02  0.000000E+00  1.297726E-02  3.726974E-04 -1.877917E-19 -1.184518E-01  0.000000E+00
  2.837367E+00 -1.373954E-01  5.000000E-01  6.025790E-01 -2.938638E-02  0.000000E+00  1.295253E-02  3.866164E-04  2.822972E-19 -1.175905E-01  0.000000E+00
  2.870594E+00 -1.363863E-01  5.000000E-01  6.096357E-01 -2.917208E-02  0.000000E+00  1.292890E-02  4.012416E-04 -3.084591E-20 -1.168587E-01  0.000000E+00
  2.903823E+00 -1.353369E-01  5.000000E-01  6.166926E-01 -2.894921E-02  0.000000E+00  1.290457E-02  4.168918E-04  8.675840E-20 -1.162417E-01  0.000000E+00
  2.937051E+00 -1.342433E-01  5.000000E-01  6.237496E-01 -2.871694E-02  0.000000E+00  1.287795E-02  4.335700E-04 -2.322133E-19 -1.156620E-01  0.000000E+00
  2.970283E+00 -1.331031E-01  5.000000E-01  6.308072E-01 -2.847481E-02  0.000000E+00  1.284774E-02  4.510935E-04 -7.080964E-19 -1.150125E-01  0.000000E+00
  3.003515E+00 -1.319135E-01  5.000000E-01  6.378649E-01 -2.822216E-02  0.000000E+00  1.281249E-02  4.694642E-04 -5.458320E-19 -1.142222E-01  0.000000E+00
  3.036751E+00 -1.306714E-01  5.000000E-01  6.449232E-01 -2.795837E-02  0.000000E+00  1.277088E-02  4.884815E-04 -6.942663E-19 -1.132132E-01  0.000000E+00
  3.069988E+00 -1.293747E-01  5.000000E-01  6.519820E-01 -2.768299E-02  0.000000E+00  1.272127E-02  5.081565E-04 -4.686424E-19 -1.119462E-01  0.000000E+00
  3.103226E+00 -1.280197E-01  5.000000E-01  6.590410E-01 -2.739522E-02  0.000000E+00  1.266253E-02  5.282824E-04 -2.762353E-19 -1.103459E-01  0.000000E+00
  3.136469E+00 -1.266048E-01  5.000000E-01  6.661010E-01 -2.709472E-02  0.000000E+00  1.259419E-02  5.486438E-04 -1.568780E-19 -1.083444E-01  0.000000E+00
  3.169712E+00 -1.251270E-01  5.000000E-01  6.731611E-01 -2.678087E-02  0.000000E+00  1.251693E-02  5.687784E-04 -1.336528E-19 -1.058894E-01  0.000000E+00
  3.202960E+00 -1.235868E-01  5.000000E-01  6.802220E-01 -2.645378E-02  0.000000E+00  1.243273E-02  5.880023E-04 -1.111902E-19 -1.029426E-01  0.000000E+00
  3.236210E+00 -1.219855E-01  5.000000E-01  6.872835E-01 -2.611369E-02  0.000000E+00  1.234378E-02  6.060846E-04 -1.339283E-19 -9.955668E-02  0.000000E+00
  3.269464E+00 -1.203249E-01  5.000000E-01  6.943459E-01 -2.576104E-02  0.000000E+00  1.225193E-02  6.230456E-04 -6.075740E-19 -9.583930E-02  0.000000E+00
  3.302721E+00 -1.186068E-01  5.000000E-01  7.014089E-01 -2.539614E-02  0.000000E+00  1.215831E-02  6.391158E-04 -7.541300E-19 -9.191306E-02  0.000000E+00
  3.335981E+00 -1.168320E-01  5.000000E-01  7.084724E-01 -2.501921E-02  0.000000E+00  1.206421E-02  6.542866E-04  5.093816E-20 -8.783016E-02  0.000000E+00
  3.369247E+00 -1.150022E-01  5.000000E-01  7.155373E-01 -2.463061E-02  0.000000E+00  1.197143E-02  6.683896E-04  4.232914E-19 -8.358521E-02  0.000000E+00
  3.402518E+00 -1.131205E-01  5.000000E-01  7.226033E-01 -2.423099E-02  0.000000E+00  1.188116E-02  6.816543E-04 -2.888778E-19 -7.925520E-02  0.000000E+00
  3.435792E+00 -1.111878E-01  5.000000E-01  7.296699E-01 -2.382052E-02  0.000000E+00  1.179425E-02  6.942696E-04 -1.992449E-19 -7.492922E-02  0.000000E+00
  3.469073E+00 -1.092061E-01  5.000000E-01  7.367379E-01 -2.339967E-02  0.000000E+00  1.171172E-02  7.063376E-04  1.337123E-18 -7.065026E-02  0.000000E+00
  3.502353E+00 -1.071769E-01  5.000000E-01  7.438057E-01 -2.296871E-02  0.000000E+00  1.163463E-02  7.180564E-04  1.726559E-18 -6.647019E-02  0.000000E+00
  3.535630E+00 -1.051018E-01  5.000000E-01  7.508729E-01 -2.252801E-02  0.000000E+00  1.156439E-02  7.295793E-04  1.142942E-18 -6.243799E-02  0.000000E+00
  3.568904E+00 -1.029817E-01  5.000000E-01  7.579395E-01 -2.207776E-02  0.000000E+00  1.150282E-02  7.414332E-04  9.491966E-19 -5.862841E-02  0.000000E+00
  3.602176E+00 -1.008158E-01  5.000000E-01  7.650057E-01 -2.161778E-02  0.000000E+00  1.145250E-02  7.542119E-04  8.108676E-19 -5.509769E-02  0.000000E+00
  3.635446E+00 -9.860300E-02  5.000000E-01  7.720714E-01 -2.114783E-02  0.000000E+00  1.141579E-02  7.682833E-04 -3.269052E-20 -5.189469E-02  0.000000E+00
  3.668713E+00 -9.634131E-02  5.000000E-01  7.791365E-01 -2.066750E-02  0.000000E+00  1.139284E-02  7.835878E-04  4.095611E-19 -4.901576E-02  0.000000E+00
  3.701976E+00 -9.403031E-02  5.000000E-01  7.862009E-01 -2.017670E-02  0.000000E+00  1.137757E-02  8.009369E-04  8.538052E-19 -4.645825E-02  0.000000E+00
  3.735241E+00 -9.166211E-02  5.000000E-01  7.932655E-01 -1.967375E-02  0.000000E+00  1.135318E-02  8.238260E-04  1.057751E-19 -4.437072E-02  0.000000E+00
  3.768500E+00 -8.920757E-02  5.000000E-01  8.003289E-01 -1.915247E-02  0.000000E+00  1.129833E-02  8.545242E-04  1.107207E-18 -4.242830E-02  0.000000E+00
  3.801751E+00 -8.663496E-02  5.000000E-01  8.073904E-01 -1.860611E-02  0.000000E+00  1.119726E-02  8.908715E-04  1.524230E-18 -3.957318E-02  0.000000E+00
  3.834989E+00 -8.391939E-02  5.000000E-01  8.144495E-01 -1.802939E-02  0.000000E+00  1.104273E-02  9.284575E-04 -5.808639E-20 -3.472910E-02  0.000000E+00
  3.868211E+00 -8.104838E-02  5.000000E-01  8.215050E-01 -1.741966E-02  0.000000E+00  1.083451E-02  9.635735E-04 -3.717121E-19 -2.738803E-02  0.000000E+00
  3.901422E+00 -7.801239E-02  5.000000E-01  8.285582E-01 -1.677489E-02  0.000000E+00  1.057767E-02  9.937642E-04 -3.130085E-20 -1.755974E-02  0.000000E+00
  3.934617E+00 -7.481051E-02  5.000000E-01  8.356080E-01 -1.609489E-02  0.000000E+00  1.028107E-02  1.017156E-03 -1.715061E-19 -5.462610E-03  0.000000E+00
  3.967800E+00 -7.144606E-02  5.000000E-01  8.426552E-01 -1.538036E-02  0.000000E+00  9.953928E-03  1.032800E-03  3.410845E-19  8.550199E-03  0.000000E+00
  4.000972E+00 -6.792613E-02  5.000000E-01  8.497001E-01 -1.463281E-02  0.000000E+00  9.603594E-03  1.040482E-03  4.217471E-19  2.415053E-02  0.000000E+00
  4.034139E+00 -6.425910E-02  5.000000E-01  8.567440E-01 -1.385403E-02  0.000000E+00  9.233227E-03  1.041004E-03  8.964034E-19  4.102247E-02  0.000000E+00
  4.067311E+00 -6.044697E-02  5.000000E-01  8.637890E-01 -1.304442E-02  0.000000E+00  8.841720E-03  1.035026E-03  3.897019E-20  5.896511E-02  0.000000E+00
  4.100488E+00 -5.649181E-02  5.000000E-01  8.708348E-01 -1.220445E-02  0.000000E+00  8.425664E-03  1.021964E-03  5.066473E-19  7.802007E-02  0.000000E+00
  4.133669E+00 -5.239734E-02  5.000000E-01  8.778818E-01 -1.133488E-02  0.000000E+00  7.980311E-03  1.000910E-03  8.080689E-19  9.826510E-02  0.000000E+00
  4.166856E+00 -4.816610E-02  5.000000E-01  8.849299E-01 -1.043627E-02  0.000000E+00  7.501968E-03  9.711214E-04 -3.823192E-19  1.197466E-01  0.000000E+00
  4.200049E+00 -4.380254E-02  5.000000E-01  8.919793E-01 -9.509557E-03  0.000000E+00  6.991334E-03  9.323457E-04  1.308872E-18  1.424307E-01  0.000000E+00
  4.233242E+00 -3.931055E-02  5.000000E-01  8.990286E-01 -8.555568E-03  0.000000E+00  6.457515E-03  8.840503E-04 -8.753640E-19  1.662765E-01  0.000000E+00
  4.266405E+00 -3.471510E-02  5.000000E-01  9.060715E-01 -7.579609E-03  0.000000E+00  5.920158E-03  8.249030E-04 -4.722336E-18  1.912321E-01  0.000000E+00
  4.299502E+00 -3.007569E-02  5.000000E-01  9.131007E-01 -6.594311E-03  0.000000E+00  5.405746E-03  7.552400E-04 -3.217154E-18  2.168795E-01  0.000000E+00
  4.332522E+00 -2.548052E-02  5.000000E-01  9.201132E-01 -5.618409E-03  0.000000E+00  4.939627E-03  6.791468E-04 -5.313179E-19  2.421031E-01  0.000000E+00
  4.365472E+00 -2.101403E-02  5.000000E-01  9.271110E-01 -4.669838E-03  0.000000E+00  4.541580E-03  6.020956E-04 -5.804512E-19  2.656174E-01  0.000000E+00
  4.398350E+00 -1.676444E-02  5.000000E-01  9.340935E-01 -3.767328E-03  0.000000E+00  4.227324E-03  5.279056E-04 -8.069939E-19  2.867118E-01  0.000000E+00
  4.431155E+00 -1.282169E-02  5.000000E-01  9.410605E-01 -2.929987E-03  0.000000E+00  4.009776E-03  4.581464E-04 -3.732493E-19  3.051599E-01  0.000000E+00
  4.463888E+00 -9.285546E-03  5.000000E-01  9.480121E-01 -2.178995E-03  0.000000E+00  3.895562E-03  3.927011E-04 -6.844534E-19  3.206339E-01  0.000000E+00
  4.496579E+00 -6.232714E-03  5.000000E-01  9.549550E-01 -1.530649E-03  0.000000E+00  3.878091E-03  3.301126E-04 -7.203395E-19  3.328611E-01  0.000000E+00
  4.529252E+00 -3.716775E-03  5.000000E-01  9.618938E-01 -9.963253E-04  0.000000E+00  3.927670E-03  2.684936E-04 -3.674669E-19  3.419901E-01  0.000000E+00
  4.561929E+00 -1.760868E-03  5.000000E-01  9.688337E-01 -5.809388E-04  0.000000E+00  3.976250E-03  2.043928E-04 -2.516769E-19  3.470908E-01  0.000000E+00
  4.594574E+00 -3.899273E-04  5.000000E-01  9.757666E-01 -2.897847E-04  0.000000E+00  3.923959E-03  1.280437E-04 -3.980005E-19  3.470824E-01  0.000000E+00
  4.627203E+00  3.748675E-04  5.000000E-01  9.826962E-01 -1.273611E-04  0.000000E+00  3.718625E-03  4.103698E-05 -2.793803E-19  3.501750E-01  0.000000E+00
  4.659162E+00  5.142370E-04  5.000000E-01  9.894836E-01 -9.776241E-05  0.000000E+00  3.396470E-03 -1.139258E-05  9.189464E-19  3.596228E-01  0.000000E+00
  4.689251E+00  7.554702E-05  5.000000E-01  9.958737E-01 -1.909294E-04  0.000000E+00  2.870685E-03 -2.668772E-05  5.348980E-18  3.123989E-01  0.000000E+00
  4.708680E+00 -5.089795E-04  5.000000E-01  1.000000E+00 -3.150684E-04  0.000000E+00  2.086806E-03 -1.062009E-04  5.517981E-18  1.641700E-01  0.000000E+00
    1    2
    2    3
    3    4
    4    5
    5    6
    6    7
    7    8
    8    9
    9   10
   10   11
   11   12
   12   13
   13   14
   14   15
   15   16
   16   17
   17   18
   18   19
   19   20
   20   21
   21   22
   22   23
   23   24
   24   25
   25   26
   26   27
   27   28
   28   29
   29   30
   30   31
   31   32
   32   33
   33   34
   34   35
   35   36
   36   37
   37   38
   38   39
   39   40
   40   41
   41   42
   42   43
   43   44
   44   45
   45   46
   46   47
   47   48
   48   49
   49   50
   50   51
   51   52
   52   53
   53   54
   54   55
   55   56
   56   57
   57   58
   58   59
   59   60
   60   61
   61   62
   62   63
   63   64
   64   65
   65   66
   66   67
   67   68
   68   69
   69   70
   70   71
   71   72
   72   73
   73   74
   74   75
   75   76
   76   77
   77   78
   78   79
   79   80
   80   81
   81   82
   82   83
   83   84
   84   85
   85   86
   86   87
   87   88
   88   89
   89   90
   90   91
   91   92
   92   93
   93   94
   94   95
   95   96
   96   97
   97   98
   98   99
   99  100
  100  101
  101  102
  102  103
  103  104
  104  105
  105  106
  106  107
  107  108
  108  109
  109  110
  110  111
  111  112
  112  113
  113  114
  114  115
  115  116
  116  117
  117  118
  118  119
  119  120
  120  121
  121  122
  122  123
  123  124
  124  125
  125  126
  126  127
  127  128
  128  129
  129  130
  130  131
  131  132
  132  133
  133  134
  134  135
  135  136
  136  137
  137  138
  138  139
  139  140
  140  141
  141  142
  142  143
  143  144
  144  145
  145  146
  146  147
  147  148
  148  149
  149  150
  151  152
  152  153
  153  154
  154  155
  155  156
  156  157
  157  158
  158  159
  159  160
  160  161
  161  162
  162  163
  163  164
  164  165
  165  166
  166  167
  167  168
  168  169
  169  170
  170  171
  171  172
  172  173
  173  174
  174  175
  175  176
  176  177
  177  178
  178  179
  179  180
  180  181
  181  182
  182  183
  183  184
  184  185
  185  186
  186  187
  187  188
  188  189
  189  190
  190  191
  191  192
  192  193
  193  194
  194  195
  195  196
  196  197
  197  198
  198  199
  199  200
  200  201
  201  202
  202  203
  203  204
  204  205
  205  206
  206  207
  207  208
  208  209
  209  210
  210  211
  211  212
  212  213
  213  214
  214  215
  215  216
  216  217
  217  218
  218  219
  219  220
  220  221
  221  222
  222  223
  223  224
  224  225
  225  226
  226  227
  227  228
  228  229
  229  230
  230  231
  231  232
  232  233
  233  234
  234  235
  235  236
  236  237
  237  238
  238  239
  239  240
  240  241
  241  242
  242  243
  243  244
  244  245
  245  246
  246  247
  247  248
  248  249
  249  250
  250  251
  251  252
  252  253
  253  254
  254  255
  255  256
  256  257
  257  258
  258  259
  259  260
  260  261
  261  262
  262  263
  263  264
  264  265
  265  266
  266  267
  267  268
  268  269
  269  270
  270  271
  271  272
  272  273
  273  274
  274  275
  275  276
  276  277
  277  278
  278  279
  279  280
  280  281
  281  282
  282  283
  283  284
  284  285
  285  286
  286  287
  287  288
  288  289
  289  290
  290  291
  291  292
  292  293
  293  294
  294  295
  295  296
  296  297
  297  298
  298  299
  299  300
