 Title = "ADflow Slice Data"
Variables =  "CoordinateX"  "CoordinateY"  "CoordinateZ"  "XoC"  "YoC"  "ZoC" "VelocityX" "VelocityY" "VelocityZ" "CoefPressure" "Mach" 
Zone T= "Slice_0001 None Absolute Regular z = 0.50000000"
 Nodes =          300  Elements=          298  ZONETYPE=FELINESEG
 DATAPACKING=POINT
  4.708680E+00 -5.548048E-04  5.000000E-01  1.000000E+00 -3.044130E-04  0.000000E+00  2.005631E-03 -9.581078E-05  5.296799E-18  1.582126E-01  0.000000E+00
  4.689187E+00  3.083921E-03  5.000000E-01  9.958601E-01  4.683629E-04  0.000000E+00  1.306403E-03 -1.978562E-04  1.588633E-18  6.873167E-02  0.000000E+00
  4.658673E+00  8.689277E-03  5.000000E-01  9.893797E-01  1.658803E-03  0.000000E+00  9.236061E-04 -1.912937E-04  9.580644E-19  9.116086E-02  0.000000E+00
  4.626256E+00  1.452724E-02  5.000000E-01  9.824952E-01  2.898643E-03  0.000000E+00  6.917335E-04 -1.261382E-04 -1.232041E-19  8.680274E-02  0.000000E+00
  4.593146E+00  2.036823E-02  5.000000E-01  9.754635E-01  4.139125E-03  0.000000E+00  6.021645E-04 -9.920485E-05 -1.477635E-18  6.584285E-02  0.000000E+00
  4.560031E+00  2.608815E-02  5.000000E-01  9.684306E-01  5.353895E-03  0.000000E+00  6.490078E-04 -1.104691E-04 -1.317384E-18  5.055204E-02  0.000000E+00
  4.526891E+00  3.169026E-02  5.000000E-01  9.613923E-01  6.543646E-03  0.000000E+00  7.858551E-04 -1.326250E-04  4.662708E-19  3.746014E-02  0.000000E+00
  4.493752E+00  3.716833E-02  5.000000E-01  9.543545E-01  7.707054E-03  0.000000E+00  9.787292E-04 -1.597416E-04  3.286992E-19  2.167911E-02  0.000000E+00
  4.460612E+00  4.251760E-02  5.000000E-01  9.473164E-01  8.843108E-03  0.000000E+00  1.207263E-03 -1.919253E-04  5.388649E-19  4.105600E-03  0.000000E+00
  4.427470E+00  4.773392E-02  5.000000E-01  9.402779E-01  9.950925E-03  0.000000E+00  1.450896E-03 -2.249469E-04  1.942642E-18 -1.410071E-02  0.000000E+00
  4.394325E+00  5.280747E-02  5.000000E-01  9.332387E-01  1.102842E-02  0.000000E+00  1.692010E-03 -2.549769E-04  9.969514E-19 -3.288726E-02  0.000000E+00
  4.361178E+00  5.773090E-02  5.000000E-01  9.261991E-01  1.207404E-02  0.000000E+00  1.921066E-03 -2.805000E-04 -4.960168E-19 -5.229988E-02  0.000000E+00
  4.328027E+00  6.249448E-02  5.000000E-01  9.191586E-01  1.308571E-02  0.000000E+00  2.134753E-03 -3.009051E-04  4.297158E-20 -7.210843E-02  0.000000E+00
  4.294876E+00  6.708671E-02  5.000000E-01  9.121181E-01  1.406098E-02  0.000000E+00  2.330680E-03 -3.159955E-04  4.067591E-19 -9.186493E-02  0.000000E+00
  4.261727E+00  7.149833E-02  5.000000E-01  9.050782E-01  1.499790E-02  0.000000E+00  2.502999E-03 -3.256987E-04 -5.399750E-19 -1.114317E-01  0.000000E+00
  4.228582E+00  7.572049E-02  5.000000E-01  8.980388E-01  1.589458E-02  0.000000E+00  2.642664E-03 -3.291124E-04  4.094252E-19 -1.318018E-01  0.000000E+00
  4.195443E+00  7.974174E-02  5.000000E-01  8.910010E-01  1.674860E-02  0.000000E+00  2.741344E-03 -3.248618E-04 -3.637060E-20 -1.543179E-01  0.000000E+00
  4.162308E+00  8.354984E-02  5.000000E-01  8.839639E-01  1.755735E-02  0.000000E+00  2.791661E-03 -3.114786E-04 -1.321882E-18 -1.781177E-01  0.000000E+00
  4.129179E+00  8.713538E-02  5.000000E-01  8.769281E-01  1.831883E-02  0.000000E+00  2.781833E-03 -2.885630E-04 -7.134503E-19 -1.984077E-01  0.000000E+00
  4.096054E+00  9.048730E-02  5.000000E-01  8.698932E-01  1.903069E-02  0.000000E+00  2.697429E-03 -2.593251E-04 -1.482224E-18 -2.104497E-01  0.000000E+00
  4.062934E+00  9.359750E-02  5.000000E-01  8.628593E-01  1.969122E-02  0.000000E+00  2.555418E-03 -2.305121E-04 -1.149901E-18 -2.196117E-01  0.000000E+00
  4.029817E+00  9.645811E-02  5.000000E-01  8.558262E-01  2.029875E-02  0.000000E+00  2.473409E-03 -2.103731E-04  6.876207E-19 -2.460750E-01  0.000000E+00
  3.996705E+00  9.906350E-02  5.000000E-01  8.487940E-01  2.085207E-02  0.000000E+00  2.727110E-03 -2.109703E-04  9.796808E-19 -3.118878E-01  0.000000E+00
  3.963594E+00  1.014119E-01  5.000000E-01  8.417620E-01  2.135081E-02  0.000000E+00  3.714552E-03 -2.489226E-04  4.476671E-19 -4.189038E-01  0.000000E+00
  3.930486E+00  1.035055E-01  5.000000E-01  8.347306E-01  2.179544E-02  0.000000E+00  5.754472E-03 -3.329965E-04  7.866257E-19 -5.427131E-01  0.000000E+00
  3.897377E+00  1.053497E-01  5.000000E-01  8.276991E-01  2.218711E-02  0.000000E+00  8.734543E-03 -4.423213E-04  2.297213E-18 -6.498758E-01  0.000000E+00
  3.864269E+00  1.069576E-01  5.000000E-01  8.206677E-01  2.252858E-02  0.000000E+00  1.194942E-02 -5.307629E-04  3.768874E-18 -7.193432E-01  0.000000E+00
  3.831161E+00  1.083455E-01  5.000000E-01  8.136366E-01  2.282334E-02  0.000000E+00  1.447028E-02 -5.611934E-04  4.548266E-18 -7.500762E-01  0.000000E+00
  3.798054E+00  1.095393E-01  5.000000E-01  8.066053E-01  2.307687E-02  0.000000E+00  1.578444E-02 -5.323640E-04  3.553471E-18 -7.540351E-01  0.000000E+00
  3.764948E+00  1.105714E-01  5.000000E-01  7.995744E-01  2.329606E-02  0.000000E+00  1.603513E-02 -4.739953E-04  1.593213E-18 -7.451898E-01  0.000000E+00
  3.731842E+00  1.114830E-01  5.000000E-01  7.925435E-01  2.348967E-02  0.000000E+00  1.570781E-02 -4.188142E-04  1.233534E-19 -7.335848E-01  0.000000E+00
  3.698737E+00  1.123247E-01  5.000000E-01  7.855130E-01  2.366842E-02  0.000000E+00  1.524565E-02 -3.817969E-04 -8.138143E-19 -7.242096E-01  0.000000E+00
  3.665634E+00  1.131337E-01  5.000000E-01  7.784827E-01  2.384022E-02  0.000000E+00  1.489107E-02 -3.592258E-04 -1.064498E-18 -7.180508E-01  0.000000E+00
  3.632534E+00  1.139172E-01  5.000000E-01  7.714529E-01  2.400663E-02  0.000000E+00  1.470437E-02 -3.440684E-04 -7.520791E-19 -7.144428E-01  0.000000E+00
  3.599434E+00  1.146785E-01  5.000000E-01  7.644234E-01  2.416831E-02  0.000000E+00  1.464813E-02 -3.335965E-04 -2.178094E-19 -7.126073E-01  0.000000E+00
  3.566334E+00  1.154209E-01  5.000000E-01  7.573938E-01  2.432598E-02  0.000000E+00  1.466424E-02 -3.260404E-04  4.681281E-19 -7.118365E-01  0.000000E+00
  3.533236E+00  1.161465E-01  5.000000E-01  7.503646E-01  2.448007E-02  0.000000E+00  1.470880E-02 -3.197722E-04  1.083464E-18 -7.116128E-01  0.000000E+00
  3.500138E+00  1.168560E-01  5.000000E-01  7.433353E-01  2.463075E-02  0.000000E+00  1.475840E-02 -3.141028E-04  1.617779E-18 -7.116663E-01  0.000000E+00
  3.467038E+00  1.175511E-01  5.000000E-01  7.363057E-01  2.477839E-02  0.000000E+00  1.480544E-02 -3.088502E-04  2.030471E-18 -7.118582E-01  0.000000E+00
  3.433936E+00  1.182327E-01  5.000000E-01  7.292757E-01  2.492314E-02  0.000000E+00  1.485051E-02 -3.036257E-04  2.039729E-18 -7.120777E-01  0.000000E+00
  3.400832E+00  1.189004E-01  5.000000E-01  7.222453E-01  2.506494E-02  0.000000E+00  1.489583E-02 -2.980912E-04  1.891020E-18 -7.122453E-01  0.000000E+00
  3.367728E+00  1.195534E-01  5.000000E-01  7.152146E-01  2.520361E-02  0.000000E+00  1.494269E-02 -2.918355E-04  1.789399E-18 -7.122719E-01  0.000000E+00
  3.334620E+00  1.201893E-01  5.000000E-01  7.081834E-01  2.533866E-02  0.000000E+00  1.499078E-02 -2.844048E-04  1.325590E-18 -7.120547E-01  0.000000E+00
  3.301512E+00  1.208052E-01  5.000000E-01  7.011520E-01  2.546948E-02  0.000000E+00  1.503817E-02 -2.753824E-04  8.261554E-19 -7.115049E-01  0.000000E+00
  3.268401E+00  1.213975E-01  5.000000E-01  6.941201E-01  2.559526E-02  0.000000E+00  1.508233E-02 -2.642730E-04  8.432299E-19 -7.105173E-01  0.000000E+00
  3.235290E+00  1.219613E-01  5.000000E-01  6.870881E-01  2.571499E-02  0.000000E+00  1.512059E-02 -2.505750E-04  1.135193E-18 -7.089637E-01  0.000000E+00
  3.202177E+00  1.224907E-01  5.000000E-01  6.800557E-01  2.582743E-02  0.000000E+00  1.515004E-02 -2.339911E-04  1.448630E-18 -7.067464E-01  0.000000E+00
  3.169063E+00  1.229800E-01  5.000000E-01  6.730231E-01  2.593134E-02  0.000000E+00  1.516833E-02 -2.143146E-04  1.806817E-18 -7.038168E-01  0.000000E+00
  3.135947E+00  1.234224E-01  5.000000E-01  6.659902E-01  2.602530E-02  0.000000E+00  1.517386E-02 -1.919116E-04  2.334245E-18 -7.002447E-01  0.000000E+00
  3.102831E+00  1.238133E-01  5.000000E-01  6.589571E-01  2.610831E-02  0.000000E+00  1.516583E-02 -1.685281E-04  2.731427E-18 -6.962946E-01  0.000000E+00
  3.069714E+00  1.241538E-01  5.000000E-01  6.519238E-01  2.618062E-02  0.000000E+00  1.514636E-02 -1.457919E-04  2.724591E-18 -6.922666E-01  0.000000E+00
  3.036593E+00  1.244462E-01  5.000000E-01  6.448898E-01  2.624273E-02  0.000000E+00  1.512049E-02 -1.240792E-04  2.297305E-18 -6.883374E-01  0.000000E+00
  3.003475E+00  1.246928E-01  5.000000E-01  6.378564E-01  2.629511E-02  0.000000E+00  1.509342E-02 -1.031555E-04  1.663942E-18 -6.845713E-01  0.000000E+00
  2.970356E+00  1.248945E-01  5.000000E-01  6.308226E-01  2.633793E-02  0.000000E+00  1.506813E-02 -8.310655E-05  1.022292E-18 -6.810147E-01  0.000000E+00
  2.937236E+00  1.250537E-01  5.000000E-01  6.237888E-01  2.637175E-02  0.000000E+00  1.504579E-02 -6.405171E-05  4.642802E-19 -6.776960E-01  0.000000E+00
  2.904117E+00  1.251721E-01  5.000000E-01  6.167550E-01  2.639688E-02  0.000000E+00  1.502684E-02 -4.584778E-05  1.343986E-19 -6.746087E-01  0.000000E+00
  2.870996E+00  1.252514E-01  5.000000E-01  6.097211E-01  2.641373E-02  0.000000E+00  1.501106E-02 -2.850621E-05 -1.276521E-20 -6.717544E-01  0.000000E+00
  2.837877E+00  1.252935E-01  5.000000E-01  6.026873E-01  2.642267E-02  0.000000E+00  1.499832E-02 -1.195081E-05 -5.862403E-20 -6.691206E-01  0.000000E+00
  2.804757E+00  1.252998E-01  5.000000E-01  5.956535E-01  2.642400E-02  0.000000E+00  1.498846E-02  3.832373E-06  2.657712E-21 -6.666994E-01  0.000000E+00
  2.771639E+00  1.252722E-01  5.000000E-01  5.886200E-01  2.641815E-02  0.000000E+00  1.498153E-02  1.902222E-05  1.837652E-19 -6.644682E-01  0.000000E+00
  2.738522E+00  1.252113E-01  5.000000E-01  5.815867E-01  2.640522E-02  0.000000E+00  1.497748E-02  3.364960E-05  4.208550E-19 -6.624203E-01  0.000000E+00
  2.705406E+00  1.251190E-01  5.000000E-01  5.745537E-01  2.638561E-02  0.000000E+00  1.497626E-02  4.764527E-05  5.870899E-19 -6.605598E-01  0.000000E+00
  2.672292E+00  1.249962E-01  5.000000E-01  5.675211E-01  2.635954E-02  0.000000E+00  1.497802E-02  6.109488E-05  6.476302E-19 -6.588806E-01  0.000000E+00
  2.639177E+00  1.248444E-01  5.000000E-01  5.604885E-01  2.632730E-02  0.000000E+00  1.498279E-02  7.399985E-05  6.293820E-19 -6.573778E-01  0.000000E+00
  2.606068E+00  1.246648E-01  5.000000E-01  5.534568E-01  2.628915E-02  0.000000E+00  1.499063E-02  8.663905E-05  5.219479E-19 -6.560036E-01  0.000000E+00
  2.572958E+00  1.244573E-01  5.000000E-01  5.464251E-01  2.624508E-02  0.000000E+00  1.500104E-02  9.929720E-05  2.942987E-19 -6.546952E-01  0.000000E+00
  2.539852E+00  1.242221E-01  5.000000E-01  5.393941E-01  2.619514E-02  0.000000E+00  1.501308E-02  1.123531E-04  1.988343E-19 -6.533660E-01  0.000000E+00
  2.506749E+00  1.239575E-01  5.000000E-01  5.323639E-01  2.613895E-02  0.000000E+00  1.502518E-02  1.260716E-04  2.211568E-19 -6.519428E-01  0.000000E+00
  2.473650E+00  1.236623E-01  5.000000E-01  5.253345E-01  2.607625E-02  0.000000E+00  1.503530E-02  1.403572E-04  7.266521E-20 -6.504033E-01  0.000000E+00
  2.440554E+00  1.233352E-01  5.000000E-01  5.183056E-01  2.600678E-02  0.000000E+00  1.504182E-02  1.550040E-04 -4.223018E-20 -6.487499E-01  0.000000E+00
  2.407460E+00  1.229759E-01  5.000000E-01  5.112774E-01  2.593047E-02  0.000000E+00  1.504414E-02  1.700811E-04 -1.902588E-20 -6.469692E-01  0.000000E+00
  2.374373E+00  1.225828E-01  5.000000E-01  5.042504E-01  2.584698E-02  0.000000E+00  1.504220E-02  1.857026E-04  5.383266E-20 -6.450672E-01  0.000000E+00
  2.341286E+00  1.221546E-01  5.000000E-01  4.972236E-01  2.575605E-02  0.000000E+00  1.503583E-02  2.012000E-04  6.175753E-20 -6.431627E-01  0.000000E+00
  2.308194E+00  1.216928E-01  5.000000E-01  4.901958E-01  2.565797E-02  0.000000E+00  1.502610E-02  2.157057E-04  1.148267E-19 -6.414283E-01  0.000000E+00
  2.275097E+00  1.212000E-01  5.000000E-01  4.831667E-01  2.555331E-02  0.000000E+00  1.501598E-02  2.288130E-04 -3.706278E-21 -6.400036E-01  0.000000E+00
  2.241991E+00  1.206795E-01  5.000000E-01  4.761359E-01  2.544277E-02  0.000000E+00  1.500919E-02  2.404592E-04 -1.718450E-19 -6.389789E-01  0.000000E+00
  2.208879E+00  1.201347E-01  5.000000E-01  4.691038E-01  2.532707E-02  0.000000E+00  1.500912E-02  2.507561E-04 -2.473143E-19 -6.383980E-01  0.000000E+00
  2.175760E+00  1.195686E-01  5.000000E-01  4.620701E-01  2.520684E-02  0.000000E+00  1.501799E-02  2.598280E-04 -2.777875E-19 -6.382743E-01  0.000000E+00
  2.142637E+00  1.189842E-01  5.000000E-01  4.550354E-01  2.508273E-02  0.000000E+00  1.503674E-02  2.677813E-04 -1.888185E-19 -6.385945E-01  0.000000E+00
  2.109507E+00  1.183841E-01  5.000000E-01  4.479994E-01  2.495529E-02  0.000000E+00  1.506530E-02  2.747700E-04 -2.955803E-19 -6.393012E-01  0.000000E+00
  2.076374E+00  1.177712E-01  5.000000E-01  4.409628E-01  2.482511E-02  0.000000E+00  1.510309E-02  2.815899E-04 -4.293842E-19 -6.402323E-01  0.000000E+00
  2.043241E+00  1.171443E-01  5.000000E-01  4.339262E-01  2.469199E-02  0.000000E+00  1.514826E-02  2.892245E-04 -3.858473E-19 -6.411819E-01  0.000000E+00
  2.010106E+00  1.165016E-01  5.000000E-01  4.268892E-01  2.455549E-02  0.000000E+00  1.519723E-02  2.979522E-04 -4.128730E-19 -6.420107E-01  0.000000E+00
  1.976970E+00  1.158407E-01  5.000000E-01  4.198519E-01  2.441513E-02  0.000000E+00  1.524641E-02  3.078401E-04 -4.468932E-19 -6.426251E-01  0.000000E+00
  1.943835E+00  1.151592E-01  5.000000E-01  4.128148E-01  2.427039E-02  0.000000E+00  1.529304E-02  3.189544E-04 -6.449606E-19 -6.429714E-01  0.000000E+00
  1.910699E+00  1.144541E-01  5.000000E-01  4.057776E-01  2.412066E-02  0.000000E+00  1.533534E-02  3.311054E-04 -1.003424E-18 -6.430549E-01  0.000000E+00
  1.877561E+00  1.137238E-01  5.000000E-01  3.987399E-01  2.396556E-02  0.000000E+00  1.537280E-02  3.441973E-04 -9.409618E-19 -6.428948E-01  0.000000E+00
  1.844424E+00  1.129658E-01  5.000000E-01  3.917024E-01  2.380457E-02  0.000000E+00  1.540574E-02  3.581629E-04 -1.033441E-18 -6.425208E-01  0.000000E+00
  1.811282E+00  1.121784E-01  5.000000E-01  3.846638E-01  2.363734E-02  0.000000E+00  1.543462E-02  3.727163E-04 -1.170514E-18 -6.419879E-01  0.000000E+00
  1.778139E+00  1.113606E-01  5.000000E-01  3.776250E-01  2.346368E-02  0.000000E+00  1.546039E-02  3.878993E-04 -1.099407E-18 -6.413157E-01  0.000000E+00
  1.744992E+00  1.105106E-01  5.000000E-01  3.705854E-01  2.328316E-02  0.000000E+00  1.548358E-02  4.037112E-04 -1.058910E-18 -6.405213E-01  0.000000E+00
  1.711843E+00  1.096276E-01  5.000000E-01  3.635455E-01  2.309561E-02  0.000000E+00  1.550428E-02  4.201621E-04 -7.786773E-19 -6.396119E-01  0.000000E+00
  1.678692E+00  1.087094E-01  5.000000E-01  3.565049E-01  2.290061E-02  0.000000E+00  1.552214E-02  4.372246E-04 -8.484629E-19 -6.385850E-01  0.000000E+00
  1.645539E+00  1.077553E-01  5.000000E-01  3.494640E-01  2.269800E-02  0.000000E+00  1.553665E-02  4.549851E-04 -8.017198E-19 -6.374125E-01  0.000000E+00
  1.612385E+00  1.067631E-01  5.000000E-01  3.424231E-01  2.248728E-02  0.000000E+00  1.554734E-02  4.737465E-04 -4.784387E-19 -6.360425E-01  0.000000E+00
  1.579236E+00  1.057307E-01  5.000000E-01  3.353830E-01  2.226802E-02  0.000000E+00  1.555360E-02  4.936636E-04 -5.561932E-19 -6.344674E-01  0.000000E+00
  1.546090E+00  1.046546E-01  5.000000E-01  3.283435E-01  2.203947E-02  0.000000E+00  1.555444E-02  5.138578E-04 -1.698664E-19 -6.328374E-01  0.000000E+00
  1.512946E+00  1.035361E-01  5.000000E-01  3.213046E-01  2.180193E-02  0.000000E+00  1.555028E-02  5.329484E-04  1.394046E-19 -6.314010E-01  0.000000E+00
  1.479807E+00  1.023782E-01  5.000000E-01  3.142666E-01  2.155603E-02  0.000000E+00  1.554457E-02  5.506752E-04  2.671541E-19 -6.303127E-01  0.000000E+00
  1.446672E+00  1.011836E-01  5.000000E-01  3.072296E-01  2.130233E-02  0.000000E+00  1.554138E-02  5.671890E-04  6.448653E-19 -6.296579E-01  0.000000E+00
  1.413540E+00  9.995513E-02  5.000000E-01  3.001932E-01  2.104143E-02  0.000000E+00  1.554384E-02  5.826825E-04  6.619451E-19 -6.294654E-01  0.000000E+00
  1.380413E+00  9.869524E-02  5.000000E-01  2.931579E-01  2.077386E-02  0.000000E+00  1.555367E-02  5.975269E-04  5.546283E-19 -6.297013E-01  0.000000E+00
  1.347294E+00  9.740563E-02  5.000000E-01  2.861242E-01  2.049998E-02  0.000000E+00  1.557101E-02  6.120111E-04  4.224439E-19 -6.303127E-01  0.000000E+00
  1.314179E+00  9.608740E-02  5.000000E-01  2.790914E-01  2.022002E-02  0.000000E+00  1.559487E-02  6.261902E-04  2.250406E-19 -6.312585E-01  0.000000E+00
  1.281074E+00  9.474213E-02  5.000000E-01  2.720606E-01  1.993431E-02  0.000000E+00  1.562415E-02  6.402312E-04 -1.270574E-19 -6.324929E-01  0.000000E+00
  1.247974E+00  9.336995E-02  5.000000E-01  2.650310E-01  1.964290E-02  0.000000E+00  1.565778E-02  6.541271E-04 -3.095041E-19 -6.339960E-01  0.000000E+00
  1.214880E+00  9.197223E-02  5.000000E-01  2.580028E-01  1.934605E-02  0.000000E+00  1.569516E-02  6.679058E-04 -4.439886E-19 -6.357496E-01  0.000000E+00
  1.181795E+00  9.054923E-02  5.000000E-01  2.509763E-01  1.904384E-02  0.000000E+00  1.573626E-02  6.818443E-04 -7.238646E-19 -6.377180E-01  0.000000E+00
  1.148718E+00  8.910090E-02  5.000000E-01  2.439516E-01  1.873626E-02  0.000000E+00  1.578085E-02  6.958552E-04 -3.996681E-19 -6.399074E-01  0.000000E+00
  1.115646E+00  8.762779E-02  5.000000E-01  2.369279E-01  1.842340E-02  0.000000E+00  1.582900E-02  7.098134E-04 -2.338014E-20 -6.423369E-01  0.000000E+00
  1.082583E+00  8.613064E-02  5.000000E-01  2.299061E-01  1.810545E-02  0.000000E+00  1.588137E-02  7.238351E-04 -1.293019E-19 -6.450117E-01  0.000000E+00
  1.049524E+00  8.460948E-02  5.000000E-01  2.228852E-01  1.778239E-02  0.000000E+00  1.593861E-02  7.379697E-04  2.245680E-19 -6.479452E-01  0.000000E+00
  1.016475E+00  8.306516E-02  5.000000E-01  2.158664E-01  1.745441E-02  0.000000E+00  1.600127E-02  7.522952E-04  4.550301E-19 -6.511413E-01  0.000000E+00
  9.834318E-01  8.149741E-02  5.000000E-01  2.088488E-01  1.712146E-02  0.000000E+00  1.606961E-02  7.669378E-04  3.217605E-20 -6.545799E-01  0.000000E+00
  9.503976E-01  7.990681E-02  5.000000E-01  2.018331E-01  1.678366E-02  0.000000E+00  1.614373E-02  7.824827E-04  1.586740E-19 -6.581648E-01  0.000000E+00
  9.173728E-01  7.829091E-02  5.000000E-01  1.948195E-01  1.644048E-02  0.000000E+00  1.622279E-02  7.996962E-04  6.059422E-19 -6.617515E-01  0.000000E+00
  8.843598E-01  7.664687E-02  5.000000E-01  1.878083E-01  1.609133E-02  0.000000E+00  1.630455E-02  8.190723E-04  3.174829E-19 -6.652098E-01  0.000000E+00
  8.513623E-01  7.497027E-02  5.000000E-01  1.808005E-01  1.573526E-02  0.000000E+00  1.638615E-02  8.409916E-04  1.245930E-19 -6.684384E-01  0.000000E+00
  8.183794E-01  7.325595E-02  5.000000E-01  1.737957E-01  1.537118E-02  0.000000E+00  1.646457E-02  8.654318E-04  1.919214E-19 -6.714149E-01  0.000000E+00
  7.854121E-01  7.149905E-02  5.000000E-01  1.667943E-01  1.499806E-02  0.000000E+00  1.653775E-02  8.921990E-04 -1.065515E-19 -6.741782E-01  0.000000E+00
  7.524593E-01  6.969487E-02  5.000000E-01  1.597959E-01  1.461489E-02  0.000000E+00  1.660489E-02  9.210731E-04 -1.328540E-19 -6.767953E-01  0.000000E+00
  7.195226E-01  6.783937E-02  5.000000E-01  1.528010E-01  1.422083E-02  0.000000E+00  1.666625E-02  9.520823E-04  2.337647E-19 -6.793127E-01  0.000000E+00
  6.866079E-01  6.592827E-02  5.000000E-01  1.458107E-01  1.381496E-02  0.000000E+00  1.672222E-02  9.856299E-04  4.482032E-19 -6.817305E-01  0.000000E+00
  6.537221E-01  6.395633E-02  5.000000E-01  1.388265E-01  1.339617E-02  0.000000E+00  1.677207E-02  1.022083E-03 -6.153482E-19 -6.840407E-01  0.000000E+00
  6.208691E-01  6.191755E-02  5.000000E-01  1.318494E-01  1.296318E-02  0.000000E+00  1.681365E-02  1.061440E-03 -1.548637E-18 -6.862833E-01  0.000000E+00
  5.880524E-01  5.980597E-02  5.000000E-01  1.248799E-01  1.251473E-02  0.000000E+00  1.684405E-02  1.103254E-03 -2.332809E-18 -6.885782E-01  0.000000E+00
  5.552711E-01  5.761626E-02  5.000000E-01  1.179180E-01  1.204969E-02  0.000000E+00  1.686088E-02  1.146787E-03 -3.117299E-18 -6.911192E-01  0.000000E+00
  5.225283E-01  5.534466E-02  5.000000E-01  1.109642E-01  1.156726E-02  0.000000E+00  1.686303E-02  1.191512E-03 -3.345332E-18 -6.941373E-01  0.000000E+00
  4.898261E-01  5.298734E-02  5.000000E-01  1.040191E-01  1.106662E-02  0.000000E+00  1.685002E-02  1.236817E-03 -3.773891E-18 -6.979384E-01  0.000000E+00
  4.571624E-01  5.054189E-02  5.000000E-01  9.708209E-02  1.054727E-02  0.000000E+00  1.682108E-02  1.281639E-03 -3.617619E-18 -7.029408E-01  0.000000E+00
  4.245350E-01  4.800760E-02  5.000000E-01  9.015283E-02  1.000905E-02  0.000000E+00  1.677489E-02  1.324564E-03 -2.292544E-18 -7.096295E-01  0.000000E+00
  3.919369E-01  4.538619E-02  5.000000E-01  8.322981E-02  9.452325E-03  0.000000E+00  1.670906E-02  1.364317E-03 -1.170194E-18 -7.184114E-01  0.000000E+00
  3.593832E-01  4.268236E-02  5.000000E-01  7.631621E-02  8.878098E-03  0.000000E+00  1.661869E-02  1.400931E-03 -3.443532E-18 -7.293928E-01  0.000000E+00
  3.269046E-01  3.989909E-02  5.000000E-01  6.941854E-02  8.287000E-03  0.000000E+00  1.649303E-02  1.436133E-03 -1.093050E-17 -7.423319E-01  0.000000E+00
  2.945750E-01  3.703543E-02  5.000000E-01  6.255253E-02  7.678830E-03  0.000000E+00  1.631223E-02  1.471518E-03 -1.978039E-17 -7.569948E-01  0.000000E+00
  2.624265E-01  3.407894E-02  5.000000E-01  5.572497E-02  7.050942E-03  0.000000E+00  1.604919E-02  1.503602E-03 -6.305281E-18 -7.739474E-01  0.000000E+00
  2.304268E-01  3.102140E-02  5.000000E-01  4.892903E-02  6.401597E-03  0.000000E+00  1.568899E-02  1.525924E-03  9.142823E-17 -7.947532E-01  0.000000E+00
  1.986088E-01  2.786884E-02  5.000000E-01  4.217167E-02  5.732071E-03  0.000000E+00  1.525058E-02  1.534251E-03  3.442107E-16 -8.218919E-01  0.000000E+00
  1.669282E-01  2.462389E-02  5.000000E-01  3.544349E-02  5.042923E-03  0.000000E+00  1.478266E-02  1.519155E-03  6.562326E-16 -8.596566E-01  0.000000E+00
  1.350509E-01  2.132152E-02  5.000000E-01  2.867354E-02  4.341580E-03  0.000000E+00  1.438866E-02  1.495945E-03  3.391789E-16 -9.106888E-01  0.000000E+00
  1.043791E-01  1.812335E-02  5.000000E-01  2.215959E-02  3.662368E-03  0.000000E+00  1.421348E-02  1.535171E-03 -2.358878E-15 -9.719934E-01  0.000000E+00
  7.632629E-02  1.498342E-02  5.000000E-01  1.620187E-02  2.995525E-03  0.000000E+00  1.423485E-02  1.660424E-03 -9.287250E-15 -1.044359E+00  0.000000E+00
  5.118571E-02  1.190245E-02  5.000000E-01  1.086263E-02  2.341201E-03  0.000000E+00  1.434209E-02  1.866926E-03 -1.604388E-14 -1.129454E+00  0.000000E+00
  3.264831E-02  9.360701E-03  5.000000E-01  6.925739E-03  1.801397E-03  0.000000E+00  1.491351E-02  2.302093E-03  4.198426E-15 -1.214493E+00  0.000000E+00
  2.051015E-02  7.307442E-03  5.000000E-01  4.347893E-03  1.365335E-03  0.000000E+00  1.699761E-02  3.256572E-03  1.121385E-13 -1.289640E+00  0.000000E+00
  1.247723E-02  5.600082E-03  5.000000E-01  2.641898E-03  1.002734E-03  0.000000E+00  2.278027E-02  5.431975E-03  3.580997E-13 -1.359377E+00  0.000000E+00
  7.055255E-03  4.188281E-03  5.000000E-01  1.490404E-03  7.029018E-04  0.000000E+00  3.686441E-02  1.124440E-02  6.071909E-13 -1.414161E+00  0.000000E+00
  3.418635E-03  2.981994E-03  5.000000E-01  7.180754E-04  4.467162E-04  0.000000E+00  6.355210E-02  2.680293E-02  3.271987E-13 -1.399683E+00  0.000000E+00
  1.108798E-03  1.887283E-03  5.000000E-01  2.275226E-04  2.142265E-04  0.000000E+00  8.054098E-02  6.040806E-02 -7.862480E-13 -1.140538E+00  0.000000E+00
  3.747479E-05  8.785671E-04  5.000000E-01  0.000000E+00  0.000000E+00  0.000000E+00  2.648407E-02  1.096785E-01 -1.854103E-12 -3.687430E-02  0.000000E+00
  3.747479E-05  8.785671E-04  5.000000E-01  0.000000E+00  0.000000E+00  0.000000E+00  2.648407E-02  1.096785E-01 -1.854103E-12 -3.687430E-02  0.000000E+00
  2.534065E-04 -1.213647E-04  5.000000E-01  4.585858E-05 -2.123609E-04  0.000000E+00 -3.599158E-02  8.306619E-02 -1.659246E-12  1.072432E+00  0.000000E+00
  1.848580E-03 -1.155762E-03  5.000000E-01  3.846343E-04 -4.320416E-04  0.000000E+00 -2.979059E-02  1.733758E-02 -7.884502E-13  1.203140E+00  0.000000E+00
  4.867645E-03 -2.226274E-03  5.000000E-01  1.025809E-03 -6.593919E-04  0.000000E+00 -6.285340E-03  2.227912E-03 -2.428623E-13  1.056464E+00  0.000000E+00
  9.380877E-03 -3.381611E-03  5.000000E-01  1.984309E-03 -9.047571E-04  0.000000E+00  6.848200E-03 -1.457571E-03  1.477993E-14  9.724747E-01  0.000000E+00
  1.589077E-02 -4.706973E-03  5.000000E-01  3.366850E-03 -1.186231E-03  0.000000E+00  1.216865E-02 -2.220464E-03  7.755797E-14  8.949222E-01  0.000000E+00
  2.547297E-02 -6.299039E-03  5.000000E-01  5.401873E-03 -1.524347E-03  0.000000E+00  1.338745E-02 -2.021469E-03  5.537491E-14  8.118965E-01  0.000000E+00
  3.989163E-02 -8.258421E-03  5.000000E-01  8.464043E-03 -1.940472E-03  0.000000E+00  1.293094E-02 -1.608655E-03  2.031467E-14  7.305603E-01  0.000000E+00
  6.092142E-02 -1.061674E-02  5.000000E-01  1.293025E-02 -2.441321E-03  0.000000E+00  1.217020E-02 -1.289097E-03  3.375387E-16  6.592527E-01  0.000000E+00
  8.832839E-02 -1.333554E-02  5.000000E-01  1.875082E-02 -3.018727E-03  0.000000E+00  1.167290E-02 -1.129131E-03 -4.287699E-15  6.024390E-01  0.000000E+00
  1.189914E-01 -1.622452E-02  5.000000E-01  2.526288E-02 -3.632275E-03  0.000000E+00  1.153397E-02 -1.081632E-03 -2.573704E-15  5.581515E-01  0.000000E+00
  1.511926E-01 -1.923242E-02  5.000000E-01  3.210163E-02 -4.271079E-03  0.000000E+00  1.167533E-02 -1.097088E-03 -6.562645E-16  5.226601E-01  0.000000E+00
  1.838450E-01 -2.232329E-02  5.000000E-01  3.903620E-02 -4.927503E-03  0.000000E+00  1.197853E-02 -1.137822E-03  7.352787E-17  4.916912E-01  0.000000E+00
  2.165049E-01 -2.544278E-02  5.000000E-01  4.597236E-02 -5.590006E-03  0.000000E+00  1.233176E-02 -1.174893E-03  1.385785E-16  4.625712E-01  0.000000E+00
  2.491496E-01 -2.854952E-02  5.000000E-01  5.290529E-02 -6.249802E-03  0.000000E+00  1.266239E-02 -1.199547E-03  5.860130E-17  4.357859E-01  0.000000E+00
  2.819003E-01 -3.164042E-02  5.000000E-01  5.986073E-02 -6.906234E-03  0.000000E+00  1.293995E-02 -1.216043E-03  8.598888E-18  4.123861E-01  0.000000E+00
  3.147601E-01 -3.471863E-02  5.000000E-01  6.683936E-02 -7.559969E-03  0.000000E+00  1.316077E-02 -1.229011E-03 -4.643544E-18  3.920009E-01  0.000000E+00
  3.477303E-01 -3.779207E-02  5.000000E-01  7.384142E-02 -8.212693E-03  0.000000E+00  1.333463E-02 -1.241109E-03 -3.002608E-18  3.735477E-01  0.000000E+00
  3.807756E-01 -4.086743E-02  5.000000E-01  8.085941E-02 -8.865823E-03  0.000000E+00  1.347334E-02 -1.251935E-03 -9.682115E-19  3.560547E-01  0.000000E+00
  4.138291E-01 -4.393871E-02  5.000000E-01  8.787917E-02 -9.518088E-03  0.000000E+00  1.358383E-02 -1.258287E-03 -6.252845E-19  3.389559E-01  0.000000E+00
  4.468689E-01 -4.699424E-02  5.000000E-01  9.489601E-02 -1.016701E-02  0.000000E+00  1.366988E-02 -1.258591E-03  3.635886E-19  3.223214E-01  0.000000E+00
  4.799091E-01 -5.002675E-02  5.000000E-01  1.019129E-01 -1.081104E-02  0.000000E+00  1.373524E-02 -1.254024E-03 -1.076902E-19  3.065147E-01  0.000000E+00
  5.129612E-01 -5.303242E-02  5.000000E-01  1.089324E-01 -1.144937E-02  0.000000E+00  1.378414E-02 -1.246525E-03  2.780686E-19  2.917048E-01  0.000000E+00
  5.460360E-01 -5.601081E-02  5.000000E-01  1.159567E-01 -1.208191E-02  0.000000E+00  1.382126E-02 -1.237791E-03  4.005643E-19  2.778062E-01  0.000000E+00
  5.791347E-01 -5.896295E-02  5.000000E-01  1.229860E-01 -1.270887E-02  0.000000E+00  1.385129E-02 -1.228860E-03 -3.692228E-19  2.646066E-01  0.000000E+00
  6.122565E-01 -6.189008E-02  5.000000E-01  1.300203E-01 -1.333052E-02  0.000000E+00  1.387869E-02 -1.220280E-03 -7.948210E-19  2.519004E-01  0.000000E+00
  6.454013E-01 -6.479370E-02  5.000000E-01  1.370594E-01 -1.394718E-02  0.000000E+00  1.390775E-02 -1.212596E-03 -1.195152E-18  2.395529E-01  0.000000E+00
  6.785693E-01 -6.767601E-02  5.000000E-01  1.441035E-01 -1.455931E-02  0.000000E+00  1.394227E-02 -1.206303E-03 -6.045651E-19  2.274602E-01  0.000000E+00
  7.117575E-01 -7.053918E-02  5.000000E-01  1.511518E-01 -1.516737E-02  0.000000E+00  1.398455E-02 -1.201257E-03  5.786966E-19  2.154798E-01  0.000000E+00
  7.449560E-01 -7.338294E-02  5.000000E-01  1.582024E-01 -1.577132E-02  0.000000E+00  1.403486E-02 -1.196560E-03  8.651911E-19  2.034558E-01  0.000000E+00
  7.781569E-01 -7.620458E-02  5.000000E-01  1.652534E-01 -1.637057E-02  0.000000E+00  1.409207E-02 -1.191172E-03  5.789601E-19  1.913115E-01  0.000000E+00
  8.113578E-01 -7.900014E-02  5.000000E-01  1.723045E-01 -1.696427E-02  0.000000E+00  1.415446E-02 -1.184384E-03 -2.444056E-19  1.790709E-01  0.000000E+00
  8.445597E-01 -8.176522E-02  5.000000E-01  1.793558E-01 -1.755151E-02  0.000000E+00  1.422012E-02 -1.175780E-03 -1.471015E-18  1.668046E-01  0.000000E+00
  8.777625E-01 -8.449516E-02  5.000000E-01  1.864072E-01 -1.813128E-02  0.000000E+00  1.428659E-02 -1.164824E-03 -1.053448E-18  1.545603E-01  0.000000E+00
  9.109638E-01 -8.718382E-02  5.000000E-01  1.934584E-01 -1.870229E-02  0.000000E+00  1.435081E-02 -1.150887E-03 -8.643628E-21  1.423792E-01  0.000000E+00
  9.441676E-01 -8.982510E-02  5.000000E-01  2.005100E-01 -1.926323E-02  0.000000E+00  1.440972E-02 -1.133578E-03  1.193726E-19  1.303497E-01  0.000000E+00
  9.773746E-01 -9.241272E-02  5.000000E-01  2.075624E-01 -1.981278E-02  0.000000E+00  1.446047E-02 -1.112476E-03 -3.991703E-19  1.185675E-01  0.000000E+00
  1.010583E+00 -9.493911E-02  5.000000E-01  2.146150E-01 -2.034932E-02  0.000000E+00  1.450160E-02 -1.087856E-03  6.637699E-21  1.071707E-01  0.000000E+00
  1.043798E+00 -9.739986E-02  5.000000E-01  2.216690E-01 -2.087192E-02  0.000000E+00  1.453374E-02 -1.061009E-03  2.092145E-20  9.632608E-02  0.000000E+00
  1.077015E+00 -9.979321E-02  5.000000E-01  2.287237E-01 -2.138021E-02  0.000000E+00  1.455824E-02 -1.032943E-03 -5.440376E-19  8.607431E-02  0.000000E+00
  1.110238E+00 -1.021185E-01  5.000000E-01  2.357793E-01 -2.187404E-02  0.000000E+00  1.457603E-02 -1.003914E-03  4.044596E-19  7.633009E-02  0.000000E+00
  1.143462E+00 -1.043742E-01  5.000000E-01  2.428354E-01 -2.235310E-02  0.000000E+00  1.458792E-02 -9.741877E-04  3.905580E-19  6.703026E-02  0.000000E+00
  1.176693E+00 -1.065608E-01  5.000000E-01  2.498927E-01 -2.281747E-02  0.000000E+00  1.459467E-02 -9.441104E-04  3.063883E-20  5.816269E-02  0.000000E+00
  1.209925E+00 -1.086781E-01  5.000000E-01  2.569505E-01 -2.326714E-02  0.000000E+00  1.459631E-02 -9.135976E-04  5.518224E-19  4.969847E-02  0.000000E+00
  1.243158E+00 -1.107253E-01  5.000000E-01  2.640083E-01 -2.370192E-02  0.000000E+00  1.459281E-02 -8.828003E-04 -7.619542E-19  4.165006E-02  0.000000E+00
  1.276395E+00 -1.127035E-01  5.000000E-01  2.710670E-01 -2.412205E-02  0.000000E+00  1.458426E-02 -8.520127E-04 -5.167869E-19  3.404463E-02  0.000000E+00
  1.309630E+00 -1.146130E-01  5.000000E-01  2.781253E-01 -2.452758E-02  0.000000E+00  1.457059E-02 -8.212742E-04  8.507218E-19  2.686617E-02  0.000000E+00
  1.342868E+00 -1.164546E-01  5.000000E-01  2.851842E-01 -2.491868E-02  0.000000E+00  1.455240E-02 -7.910710E-04  6.976050E-19  2.013042E-02  0.000000E+00
  1.376108E+00 -1.182311E-01  5.000000E-01  2.922436E-01 -2.529596E-02  0.000000E+00  1.453051E-02 -7.616986E-04  2.343155E-19  1.381117E-02  0.000000E+00
  1.409347E+00 -1.199439E-01  5.000000E-01  2.993027E-01 -2.565971E-02  0.000000E+00  1.450604E-02 -7.333268E-04  3.294329E-19  7.850441E-03  0.000000E+00
  1.442589E+00 -1.215962E-01  5.000000E-01  3.063625E-01 -2.601063E-02  0.000000E+00  1.448095E-02 -7.064263E-04  5.287181E-19  2.210638E-03  0.000000E+00
  1.475831E+00 -1.231914E-01  5.000000E-01  3.134222E-01 -2.634942E-02  0.000000E+00  1.445763E-02 -6.812374E-04  6.658151E-19 -3.188344E-03  0.000000E+00
  1.509072E+00 -1.247332E-01  5.000000E-01  3.204819E-01 -2.667685E-02  0.000000E+00  1.443874E-02 -6.579288E-04  5.055309E-19 -8.453020E-03  0.000000E+00
  1.542314E+00 -1.262251E-01  5.000000E-01  3.275416E-01 -2.699370E-02  0.000000E+00  1.442710E-02 -6.368687E-04  2.724057E-19 -1.367562E-02  0.000000E+00
  1.575558E+00 -1.276724E-01  5.000000E-01  3.346018E-01 -2.730107E-02  0.000000E+00  1.442422E-02 -6.178015E-04  6.010752E-19 -1.899563E-02  0.000000E+00
  1.608800E+00 -1.290773E-01  5.000000E-01  3.416615E-01 -2.759942E-02  0.000000E+00  1.442945E-02 -5.995996E-04  5.734025E-19 -2.457968E-02  0.000000E+00
  1.642044E+00 -1.304397E-01  5.000000E-01  3.487219E-01 -2.788877E-02  0.000000E+00  1.444105E-02 -5.813469E-04  4.097206E-19 -3.047516E-02  0.000000E+00
  1.675286E+00 -1.317582E-01  5.000000E-01  3.557816E-01 -2.816878E-02  0.000000E+00  1.445715E-02 -5.626058E-04  5.631207E-19 -3.661134E-02  0.000000E+00
  1.708526E+00 -1.330312E-01  5.000000E-01  3.628410E-01 -2.843914E-02  0.000000E+00  1.447597E-02 -5.431675E-04  6.804366E-19 -4.288344E-02  0.000000E+00
  1.741762E+00 -1.342569E-01  5.000000E-01  3.698996E-01 -2.869945E-02  0.000000E+00  1.449575E-02 -5.227353E-04  5.784149E-19 -4.922690E-02  0.000000E+00
  1.774995E+00 -1.354325E-01  5.000000E-01  3.769573E-01 -2.894912E-02  0.000000E+00  1.451542E-02 -5.013896E-04 -7.202881E-20 -5.557104E-02  0.000000E+00
  1.808227E+00 -1.365571E-01  5.000000E-01  3.840150E-01 -2.918795E-02  0.000000E+00  1.453429E-02 -4.792070E-04 -3.905764E-19 -6.187254E-02  0.000000E+00
  1.841453E+00 -1.376281E-01  5.000000E-01  3.910714E-01 -2.941542E-02  0.000000E+00  1.455150E-02 -4.560158E-04  1.473410E-20 -6.812862E-02  0.000000E+00
  1.874678E+00 -1.386439E-01  5.000000E-01  3.981276E-01 -2.963115E-02  0.000000E+00  1.456653E-02 -4.318864E-04  2.598022E-20 -7.430639E-02  0.000000E+00
  1.907900E+00 -1.396026E-01  5.000000E-01  4.051830E-01 -2.983475E-02  0.000000E+00  1.457882E-02 -4.068048E-04 -1.682113E-20 -8.037623E-02  0.000000E+00
  1.941118E+00 -1.405023E-01  5.000000E-01  4.122377E-01 -3.002581E-02  0.000000E+00  1.458780E-02 -3.807381E-04  4.234523E-20 -8.631068E-02  0.000000E+00
  1.974334E+00 -1.413409E-01  5.000000E-01  4.192920E-01 -3.020392E-02  0.000000E+00  1.459322E-02 -3.538910E-04 -2.280044E-19 -9.206105E-02  0.000000E+00
  2.007549E+00 -1.421176E-01  5.000000E-01  4.263460E-01 -3.036887E-02  0.000000E+00  1.459469E-02 -3.263076E-04 -3.802555E-19 -9.760211E-02  0.000000E+00
  2.040760E+00 -1.428305E-01  5.000000E-01  4.333993E-01 -3.052027E-02  0.000000E+00  1.459159E-02 -2.978775E-04 -3.262828E-19 -1.029262E-01  0.000000E+00
  2.073970E+00 -1.434779E-01  5.000000E-01  4.404522E-01 -3.065776E-02  0.000000E+00  1.458371E-02 -2.687600E-04 -3.414287E-19 -1.079913E-01  0.000000E+00
  2.107177E+00 -1.440588E-01  5.000000E-01  4.475046E-01 -3.078114E-02  0.000000E+00  1.457109E-02 -2.390562E-04 -3.393140E-19 -1.127662E-01  0.000000E+00
  2.140379E+00 -1.445717E-01  5.000000E-01  4.545558E-01 -3.089006E-02  0.000000E+00  1.455421E-02 -2.090722E-04 -2.483870E-19 -1.172121E-01  0.000000E+00
  2.173577E+00 -1.450169E-01  5.000000E-01  4.616063E-01 -3.098462E-02  0.000000E+00  1.453349E-02 -1.790053E-04 -8.732612E-20 -1.213183E-01  0.000000E+00
  2.206768E+00 -1.453937E-01  5.000000E-01  4.686553E-01 -3.106464E-02  0.000000E+00  1.450870E-02 -1.487708E-04 -2.663741E-20 -1.251072E-01  0.000000E+00
  2.239954E+00 -1.457019E-01  5.000000E-01  4.757033E-01 -3.113008E-02  0.000000E+00  1.447910E-02 -1.183339E-04 -3.947579E-20 -1.285796E-01  0.000000E+00
  2.273134E+00 -1.459404E-01  5.000000E-01  4.827499E-01 -3.118074E-02  0.000000E+00  1.444340E-02 -8.769218E-05 -2.357526E-20 -1.317088E-01  0.000000E+00
  2.306309E+00 -1.461090E-01  5.000000E-01  4.897953E-01 -3.121654E-02  0.000000E+00  1.440006E-02 -5.685241E-05 -1.446269E-20 -1.344470E-01  0.000000E+00
  2.339476E+00 -1.462066E-01  5.000000E-01  4.968392E-01 -3.123727E-02  0.000000E+00  1.434773E-02 -2.574096E-05 -5.046103E-20 -1.367546E-01  0.000000E+00
  2.372638E+00 -1.462321E-01  5.000000E-01  5.038821E-01 -3.124269E-02  0.000000E+00  1.428685E-02  5.047102E-06 -8.678026E-20 -1.385486E-01  0.000000E+00
  2.405805E+00 -1.461871E-01  5.000000E-01  5.109259E-01 -3.123313E-02  0.000000E+00  1.421995E-02  3.452171E-05 -8.324284E-20 -1.397667E-01  0.000000E+00
  2.438976E+00 -1.460750E-01  5.000000E-01  5.179706E-01 -3.120933E-02  0.000000E+00  1.414994E-02  6.237778E-05 -3.620778E-20 -1.404972E-01  0.000000E+00
  2.472150E+00 -1.458987E-01  5.000000E-01  5.250160E-01 -3.117189E-02  0.000000E+00  1.407974E-02  8.865638E-05 -3.630497E-20 -1.409017E-01  0.000000E+00
  2.505329E+00 -1.456613E-01  5.000000E-01  5.320625E-01 -3.112147E-02  0.000000E+00  1.401262E-02  1.132938E-04 -6.237929E-20 -1.411173E-01  0.000000E+00
  2.538512E+00 -1.453663E-01  5.000000E-01  5.391097E-01 -3.105881E-02  0.000000E+00  1.395173E-02  1.364018E-04  3.976497E-20 -1.412787E-01  0.000000E+00
  2.571700E+00 -1.450165E-01  5.000000E-01  5.461580E-01 -3.098452E-02  0.000000E+00  1.390011E-02  1.579378E-04  1.497831E-19 -1.414910E-01  0.000000E+00
  2.604894E+00 -1.446160E-01  5.000000E-01  5.532074E-01 -3.089948E-02  0.000000E+00  1.385958E-02  1.780668E-04  1.510146E-19 -1.418670E-01  0.000000E+00
  2.638090E+00 -1.441677E-01  5.000000E-01  5.602575E-01 -3.080426E-02  0.000000E+00  1.382932E-02  1.977547E-04  6.272556E-20 -1.425617E-01  0.000000E+00
  2.671292E+00 -1.436709E-01  5.000000E-01  5.673087E-01 -3.069875E-02  0.000000E+00  1.380638E-02  2.181712E-04 -2.094496E-19 -1.436630E-01  0.000000E+00
  2.704497E+00 -1.431225E-01  5.000000E-01  5.743608E-01 -3.058229E-02  0.000000E+00  1.378754E-02  2.398129E-04 -3.977192E-19 -1.450901E-01  0.000000E+00
  2.737708E+00 -1.425197E-01  5.000000E-01  5.814140E-01 -3.045427E-02  0.000000E+00  1.377018E-02  2.626960E-04 -3.916427E-19 -1.466711E-01  0.000000E+00
  2.770923E+00 -1.418593E-01  5.000000E-01  5.884680E-01 -3.031402E-02  0.000000E+00  1.375223E-02  2.868344E-04 -4.230883E-19 -1.482648E-01  0.000000E+00
  2.804143E+00 -1.411381E-01  5.000000E-01  5.955231E-01 -3.016085E-02  0.000000E+00  1.373220E-02  3.121228E-04 -2.843994E-19 -1.497672E-01  0.000000E+00
  2.837367E+00 -1.403532E-01  5.000000E-01  6.025790E-01 -2.999415E-02  0.000000E+00  1.370873E-02  3.385645E-04 -7.048735E-20 -1.511188E-01  0.000000E+00
  2.870594E+00 -1.395010E-01  5.000000E-01  6.096357E-01 -2.981317E-02  0.000000E+00  1.368015E-02  3.662537E-04 -3.735052E-19 -1.522715E-01  0.000000E+00
  2.903823E+00 -1.385781E-01  5.000000E-01  6.166926E-01 -2.961717E-02  0.000000E+00  1.364412E-02  3.954759E-04 -8.915397E-19 -1.531766E-01  0.000000E+00
  2.937051E+00 -1.375788E-01  5.000000E-01  6.237496E-01 -2.940494E-02  0.000000E+00  1.359829E-02  4.261553E-04 -8.423078E-19 -1.537153E-01  0.000000E+00
  2.970283E+00 -1.364992E-01  5.000000E-01  6.308072E-01 -2.917566E-02  0.000000E+00  1.354031E-02  4.579864E-04 -5.866967E-19 -1.537298E-01  0.000000E+00
  3.003515E+00 -1.353346E-01  5.000000E-01  6.378649E-01 -2.892833E-02  0.000000E+00  1.346720E-02  4.908211E-04  1.604701E-19 -1.530914E-01  0.000000E+00
  3.036751E+00 -1.340805E-01  5.000000E-01  6.449232E-01 -2.866198E-02  0.000000E+00  1.337553E-02  5.242370E-04  4.718576E-19 -1.516554E-01  0.000000E+00
  3.069988E+00 -1.327330E-01  5.000000E-01  6.519820E-01 -2.837582E-02  0.000000E+00  1.326131E-02  5.579911E-04  1.505413E-19 -1.493072E-01  0.000000E+00
  3.103226E+00 -1.312869E-01  5.000000E-01  6.590410E-01 -2.806870E-02  0.000000E+00  1.312159E-02  5.915982E-04 -3.771399E-20 -1.458936E-01  0.000000E+00
  3.136469E+00 -1.297390E-01  5.000000E-01  6.661010E-01 -2.773997E-02  0.000000E+00  1.295613E-02  6.243550E-04 -3.558900E-19 -1.412754E-01  0.000000E+00
  3.169712E+00 -1.280860E-01  5.000000E-01  6.731611E-01 -2.738890E-02  0.000000E+00  1.276945E-02  6.544742E-04 -2.424874E-19 -1.353072E-01  0.000000E+00
  3.202960E+00 -1.263338E-01  5.000000E-01  6.802220E-01 -2.701678E-02  0.000000E+00  1.257011E-02  6.799925E-04 -3.208869E-20 -1.279822E-01  0.000000E+00
  3.236210E+00 -1.244916E-01  5.000000E-01  6.872835E-01 -2.662555E-02  0.000000E+00  1.236662E-02  7.005869E-04 -8.258985E-19 -1.196281E-01  0.000000E+00
  3.269464E+00 -1.225694E-01  5.000000E-01  6.943459E-01 -2.621732E-02  0.000000E+00  1.216586E-02  7.167389E-04 -1.551635E-18 -1.107035E-01  0.000000E+00
  3.302721E+00 -1.205765E-01  5.000000E-01  7.014089E-01 -2.579408E-02  0.000000E+00  1.197271E-02  7.291991E-04 -1.367985E-18 -1.016125E-01  0.000000E+00
  3.335981E+00 -1.185216E-01  5.000000E-01  7.084724E-01 -2.535765E-02  0.000000E+00  1.179092E-02  7.384621E-04 -9.782540E-19 -9.258831E-02  0.000000E+00
  3.369247E+00 -1.164132E-01  5.000000E-01  7.155373E-01 -2.490988E-02  0.000000E+00  1.162369E-02  7.448381E-04 -2.903525E-19 -8.373310E-02  0.000000E+00
  3.402518E+00 -1.142612E-01  5.000000E-01  7.226033E-01 -2.445285E-02  0.000000E+00  1.147290E-02  7.489749E-04  6.636852E-20 -7.519346E-02  0.000000E+00
  3.435792E+00 -1.120723E-01  5.000000E-01  7.296699E-01 -2.398799E-02  0.000000E+00  1.133951E-02  7.514308E-04  4.694577E-19 -6.711342E-02  0.000000E+00
  3.469073E+00 -1.098541E-01  5.000000E-01  7.367379E-01 -2.351690E-02  0.000000E+00  1.122432E-02  7.526386E-04  8.332637E-20 -5.958171E-02  0.000000E+00
  3.502353E+00 -1.076125E-01  5.000000E-01  7.438057E-01 -2.304083E-02  0.000000E+00  1.112800E-02  7.530886E-04 -6.189606E-19 -5.268444E-02  0.000000E+00
  3.535630E+00 -1.053532E-01  5.000000E-01  7.508729E-01 -2.256101E-02  0.000000E+00  1.105159E-02  7.532012E-04  5.445639E-19 -4.649276E-02  0.000000E+00
  3.568904E+00 -1.030802E-01  5.000000E-01  7.579395E-01 -2.207828E-02  0.000000E+00  1.099670E-02  7.537333E-04  4.632055E-19 -4.109310E-02  0.000000E+00
  3.602176E+00 -1.007953E-01  5.000000E-01  7.650057E-01 -2.159303E-02  0.000000E+00  1.096591E-02  7.554946E-04 -2.484359E-19 -3.654933E-02  0.000000E+00
  3.635446E+00 -9.849919E-02  5.000000E-01  7.720715E-01 -2.110539E-02  0.000000E+00  1.096169E-02  7.590492E-04  5.059554E-19 -3.292085E-02  0.000000E+00
  3.668713E+00 -9.619126E-02  5.000000E-01  7.791365E-01 -2.061525E-02  0.000000E+00  1.098411E-02  7.644952E-04 -2.538318E-19 -3.021507E-02  0.000000E+00
  3.701976E+00 -9.387175E-02  5.000000E-01  7.862009E-01 -2.012264E-02  0.000000E+00  1.102632E-02  7.728591E-04 -9.606222E-19 -2.843515E-02  0.000000E+00
  3.735241E+00 -9.153235E-02  5.000000E-01  7.932655E-01 -1.962581E-02  0.000000E+00  1.106907E-02  7.883722E-04 -4.156303E-19 -2.776423E-02  0.000000E+00
  3.768500E+00 -8.913856E-02  5.000000E-01  8.003289E-01 -1.911743E-02  0.000000E+00  1.108704E-02  8.142433E-04  1.020231E-18 -2.785914E-02  0.000000E+00
  3.801751E+00 -8.665137E-02  5.000000E-01  8.073904E-01 -1.858921E-02  0.000000E+00  1.106019E-02  8.486521E-04  2.289688E-18 -2.749626E-02  0.000000E+00
  3.834989E+00 -8.403903E-02  5.000000E-01  8.144495E-01 -1.803441E-02  0.000000E+00  1.097737E-02  8.870350E-04  1.706443E-18 -2.537865E-02  0.000000E+00
  3.868211E+00 -8.128276E-02  5.000000E-01  8.215050E-01 -1.744905E-02  0.000000E+00  1.083512E-02  9.253046E-04  1.174469E-18 -2.080935E-02  0.000000E+00
  3.901422E+00 -7.836746E-02  5.000000E-01  8.285582E-01 -1.682991E-02  0.000000E+00  1.063623E-02  9.604948E-04  1.491227E-18 -1.365453E-02  0.000000E+00
  3.934617E+00 -7.528735E-02  5.000000E-01  8.356080E-01 -1.617577E-02  0.000000E+00  1.038833E-02  9.901739E-04  1.138080E-18 -4.028247E-03  0.000000E+00
  3.967800E+00 -7.204165E-02  5.000000E-01  8.426552E-01 -1.548646E-02  0.000000E+00  1.010034E-02  1.012857E-03  9.689046E-20  7.786553E-03  0.000000E+00
  4.000972E+00 -6.863399E-02  5.000000E-01  8.497001E-01 -1.476276E-02  0.000000E+00  9.779881E-03  1.027871E-03 -5.207685E-20  2.150192E-02  0.000000E+00
  4.034139E+00 -6.506990E-02  5.000000E-01  8.567440E-01 -1.400583E-02  0.000000E+00  9.430709E-03  1.035682E-03 -1.018592E-18  3.681582E-02  0.000000E+00
  4.067311E+00 -6.134889E-02  5.000000E-01  8.637890E-01 -1.321558E-02  0.000000E+00  9.052328E-03  1.036704E-03  7.629647E-19  5.352426E-02  0.000000E+00
  4.100488E+00 -5.747091E-02  5.000000E-01  8.708348E-01 -1.239199E-02  0.000000E+00  8.641838E-03  1.030118E-03  2.988071E-18  7.166130E-02  0.000000E+00
  4.133669E+00 -5.343776E-02  5.000000E-01  8.778818E-01 -1.153545E-02  0.000000E+00  8.194813E-03  1.014787E-03  8.381570E-19  9.129579E-02  0.000000E+00
  4.166856E+00 -4.925032E-02  5.000000E-01  8.849299E-01 -1.064614E-02  0.000000E+00  7.707788E-03  9.897466E-04  3.724734E-20  1.124651E-01  0.000000E+00
  4.200049E+00 -4.491146E-02  5.000000E-01  8.919793E-01 -9.724676E-03  0.000000E+00  7.181815E-03  9.545489E-04  3.298803E-19  1.351228E-01  0.000000E+00
  4.233242E+00 -4.042356E-02  5.000000E-01  8.990286E-01 -8.771557E-03  0.000000E+00  6.626797E-03  9.084691E-04 -1.433726E-18  1.592123E-01  0.000000E+00
  4.266405E+00 -3.581060E-02  5.000000E-01  9.060715E-01 -7.791878E-03  0.000000E+00  6.063828E-03  8.500005E-04 -1.005197E-19  1.846614E-01  0.000000E+00
  4.299502E+00 -3.113217E-02  5.000000E-01  9.131007E-01 -6.798294E-03  0.000000E+00  5.521291E-03  7.794995E-04  2.406023E-18  2.110121E-01  0.000000E+00
  4.332522E+00 -2.647796E-02  5.000000E-01  9.201132E-01 -5.809854E-03  0.000000E+00  5.026467E-03  7.014148E-04  1.550080E-18  2.370742E-01  0.000000E+00
  4.365472E+00 -2.193447E-02  5.000000E-01  9.271110E-01 -4.844928E-03  0.000000E+00  4.600789E-03  6.217690E-04  1.545414E-18  2.614763E-01  0.000000E+00
  4.398350E+00 -1.759268E-02  5.000000E-01  9.340935E-01 -3.922839E-03  0.000000E+00  4.261304E-03  5.448906E-04  1.845442E-18  2.834486E-01  0.000000E+00
  4.431155E+00 -1.354612E-02  5.000000E-01  9.410605E-01 -3.063448E-03  0.000000E+00  4.021954E-03  4.727513E-04  8.598112E-19  3.027385E-01  0.000000E+00
  4.463888E+00 -9.899284E-03  5.000000E-01  9.480121E-01 -2.288951E-03  0.000000E+00  3.889857E-03  4.054810E-04 -4.257335E-19  3.189959E-01  0.000000E+00
  4.496579E+00 -6.733693E-03  5.000000E-01  9.549550E-01 -1.616657E-03  0.000000E+00  3.858123E-03  3.416192E-04 -7.533203E-19  3.319276E-01  0.000000E+00
  4.529252E+00 -4.107526E-03  5.000000E-01  9.618939E-01 -1.058924E-03  0.000000E+00  3.896139E-03  2.790832E-04 -3.994908E-19  3.417201E-01  0.000000E+00
  4.561929E+00 -2.047813E-03  5.000000E-01  9.688337E-01 -6.214912E-04  0.000000E+00  3.934600E-03  2.142293E-04 -4.545071E-19  3.474595E-01  0.000000E+00
  4.594574E+00 -5.841318E-04  5.000000E-01  9.757666E-01 -3.106413E-04  0.000000E+00  3.872015E-03  1.366867E-04 -1.075372E-18  3.478269E-01  0.000000E+00
  4.627203E+00  2.570266E-04  5.000000E-01  9.826962E-01 -1.319999E-04  0.000000E+00  3.656694E-03  4.698595E-05 -8.857516E-19  3.511702E-01  0.000000E+00
  4.659162E+00  4.489959E-04  5.000000E-01  9.894836E-01 -9.123036E-05  0.000000E+00  3.331818E-03 -8.061313E-06  9.178475E-19  3.620799E-01  0.000000E+00
  4.689251E+00  3.285063E-05  5.000000E-01  9.958737E-01 -1.796094E-04  0.000000E+00  2.810636E-03 -2.082858E-05  5.394809E-18  3.156690E-01  0.000000E+00
  4.708680E+00 -5.548048E-04  5.000000E-01  1.000000E+00 -3.044130E-04  0.000000E+00  2.005631E-03 -9.581078E-05  5.296799E-18  1.582126E-01  0.000000E+00
    1    2
    2    3
    3    4
    4    5
    5    6
    6    7
    7    8
    8    9
    9   10
   10   11
   11   12
   12   13
   13   14
   14   15
   15   16
   16   17
   17   18
   18   19
   19   20
   20   21
   21   22
   22   23
   23   24
   24   25
   25   26
   26   27
   27   28
   28   29
   29   30
   30   31
   31   32
   32   33
   33   34
   34   35
   35   36
   36   37
   37   38
   38   39
   39   40
   40   41
   41   42
   42   43
   43   44
   44   45
   45   46
   46   47
   47   48
   48   49
   49   50
   50   51
   51   52
   52   53
   53   54
   54   55
   55   56
   56   57
   57   58
   58   59
   59   60
   60   61
   61   62
   62   63
   63   64
   64   65
   65   66
   66   67
   67   68
   68   69
   69   70
   70   71
   71   72
   72   73
   73   74
   74   75
   75   76
   76   77
   77   78
   78   79
   79   80
   80   81
   81   82
   82   83
   83   84
   84   85
   85   86
   86   87
   87   88
   88   89
   89   90
   90   91
   91   92
   92   93
   93   94
   94   95
   95   96
   96   97
   97   98
   98   99
   99  100
  100  101
  101  102
  102  103
  103  104
  104  105
  105  106
  106  107
  107  108
  108  109
  109  110
  110  111
  111  112
  112  113
  113  114
  114  115
  115  116
  116  117
  117  118
  118  119
  119  120
  120  121
  121  122
  122  123
  123  124
  124  125
  125  126
  126  127
  127  128
  128  129
  129  130
  130  131
  131  132
  132  133
  133  134
  134  135
  135  136
  136  137
  137  138
  138  139
  139  140
  140  141
  141  142
  142  143
  143  144
  144  145
  145  146
  146  147
  147  148
  148  149
  149  150
  151  152
  152  153
  153  154
  154  155
  155  156
  156  157
  157  158
  158  159
  159  160
  160  161
  161  162
  162  163
  163  164
  164  165
  165  166
  166  167
  167  168
  168  169
  169  170
  170  171
  171  172
  172  173
  173  174
  174  175
  175  176
  176  177
  177  178
  178  179
  179  180
  180  181
  181  182
  182  183
  183  184
  184  185
  185  186
  186  187
  187  188
  188  189
  189  190
  190  191
  191  192
  192  193
  193  194
  194  195
  195  196
  196  197
  197  198
  198  199
  199  200
  200  201
  201  202
  202  203
  203  204
  204  205
  205  206
  206  207
  207  208
  208  209
  209  210
  210  211
  211  212
  212  213
  213  214
  214  215
  215  216
  216  217
  217  218
  218  219
  219  220
  220  221
  221  222
  222  223
  223  224
  224  225
  225  226
  226  227
  227  228
  228  229
  229  230
  230  231
  231  232
  232  233
  233  234
  234  235
  235  236
  236  237
  237  238
  238  239
  239  240
  240  241
  241  242
  242  243
  243  244
  244  245
  245  246
  246  247
  247  248
  248  249
  249  250
  250  251
  251  252
  252  253
  253  254
  254  255
  255  256
  256  257
  257  258
  258  259
  259  260
  260  261
  261  262
  262  263
  263  264
  264  265
  265  266
  266  267
  267  268
  268  269
  269  270
  270  271
  271  272
  272  273
  273  274
  274  275
  275  276
  276  277
  277  278
  278  279
  279  280
  280  281
  281  282
  282  283
  283  284
  284  285
  285  286
  286  287
  287  288
  288  289
  289  290
  290  291
  291  292
  292  293
  293  294
  294  295
  295  296
  296  297
  297  298
  298  299
  299  300
