 Title = "ADflow Slice Data"
Variables =  "CoordinateX"  "CoordinateY"  "CoordinateZ"  "XoC"  "YoC"  "ZoC" "VelocityX" "VelocityY" "VelocityZ" "CoefPressure" "Mach" 
Zone T= "Slice_0001 None Absolute Regular z = 0.50000000"
 Nodes =          300  Elements=          298  ZONETYPE=FELINESEG
 DATAPACKING=POINT
  4.708680E+00 -5.548122E-04  5.000000E-01  1.000000E+00 -3.044288E-04  0.000000E+00  2.005646E-03 -9.581188E-05  5.762257E-18  1.582138E-01  0.000000E+00
  4.689187E+00  3.083877E-03  5.000000E-01  9.958601E-01  4.683393E-04  0.000000E+00  1.306440E-03 -1.978612E-04  2.053666E-18  6.873550E-02  0.000000E+00
  4.658673E+00  8.689144E-03  5.000000E-01  9.893797E-01  1.658760E-03  0.000000E+00  9.236659E-04 -1.913013E-04  2.095189E-18  9.116487E-02  0.000000E+00
  4.626256E+00  1.452698E-02  5.000000E-01  9.824952E-01  2.898574E-03  0.000000E+00  6.918114E-04 -1.261490E-04 -4.436603E-19  8.680657E-02  0.000000E+00
  4.593146E+00  2.036782E-02  5.000000E-01  9.754635E-01  4.139023E-03  0.000000E+00  6.022581E-04 -9.921831E-05 -2.129512E-18  6.584679E-02  0.000000E+00
  4.560031E+00  2.608756E-02  5.000000E-01  9.684306E-01  5.353757E-03  0.000000E+00  6.491151E-04 -1.104840E-04  1.055941E-18  5.055606E-02  0.000000E+00
  4.526891E+00  3.168949E-02  5.000000E-01  9.613923E-01  6.543469E-03  0.000000E+00  7.859732E-04 -1.326403E-04  3.345302E-18  3.746420E-02  0.000000E+00
  4.493752E+00  3.716738E-02  5.000000E-01  9.543545E-01  7.706837E-03  0.000000E+00  9.788537E-04 -1.597563E-04  2.669293E-18  2.168336E-02  0.000000E+00
  4.460612E+00  4.251646E-02  5.000000E-01  9.473164E-01  8.842851E-03  0.000000E+00  1.207388E-03 -1.919383E-04  1.629871E-18  4.110231E-03  0.000000E+00
  4.427470E+00  4.773258E-02  5.000000E-01  9.402779E-01  9.950627E-03  0.000000E+00  1.451016E-03 -2.249571E-04  9.033607E-19 -1.409551E-02  0.000000E+00
  4.394325E+00  5.280595E-02  5.000000E-01  9.332387E-01  1.102809E-02  0.000000E+00  1.692117E-03 -2.549836E-04 -3.651237E-19 -3.288131E-02  0.000000E+00
  4.361178E+00  5.772919E-02  5.000000E-01  9.261991E-01  1.207366E-02  0.000000E+00  1.921156E-03 -2.805030E-04 -1.326107E-18 -5.229305E-02  0.000000E+00
  4.328027E+00  6.249260E-02  5.000000E-01  9.191586E-01  1.308529E-02  0.000000E+00  2.134823E-03 -3.009043E-04 -2.617426E-19 -7.210072E-02  0.000000E+00
  4.294876E+00  6.708466E-02  5.000000E-01  9.121181E-01  1.406053E-02  0.000000E+00  2.330730E-03 -3.159913E-04  1.136503E-18 -9.185640E-02  0.000000E+00
  4.261727E+00  7.149613E-02  5.000000E-01  9.050782E-01  1.499742E-02  0.000000E+00  2.503031E-03 -3.256917E-04  3.293412E-18 -1.114222E-01  0.000000E+00
  4.228582E+00  7.571815E-02  5.000000E-01  8.980388E-01  1.589407E-02  0.000000E+00  2.642683E-03 -3.291038E-04  3.954695E-18 -1.317905E-01  0.000000E+00
  4.195443E+00  7.973929E-02  5.000000E-01  8.910010E-01  1.674806E-02  0.000000E+00  2.741353E-03 -3.248532E-04  2.448298E-19 -1.543042E-01  0.000000E+00
  4.162308E+00  8.354728E-02  5.000000E-01  8.839639E-01  1.755679E-02  0.000000E+00  2.791666E-03 -3.114720E-04 -6.673526E-19 -1.781029E-01  0.000000E+00
  4.129179E+00  8.713272E-02  5.000000E-01  8.769281E-01  1.831825E-02  0.000000E+00  2.781847E-03 -2.885593E-04  9.301074E-19 -1.983954E-01  0.000000E+00
  4.096054E+00  9.048457E-02  5.000000E-01  8.698932E-01  1.903010E-02  0.000000E+00  2.697464E-03 -2.593232E-04  8.442464E-19 -2.104416E-01  0.000000E+00
  4.062934E+00  9.359472E-02  5.000000E-01  8.628593E-01  1.969062E-02  0.000000E+00  2.555460E-03 -2.305092E-04 -2.977276E-19 -2.196017E-01  0.000000E+00
  4.029817E+00  9.645530E-02  5.000000E-01  8.558262E-01  2.029813E-02  0.000000E+00  2.473369E-03 -2.103649E-04  4.080862E-20 -2.460497E-01  0.000000E+00
  3.996705E+00  9.906066E-02  5.000000E-01  8.487940E-01  2.085145E-02  0.000000E+00  2.726802E-03 -2.109481E-04  1.997857E-19 -3.118370E-01  0.000000E+00
  3.963594E+00  1.014091E-01  5.000000E-01  8.417620E-01  2.135020E-02  0.000000E+00  3.713736E-03 -2.488741E-04  1.108260E-19 -4.188322E-01  0.000000E+00
  3.930486E+00  1.035027E-01  5.000000E-01  8.347306E-01  2.179483E-02  0.000000E+00  5.753021E-03 -3.329199E-04  1.589878E-18 -5.426384E-01  0.000000E+00
  3.897377E+00  1.053470E-01  5.000000E-01  8.276991E-01  2.218651E-02  0.000000E+00  8.732640E-03 -4.422343E-04  2.875113E-18 -6.498164E-01  0.000000E+00
  3.864269E+00  1.069549E-01  5.000000E-01  8.206677E-01  2.252798E-02  0.000000E+00  1.194756E-02 -5.306947E-04  3.760360E-18 -7.193075E-01  0.000000E+00
  3.831161E+00  1.083429E-01  5.000000E-01  8.136366E-01  2.282276E-02  0.000000E+00  1.446897E-02 -5.611642E-04  4.216497E-18 -7.500618E-01  0.000000E+00
  3.798054E+00  1.095367E-01  5.000000E-01  8.066053E-01  2.307630E-02  0.000000E+00  1.578383E-02 -5.323701E-04  3.519206E-18 -7.540346E-01  0.000000E+00
  3.764948E+00  1.105688E-01  5.000000E-01  7.995744E-01  2.329550E-02  0.000000E+00  1.603504E-02 -4.740194E-04  2.002423E-18 -7.451961E-01  0.000000E+00
  3.731842E+00  1.114805E-01  5.000000E-01  7.925435E-01  2.348912E-02  0.000000E+00  1.570796E-02 -4.188398E-04  4.288075E-19 -7.335930E-01  0.000000E+00
  3.698737E+00  1.123223E-01  5.000000E-01  7.855130E-01  2.366789E-02  0.000000E+00  1.524583E-02 -3.818145E-04 -5.102027E-19 -7.242170E-01  0.000000E+00
  3.665634E+00  1.131312E-01  5.000000E-01  7.784827E-01  2.383969E-02  0.000000E+00  1.489119E-02 -3.592327E-04 -8.573057E-19 -7.180560E-01  0.000000E+00
  3.632534E+00  1.139148E-01  5.000000E-01  7.714529E-01  2.400610E-02  0.000000E+00  1.470439E-02 -3.440652E-04 -7.541618E-19 -7.144456E-01  0.000000E+00
  3.599434E+00  1.146760E-01  5.000000E-01  7.644234E-01  2.416777E-02  0.000000E+00  1.464807E-02 -3.335846E-04 -1.329610E-19 -7.126077E-01  0.000000E+00
  3.566334E+00  1.154184E-01  5.000000E-01  7.573938E-01  2.432543E-02  0.000000E+00  1.466411E-02 -3.260217E-04  7.744858E-19 -7.118351E-01  0.000000E+00
  3.533236E+00  1.161440E-01  5.000000E-01  7.503646E-01  2.447952E-02  0.000000E+00  1.470861E-02 -3.197488E-04  1.546909E-18 -7.116100E-01  0.000000E+00
  3.500138E+00  1.168534E-01  5.000000E-01  7.433353E-01  2.463019E-02  0.000000E+00  1.475815E-02 -3.140770E-04  1.802662E-18 -7.116628E-01  0.000000E+00
  3.467038E+00  1.175485E-01  5.000000E-01  7.363057E-01  2.477781E-02  0.000000E+00  1.480515E-02 -3.088245E-04  1.755439E-18 -7.118546E-01  0.000000E+00
  3.433936E+00  1.182301E-01  5.000000E-01  7.292757E-01  2.492256E-02  0.000000E+00  1.485019E-02 -3.036032E-04  1.788932E-18 -7.120746E-01  0.000000E+00
  3.400832E+00  1.188977E-01  5.000000E-01  7.222453E-01  2.506435E-02  0.000000E+00  1.489547E-02 -2.980750E-04  1.824274E-18 -7.122435E-01  0.000000E+00
  3.367728E+00  1.195506E-01  5.000000E-01  7.152146E-01  2.520302E-02  0.000000E+00  1.494232E-02 -2.918293E-04  1.669294E-18 -7.122723E-01  0.000000E+00
  3.334620E+00  1.201866E-01  5.000000E-01  7.081834E-01  2.533807E-02  0.000000E+00  1.499041E-02 -2.844124E-04  1.331015E-18 -7.120582E-01  0.000000E+00
  3.301512E+00  1.208026E-01  5.000000E-01  7.011520E-01  2.546890E-02  0.000000E+00  1.503781E-02 -2.754079E-04  1.003214E-18 -7.115124E-01  0.000000E+00
  3.268401E+00  1.213950E-01  5.000000E-01  6.941201E-01  2.559471E-02  0.000000E+00  1.508200E-02 -2.643209E-04  9.688482E-19 -7.105296E-01  0.000000E+00
  3.235290E+00  1.219589E-01  5.000000E-01  6.870881E-01  2.571447E-02  0.000000E+00  1.512031E-02 -2.506497E-04  1.216695E-18 -7.089821E-01  0.000000E+00
  3.202177E+00  1.224885E-01  5.000000E-01  6.800557E-01  2.582694E-02  0.000000E+00  1.514985E-02 -2.340969E-04  1.489796E-18 -7.067718E-01  0.000000E+00
  3.169063E+00  1.229780E-01  5.000000E-01  6.730231E-01  2.593091E-02  0.000000E+00  1.516824E-02 -2.144556E-04  1.829150E-18 -7.038503E-01  0.000000E+00
  3.135947E+00  1.234208E-01  5.000000E-01  6.659902E-01  2.602494E-02  0.000000E+00  1.517391E-02 -1.920902E-04  2.333064E-18 -7.002870E-01  0.000000E+00
  3.102831E+00  1.238121E-01  5.000000E-01  6.589571E-01  2.610805E-02  0.000000E+00  1.516604E-02 -1.687418E-04  2.666260E-18 -6.963458E-01  0.000000E+00
  3.069714E+00  1.241531E-01  5.000000E-01  6.519238E-01  2.618047E-02  0.000000E+00  1.514676E-02 -1.460345E-04  2.656833E-18 -6.923258E-01  0.000000E+00
  3.036593E+00  1.244461E-01  5.000000E-01  6.448898E-01  2.624270E-02  0.000000E+00  1.512108E-02 -1.243436E-04  2.308700E-18 -6.884034E-01  0.000000E+00
  3.003475E+00  1.246933E-01  5.000000E-01  6.378564E-01  2.629520E-02  0.000000E+00  1.509420E-02 -1.034346E-04  1.722758E-18 -6.846426E-01  0.000000E+00
  2.970356E+00  1.248956E-01  5.000000E-01  6.308226E-01  2.633815E-02  0.000000E+00  1.506907E-02 -8.339331E-05  9.997850E-19 -6.810897E-01  0.000000E+00
  2.937236E+00  1.250554E-01  5.000000E-01  6.237888E-01  2.637210E-02  0.000000E+00  1.504688E-02 -6.433907E-05  3.822279E-19 -6.777729E-01  0.000000E+00
  2.904117E+00  1.251744E-01  5.000000E-01  6.167550E-01  2.639736E-02  0.000000E+00  1.502805E-02 -4.612883E-05  8.067476E-20 -6.746856E-01  0.000000E+00
  2.870996E+00  1.252543E-01  5.000000E-01  6.097211E-01  2.641434E-02  0.000000E+00  1.501237E-02 -2.877415E-05 -2.317382E-20 -6.718296E-01  0.000000E+00
  2.837877E+00  1.252970E-01  5.000000E-01  6.026873E-01  2.642340E-02  0.000000E+00  1.499970E-02 -1.219891E-05 -6.084117E-20 -6.691922E-01  0.000000E+00
  2.804757E+00  1.253038E-01  5.000000E-01  5.956535E-01  2.642484E-02  0.000000E+00  1.498988E-02  3.610739E-06  6.185029E-21 -6.667655E-01  0.000000E+00
  2.771639E+00  1.252767E-01  5.000000E-01  5.886200E-01  2.641908E-02  0.000000E+00  1.498297E-02  1.883363E-05  1.891484E-19 -6.645270E-01  0.000000E+00
  2.738522E+00  1.252162E-01  5.000000E-01  5.815867E-01  2.640624E-02  0.000000E+00  1.497889E-02  3.350055E-05  4.075489E-19 -6.624698E-01  0.000000E+00
  2.705406E+00  1.251241E-01  5.000000E-01  5.745537E-01  2.638669E-02  0.000000E+00  1.497759E-02  4.754217E-05  5.860834E-19 -6.605980E-01  0.000000E+00
  2.672292E+00  1.250016E-01  5.000000E-01  5.675211E-01  2.636066E-02  0.000000E+00  1.497923E-02  6.104410E-05  6.909465E-19 -6.589056E-01  0.000000E+00
  2.639177E+00  1.248498E-01  5.000000E-01  5.604885E-01  2.632843E-02  0.000000E+00  1.498384E-02  7.400745E-05  6.666127E-19 -6.573876E-01  0.000000E+00
  2.606068E+00  1.246701E-01  5.000000E-01  5.534568E-01  2.629027E-02  0.000000E+00  1.499146E-02  8.670820E-05  5.036667E-19 -6.559970E-01  0.000000E+00
  2.572958E+00  1.244624E-01  5.000000E-01  5.464251E-01  2.624616E-02  0.000000E+00  1.500162E-02  9.942458E-05  3.607359E-19 -6.546720E-01  0.000000E+00
  2.539852E+00  1.242269E-01  5.000000E-01  5.393941E-01  2.619614E-02  0.000000E+00  1.501336E-02  1.125309E-04  2.685317E-19 -6.533273E-01  0.000000E+00
  2.506749E+00  1.239619E-01  5.000000E-01  5.323639E-01  2.613985E-02  0.000000E+00  1.502516E-02  1.262913E-04  2.172087E-19 -6.518903E-01  0.000000E+00
  2.473650E+00  1.236661E-01  5.000000E-01  5.253345E-01  2.607705E-02  0.000000E+00  1.503499E-02  1.406104E-04  2.517924E-19 -6.503391E-01  0.000000E+00
  2.440554E+00  1.233384E-01  5.000000E-01  5.183056E-01  2.600744E-02  0.000000E+00  1.504124E-02  1.552822E-04  1.727370E-19 -6.486760E-01  0.000000E+00
  2.407460E+00  1.229784E-01  5.000000E-01  5.112774E-01  2.593100E-02  0.000000E+00  1.504332E-02  1.703762E-04  8.780993E-20 -6.468882E-01  0.000000E+00
  2.374373E+00  1.225846E-01  5.000000E-01  5.042504E-01  2.584737E-02  0.000000E+00  1.504117E-02  1.860062E-04  1.739455E-19 -6.449812E-01  0.000000E+00
  2.341286E+00  1.221558E-01  5.000000E-01  4.972236E-01  2.575629E-02  0.000000E+00  1.503463E-02  2.015040E-04  1.083730E-19 -6.430741E-01  0.000000E+00
  2.308194E+00  1.216932E-01  5.000000E-01  4.901958E-01  2.565805E-02  0.000000E+00  1.502475E-02  2.160020E-04 -5.866469E-20 -6.413393E-01  0.000000E+00
  2.275097E+00  1.211998E-01  5.000000E-01  4.831667E-01  2.555325E-02  0.000000E+00  1.501451E-02  2.290940E-04  5.476610E-21 -6.399166E-01  0.000000E+00
  2.241991E+00  1.206786E-01  5.000000E-01  4.761359E-01  2.544257E-02  0.000000E+00  1.500765E-02  2.407175E-04  5.650470E-20 -6.388963E-01  0.000000E+00
  2.208879E+00  1.201332E-01  5.000000E-01  4.691038E-01  2.532674E-02  0.000000E+00  1.500755E-02  2.509845E-04 -1.719564E-19 -6.383222E-01  0.000000E+00
  2.175760E+00  1.195666E-01  5.000000E-01  4.620701E-01  2.520640E-02  0.000000E+00  1.501643E-02  2.600194E-04 -2.751798E-19 -6.382078E-01  0.000000E+00
  2.142637E+00  1.189817E-01  5.000000E-01  4.550354E-01  2.508220E-02  0.000000E+00  1.503525E-02  2.679288E-04 -3.084887E-19 -6.385396E-01  0.000000E+00
  2.109507E+00  1.183814E-01  5.000000E-01  4.479994E-01  2.495469E-02  0.000000E+00  1.506392E-02  2.748671E-04 -3.227194E-19 -6.392602E-01  0.000000E+00
  2.076374E+00  1.177682E-01  5.000000E-01  4.409628E-01  2.482447E-02  0.000000E+00  1.510188E-02  2.816330E-04 -1.314284E-19 -6.402068E-01  0.000000E+00
  2.043241E+00  1.171413E-01  5.000000E-01  4.339262E-01  2.469133E-02  0.000000E+00  1.514726E-02  2.892161E-04  3.608107E-20 -6.411722E-01  0.000000E+00
  2.010106E+00  1.164986E-01  5.000000E-01  4.268892E-01  2.455483E-02  0.000000E+00  1.519648E-02  2.978978E-04 -2.773050E-19 -6.420160E-01  0.000000E+00
  1.976970E+00  1.158378E-01  5.000000E-01  4.198519E-01  2.441451E-02  0.000000E+00  1.524590E-02  3.077454E-04 -7.049147E-19 -6.426442E-01  0.000000E+00
  1.943835E+00  1.151565E-01  5.000000E-01  4.128148E-01  2.426981E-02  0.000000E+00  1.529279E-02  3.188247E-04 -6.990790E-19 -6.430028E-01  0.000000E+00
  1.910699E+00  1.144518E-01  5.000000E-01  4.057776E-01  2.412014E-02  0.000000E+00  1.533531E-02  3.309460E-04 -8.319890E-19 -6.430969E-01  0.000000E+00
  1.877561E+00  1.137219E-01  5.000000E-01  3.987399E-01  2.396513E-02  0.000000E+00  1.537297E-02  3.440134E-04 -8.980631E-19 -6.429456E-01  0.000000E+00
  1.844424E+00  1.129643E-01  5.000000E-01  3.917024E-01  2.380423E-02  0.000000E+00  1.540609E-02  3.579599E-04 -9.289279E-19 -6.425789E-01  0.000000E+00
  1.811282E+00  1.121773E-01  5.000000E-01  3.846638E-01  2.363710E-02  0.000000E+00  1.543514E-02  3.724996E-04 -1.132860E-18 -6.420517E-01  0.000000E+00
  1.778139E+00  1.113601E-01  5.000000E-01  3.776250E-01  2.346355E-02  0.000000E+00  1.546105E-02  3.876743E-04 -1.347678E-18 -6.413836E-01  0.000000E+00
  1.744992E+00  1.105106E-01  5.000000E-01  3.705854E-01  2.328314E-02  0.000000E+00  1.548436E-02  4.034832E-04 -9.936609E-19 -6.405916E-01  0.000000E+00
  1.711843E+00  1.096281E-01  5.000000E-01  3.635455E-01  2.309571E-02  0.000000E+00  1.550516E-02  4.199364E-04 -6.385346E-19 -6.396831E-01  0.000000E+00
  1.678692E+00  1.087104E-01  5.000000E-01  3.565049E-01  2.290082E-02  0.000000E+00  1.552310E-02  4.370065E-04 -1.006408E-18 -6.386555E-01  0.000000E+00
  1.645539E+00  1.077569E-01  5.000000E-01  3.494640E-01  2.269832E-02  0.000000E+00  1.553766E-02  4.547797E-04 -1.138156E-18 -6.374808E-01  0.000000E+00
  1.612385E+00  1.067652E-01  5.000000E-01  3.424231E-01  2.248770E-02  0.000000E+00  1.554838E-02  4.735587E-04 -7.653817E-19 -6.361070E-01  0.000000E+00
  1.579236E+00  1.057332E-01  5.000000E-01  3.353830E-01  2.226854E-02  0.000000E+00  1.555463E-02  4.934981E-04 -3.396940E-19 -6.345266E-01  0.000000E+00
  1.546090E+00  1.046575E-01  5.000000E-01  3.283435E-01  2.204007E-02  0.000000E+00  1.555544E-02  5.137171E-04 -1.400314E-19 -6.328903E-01  0.000000E+00
  1.512946E+00  1.035393E-01  5.000000E-01  3.213046E-01  2.180260E-02  0.000000E+00  1.555123E-02  5.328321E-04  1.264368E-19 -6.314470E-01  0.000000E+00
  1.479807E+00  1.023817E-01  5.000000E-01  3.142666E-01  2.155677E-02  0.000000E+00  1.554545E-02  5.505813E-04  5.149066E-19 -6.303517E-01  0.000000E+00
  1.446672E+00  1.011874E-01  5.000000E-01  3.072296E-01  2.130311E-02  0.000000E+00  1.554217E-02  5.671156E-04  5.173265E-19 -6.296902E-01  0.000000E+00
  1.413540E+00  9.995910E-02  5.000000E-01  3.001932E-01  2.104226E-02  0.000000E+00  1.554454E-02  5.826279E-04  3.956028E-19 -6.294913E-01  0.000000E+00
  1.380413E+00  9.869936E-02  5.000000E-01  2.931579E-01  2.077472E-02  0.000000E+00  1.555430E-02  5.974895E-04  2.013390E-19 -6.297211E-01  0.000000E+00
  1.347294E+00  9.740986E-02  5.000000E-01  2.861242E-01  2.050086E-02  0.000000E+00  1.557156E-02  6.119893E-04  5.284937E-20 -6.303269E-01  0.000000E+00
  1.314179E+00  9.609171E-02  5.000000E-01  2.790914E-01  2.022092E-02  0.000000E+00  1.559534E-02  6.261824E-04  8.055611E-20 -6.312677E-01  0.000000E+00
  1.281074E+00  9.474648E-02  5.000000E-01  2.720606E-01  1.993522E-02  0.000000E+00  1.562455E-02  6.402358E-04 -3.876960E-19 -6.324975E-01  0.000000E+00
  1.247974E+00  9.337431E-02  5.000000E-01  2.650310E-01  1.964381E-02  0.000000E+00  1.565812E-02  6.541427E-04 -7.947062E-19 -6.339966E-01  0.000000E+00
  1.214880E+00  9.197656E-02  5.000000E-01  2.580028E-01  1.934696E-02  0.000000E+00  1.569544E-02  6.679309E-04 -7.770383E-19 -6.357466E-01  0.000000E+00
  1.181795E+00  9.055353E-02  5.000000E-01  2.509763E-01  1.904474E-02  0.000000E+00  1.573649E-02  6.818775E-04 -2.603986E-19 -6.377118E-01  0.000000E+00
  1.148718E+00  8.910514E-02  5.000000E-01  2.439516E-01  1.873714E-02  0.000000E+00  1.578104E-02  6.958953E-04 -5.306408E-20 -6.398986E-01  0.000000E+00
  1.115646E+00  8.763195E-02  5.000000E-01  2.369279E-01  1.842427E-02  0.000000E+00  1.582915E-02  7.098590E-04  1.825869E-19 -6.423259E-01  0.000000E+00
  1.082583E+00  8.613471E-02  5.000000E-01  2.299061E-01  1.810630E-02  0.000000E+00  1.588148E-02  7.238852E-04  5.695168E-19 -6.449990E-01  0.000000E+00
  1.049524E+00  8.461346E-02  5.000000E-01  2.228852E-01  1.778322E-02  0.000000E+00  1.593869E-02  7.380232E-04  2.716269E-19 -6.479312E-01  0.000000E+00
  1.016475E+00  8.306903E-02  5.000000E-01  2.158664E-01  1.745522E-02  0.000000E+00  1.600134E-02  7.523511E-04  1.923876E-19 -6.511263E-01  0.000000E+00
  9.834318E-01  8.150117E-02  5.000000E-01  2.088488E-01  1.712225E-02  0.000000E+00  1.606966E-02  7.669953E-04 -3.465212E-20 -6.545643E-01  0.000000E+00
  9.503976E-01  7.991045E-02  5.000000E-01  2.018331E-01  1.678442E-02  0.000000E+00  1.614377E-02  7.825412E-04 -2.539697E-19 -6.581488E-01  0.000000E+00
  9.173728E-01  7.829444E-02  5.000000E-01  1.948195E-01  1.644121E-02  0.000000E+00  1.622283E-02  7.997554E-04 -4.763665E-19 -6.617353E-01  0.000000E+00
  8.843598E-01  7.665029E-02  5.000000E-01  1.878083E-01  1.609204E-02  0.000000E+00  1.630459E-02  8.191321E-04 -8.077267E-19 -6.651936E-01  0.000000E+00
  8.513623E-01  7.497356E-02  5.000000E-01  1.808005E-01  1.573594E-02  0.000000E+00  1.638619E-02  8.410519E-04 -6.132466E-19 -6.684221E-01  0.000000E+00
  8.183794E-01  7.325913E-02  5.000000E-01  1.737957E-01  1.537184E-02  0.000000E+00  1.646462E-02  8.654926E-04 -1.683225E-19 -6.713987E-01  0.000000E+00
  7.854121E-01  7.150211E-02  5.000000E-01  1.667943E-01  1.499869E-02  0.000000E+00  1.653780E-02  8.922602E-04  1.745667E-20 -6.741620E-01  0.000000E+00
  7.524593E-01  6.969781E-02  5.000000E-01  1.597959E-01  1.461550E-02  0.000000E+00  1.660495E-02  9.211348E-04 -1.447286E-19 -6.767791E-01  0.000000E+00
  7.195226E-01  6.784219E-02  5.000000E-01  1.528010E-01  1.422141E-02  0.000000E+00  1.666631E-02  9.521445E-04 -3.910350E-19 -6.792965E-01  0.000000E+00
  6.866079E-01  6.593098E-02  5.000000E-01  1.458107E-01  1.381552E-02  0.000000E+00  1.672228E-02  9.856926E-04 -7.681529E-19 -6.817143E-01  0.000000E+00
  6.537221E-01  6.395892E-02  5.000000E-01  1.388265E-01  1.339670E-02  0.000000E+00  1.677214E-02  1.022146E-03 -7.407337E-21 -6.840244E-01  0.000000E+00
  6.208691E-01  6.192003E-02  5.000000E-01  1.318494E-01  1.296369E-02  0.000000E+00  1.681372E-02  1.061504E-03  3.596005E-19 -6.862671E-01  0.000000E+00
  5.880524E-01  5.980834E-02  5.000000E-01  1.248799E-01  1.251522E-02  0.000000E+00  1.684414E-02  1.103318E-03 -2.080035E-18 -6.885620E-01  0.000000E+00
  5.552711E-01  5.761851E-02  5.000000E-01  1.179180E-01  1.205016E-02  0.000000E+00  1.686097E-02  1.146851E-03 -3.429787E-18 -6.911030E-01  0.000000E+00
  5.225283E-01  5.534680E-02  5.000000E-01  1.109642E-01  1.156770E-02  0.000000E+00  1.686313E-02  1.191576E-03 -2.944687E-18 -6.941212E-01  0.000000E+00
  4.898261E-01  5.298938E-02  5.000000E-01  1.040191E-01  1.106704E-02  0.000000E+00  1.685014E-02  1.236882E-03 -3.552057E-18 -6.979224E-01  0.000000E+00
  4.571624E-01  5.054382E-02  5.000000E-01  9.708209E-02  1.054766E-02  0.000000E+00  1.682121E-02  1.281704E-03 -4.124137E-18 -7.029249E-01  0.000000E+00
  4.245350E-01  4.800942E-02  5.000000E-01  9.015283E-02  1.000942E-02  0.000000E+00  1.677504E-02  1.324630E-03 -3.203249E-18 -7.096136E-01  0.000000E+00
  3.919369E-01  4.538790E-02  5.000000E-01  8.322981E-02  9.452675E-03  0.000000E+00  1.670922E-02  1.364383E-03 -1.644396E-18 -7.183956E-01  0.000000E+00
  3.593832E-01  4.268397E-02  5.000000E-01  7.631621E-02  8.878426E-03  0.000000E+00  1.661887E-02  1.400999E-03 -2.778348E-18 -7.293769E-01  0.000000E+00
  3.269046E-01  3.990060E-02  5.000000E-01  6.941854E-02  8.287306E-03  0.000000E+00  1.649324E-02  1.436203E-03 -1.068571E-17 -7.423161E-01  0.000000E+00
  2.945750E-01  3.703684E-02  5.000000E-01  6.255253E-02  7.679114E-03  0.000000E+00  1.631247E-02  1.471590E-03 -2.036794E-17 -7.569789E-01  0.000000E+00
  2.624265E-01  3.408024E-02  5.000000E-01  5.572497E-02  7.051206E-03  0.000000E+00  1.604946E-02  1.503678E-03 -6.549350E-18 -7.739313E-01  0.000000E+00
  2.304268E-01  3.102261E-02  5.000000E-01  4.892903E-02  6.401840E-03  0.000000E+00  1.568930E-02  1.526004E-03  9.154021E-17 -7.947367E-01  0.000000E+00
  1.986088E-01  2.786995E-02  5.000000E-01  4.217167E-02  5.732293E-03  0.000000E+00  1.525093E-02  1.534336E-03  3.440722E-16 -8.218746E-01  0.000000E+00
  1.669282E-01  2.462489E-02  5.000000E-01  3.544349E-02  5.043122E-03  0.000000E+00  1.478307E-02  1.519249E-03  6.557310E-16 -8.596379E-01  0.000000E+00
  1.350509E-01  2.132240E-02  5.000000E-01  2.867354E-02  4.341754E-03  0.000000E+00  1.438913E-02  1.496051E-03  3.391650E-16 -9.106681E-01  0.000000E+00
  1.043791E-01  1.812411E-02  5.000000E-01  2.215959E-02  3.662515E-03  0.000000E+00  1.421404E-02  1.535295E-03 -2.358108E-15 -9.719702E-01  0.000000E+00
  7.632629E-02  1.498405E-02  5.000000E-01  1.620187E-02  2.995643E-03  0.000000E+00  1.423552E-02  1.660576E-03 -9.285411E-15 -1.044333E+00  0.000000E+00
  5.118571E-02  1.190293E-02  5.000000E-01  1.086263E-02  2.341290E-03  0.000000E+00  1.434293E-02  1.867119E-03 -1.604003E-14 -1.129425E+00  0.000000E+00
  3.264831E-02  9.361068E-03  5.000000E-01  6.925739E-03  1.801460E-03  0.000000E+00  1.491449E-02  2.302349E-03  4.198132E-15 -1.214461E+00  0.000000E+00
  2.051015E-02  7.307717E-03  5.000000E-01  4.347893E-03  1.365379E-03  0.000000E+00  1.699862E-02  3.256904E-03  1.121110E-13 -1.289605E+00  0.000000E+00
  1.247723E-02  5.600288E-03  5.000000E-01  2.641898E-03  1.002763E-03  0.000000E+00  2.278104E-02  5.432365E-03  3.580063E-13 -1.359341E+00  0.000000E+00
  7.055255E-03  4.188433E-03  5.000000E-01  1.490404E-03  7.029198E-04  0.000000E+00  3.686458E-02  1.124484E-02  6.070206E-13 -1.414125E+00  0.000000E+00
  3.418635E-03  2.982105E-03  5.000000E-01  7.180754E-04  4.467255E-04  0.000000E+00  6.355161E-02  2.680346E-02  3.270633E-13 -1.399649E+00  0.000000E+00
  1.108798E-03  1.887365E-03  5.000000E-01  2.275226E-04  2.142297E-04  0.000000E+00  8.054033E-02  6.040858E-02 -7.861928E-13 -1.140502E+00  0.000000E+00
  3.747479E-05  8.786343E-04  5.000000E-01  0.000000E+00  0.000000E+00  0.000000E+00  2.648395E-02  1.096780E-01 -1.853907E-12 -3.683497E-02  0.000000E+00
  3.747479E-05  8.786343E-04  5.000000E-01  0.000000E+00  0.000000E+00  0.000000E+00  2.648395E-02  1.096780E-01 -1.853907E-12 -3.683497E-02  0.000000E+00
  2.534065E-04 -1.212954E-04  5.000000E-01  4.585858E-05 -2.123605E-04  0.000000E+00 -3.599024E-02  8.306433E-02 -1.659098E-12  1.072460E+00  0.000000E+00
  1.848580E-03 -1.155670E-03  5.000000E-01  3.846343E-04 -4.320362E-04  0.000000E+00 -2.978822E-02  1.733593E-02 -7.883975E-13  1.203141E+00  0.000000E+00
  4.867645E-03 -2.226133E-03  5.000000E-01  1.025809E-03 -6.593763E-04  0.000000E+00 -6.283389E-03  2.227195E-03 -2.428507E-13  1.056449E+00  0.000000E+00
  9.380877E-03 -3.381394E-03  5.000000E-01  1.984309E-03 -9.047254E-04  0.000000E+00  6.849484E-03 -1.457752E-03  1.477637E-14  9.724541E-01  0.000000E+00
  1.589077E-02 -4.706640E-03  5.000000E-01  3.366850E-03 -1.186175E-03  0.000000E+00  1.216943E-02 -2.220388E-03  7.754954E-14  8.949002E-01  0.000000E+00
  2.547297E-02 -6.298526E-03  5.000000E-01  5.401873E-03 -1.524252E-03  0.000000E+00  1.338791E-02 -2.021284E-03  5.536770E-14  8.118749E-01  0.000000E+00
  3.989163E-02 -8.257626E-03  5.000000E-01  8.464043E-03 -1.940317E-03  0.000000E+00  1.293120E-02 -1.608433E-03  2.031283E-14  7.305406E-01  0.000000E+00
  6.092142E-02 -1.061553E-02  5.000000E-01  1.293025E-02 -2.441077E-03  0.000000E+00  1.217034E-02 -1.288868E-03  3.371549E-16  6.592363E-01  0.000000E+00
  8.832839E-02 -1.333378E-02  5.000000E-01  1.875082E-02 -3.018367E-03  0.000000E+00  1.167295E-02 -1.128903E-03 -4.289697E-15  6.024272E-01  0.000000E+00
  1.189914E-01 -1.622214E-02  5.000000E-01  2.526288E-02 -3.631785E-03  0.000000E+00  1.153394E-02 -1.081402E-03 -2.574430E-15  5.581444E-01  0.000000E+00
  1.511926E-01 -1.922941E-02  5.000000E-01  3.210163E-02 -4.270455E-03  0.000000E+00  1.167523E-02 -1.096853E-03 -6.560332E-16  5.226574E-01  0.000000E+00
  1.838450E-01 -2.231965E-02  5.000000E-01  3.903620E-02 -4.926746E-03  0.000000E+00  1.197837E-02 -1.137581E-03  7.311223E-17  4.916928E-01  0.000000E+00
  2.165049E-01 -2.543854E-02  5.000000E-01  4.597236E-02 -5.589121E-03  0.000000E+00  1.233154E-02 -1.174648E-03  1.382501E-16  4.625769E-01  0.000000E+00
  2.491496E-01 -2.854470E-02  5.000000E-01  5.290529E-02 -6.248793E-03  0.000000E+00  1.266211E-02 -1.199301E-03  5.857795E-17  4.357957E-01  0.000000E+00
  2.819003E-01 -3.163505E-02  5.000000E-01  5.986073E-02 -6.905108E-03  0.000000E+00  1.293962E-02 -1.215800E-03  8.993383E-18  4.123997E-01  0.000000E+00
  3.147601E-01 -3.471274E-02  5.000000E-01  6.683936E-02 -7.558732E-03  0.000000E+00  1.316038E-02 -1.228774E-03 -3.098737E-18  3.920181E-01  0.000000E+00
  3.477303E-01 -3.778569E-02  5.000000E-01  7.384142E-02 -8.211353E-03  0.000000E+00  1.333420E-02 -1.240880E-03 -2.657287E-18  3.735684E-01  0.000000E+00
  3.807756E-01 -4.086060E-02  5.000000E-01  8.085941E-02 -8.864388E-03  0.000000E+00  1.347287E-02 -1.251716E-03 -9.728589E-19  3.560787E-01  0.000000E+00
  4.138291E-01 -4.393147E-02  5.000000E-01  8.787917E-02 -9.516566E-03  0.000000E+00  1.358332E-02 -1.258081E-03  1.952413E-20  3.389832E-01  0.000000E+00
  4.468689E-01 -4.698663E-02  5.000000E-01  9.489601E-02 -1.016541E-02  0.000000E+00  1.366935E-02 -1.258399E-03  3.776301E-20  3.223518E-01  0.000000E+00
  4.799091E-01 -5.001882E-02  5.000000E-01  1.019129E-01 -1.080937E-02  0.000000E+00  1.373468E-02 -1.253849E-03  1.157033E-19  3.065479E-01  0.000000E+00
  5.129612E-01 -5.302422E-02  5.000000E-01  1.089324E-01 -1.144764E-02  0.000000E+00  1.378356E-02 -1.246369E-03 -8.365168E-20  2.917406E-01  0.000000E+00
  5.460360E-01 -5.600239E-02  5.000000E-01  1.159567E-01 -1.208013E-02  0.000000E+00  1.382066E-02 -1.237654E-03  8.127875E-19  2.778442E-01  0.000000E+00
  5.791347E-01 -5.895435E-02  5.000000E-01  1.229860E-01 -1.270706E-02  0.000000E+00  1.385069E-02 -1.228746E-03  5.621565E-19  2.646467E-01  0.000000E+00
  6.122565E-01 -6.188137E-02  5.000000E-01  1.300203E-01 -1.332868E-02  0.000000E+00  1.387809E-02 -1.220187E-03 -1.598475E-18  2.519420E-01  0.000000E+00
  6.454013E-01 -6.478492E-02  5.000000E-01  1.370594E-01 -1.394532E-02  0.000000E+00  1.390716E-02 -1.212527E-03 -9.779916E-19  2.395958E-01  0.000000E+00
  6.785693E-01 -6.766721E-02  5.000000E-01  1.441035E-01 -1.455745E-02  0.000000E+00  1.394170E-02 -1.206259E-03  1.104056E-18  2.275038E-01  0.000000E+00
  7.117575E-01 -7.053042E-02  5.000000E-01  1.511518E-01 -1.516553E-02  0.000000E+00  1.398400E-02 -1.201239E-03  6.816928E-19  2.155238E-01  0.000000E+00
  7.449560E-01 -7.337427E-02  5.000000E-01  1.582024E-01 -1.576949E-02  0.000000E+00  1.403435E-02 -1.196567E-03 -4.333921E-19  2.034996E-01  0.000000E+00
  7.781569E-01 -7.619605E-02  5.000000E-01  1.652534E-01 -1.636877E-02  0.000000E+00  1.409160E-02 -1.191205E-03  7.855003E-20  1.913546E-01  0.000000E+00
  8.113578E-01 -7.899181E-02  5.000000E-01  1.723045E-01 -1.696252E-02  0.000000E+00  1.415405E-02 -1.184442E-03  1.701831E-18  1.791127E-01  0.000000E+00
  8.445597E-01 -8.175713E-02  5.000000E-01  1.793558E-01 -1.754981E-02  0.000000E+00  1.421978E-02 -1.175863E-03  1.934106E-18  1.668444E-01  0.000000E+00
  8.777625E-01 -8.448735E-02  5.000000E-01  1.864072E-01 -1.812964E-02  0.000000E+00  1.428633E-02 -1.164929E-03 -3.438475E-19  1.545975E-01  0.000000E+00
  9.109638E-01 -8.717632E-02  5.000000E-01  1.934584E-01 -1.870071E-02  0.000000E+00  1.435063E-02 -1.151010E-03 -1.758136E-18  1.424133E-01  0.000000E+00
  9.441676E-01 -8.981793E-02  5.000000E-01  2.005100E-01 -1.926172E-02  0.000000E+00  1.440961E-02 -1.133712E-03 -7.771402E-19  1.303803E-01  0.000000E+00
  9.773746E-01 -9.240588E-02  5.000000E-01  2.075624E-01 -1.981134E-02  0.000000E+00  1.446042E-02 -1.112615E-03 -7.258396E-19  1.185943E-01  0.000000E+00
  1.010583E+00 -9.493259E-02  5.000000E-01  2.146150E-01 -2.034795E-02  0.000000E+00  1.450158E-02 -1.087991E-03 -5.172008E-19  1.071942E-01  0.000000E+00
  1.043798E+00 -9.739365E-02  5.000000E-01  2.216690E-01 -2.087062E-02  0.000000E+00  1.453374E-02 -1.061136E-03  6.697699E-19  9.634706E-02  0.000000E+00
  1.077015E+00 -9.978727E-02  5.000000E-01  2.287237E-01 -2.137897E-02  0.000000E+00  1.455824E-02 -1.033062E-03  3.195472E-19  8.609374E-02  0.000000E+00
  1.110238E+00 -1.021128E-01  5.000000E-01  2.357793E-01 -2.187285E-02  0.000000E+00  1.457602E-02 -1.004023E-03 -6.350198E-19  7.634870E-02  0.000000E+00
  1.143462E+00 -1.043688E-01  5.000000E-01  2.428354E-01 -2.235196E-02  0.000000E+00  1.458790E-02 -9.742883E-04 -1.003682E-18  6.704856E-02  0.000000E+00
  1.176693E+00 -1.065556E-01  5.000000E-01  2.498927E-01 -2.281638E-02  0.000000E+00  1.459462E-02 -9.442031E-04  2.281796E-19  5.818105E-02  0.000000E+00
  1.209925E+00 -1.086731E-01  5.000000E-01  2.569505E-01 -2.326609E-02  0.000000E+00  1.459623E-02 -9.136834E-04  1.079814E-18  4.971724E-02  0.000000E+00
  1.243158E+00 -1.107205E-01  5.000000E-01  2.640083E-01 -2.370092E-02  0.000000E+00  1.459270E-02 -8.828807E-04  1.326075E-18  4.166959E-02  0.000000E+00
  1.276395E+00 -1.126989E-01  5.000000E-01  2.710670E-01 -2.412109E-02  0.000000E+00  1.458412E-02 -8.520894E-04  3.041436E-19  3.406522E-02  0.000000E+00
  1.309630E+00 -1.146086E-01  5.000000E-01  2.781253E-01 -2.452666E-02  0.000000E+00  1.457041E-02 -8.213493E-04 -8.193344E-19  2.688807E-02  0.000000E+00
  1.342868E+00 -1.164504E-01  5.000000E-01  2.851842E-01 -2.491780E-02  0.000000E+00  1.455218E-02 -7.911469E-04  2.006659E-19  2.015378E-02  0.000000E+00
  1.376108E+00 -1.182271E-01  5.000000E-01  2.922436E-01 -2.529513E-02  0.000000E+00  1.453027E-02 -7.617779E-04  4.755812E-19  1.383606E-02  0.000000E+00
  1.409347E+00 -1.199401E-01  5.000000E-01  2.993027E-01 -2.565892E-02  0.000000E+00  1.450577E-02 -7.334125E-04 -1.317326E-19  7.876804E-03  0.000000E+00
  1.442589E+00 -1.215926E-01  5.000000E-01  3.063625E-01 -2.600989E-02  0.000000E+00  1.448066E-02 -7.065214E-04 -2.189528E-19  2.238292E-03  0.000000E+00
  1.475831E+00 -1.231881E-01  5.000000E-01  3.134222E-01 -2.634873E-02  0.000000E+00  1.445734E-02 -6.813454E-04 -1.637440E-19 -3.159740E-03  0.000000E+00
  1.509072E+00 -1.247302E-01  5.000000E-01  3.204819E-01 -2.667623E-02  0.000000E+00  1.443847E-02 -6.580533E-04 -2.746854E-19 -8.423997E-03  0.000000E+00
  1.542314E+00 -1.262225E-01  5.000000E-01  3.275416E-01 -2.699315E-02  0.000000E+00  1.442687E-02 -6.370134E-04 -5.748391E-19 -1.364692E-02  0.000000E+00
  1.575558E+00 -1.276701E-01  5.000000E-01  3.346018E-01 -2.730060E-02  0.000000E+00  1.442405E-02 -6.179690E-04 -8.096802E-19 -1.896825E-02  0.000000E+00
  1.608800E+00 -1.290754E-01  5.000000E-01  3.416615E-01 -2.759904E-02  0.000000E+00  1.442936E-02 -5.997897E-04 -2.619916E-19 -2.455488E-02  0.000000E+00
  1.642044E+00 -1.304383E-01  5.000000E-01  3.487219E-01 -2.788849E-02  0.000000E+00  1.444106E-02 -5.815570E-04  7.767460E-19 -3.045422E-02  0.000000E+00
  1.675286E+00 -1.317573E-01  5.000000E-01  3.557816E-01 -2.816861E-02  0.000000E+00  1.445727E-02 -5.628325E-04  7.025833E-19 -3.659521E-02  0.000000E+00
  1.708526E+00 -1.330308E-01  5.000000E-01  3.628410E-01 -2.843908E-02  0.000000E+00  1.447620E-02 -5.434075E-04 -1.418769E-19 -4.287279E-02  0.000000E+00
  1.741762E+00 -1.342571E-01  5.000000E-01  3.698996E-01 -2.869951E-02  0.000000E+00  1.449610E-02 -5.229849E-04 -4.984742E-19 -4.922220E-02  0.000000E+00
  1.774995E+00 -1.354332E-01  5.000000E-01  3.769573E-01 -2.894929E-02  0.000000E+00  1.451589E-02 -5.016451E-04 -1.828840E-20 -5.557263E-02  0.000000E+00
  1.808227E+00 -1.365583E-01  5.000000E-01  3.840150E-01 -2.918824E-02  0.000000E+00  1.453486E-02 -4.794647E-04  2.866186E-19 -6.188073E-02  0.000000E+00
  1.841453E+00 -1.376299E-01  5.000000E-01  3.910714E-01 -2.941582E-02  0.000000E+00  1.455218E-02 -4.562717E-04 -1.228287E-19 -6.814361E-02  0.000000E+00
  1.874678E+00 -1.386463E-01  5.000000E-01  3.981276E-01 -2.963166E-02  0.000000E+00  1.456731E-02 -4.321365E-04  1.223548E-19 -7.432827E-02  0.000000E+00
  1.907900E+00 -1.396055E-01  5.000000E-01  4.051830E-01 -2.983537E-02  0.000000E+00  1.457969E-02 -4.070451E-04 -3.912424E-21 -8.040500E-02  0.000000E+00
  1.941118E+00 -1.405056E-01  5.000000E-01  4.122377E-01 -3.002653E-02  0.000000E+00  1.458876E-02 -3.809646E-04 -1.149459E-19 -8.634619E-02  0.000000E+00
  1.974334E+00 -1.413447E-01  5.000000E-01  4.192920E-01 -3.020473E-02  0.000000E+00  1.459425E-02 -3.540996E-04  4.401844E-21 -9.210299E-02  0.000000E+00
  2.007549E+00 -1.421218E-01  5.000000E-01  4.263460E-01 -3.036977E-02  0.000000E+00  1.459576E-02 -3.264941E-04 -1.567693E-19 -9.764998E-02  0.000000E+00
  2.040760E+00 -1.428350E-01  5.000000E-01  4.333993E-01 -3.052124E-02  0.000000E+00  1.459269E-02 -2.980379E-04 -2.123712E-19 -1.029793E-01  0.000000E+00
  2.073970E+00 -1.434827E-01  5.000000E-01  4.404522E-01 -3.065880E-02  0.000000E+00  1.458481E-02 -2.688901E-04  1.396019E-19 -1.080487E-01  0.000000E+00
  2.107177E+00 -1.440638E-01  5.000000E-01  4.475046E-01 -3.078221E-02  0.000000E+00  1.457215E-02 -2.391538E-04  1.967421E-19 -1.128266E-01  0.000000E+00
  2.140379E+00 -1.445769E-01  5.000000E-01  4.545558E-01 -3.089117E-02  0.000000E+00  1.455521E-02 -2.091377E-04 -1.426358E-19 -1.172740E-01  0.000000E+00
  2.173577E+00 -1.450222E-01  5.000000E-01  4.616063E-01 -3.098574E-02  0.000000E+00  1.453441E-02 -1.790411E-04 -1.714572E-19 -1.213802E-01  0.000000E+00
  2.206768E+00 -1.453990E-01  5.000000E-01  4.686553E-01 -3.106578E-02  0.000000E+00  1.450954E-02 -1.487794E-04 -8.698628E-20 -1.251679E-01  0.000000E+00
  2.239954E+00 -1.457071E-01  5.000000E-01  4.757033E-01 -3.113121E-02  0.000000E+00  1.447983E-02 -1.183179E-04 -8.381310E-20 -1.286382E-01  0.000000E+00
  2.273134E+00 -1.459456E-01  5.000000E-01  4.827499E-01 -3.118186E-02  0.000000E+00  1.444403E-02 -8.765431E-05 -9.095313E-20 -1.317647E-01  0.000000E+00
  2.306309E+00 -1.461140E-01  5.000000E-01  4.897953E-01 -3.121763E-02  0.000000E+00  1.440058E-02 -5.679545E-05 -2.968360E-20 -1.344996E-01  0.000000E+00
  2.339476E+00 -1.462115E-01  5.000000E-01  4.968392E-01 -3.123833E-02  0.000000E+00  1.434814E-02 -2.566767E-05 -5.533202E-20 -1.368034E-01  0.000000E+00
  2.372638E+00 -1.462368E-01  5.000000E-01  5.038821E-01 -3.124370E-02  0.000000E+00  1.428716E-02  5.133923E-06 -9.871136E-20 -1.385930E-01  0.000000E+00
  2.405805E+00 -1.461916E-01  5.000000E-01  5.109259E-01 -3.123410E-02  0.000000E+00  1.422015E-02  3.461925E-05 -5.914971E-20 -1.398064E-01  0.000000E+00
  2.438976E+00 -1.460793E-01  5.000000E-01  5.179706E-01 -3.121025E-02  0.000000E+00  1.415003E-02  6.248327E-05  5.124508E-20 -1.405319E-01  0.000000E+00
  2.472150E+00 -1.459027E-01  5.000000E-01  5.250160E-01 -3.117275E-02  0.000000E+00  1.407973E-02  8.876716E-05 -1.025397E-19 -1.409313E-01  0.000000E+00
  2.505329E+00 -1.456650E-01  5.000000E-01  5.320625E-01 -3.112227E-02  0.000000E+00  1.401251E-02  1.134073E-04 -1.439657E-19 -1.411416E-01  0.000000E+00
  2.538512E+00 -1.453697E-01  5.000000E-01  5.391097E-01 -3.105956E-02  0.000000E+00  1.395154E-02  1.365155E-04  7.388246E-20 -1.412977E-01  0.000000E+00
  2.571700E+00 -1.450196E-01  5.000000E-01  5.461580E-01 -3.098521E-02  0.000000E+00  1.389984E-02  1.580494E-04  2.016933E-19 -1.415049E-01  0.000000E+00
  2.604894E+00 -1.446190E-01  5.000000E-01  5.532074E-01 -3.090011E-02  0.000000E+00  1.385924E-02  1.781741E-04  1.827965E-19 -1.418759E-01  0.000000E+00
  2.638090E+00 -1.441703E-01  5.000000E-01  5.602575E-01 -3.080483E-02  0.000000E+00  1.382893E-02  1.978560E-04 -1.263004E-20 -1.425660E-01  0.000000E+00
  2.671292E+00 -1.436733E-01  5.000000E-01  5.673087E-01 -3.069928E-02  0.000000E+00  1.380594E-02  2.182653E-04  7.853901E-24 -1.436632E-01  0.000000E+00
  2.704497E+00 -1.431247E-01  5.000000E-01  5.743608E-01 -3.058276E-02  0.000000E+00  1.378706E-02  2.398989E-04  1.965783E-20 -1.450865E-01  0.000000E+00
  2.737708E+00 -1.425217E-01  5.000000E-01  5.814140E-01 -3.045470E-02  0.000000E+00  1.376968E-02  2.627731E-04 -2.436670E-20 -1.466640E-01  0.000000E+00
  2.770923E+00 -1.418611E-01  5.000000E-01  5.884680E-01 -3.031441E-02  0.000000E+00  1.375170E-02  2.869017E-04  1.073471E-19 -1.482545E-01  0.000000E+00
  2.804143E+00 -1.411397E-01  5.000000E-01  5.955231E-01 -3.016120E-02  0.000000E+00  1.373166E-02  3.121796E-04  3.061127E-19 -1.497540E-01  0.000000E+00
  2.837367E+00 -1.403546E-01  5.000000E-01  6.025790E-01 -2.999446E-02  0.000000E+00  1.370817E-02  3.386100E-04  2.410418E-19 -1.511031E-01  0.000000E+00
  2.870594E+00 -1.395023E-01  5.000000E-01  6.096357E-01 -2.981346E-02  0.000000E+00  1.367960E-02  3.662873E-04 -2.909257E-20 -1.522537E-01  0.000000E+00
  2.903823E+00 -1.385793E-01  5.000000E-01  6.166926E-01 -2.961743E-02  0.000000E+00  1.364358E-02  3.954968E-04 -6.614425E-19 -1.531571E-01  0.000000E+00
  2.937051E+00 -1.375799E-01  5.000000E-01  6.237496E-01 -2.940519E-02  0.000000E+00  1.359776E-02  4.261632E-04 -6.604181E-19 -1.536944E-01  0.000000E+00
  2.970283E+00 -1.365002E-01  5.000000E-01  6.308072E-01 -2.917590E-02  0.000000E+00  1.353981E-02  4.579809E-04  6.854545E-20 -1.537083E-01  0.000000E+00
  3.003515E+00 -1.353356E-01  5.000000E-01  6.378649E-01 -2.892856E-02  0.000000E+00  1.346673E-02  4.908021E-04 -3.715077E-20 -1.530697E-01  0.000000E+00
  3.036751E+00 -1.340815E-01  5.000000E-01  6.449232E-01 -2.866222E-02  0.000000E+00  1.337512E-02  5.242048E-04  1.457530E-19 -1.516342E-01  0.000000E+00
  3.069988E+00 -1.327341E-01  5.000000E-01  6.519820E-01 -2.837607E-02  0.000000E+00  1.326096E-02  5.579463E-04  2.940187E-19 -1.492872E-01  0.000000E+00
  3.103226E+00 -1.312882E-01  5.000000E-01  6.590410E-01 -2.806898E-02  0.000000E+00  1.312133E-02  5.915416E-04  2.087788E-19 -1.458756E-01  0.000000E+00
  3.136469E+00 -1.297404E-01  5.000000E-01  6.661010E-01 -2.774027E-02  0.000000E+00  1.295597E-02  6.242881E-04  3.325201E-19 -1.412604E-01  0.000000E+00
  3.169712E+00 -1.280875E-01  5.000000E-01  6.731611E-01 -2.738923E-02  0.000000E+00  1.276941E-02  6.544002E-04 -1.208758E-19 -1.352961E-01  0.000000E+00
  3.202960E+00 -1.263355E-01  5.000000E-01  6.802220E-01 -2.701716E-02  0.000000E+00  1.257019E-02  6.799155E-04 -2.284048E-19 -1.279758E-01  0.000000E+00
  3.236210E+00 -1.244936E-01  5.000000E-01  6.872835E-01 -2.662597E-02  0.000000E+00  1.236681E-02  7.005111E-04  3.134662E-19 -1.196269E-01  0.000000E+00
  3.269464E+00 -1.225716E-01  5.000000E-01  6.943459E-01 -2.621780E-02  0.000000E+00  1.216616E-02  7.166679E-04  4.103206E-19 -1.107076E-01  0.000000E+00
  3.302721E+00 -1.205790E-01  5.000000E-01  7.014089E-01 -2.579461E-02  0.000000E+00  1.197310E-02  7.291356E-04  3.511103E-19 -1.016217E-01  0.000000E+00
  3.335981E+00 -1.185242E-01  5.000000E-01  7.084724E-01 -2.535823E-02  0.000000E+00  1.179138E-02  7.384083E-04 -2.356031E-19 -9.260225E-02  0.000000E+00
  3.369247E+00 -1.164161E-01  5.000000E-01  7.155373E-01 -2.491051E-02  0.000000E+00  1.162422E-02  7.447955E-04 -7.841909E-19 -8.375127E-02  0.000000E+00
  3.402518E+00 -1.142643E-01  5.000000E-01  7.226033E-01 -2.445352E-02  0.000000E+00  1.147347E-02  7.489448E-04 -4.900047E-19 -7.521533E-02  0.000000E+00
  3.435792E+00 -1.120756E-01  5.000000E-01  7.296699E-01 -2.398870E-02  0.000000E+00  1.134011E-02  7.514136E-04 -1.285301E-18 -6.713840E-02  0.000000E+00
  3.469073E+00 -1.098575E-01  5.000000E-01  7.367379E-01 -2.351764E-02  0.000000E+00  1.122493E-02  7.526348E-04 -7.670899E-19 -5.960919E-02  0.000000E+00
  3.502353E+00 -1.076160E-01  5.000000E-01  7.438057E-01 -2.304160E-02  0.000000E+00  1.112861E-02  7.530984E-04  1.150245E-18 -5.271379E-02  0.000000E+00
  3.535630E+00 -1.053568E-01  5.000000E-01  7.508729E-01 -2.256180E-02  0.000000E+00  1.105218E-02  7.532244E-04  1.335583E-18 -4.652332E-02  0.000000E+00
  3.568904E+00 -1.030839E-01  5.000000E-01  7.579395E-01 -2.207908E-02  0.000000E+00  1.099727E-02  7.537694E-04 -3.292656E-19 -4.112422E-02  0.000000E+00
  3.602176E+00 -1.007990E-01  5.000000E-01  7.650057E-01 -2.159382E-02  0.000000E+00  1.096643E-02  7.555432E-04 -5.107984E-19 -3.658033E-02  0.000000E+00
  3.635446E+00 -9.850278E-02  5.000000E-01  7.720715E-01 -2.110617E-02  0.000000E+00  1.096215E-02  7.591096E-04 -3.967183E-21 -3.295106E-02  0.000000E+00
  3.668713E+00 -9.619474E-02  5.000000E-01  7.791365E-01 -2.061600E-02  0.000000E+00  1.098450E-02  7.645664E-04 -6.280681E-19 -3.024377E-02  0.000000E+00
  3.701976E+00 -9.387507E-02  5.000000E-01  7.862009E-01 -2.012336E-02  0.000000E+00  1.102662E-02  7.729399E-04 -2.998598E-19 -2.846162E-02  0.000000E+00
  3.735241E+00 -9.153547E-02  5.000000E-01  7.932655E-01 -1.962648E-02  0.000000E+00  1.106927E-02  7.884603E-04  3.535955E-19 -2.778767E-02  0.000000E+00
  3.768500E+00 -8.914144E-02  5.000000E-01  8.003289E-01 -1.911805E-02  0.000000E+00  1.108714E-02  8.143343E-04  1.424965E-18 -2.787878E-02  0.000000E+00
  3.801751E+00 -8.665399E-02  5.000000E-01  8.073904E-01 -1.858978E-02  0.000000E+00  1.106018E-02  8.487416E-04  1.636581E-18 -2.751161E-02  0.000000E+00
  3.834989E+00 -8.404137E-02  5.000000E-01  8.144495E-01 -1.803492E-02  0.000000E+00  1.097727E-02  8.871188E-04  9.820431E-19 -2.538960E-02  0.000000E+00
  3.868211E+00 -8.128482E-02  5.000000E-01  8.215050E-01 -1.744950E-02  0.000000E+00  1.083493E-02  9.253794E-04  1.284734E-18 -2.081610E-02  0.000000E+00
  3.901422E+00 -7.836924E-02  5.000000E-01  8.285582E-01 -1.683030E-02  0.000000E+00  1.063597E-02  9.605584E-04  1.115331E-18 -1.365746E-02  0.000000E+00
  3.934617E+00 -7.528886E-02  5.000000E-01  8.356080E-01 -1.617610E-02  0.000000E+00  1.038803E-02  9.902251E-04  1.604876E-19 -4.027860E-03  0.000000E+00
  3.967800E+00 -7.204292E-02  5.000000E-01  8.426552E-01 -1.548675E-02  0.000000E+00  1.010000E-02  1.012896E-03  8.550740E-19  7.789674E-03  0.000000E+00
  4.000972E+00 -6.863503E-02  5.000000E-01  8.497001E-01 -1.476299E-02  0.000000E+00  9.779526E-03  1.027897E-03  1.448710E-18  2.150718E-02  0.000000E+00
  4.034139E+00 -6.507073E-02  5.000000E-01  8.567440E-01 -1.400602E-02  0.000000E+00  9.430348E-03  1.035697E-03  1.984025E-18  3.682264E-02  0.000000E+00
  4.067311E+00 -6.134955E-02  5.000000E-01  8.637890E-01 -1.321574E-02  0.000000E+00  9.051972E-03  1.036709E-03  8.535287E-20  5.353211E-02  0.000000E+00
  4.100488E+00 -5.747141E-02  5.000000E-01  8.708348E-01 -1.239212E-02  0.000000E+00  8.641497E-03  1.030115E-03 -1.747952E-18  7.166970E-02  0.000000E+00
  4.133669E+00 -5.343813E-02  5.000000E-01  8.778818E-01 -1.153555E-02  0.000000E+00  8.194495E-03  1.014776E-03 -4.126789E-19  9.130432E-02  0.000000E+00
  4.166856E+00 -4.925059E-02  5.000000E-01  8.849299E-01 -1.064622E-02  0.000000E+00  7.707500E-03  9.897305E-04 -1.907001E-20  1.124733E-01  0.000000E+00
  4.200049E+00 -4.491165E-02  5.000000E-01  8.919793E-01 -9.724731E-03  0.000000E+00  7.181562E-03  9.545295E-04 -9.420096E-19  1.351305E-01  0.000000E+00
  4.233242E+00 -4.042370E-02  5.000000E-01  8.990286E-01 -8.771601E-03  0.000000E+00  6.626582E-03  9.084482E-04 -2.855881E-18  1.592192E-01  0.000000E+00
  4.266405E+00 -3.581071E-02  5.000000E-01  9.060715E-01 -7.791915E-03  0.000000E+00  6.063652E-03  8.499799E-04 -2.246377E-18  1.846672E-01  0.000000E+00
  4.299502E+00 -3.113227E-02  5.000000E-01  9.131007E-01 -6.798329E-03  0.000000E+00  5.521153E-03  7.794808E-04 -1.768600E-18  2.110168E-01  0.000000E+00
  4.332522E+00 -2.647806E-02  5.000000E-01  9.201132E-01 -5.809889E-03  0.000000E+00  5.026363E-03  7.013990E-04 -3.147139E-19  2.370777E-01  0.000000E+00
  4.365472E+00 -2.193458E-02  5.000000E-01  9.271110E-01 -4.844966E-03  0.000000E+00  4.600714E-03  6.217565E-04 -2.668457E-19  2.614788E-01  0.000000E+00
  4.398350E+00 -1.759281E-02  5.000000E-01  9.340935E-01 -3.922882E-03  0.000000E+00  4.261252E-03  5.448813E-04 -8.800528E-19  2.834501E-01  0.000000E+00
  4.431155E+00 -1.354627E-02  5.000000E-01  9.410605E-01 -3.063496E-03  0.000000E+00  4.021921E-03  4.727449E-04  7.492223E-20  3.027392E-01  0.000000E+00
  4.463888E+00 -9.899458E-03  5.000000E-01  9.480121E-01 -2.289002E-03  0.000000E+00  3.889835E-03  4.054769E-04  4.887547E-19  3.189960E-01  0.000000E+00
  4.496579E+00 -6.733878E-03  5.000000E-01  9.549550E-01 -1.616711E-03  0.000000E+00  3.858108E-03  3.416172E-04  1.465790E-18  3.319273E-01  0.000000E+00
  4.529252E+00 -4.107712E-03  5.000000E-01  9.618939E-01 -1.058977E-03  0.000000E+00  3.896128E-03  2.790829E-04  5.823745E-19  3.417194E-01  0.000000E+00
  4.561929E+00 -2.047990E-03  5.000000E-01  9.688337E-01 -6.215430E-04  0.000000E+00  3.934589E-03  2.142306E-04 -2.164264E-20  3.474586E-01  0.000000E+00
  4.594574E+00 -5.842868E-04  5.000000E-01  9.757666E-01 -3.106885E-04  0.000000E+00  3.872006E-03  1.366895E-04 -3.538435E-19  3.478259E-01  0.000000E+00
  4.627203E+00  2.569046E-04  5.000000E-01  9.826962E-01 -1.320401E-04  0.000000E+00  3.656688E-03  4.699017E-05 -4.337597E-19  3.511692E-01  0.000000E+00
  4.659162E+00  4.489155E-04  5.000000E-01  9.894836E-01 -9.126172E-05  0.000000E+00  3.331815E-03 -8.056448E-06  1.043463E-18  3.620787E-01  0.000000E+00
  4.689251E+00  3.281441E-05  5.000000E-01  9.958737E-01 -1.796314E-04  0.000000E+00  2.810638E-03 -2.082537E-05  5.622348E-18  3.156677E-01  0.000000E+00
  4.708680E+00 -5.548122E-04  5.000000E-01  1.000000E+00 -3.044288E-04  0.000000E+00  2.005646E-03 -9.581188E-05  5.762257E-18  1.582138E-01  0.000000E+00
    1    2
    2    3
    3    4
    4    5
    5    6
    6    7
    7    8
    8    9
    9   10
   10   11
   11   12
   12   13
   13   14
   14   15
   15   16
   16   17
   17   18
   18   19
   19   20
   20   21
   21   22
   22   23
   23   24
   24   25
   25   26
   26   27
   27   28
   28   29
   29   30
   30   31
   31   32
   32   33
   33   34
   34   35
   35   36
   36   37
   37   38
   38   39
   39   40
   40   41
   41   42
   42   43
   43   44
   44   45
   45   46
   46   47
   47   48
   48   49
   49   50
   50   51
   51   52
   52   53
   53   54
   54   55
   55   56
   56   57
   57   58
   58   59
   59   60
   60   61
   61   62
   62   63
   63   64
   64   65
   65   66
   66   67
   67   68
   68   69
   69   70
   70   71
   71   72
   72   73
   73   74
   74   75
   75   76
   76   77
   77   78
   78   79
   79   80
   80   81
   81   82
   82   83
   83   84
   84   85
   85   86
   86   87
   87   88
   88   89
   89   90
   90   91
   91   92
   92   93
   93   94
   94   95
   95   96
   96   97
   97   98
   98   99
   99  100
  100  101
  101  102
  102  103
  103  104
  104  105
  105  106
  106  107
  107  108
  108  109
  109  110
  110  111
  111  112
  112  113
  113  114
  114  115
  115  116
  116  117
  117  118
  118  119
  119  120
  120  121
  121  122
  122  123
  123  124
  124  125
  125  126
  126  127
  127  128
  128  129
  129  130
  130  131
  131  132
  132  133
  133  134
  134  135
  135  136
  136  137
  137  138
  138  139
  139  140
  140  141
  141  142
  142  143
  143  144
  144  145
  145  146
  146  147
  147  148
  148  149
  149  150
  151  152
  152  153
  153  154
  154  155
  155  156
  156  157
  157  158
  158  159
  159  160
  160  161
  161  162
  162  163
  163  164
  164  165
  165  166
  166  167
  167  168
  168  169
  169  170
  170  171
  171  172
  172  173
  173  174
  174  175
  175  176
  176  177
  177  178
  178  179
  179  180
  180  181
  181  182
  182  183
  183  184
  184  185
  185  186
  186  187
  187  188
  188  189
  189  190
  190  191
  191  192
  192  193
  193  194
  194  195
  195  196
  196  197
  197  198
  198  199
  199  200
  200  201
  201  202
  202  203
  203  204
  204  205
  205  206
  206  207
  207  208
  208  209
  209  210
  210  211
  211  212
  212  213
  213  214
  214  215
  215  216
  216  217
  217  218
  218  219
  219  220
  220  221
  221  222
  222  223
  223  224
  224  225
  225  226
  226  227
  227  228
  228  229
  229  230
  230  231
  231  232
  232  233
  233  234
  234  235
  235  236
  236  237
  237  238
  238  239
  239  240
  240  241
  241  242
  242  243
  243  244
  244  245
  245  246
  246  247
  247  248
  248  249
  249  250
  250  251
  251  252
  252  253
  253  254
  254  255
  255  256
  256  257
  257  258
  258  259
  259  260
  260  261
  261  262
  262  263
  263  264
  264  265
  265  266
  266  267
  267  268
  268  269
  269  270
  270  271
  271  272
  272  273
  273  274
  274  275
  275  276
  276  277
  277  278
  278  279
  279  280
  280  281
  281  282
  282  283
  283  284
  284  285
  285  286
  286  287
  287  288
  288  289
  289  290
  290  291
  291  292
  292  293
  293  294
  294  295
  295  296
  296  297
  297  298
  298  299
  299  300
