 Title = "ADflow Slice Data"
Variables =  "CoordinateX"  "CoordinateY"  "CoordinateZ"  "XoC"  "YoC"  "ZoC" "VelocityX" "VelocityY" "VelocityZ" "CoefPressure" "Mach" 
Zone T= "Slice_0001 None Absolute Regular z = 0.50000000"
 Nodes =          300  Elements=          298  ZONETYPE=FELINESEG
 DATAPACKING=POINT
  4.708680E+00 -2.737063E-04  5.000000E-01  9.999999E-01 -3.609570E-04  0.000000E+00  2.459877E-03 -1.690015E-04  5.536870E-18  1.492153E-01  0.000000E+00
  4.689187E+00  2.996319E-03  5.000000E-01  9.958601E-01  3.335160E-04  0.000000E+00  1.801573E-03 -2.603627E-04  1.907764E-18  7.062218E-02  0.000000E+00
  4.658673E+00  7.994435E-03  5.000000E-01  9.893797E-01  1.394993E-03  0.000000E+00  1.558102E-03 -2.728726E-04  8.112408E-19  9.037483E-02  0.000000E+00
  4.626256E+00  1.316106E-02  5.000000E-01  9.824952E-01  2.492258E-03  0.000000E+00  1.481276E-03 -2.351077E-04  2.067572E-18  8.517428E-02  0.000000E+00
  4.593146E+00  1.830231E-02  5.000000E-01  9.754634E-01  3.584133E-03  0.000000E+00  1.534854E-03 -2.301993E-04  2.947030E-18  6.518781E-02  0.000000E+00
  4.560031E+00  2.331941E-02  5.000000E-01  9.684306E-01  4.649641E-03  0.000000E+00  1.702223E-03 -2.546278E-04  1.305036E-18  4.972809E-02  0.000000E+00
  4.526891E+00  2.822428E-02  5.000000E-01  9.613923E-01  5.691315E-03  0.000000E+00  1.927235E-03 -2.829610E-04 -1.477940E-20  3.581466E-02  0.000000E+00
  4.493752E+00  3.301892E-02  5.000000E-01  9.543545E-01  6.709578E-03  0.000000E+00  2.169048E-03 -3.100631E-04 -2.520991E-18  1.998792E-02  0.000000E+00
  4.460612E+00  3.770582E-02  5.000000E-01  9.473164E-01  7.704960E-03  0.000000E+00  2.404364E-03 -3.358047E-04 -2.493443E-18  3.346115E-03  0.000000E+00
  4.427470E+00  4.228688E-02  5.000000E-01  9.402779E-01  8.677865E-03  0.000000E+00  2.615575E-03 -3.570832E-04  1.413084E-19 -1.322333E-02  0.000000E+00
  4.394325E+00  4.675904E-02  5.000000E-01  9.332387E-01  9.627643E-03  0.000000E+00  2.793382E-03 -3.721731E-04  1.825820E-18 -2.976605E-02  0.000000E+00
  4.361178E+00  5.112043E-02  5.000000E-01  9.261991E-01  1.055390E-02  0.000000E+00  2.937901E-03 -3.814267E-04  1.414979E-18 -4.639363E-02  0.000000E+00
  4.328027E+00  5.536696E-02  5.000000E-01  9.191586E-01  1.145575E-02  0.000000E+00  3.053473E-03 -3.855203E-04 -5.985227E-19 -6.304691E-02  0.000000E+00
  4.294876E+00  5.949264E-02  5.000000E-01  9.121180E-01  1.233195E-02  0.000000E+00  3.143029E-03 -3.850171E-04 -1.140858E-18 -7.947581E-02  0.000000E+00
  4.261727E+00  6.349282E-02  5.000000E-01  9.050782E-01  1.318149E-02  0.000000E+00  3.204810E-03 -3.802483E-04 -1.427445E-18 -9.544152E-02  0.000000E+00
  4.228582E+00  6.736292E-02  5.000000E-01  8.980388E-01  1.400340E-02  0.000000E+00  3.232186E-03 -3.708853E-04 -1.672919E-18 -1.113759E-01  0.000000E+00
  4.195443E+00  7.109592E-02  5.000000E-01  8.910010E-01  1.479620E-02  0.000000E+00  3.216795E-03 -3.562210E-04 -7.116697E-19 -1.285703E-01  0.000000E+00
  4.162308E+00  7.468400E-02  5.000000E-01  8.839639E-01  1.555822E-02  0.000000E+00  3.152049E-03 -3.351983E-04  7.949051E-19 -1.479759E-01  0.000000E+00
  4.129179E+00  7.812103E-02  5.000000E-01  8.769281E-01  1.628816E-02  0.000000E+00  3.033052E-03 -3.068311E-04  1.241622E-18 -1.677017E-01  0.000000E+00
  4.096054E+00  8.139924E-02  5.000000E-01  8.698932E-01  1.698437E-02  0.000000E+00  2.853113E-03 -2.722432E-04 -2.194374E-19 -1.826928E-01  0.000000E+00
  4.062934E+00  8.451268E-02  5.000000E-01  8.628593E-01  1.764559E-02  0.000000E+00  2.612824E-03 -2.360663E-04 -3.300028E-20 -1.908337E-01  0.000000E+00
  4.029817E+00  8.745503E-02  5.000000E-01  8.558262E-01  1.827047E-02  0.000000E+00  2.362355E-03 -2.055200E-04  1.101363E-18 -2.020510E-01  0.000000E+00
  3.996705E+00  9.022108E-02  5.000000E-01  8.487939E-01  1.885791E-02  0.000000E+00  2.266132E-03 -1.900428E-04  1.204566E-18 -2.383385E-01  0.000000E+00
  3.963594E+00  9.280805E-02  5.000000E-01  8.417620E-01  1.940732E-02  0.000000E+00  2.640055E-03 -2.050168E-04  1.303670E-18 -3.175440E-01  0.000000E+00
  3.930486E+00  9.521526E-02  5.000000E-01  8.347306E-01  1.991855E-02  0.000000E+00  3.886222E-03 -2.707752E-04  7.677538E-19 -4.347658E-01  0.000000E+00
  3.897377E+00  9.744387E-02  5.000000E-01  8.276991E-01  2.039185E-02  0.000000E+00  6.254968E-03 -3.958169E-04  1.285403E-18 -5.622149E-01  0.000000E+00
  3.864269E+00  9.949968E-02  5.000000E-01  8.206677E-01  2.082846E-02  0.000000E+00  9.501959E-03 -5.548683E-04  2.970932E-18 -6.677438E-01  0.000000E+00
  3.831161E+00  1.013899E-01  5.000000E-01  8.136366E-01  2.122990E-02  0.000000E+00  1.280820E-02 -6.943238E-04  2.811716E-18 -7.338287E-01  0.000000E+00
  3.798054E+00  1.031279E-01  5.000000E-01  8.066053E-01  2.159899E-02  0.000000E+00  1.525207E-02 -7.682125E-04  1.688538E-18 -7.624498E-01  0.000000E+00
  3.764948E+00  1.047302E-01  5.000000E-01  7.995744E-01  2.193928E-02  0.000000E+00  1.643869E-02 -7.701355E-04  4.201448E-19 -7.666897E-01  0.000000E+00
  3.731842E+00  1.062190E-01  5.000000E-01  7.925435E-01  2.225547E-02  0.000000E+00  1.661927E-02 -7.292280E-04 -1.143423E-18 -7.598912E-01  0.000000E+00
  3.698737E+00  1.076222E-01  5.000000E-01  7.855129E-01  2.255348E-02  0.000000E+00  1.631269E-02 -6.774775E-04 -2.422955E-18 -7.502944E-01  0.000000E+00
  3.665634E+00  1.089592E-01  5.000000E-01  7.784827E-01  2.283743E-02  0.000000E+00  1.593291E-02 -6.294808E-04 -2.007525E-18 -7.411556E-01  0.000000E+00
  3.632534E+00  1.102314E-01  5.000000E-01  7.714529E-01  2.310762E-02  0.000000E+00  1.566556E-02 -5.878708E-04 -6.400999E-19 -7.331642E-01  0.000000E+00
  3.599434E+00  1.114382E-01  5.000000E-01  7.644234E-01  2.336392E-02  0.000000E+00  1.552870E-02 -5.520244E-04  4.135855E-19 -7.262014E-01  0.000000E+00
  3.566334E+00  1.125802E-01  5.000000E-01  7.573938E-01  2.360643E-02  0.000000E+00  1.547493E-02 -5.197570E-04  1.245128E-18 -7.199047E-01  0.000000E+00
  3.533236E+00  1.136574E-01  5.000000E-01  7.503646E-01  2.383520E-02  0.000000E+00  1.545435E-02 -4.888669E-04  2.110143E-18 -7.139518E-01  0.000000E+00
  3.500138E+00  1.146698E-01  5.000000E-01  7.433353E-01  2.405021E-02  0.000000E+00  1.543620E-02 -4.585352E-04  2.684870E-18 -7.081953E-01  0.000000E+00
  3.467038E+00  1.156193E-01  5.000000E-01  7.363057E-01  2.425187E-02  0.000000E+00  1.540904E-02 -4.288564E-04  3.145473E-18 -7.025961E-01  0.000000E+00
  3.433936E+00  1.165078E-01  5.000000E-01  7.292757E-01  2.444056E-02  0.000000E+00  1.537293E-02 -3.999485E-04  3.391831E-18 -6.971452E-01  0.000000E+00
  3.400832E+00  1.173372E-01  5.000000E-01  7.222452E-01  2.461670E-02  0.000000E+00  1.533142E-02 -3.720429E-04  3.033224E-18 -6.918725E-01  0.000000E+00
  3.367728E+00  1.181099E-01  5.000000E-01  7.152146E-01  2.478081E-02  0.000000E+00  1.528793E-02 -3.452921E-04  2.300451E-18 -6.868102E-01  0.000000E+00
  3.334620E+00  1.188281E-01  5.000000E-01  7.081834E-01  2.493334E-02  0.000000E+00  1.524462E-02 -3.197819E-04  1.233273E-18 -6.819826E-01  0.000000E+00
  3.301512E+00  1.194943E-01  5.000000E-01  7.011520E-01  2.507483E-02  0.000000E+00  1.520230E-02 -2.956141E-04  4.973826E-19 -6.774274E-01  0.000000E+00
  3.268401E+00  1.201112E-01  5.000000E-01  6.941201E-01  2.520585E-02  0.000000E+00  1.516132E-02 -2.727793E-04  1.917429E-19 -6.731659E-01  0.000000E+00
  3.235290E+00  1.206813E-01  5.000000E-01  6.870881E-01  2.532692E-02  0.000000E+00  1.512203E-02 -2.512121E-04  3.044277E-20 -6.691954E-01  0.000000E+00
  3.202177E+00  1.212069E-01  5.000000E-01  6.800557E-01  2.543854E-02  0.000000E+00  1.508447E-02 -2.309723E-04  1.683625E-19 -6.655263E-01  0.000000E+00
  3.169063E+00  1.216910E-01  5.000000E-01  6.730231E-01  2.554134E-02  0.000000E+00  1.504880E-02 -2.120823E-04  4.372624E-19 -6.621772E-01  0.000000E+00
  3.135947E+00  1.221359E-01  5.000000E-01  6.659902E-01  2.563584E-02  0.000000E+00  1.501549E-02 -1.945874E-04  6.063177E-19 -6.591809E-01  0.000000E+00
  3.102831E+00  1.225449E-01  5.000000E-01  6.589570E-01  2.572269E-02  0.000000E+00  1.498510E-02 -1.788687E-04  5.952197E-19 -6.566092E-01  0.000000E+00
  3.069714E+00  1.229221E-01  5.000000E-01  6.519238E-01  2.580279E-02  0.000000E+00  1.495873E-02 -1.652614E-04  5.528660E-19 -6.545355E-01  0.000000E+00
  3.036593E+00  1.232722E-01  5.000000E-01  6.448898E-01  2.587715E-02  0.000000E+00  1.493802E-02 -1.537428E-04  4.374416E-19 -6.529911E-01  0.000000E+00
  3.003475E+00  1.235994E-01  5.000000E-01  6.378564E-01  2.594665E-02  0.000000E+00  1.492468E-02 -1.439621E-04  1.251191E-19 -6.519518E-01  0.000000E+00
  2.970356E+00  1.239067E-01  5.000000E-01  6.308226E-01  2.601191E-02  0.000000E+00  1.491929E-02 -1.359006E-04  4.121878E-20 -6.514114E-01  0.000000E+00
  2.937236E+00  1.241984E-01  5.000000E-01  6.237888E-01  2.607386E-02  0.000000E+00  1.492197E-02 -1.296028E-04  4.913826E-20 -6.513658E-01  0.000000E+00
  2.904117E+00  1.244777E-01  5.000000E-01  6.167550E-01  2.613318E-02  0.000000E+00  1.493299E-02 -1.248903E-04 -8.050290E-20 -6.517880E-01  0.000000E+00
  2.870996E+00  1.247480E-01  5.000000E-01  6.097211E-01  2.619059E-02  0.000000E+00  1.495237E-02 -1.217403E-04 -1.446572E-19 -6.526633E-01  0.000000E+00
  2.837877E+00  1.250127E-01  5.000000E-01  6.026873E-01  2.624679E-02  0.000000E+00  1.498039E-02 -1.200572E-04 -2.620045E-19 -6.539655E-01  0.000000E+00
  2.804757E+00  1.252745E-01  5.000000E-01  5.956534E-01  2.630239E-02  0.000000E+00  1.501732E-02 -1.198131E-04 -3.777572E-19 -6.556738E-01  0.000000E+00
  2.771639E+00  1.255368E-01  5.000000E-01  5.886200E-01  2.635810E-02  0.000000E+00  1.506375E-02 -1.208323E-04 -4.438881E-19 -6.577544E-01  0.000000E+00
  2.738522E+00  1.258014E-01  5.000000E-01  5.815867E-01  2.641430E-02  0.000000E+00  1.512024E-02 -1.230915E-04 -5.495011E-19 -6.601935E-01  0.000000E+00
  2.705406E+00  1.260715E-01  5.000000E-01  5.745537E-01  2.647166E-02  0.000000E+00  1.518736E-02 -1.266749E-04 -4.988814E-19 -6.629932E-01  0.000000E+00
  2.672292E+00  1.263493E-01  5.000000E-01  5.675211E-01  2.653066E-02  0.000000E+00  1.526572E-02 -1.315375E-04 -3.405487E-19 -6.661392E-01  0.000000E+00
  2.639177E+00  1.266374E-01  5.000000E-01  5.604885E-01  2.659184E-02  0.000000E+00  1.535534E-02 -1.376536E-04 -1.533157E-19 -6.695804E-01  0.000000E+00
  2.606068E+00  1.269382E-01  5.000000E-01  5.534568E-01  2.665572E-02  0.000000E+00  1.545607E-02 -1.440213E-04  4.405571E-21 -6.730977E-01  0.000000E+00
  2.572958E+00  1.272499E-01  5.000000E-01  5.464251E-01  2.672192E-02  0.000000E+00  1.556638E-02 -1.486400E-04  2.447863E-20 -6.763103E-01  0.000000E+00
  2.539852E+00  1.275661E-01  5.000000E-01  5.393941E-01  2.678908E-02  0.000000E+00  1.568160E-02 -1.498415E-04  1.294061E-19 -6.788520E-01  0.000000E+00
  2.506749E+00  1.278782E-01  5.000000E-01  5.323638E-01  2.685536E-02  0.000000E+00  1.579451E-02 -1.470507E-04  2.052285E-19 -6.805075E-01  0.000000E+00
  2.473650E+00  1.281780E-01  5.000000E-01  5.253345E-01  2.691904E-02  0.000000E+00  1.589837E-02 -1.402466E-04  1.885118E-19 -6.811922E-01  0.000000E+00
  2.440554E+00  1.284576E-01  5.000000E-01  5.183056E-01  2.697840E-02  0.000000E+00  1.598887E-02 -1.295554E-04  1.831778E-19 -6.808955E-01  0.000000E+00
  2.407460E+00  1.287098E-01  5.000000E-01  5.112774E-01  2.703197E-02  0.000000E+00  1.606452E-02 -1.148640E-04  1.704383E-19 -6.796146E-01  0.000000E+00
  2.374373E+00  1.289264E-01  5.000000E-01  5.042504E-01  2.707796E-02  0.000000E+00  1.612530E-02 -9.604706E-05  1.910059E-19 -6.773701E-01  0.000000E+00
  2.341286E+00  1.290994E-01  5.000000E-01  4.972236E-01  2.711472E-02  0.000000E+00  1.617100E-02 -7.382650E-05  1.972509E-19 -6.742912E-01  0.000000E+00
  2.308194E+00  1.292238E-01  5.000000E-01  4.901958E-01  2.714112E-02  0.000000E+00  1.620222E-02 -4.917692E-05  1.376778E-19 -6.705506E-01  0.000000E+00
  2.275097E+00  1.292955E-01  5.000000E-01  4.831667E-01  2.715637E-02  0.000000E+00  1.622087E-02 -2.262263E-05  7.094765E-20 -6.662766E-01  0.000000E+00
  2.241991E+00  1.293113E-01  5.000000E-01  4.761359E-01  2.715971E-02  0.000000E+00  1.622905E-02  5.666476E-06  1.139478E-20 -6.615374E-01  0.000000E+00
  2.208879E+00  1.292677E-01  5.000000E-01  4.691037E-01  2.715044E-02  0.000000E+00  1.622791E-02  3.571884E-05 -1.755135E-20 -6.563433E-01  0.000000E+00
  2.175760E+00  1.291608E-01  5.000000E-01  4.620701E-01  2.712774E-02  0.000000E+00  1.621725E-02  6.759893E-05  1.791540E-20 -6.506680E-01  0.000000E+00
  2.142637E+00  1.289868E-01  5.000000E-01  4.550354E-01  2.709081E-02  0.000000E+00  1.619601E-02  1.013749E-04  8.626442E-21 -6.444758E-01  0.000000E+00
  2.109507E+00  1.287415E-01  5.000000E-01  4.479994E-01  2.703871E-02  0.000000E+00  1.616296E-02  1.369740E-04 -1.578732E-19 -6.377765E-01  0.000000E+00
  2.076374E+00  1.284208E-01  5.000000E-01  4.409628E-01  2.697059E-02  0.000000E+00  1.611692E-02  1.734454E-04 -3.510226E-19 -6.307394E-01  0.000000E+00
  2.043241E+00  1.280235E-01  5.000000E-01  4.339262E-01  2.688622E-02  0.000000E+00  1.605770E-02  2.086451E-04 -4.099733E-19 -6.237280E-01  0.000000E+00
  2.010106E+00  1.275546E-01  5.000000E-01  4.268892E-01  2.678664E-02  0.000000E+00  1.598871E-02  2.411232E-04 -5.637248E-19 -6.170736E-01  0.000000E+00
  1.976970E+00  1.270192E-01  5.000000E-01  4.198519E-01  2.667292E-02  0.000000E+00  1.591620E-02  2.709283E-04 -8.853341E-19 -6.109386E-01  0.000000E+00
  1.943835E+00  1.264218E-01  5.000000E-01  4.128148E-01  2.654604E-02  0.000000E+00  1.584555E-02  2.983312E-04 -1.036556E-18 -6.054072E-01  0.000000E+00
  1.910699E+00  1.257667E-01  5.000000E-01  4.057775E-01  2.640692E-02  0.000000E+00  1.577980E-02  3.232977E-04 -1.076448E-18 -6.005457E-01  0.000000E+00
  1.877561E+00  1.250592E-01  5.000000E-01  3.987399E-01  2.625667E-02  0.000000E+00  1.572055E-02  3.458582E-04 -9.830274E-19 -5.963931E-01  0.000000E+00
  1.844424E+00  1.243039E-01  5.000000E-01  3.917024E-01  2.609627E-02  0.000000E+00  1.566866E-02  3.660504E-04 -8.599549E-19 -5.929836E-01  0.000000E+00
  1.811282E+00  1.235061E-01  5.000000E-01  3.846638E-01  2.592683E-02  0.000000E+00  1.562467E-02  3.836775E-04 -9.593099E-19 -5.903730E-01  0.000000E+00
  1.778139E+00  1.226716E-01  5.000000E-01  3.776250E-01  2.574961E-02  0.000000E+00  1.558981E-02  3.988769E-04 -8.650803E-19 -5.885802E-01  0.000000E+00
  1.744992E+00  1.218054E-01  5.000000E-01  3.705854E-01  2.556564E-02  0.000000E+00  1.556532E-02  4.117444E-04 -7.077420E-19 -5.876202E-01  0.000000E+00
  1.711843E+00  1.209133E-01  5.000000E-01  3.635455E-01  2.537619E-02  0.000000E+00  1.555234E-02  4.223881E-04 -5.460617E-19 -5.874971E-01  0.000000E+00
  1.678692E+00  1.200001E-01  5.000000E-01  3.565049E-01  2.518224E-02  0.000000E+00  1.555174E-02  4.308744E-04 -3.275307E-19 -5.882034E-01  0.000000E+00
  1.645539E+00  1.190716E-01  5.000000E-01  3.494640E-01  2.498506E-02  0.000000E+00  1.556417E-02  4.373737E-04  2.387561E-19 -5.897010E-01  0.000000E+00
  1.612385E+00  1.181322E-01  5.000000E-01  3.424230E-01  2.478555E-02  0.000000E+00  1.558999E-02  4.422655E-04  2.406287E-19 -5.919101E-01  0.000000E+00
  1.579236E+00  1.171862E-01  5.000000E-01  3.353830E-01  2.458464E-02  0.000000E+00  1.562887E-02  4.459033E-04 -2.029484E-19 -5.947438E-01  0.000000E+00
  1.546090E+00  1.162362E-01  5.000000E-01  3.283435E-01  2.438288E-02  0.000000E+00  1.567980E-02  4.483131E-04 -2.080530E-19 -5.981513E-01  0.000000E+00
  1.512946E+00  1.152862E-01  5.000000E-01  3.213046E-01  2.418113E-02  0.000000E+00  1.574180E-02  4.493605E-04 -3.152794E-19 -6.021037E-01  0.000000E+00
  1.479807E+00  1.143395E-01  5.000000E-01  3.142666E-01  2.398007E-02  0.000000E+00  1.581473E-02  4.492982E-04  9.185474E-20 -6.065385E-01  0.000000E+00
  1.446672E+00  1.133987E-01  5.000000E-01  3.072296E-01  2.378026E-02  0.000000E+00  1.589832E-02  4.482290E-04 -8.938477E-20 -6.114048E-01  0.000000E+00
  1.413540E+00  1.124664E-01  5.000000E-01  3.001932E-01  2.358228E-02  0.000000E+00  1.599234E-02  4.462758E-04 -2.636824E-19 -6.166388E-01  0.000000E+00
  1.380413E+00  1.115449E-01  5.000000E-01  2.931579E-01  2.338658E-02  0.000000E+00  1.609659E-02  4.438182E-04  2.448467E-19 -6.221418E-01  0.000000E+00
  1.347294E+00  1.106352E-01  5.000000E-01  2.861242E-01  2.319336E-02  0.000000E+00  1.621037E-02  4.412049E-04  9.768017E-20 -6.278135E-01  0.000000E+00
  1.314179E+00  1.097374E-01  5.000000E-01  2.790914E-01  2.300270E-02  0.000000E+00  1.633250E-02  4.385669E-04  2.104721E-19 -6.335767E-01  0.000000E+00
  1.281074E+00  1.088522E-01  5.000000E-01  2.720606E-01  2.281470E-02  0.000000E+00  1.646206E-02  4.361815E-04  3.611444E-19 -6.393528E-01  0.000000E+00
  1.247974E+00  1.079784E-01  5.000000E-01  2.650310E-01  2.262912E-02  0.000000E+00  1.659822E-02  4.341240E-04  2.143129E-19 -6.450965E-01  0.000000E+00
  1.214880E+00  1.071160E-01  5.000000E-01  2.580028E-01  2.244598E-02  0.000000E+00  1.674092E-02  4.325051E-04  1.159153E-19 -6.507689E-01  0.000000E+00
  1.181795E+00  1.062638E-01  5.000000E-01  2.509763E-01  2.226498E-02  0.000000E+00  1.689101E-02  4.317209E-04 -2.598692E-20 -6.563177E-01  0.000000E+00
  1.148718E+00  1.054200E-01  5.000000E-01  2.439516E-01  2.208579E-02  0.000000E+00  1.704940E-02  4.317273E-04  1.692628E-20 -6.617501E-01  0.000000E+00
  1.115646E+00  1.045837E-01  5.000000E-01  2.369279E-01  2.190818E-02  0.000000E+00  1.721768E-02  4.324058E-04 -7.758218E-20 -6.670966E-01  0.000000E+00
  1.082583E+00  1.037540E-01  5.000000E-01  2.299061E-01  2.173196E-02  0.000000E+00  1.739803E-02  4.338887E-04 -1.070204E-19 -6.723682E-01  0.000000E+00
  1.049524E+00  1.029293E-01  5.000000E-01  2.228852E-01  2.155683E-02  0.000000E+00  1.759178E-02  4.361704E-04  4.417087E-20 -6.775481E-01  0.000000E+00
  1.016475E+00  1.021091E-01  5.000000E-01  2.158664E-01  2.138264E-02  0.000000E+00  1.779903E-02  4.396336E-04 -4.413954E-20 -6.824634E-01  0.000000E+00
  9.834318E-01  1.012912E-01  5.000000E-01  2.088488E-01  2.120893E-02  0.000000E+00  1.802023E-02  4.476006E-04  7.606585E-20 -6.865082E-01  0.000000E+00
  9.503976E-01  1.004631E-01  5.000000E-01  2.018331E-01  2.103307E-02  0.000000E+00  1.825314E-02  4.660782E-04  2.256477E-19 -6.887357E-01  0.000000E+00
  9.173728E-01  9.960007E-02  5.000000E-01  1.948195E-01  2.084978E-02  0.000000E+00  1.848590E-02  4.979585E-04  3.041610E-20 -6.885262E-01  0.000000E+00
  8.843598E-01  9.867959E-02  5.000000E-01  1.878083E-01  2.065429E-02  0.000000E+00  1.870230E-02  5.424440E-04  3.299458E-20 -6.857670E-01  0.000000E+00
  8.513623E-01  9.768074E-02  5.000000E-01  1.808005E-01  2.044216E-02  0.000000E+00  1.889198E-02  5.982797E-04  1.529968E-19 -6.805933E-01  0.000000E+00
  8.183794E-01  9.658515E-02  5.000000E-01  1.737957E-01  2.020948E-02  0.000000E+00  1.905208E-02  6.638702E-04  4.692097E-19 -6.733042E-01  0.000000E+00
  7.854121E-01  9.537761E-02  5.000000E-01  1.667943E-01  1.995303E-02  0.000000E+00  1.918581E-02  7.375888E-04  6.675304E-19 -6.642445E-01  0.000000E+00
  7.524593E-01  9.404563E-02  5.000000E-01  1.597959E-01  1.967015E-02  0.000000E+00  1.929921E-02  8.179756E-04  4.631619E-19 -6.537239E-01  0.000000E+00
  7.195226E-01  9.257960E-02  5.000000E-01  1.528009E-01  1.935880E-02  0.000000E+00  1.939861E-02  9.041231E-04 -1.441066E-19 -6.419458E-01  0.000000E+00
  6.866079E-01  9.097115E-02  5.000000E-01  1.458107E-01  1.901721E-02  0.000000E+00  1.948868E-02  9.958623E-04 -1.057664E-18 -6.289763E-01  0.000000E+00
  6.537221E-01  8.921200E-02  5.000000E-01  1.388265E-01  1.864361E-02  0.000000E+00  1.957091E-02  1.093177E-03 -1.285807E-18 -6.148006E-01  0.000000E+00
  6.208691E-01  8.729396E-02  5.000000E-01  1.318494E-01  1.823626E-02  0.000000E+00  1.964344E-02  1.195666E-03 -1.655786E-18 -5.993956E-01  0.000000E+00
  5.880524E-01  8.520953E-02  5.000000E-01  1.248799E-01  1.779358E-02  0.000000E+00  1.970194E-02  1.302327E-03 -1.591961E-18 -5.827706E-01  0.000000E+00
  5.552711E-01  8.295241E-02  5.000000E-01  1.179180E-01  1.731422E-02  0.000000E+00  1.974076E-02  1.411678E-03 -4.936006E-19 -5.649571E-01  0.000000E+00
  5.225283E-01  8.051835E-02  5.000000E-01  1.109642E-01  1.679729E-02  0.000000E+00  1.975362E-02  1.522401E-03  4.021224E-19 -5.459363E-01  0.000000E+00
  4.898261E-01  7.790303E-02  5.000000E-01  1.040191E-01  1.624186E-02  0.000000E+00  1.973191E-02  1.632783E-03 -7.578215E-19 -5.256637E-01  0.000000E+00
  4.571624E-01  7.510369E-02  5.000000E-01  9.708209E-02  1.564735E-02  0.000000E+00  1.966342E-02  1.740033E-03 -2.107953E-18 -5.041227E-01  0.000000E+00
  4.245350E-01  7.211940E-02  5.000000E-01  9.015283E-02  1.501356E-02  0.000000E+00  1.953311E-02  1.840419E-03 -1.877476E-18 -4.813438E-01  0.000000E+00
  3.919369E-01  6.895195E-02  5.000000E-01  8.322981E-02  1.434087E-02  0.000000E+00  1.932604E-02  1.930263E-03 -4.939322E-19 -4.574311E-01  0.000000E+00
  3.593832E-01  6.560625E-02  5.000000E-01  7.631620E-02  1.363033E-02  0.000000E+00  1.903236E-02  2.008491E-03  1.173111E-20 -4.326728E-01  0.000000E+00
  3.269046E-01  6.208415E-02  5.000000E-01  6.941854E-02  1.288232E-02  0.000000E+00  1.865130E-02  2.078331E-03 -6.888051E-19 -4.080885E-01  0.000000E+00
  2.945750E-01  5.838078E-02  5.000000E-01  6.255253E-02  1.209581E-02  0.000000E+00  1.819325E-02  2.145766E-03 -2.967270E-18 -3.865492E-01  0.000000E+00
  2.624265E-01  5.447363E-02  5.000000E-01  5.572497E-02  1.126603E-02  0.000000E+00  1.768302E-02  2.212843E-03 -1.104382E-17 -3.739897E-01  0.000000E+00
  2.304268E-01  5.034278E-02  5.000000E-01  4.892903E-02  1.038874E-02  0.000000E+00  1.718101E-02  2.282276E-03 -1.260353E-17 -3.781592E-01  0.000000E+00
  1.986088E-01  4.598369E-02  5.000000E-01  4.217166E-02  9.462978E-03  0.000000E+00  1.680362E-02  2.366309E-03  1.599263E-17 -4.050084E-01  0.000000E+00
  1.669282E-01  4.138213E-02  5.000000E-01  3.544349E-02  8.485720E-03  0.000000E+00  1.670727E-02  2.469730E-03  1.264806E-16 -4.567509E-01  0.000000E+00
  1.350509E-01  3.656717E-02  5.000000E-01  2.867354E-02  7.463140E-03  0.000000E+00  1.712684E-02  2.641302E-03  3.693461E-16 -5.256692E-01  0.000000E+00
  1.043791E-01  3.175342E-02  5.000000E-01  2.215959E-02  6.440816E-03  0.000000E+00  1.838168E-02  3.064415E-03  6.932606E-16 -5.904081E-01  0.000000E+00
  7.632629E-02  2.683649E-02  5.000000E-01  1.620187E-02  5.396582E-03  0.000000E+00  2.055805E-02  3.876294E-03  9.173050E-16 -6.407450E-01  0.000000E+00
  5.118571E-02  2.177965E-02  5.000000E-01  1.086263E-02  4.322633E-03  0.000000E+00  2.362101E-02  5.204803E-03  1.005605E-15 -6.798460E-01  0.000000E+00
  3.264831E-02  1.739468E-02  5.000000E-01  6.925739E-03  3.391374E-03  0.000000E+00  2.798657E-02  7.679902E-03  1.336145E-15 -6.902262E-01  0.000000E+00
  2.051015E-02  1.369410E-02  5.000000E-01  4.347893E-03  2.605462E-03  0.000000E+00  3.345909E-02  1.182553E-02  2.041160E-15 -6.643485E-01  0.000000E+00
  1.247723E-02  1.051563E-02  5.000000E-01  2.641898E-03  1.930433E-03  0.000000E+00  3.896181E-02  1.744511E-02  2.425758E-15 -6.337870E-01  0.000000E+00
  7.055255E-03  7.827145E-03  5.000000E-01  1.490404E-03  1.359465E-03  0.000000E+00  4.476830E-02  2.562741E-02  2.246380E-15 -6.073107E-01  0.000000E+00
  3.418635E-03  5.498236E-03  5.000000E-01  7.180754E-04  8.648617E-04  0.000000E+00  5.060728E-02  3.996265E-02  3.908362E-15 -5.204989E-01  0.000000E+00
  1.108798E-03  3.374103E-03  5.000000E-01  2.275226E-04  4.137482E-04  0.000000E+00  4.591925E-02  6.054072E-02  1.158821E-14 -2.165615E-01  0.000000E+00
  3.747479E-05  1.425911E-03  5.000000E-01  0.000000E+00  0.000000E+00  0.000000E+00  1.555508E-02  7.079272E-02  2.335814E-14  4.652083E-01  0.000000E+00
  3.747479E-05  1.425911E-03  5.000000E-01  0.000000E+00  0.000000E+00  0.000000E+00  1.555508E-02  7.079272E-02  2.335814E-14  4.652083E-01  0.000000E+00
  2.534065E-04 -4.727935E-04  5.000000E-01  4.585858E-05 -4.032382E-04  0.000000E+00 -1.398955E-02  4.741457E-02  2.781186E-14  1.097058E+00  0.000000E+00
  1.848580E-03 -2.381937E-03  5.000000E-01  3.846343E-04 -8.086933E-04  0.000000E+00 -1.269551E-02  1.398237E-02  2.080063E-14  1.190227E+00  0.000000E+00
  4.867645E-03 -4.282363E-03  5.000000E-01  1.025809E-03 -1.212297E-03  0.000000E+00  1.794088E-03 -4.215559E-04  1.037548E-14  1.016054E+00  0.000000E+00
  9.380877E-03 -6.241830E-03  5.000000E-01  1.984309E-03 -1.628440E-03  0.000000E+00  1.172982E-02 -4.306705E-03  3.071639E-15  8.772583E-01  0.000000E+00
  1.589077E-02 -8.369580E-03  5.000000E-01  3.366850E-03 -2.080322E-03  0.000000E+00  1.599870E-02 -4.551855E-03  2.447556E-16  7.728705E-01  0.000000E+00
  2.547297E-02 -1.074854E-02  5.000000E-01  5.401873E-03 -2.585553E-03  0.000000E+00  1.673245E-02 -3.622569E-03  1.830742E-16  6.744122E-01  0.000000E+00
  3.989163E-02 -1.340433E-02  5.000000E-01  8.464043E-03 -3.149578E-03  0.000000E+00  1.574464E-02 -2.525233E-03  5.675482E-16  5.861045E-01  0.000000E+00
  6.092142E-02 -1.622512E-02  5.000000E-01  1.293025E-02 -3.748644E-03  0.000000E+00  1.437106E-02 -1.735998E-03  4.014430E-16  5.208146E-01  0.000000E+00
  8.832839E-02 -1.912637E-02  5.000000E-01  1.875082E-02 -4.364799E-03  0.000000E+00  1.333081E-02 -1.331150E-03  3.950107E-17  4.808287E-01  0.000000E+00
  1.189914E-01 -2.199645E-02  5.000000E-01  2.526288E-02 -4.974333E-03  0.000000E+00  1.278745E-02 -1.172193E-03 -1.104266E-16  4.553440E-01  0.000000E+00
  1.511926E-01 -2.489183E-02  5.000000E-01  3.210162E-02 -5.589240E-03  0.000000E+00  1.265022E-02 -1.139761E-03 -8.197964E-17  4.347806E-01  0.000000E+00
  1.838450E-01 -2.784762E-02  5.000000E-01  3.903620E-02 -6.216978E-03  0.000000E+00  1.276040E-02 -1.158489E-03 -2.463681E-17  4.137705E-01  0.000000E+00
  2.165049E-01 -3.082904E-02  5.000000E-01  4.597235E-02 -6.850159E-03  0.000000E+00  1.296898E-02 -1.180853E-03  2.026162E-18  3.912037E-01  0.000000E+00
  2.491496E-01 -3.379713E-02  5.000000E-01  5.290529E-02 -7.480509E-03  0.000000E+00  1.318344E-02 -1.195295E-03  5.161367E-18  3.699125E-01  0.000000E+00
  2.819003E-01 -3.675929E-02  5.000000E-01  5.986073E-02 -8.109598E-03  0.000000E+00  1.336596E-02 -1.208777E-03  2.524578E-18  3.521984E-01  0.000000E+00
  3.147601E-01 -3.973354E-02  5.000000E-01  6.683936E-02 -8.741256E-03  0.000000E+00  1.351005E-02 -1.226818E-03 -1.002454E-18  3.375384E-01  0.000000E+00
  3.477303E-01 -4.274146E-02  5.000000E-01  7.384141E-02 -9.380063E-03  0.000000E+00  1.362434E-02 -1.251341E-03 -1.607445E-18  3.242650E-01  0.000000E+00
  3.807756E-01 -4.580152E-02  5.000000E-01  8.085941E-02 -1.002994E-02  0.000000E+00  1.371960E-02 -1.280185E-03  1.549264E-19  3.110097E-01  0.000000E+00
  4.138291E-01 -4.891412E-02  5.000000E-01  8.787917E-02 -1.069099E-02  0.000000E+00  1.380115E-02 -1.307916E-03  2.301263E-19  2.970946E-01  0.000000E+00
  4.468689E-01 -5.206952E-02  5.000000E-01  9.489601E-02 -1.136112E-02  0.000000E+00  1.387174E-02 -1.331804E-03 -6.545900E-19  2.827277E-01  0.000000E+00
  4.799091E-01 -5.526215E-02  5.000000E-01  1.019129E-01 -1.203915E-02  0.000000E+00  1.393522E-02 -1.353007E-03 -2.546828E-19  2.684593E-01  0.000000E+00
  5.129612E-01 -5.849036E-02  5.000000E-01  1.089324E-01 -1.272474E-02  0.000000E+00  1.399670E-02 -1.373680E-03  4.021826E-19  2.545113E-01  0.000000E+00
  5.460360E-01 -6.175604E-02  5.000000E-01  1.159567E-01 -1.341829E-02  0.000000E+00  1.406224E-02 -1.395624E-03 -3.590208E-19  2.407164E-01  0.000000E+00
  5.791347E-01 -6.506203E-02  5.000000E-01  1.229860E-01 -1.412041E-02  0.000000E+00  1.413823E-02 -1.419766E-03 -8.205118E-19  2.267159E-01  0.000000E+00
  6.122565E-01 -6.841023E-02  5.000000E-01  1.300203E-01 -1.483148E-02  0.000000E+00  1.423110E-02 -1.446382E-03 -2.782337E-19  2.121512E-01  0.000000E+00
  6.454013E-01 -7.180131E-02  5.000000E-01  1.370594E-01 -1.555166E-02  0.000000E+00  1.434743E-02 -1.475719E-03  1.763891E-19  1.967512E-01  0.000000E+00
  6.785693E-01 -7.523505E-02  5.000000E-01  1.441035E-01 -1.628090E-02  0.000000E+00  1.449347E-02 -1.507872E-03  1.212470E-19  1.802747E-01  0.000000E+00
  7.117575E-01 -7.870906E-02  5.000000E-01  1.511518E-01 -1.701870E-02  0.000000E+00  1.467385E-02 -1.541937E-03  8.719540E-19  1.624202E-01  0.000000E+00
  7.449560E-01 -8.221539E-02  5.000000E-01  1.582024E-01 -1.776336E-02  0.000000E+00  1.489087E-02 -1.575733E-03  1.108829E-18  1.428605E-01  0.000000E+00
  7.781569E-01 -8.573993E-02  5.000000E-01  1.652534E-01 -1.851188E-02  0.000000E+00  1.514477E-02 -1.606456E-03  3.435560E-19  1.213735E-01  0.000000E+00
  8.113578E-01 -8.926358E-02  5.000000E-01  1.723045E-01 -1.926022E-02  0.000000E+00  1.543369E-02 -1.631087E-03 -6.601980E-19  9.789302E-02  0.000000E+00
  8.445597E-01 -9.276261E-02  5.000000E-01  1.793558E-01 -2.000333E-02  0.000000E+00  1.575198E-02 -1.646081E-03 -4.166026E-19  7.247299E-02  0.000000E+00
  8.777625E-01 -9.620838E-02  5.000000E-01  1.864072E-01 -2.073512E-02  0.000000E+00  1.608699E-02 -1.646547E-03  4.804014E-19  4.525030E-02  0.000000E+00
  9.109638E-01 -9.956542E-02  5.000000E-01  1.934584E-01 -2.144808E-02  0.000000E+00  1.641690E-02 -1.626277E-03  3.010289E-19  1.655259E-02  0.000000E+00
  9.441676E-01 -1.027931E-01  5.000000E-01  2.005100E-01 -2.213356E-02  0.000000E+00  1.671192E-02 -1.578611E-03  1.485525E-19 -1.293018E-02  0.000000E+00
  9.773746E-01 -1.058457E-01  5.000000E-01  2.075624E-01 -2.278185E-02  0.000000E+00  1.693906E-02 -1.497587E-03  5.231471E-19 -4.214159E-02  0.000000E+00
  1.010583E+00 -1.086717E-01  5.000000E-01  2.146150E-01 -2.338203E-02  0.000000E+00  1.707583E-02 -1.384979E-03  2.411634E-19 -6.940423E-02  0.000000E+00
  1.043798E+00 -1.112378E-01  5.000000E-01  2.216690E-01 -2.392700E-02  0.000000E+00  1.712137E-02 -1.253960E-03 -4.310680E-19 -9.263266E-02  0.000000E+00
  1.077015E+00 -1.135409E-01  5.000000E-01  2.287236E-01 -2.441613E-02  0.000000E+00  1.708481E-02 -1.116343E-03  1.759957E-19 -1.108012E-01  0.000000E+00
  1.110238E+00 -1.155834E-01  5.000000E-01  2.357793E-01 -2.484989E-02  0.000000E+00  1.697336E-02 -9.765680E-04  2.401608E-19 -1.242159E-01  0.000000E+00
  1.143462E+00 -1.173682E-01  5.000000E-01  2.428354E-01 -2.522894E-02  0.000000E+00  1.679407E-02 -8.377832E-04 -2.899256E-19 -1.333993E-01  0.000000E+00
  1.176693E+00 -1.189021E-01  5.000000E-01  2.498927E-01 -2.555471E-02  0.000000E+00  1.655419E-02 -7.030158E-04 -1.373809E-19 -1.386563E-01  0.000000E+00
  1.209925E+00 -1.201937E-01  5.000000E-01  2.569505E-01 -2.582902E-02  0.000000E+00  1.626047E-02 -5.745297E-04  1.644584E-19 -1.401381E-01  0.000000E+00
  1.243158E+00 -1.212530E-01  5.000000E-01  2.640083E-01 -2.605398E-02  0.000000E+00  1.592054E-02 -4.546551E-04  1.952519E-19 -1.379147E-01  0.000000E+00
  1.276395E+00 -1.220940E-01  5.000000E-01  2.710670E-01 -2.623259E-02  0.000000E+00  1.554348E-02 -3.455983E-04 -2.968727E-19 -1.321449E-01  0.000000E+00
  1.309630E+00 -1.227329E-01  5.000000E-01  2.781253E-01 -2.636828E-02  0.000000E+00  1.513931E-02 -2.488669E-04 -1.388465E-19 -1.232038E-01  0.000000E+00
  1.342868E+00 -1.231886E-01  5.000000E-01  2.851842E-01 -2.646506E-02  0.000000E+00  1.471972E-02 -1.659961E-04  1.042132E-19 -1.115836E-01  0.000000E+00
  1.376108E+00 -1.234847E-01  5.000000E-01  2.922435E-01 -2.652793E-02  0.000000E+00  1.429715E-02 -9.781248E-05 -1.357581E-20 -9.791513E-02  0.000000E+00
  1.409347E+00 -1.236458E-01  5.000000E-01  2.993027E-01 -2.656216E-02  0.000000E+00  1.388470E-02 -4.452041E-05 -7.544862E-20 -8.289532E-02  0.000000E+00
  1.442589E+00 -1.237005E-01  5.000000E-01  3.063625E-01 -2.657377E-02  0.000000E+00  1.349692E-02 -6.208514E-06 -6.684635E-20 -6.718577E-02  0.000000E+00
  1.475831E+00 -1.236794E-01  5.000000E-01  3.134222E-01 -2.656930E-02  0.000000E+00  1.314897E-02  1.760138E-05 -3.708567E-20 -5.146454E-02  0.000000E+00
  1.509072E+00 -1.236150E-01  5.000000E-01  3.204819E-01 -2.655562E-02  0.000000E+00  1.285501E-02  2.757593E-05 -1.323221E-20 -3.640740E-02  0.000000E+00
  1.542314E+00 -1.235405E-01  5.000000E-01  3.275416E-01 -2.653980E-02  0.000000E+00  1.262568E-02  2.427042E-05  2.664760E-20 -2.262199E-02  0.000000E+00
  1.575558E+00 -1.234912E-01  5.000000E-01  3.346018E-01 -2.652932E-02  0.000000E+00  1.246297E-02  1.013375E-05  6.538803E-20 -1.076410E-02  0.000000E+00
  1.608800E+00 -1.234914E-01  5.000000E-01  3.416615E-01 -2.652936E-02  0.000000E+00  1.235739E-02 -9.321494E-06  8.272809E-20 -1.495994E-03  0.000000E+00
  1.642044E+00 -1.235462E-01  5.000000E-01  3.487219E-01 -2.654100E-02  0.000000E+00  1.229497E-02 -3.000603E-05  5.685566E-20  5.161155E-03  0.000000E+00
  1.675286E+00 -1.236574E-01  5.000000E-01  3.557815E-01 -2.656463E-02  0.000000E+00  1.226432E-02 -5.110673E-05  8.464595E-20  9.846638E-03  0.000000E+00
  1.708526E+00 -1.238266E-01  5.000000E-01  3.628410E-01 -2.660055E-02  0.000000E+00  1.225719E-02 -7.262064E-05  1.107648E-19  1.318372E-02  0.000000E+00
  1.741762E+00 -1.240547E-01  5.000000E-01  3.698996E-01 -2.664901E-02  0.000000E+00  1.226778E-02 -9.447013E-05  1.143823E-19  1.548868E-02  0.000000E+00
  1.774995E+00 -1.243420E-01  5.000000E-01  3.769573E-01 -2.671000E-02  0.000000E+00  1.229276E-02 -1.168302E-04  1.856852E-19  1.687727E-02  0.000000E+00
  1.808227E+00 -1.246900E-01  5.000000E-01  3.840150E-01 -2.678392E-02  0.000000E+00  1.233043E-02 -1.398260E-04  1.547578E-19  1.736156E-02  0.000000E+00
  1.841453E+00 -1.250993E-01  5.000000E-01  3.910714E-01 -2.687084E-02  0.000000E+00  1.237992E-02 -1.633626E-04 -9.759448E-20  1.691277E-02  0.000000E+00
  1.874678E+00 -1.255705E-01  5.000000E-01  3.981276E-01 -2.697091E-02  0.000000E+00  1.244125E-02 -1.875446E-04 -2.129987E-19  1.553785E-02  0.000000E+00
  1.907900E+00 -1.261044E-01  5.000000E-01  4.051830E-01 -2.708431E-02  0.000000E+00  1.251525E-02 -2.124248E-04 -7.987887E-20  1.322807E-02  0.000000E+00
  1.941118E+00 -1.267017E-01  5.000000E-01  4.122377E-01 -2.721116E-02  0.000000E+00  1.260396E-02 -2.380723E-04 -9.141646E-20  9.940845E-03  0.000000E+00
  1.974334E+00 -1.273627E-01  5.000000E-01  4.192920E-01 -2.735155E-02  0.000000E+00  1.271140E-02 -2.648034E-04 -2.982344E-19  5.611206E-03  0.000000E+00
  2.007549E+00 -1.280890E-01  5.000000E-01  4.263460E-01 -2.750579E-02  0.000000E+00  1.284326E-02 -2.928666E-04 -1.674755E-19  9.737491E-05  0.000000E+00
  2.040760E+00 -1.288810E-01  5.000000E-01  4.333993E-01 -2.767398E-02  0.000000E+00  1.300589E-02 -3.224811E-04  1.548664E-19 -6.818429E-03  0.000000E+00
  2.073970E+00 -1.297392E-01  5.000000E-01  4.404522E-01 -2.785625E-02  0.000000E+00  1.320462E-02 -3.539235E-04 -1.360963E-19 -1.536041E-02  0.000000E+00
  2.107177E+00 -1.306646E-01  5.000000E-01  4.475046E-01 -2.805277E-02  0.000000E+00  1.343957E-02 -3.852273E-04 -7.600005E-19 -2.589247E-02  0.000000E+00
  2.140379E+00 -1.316468E-01  5.000000E-01  4.545558E-01 -2.826137E-02  0.000000E+00  1.370417E-02 -4.121281E-04 -3.313185E-19 -3.876673E-02  0.000000E+00
  2.173577E+00 -1.326656E-01  5.000000E-01  4.616063E-01 -2.847774E-02  0.000000E+00  1.398962E-02 -4.315645E-04  5.063072E-19 -5.388705E-02  0.000000E+00
  2.206768E+00 -1.336988E-01  5.000000E-01  4.686553E-01 -2.869717E-02  0.000000E+00  1.428794E-02 -4.423541E-04  3.302363E-19 -7.079473E-02  0.000000E+00
  2.239954E+00 -1.347248E-01  5.000000E-01  4.757033E-01 -2.891507E-02  0.000000E+00  1.459163E-02 -4.436441E-04  5.332262E-19 -8.904631E-02  0.000000E+00
  2.273134E+00 -1.357212E-01  5.000000E-01  4.827499E-01 -2.912667E-02  0.000000E+00  1.489358E-02 -4.346070E-04  3.510303E-19 -1.083217E-01  0.000000E+00
  2.306309E+00 -1.366660E-01  5.000000E-01  4.897953E-01 -2.932734E-02  0.000000E+00  1.518698E-02 -4.144365E-04 -3.487493E-19 -1.283745E-01  0.000000E+00
  2.339476E+00 -1.375369E-01  5.000000E-01  4.968392E-01 -2.951229E-02  0.000000E+00  1.546528E-02 -3.822958E-04 -2.423538E-19 -1.489656E-01  0.000000E+00
  2.372638E+00 -1.383112E-01  5.000000E-01  5.038821E-01 -2.967673E-02  0.000000E+00  1.572305E-02 -3.382044E-04 -3.294369E-19 -1.697415E-01  0.000000E+00
  2.405805E+00 -1.389692E-01  5.000000E-01  5.109259E-01 -2.981647E-02  0.000000E+00  1.595511E-02 -2.828308E-04 -6.827972E-19 -1.902606E-01  0.000000E+00
  2.438976E+00 -1.394929E-01  5.000000E-01  5.179706E-01 -2.992769E-02  0.000000E+00  1.615314E-02 -2.163001E-04 -5.890872E-19 -2.101031E-01  0.000000E+00
  2.472150E+00 -1.398635E-01  5.000000E-01  5.250160E-01 -3.000639E-02  0.000000E+00  1.630327E-02 -1.386132E-04 -1.687708E-19 -2.287721E-01  0.000000E+00
  2.505329E+00 -1.400627E-01  5.000000E-01  5.320624E-01 -3.004871E-02  0.000000E+00  1.638501E-02 -5.035054E-05 -6.584602E-20 -2.455610E-01  0.000000E+00
  2.538512E+00 -1.400728E-01  5.000000E-01  5.391097E-01 -3.005084E-02  0.000000E+00  1.637221E-02  4.742382E-05 -8.521611E-20 -2.595343E-01  0.000000E+00
  2.571700E+00 -1.398750E-01  5.000000E-01  5.461580E-01 -3.000884E-02  0.000000E+00  1.623953E-02  1.526466E-04  8.346280E-21 -2.695194E-01  0.000000E+00
  2.604894E+00 -1.394523E-01  5.000000E-01  5.532074E-01 -2.991906E-02  0.000000E+00  1.597282E-02  2.618079E-04  1.830908E-19 -2.742800E-01  0.000000E+00
  2.638090E+00 -1.387882E-01  5.000000E-01  5.602575E-01 -2.977803E-02  0.000000E+00  1.558357E-02  3.665252E-04  3.886317E-19 -2.725494E-01  0.000000E+00
  2.671292E+00 -1.378899E-01  5.000000E-01  5.673087E-01 -2.958724E-02  0.000000E+00  1.510852E-02  4.568780E-04 -2.122844E-19 -2.637489E-01  0.000000E+00
  2.704497E+00 -1.367796E-01  5.000000E-01  5.743608E-01 -2.935146E-02  0.000000E+00  1.459046E-02  5.294958E-04 -2.598619E-19 -2.489347E-01  0.000000E+00
  2.737708E+00 -1.354805E-01  5.000000E-01  5.814140E-01 -2.907556E-02  0.000000E+00  1.406555E-02  5.857790E-04  4.787343E-19 -2.302389E-01  0.000000E+00
  2.770923E+00 -1.340153E-01  5.000000E-01  5.884680E-01 -2.876437E-02  0.000000E+00  1.355949E-02  6.279515E-04  3.103879E-19 -2.097834E-01  0.000000E+00
  2.804143E+00 -1.324064E-01  5.000000E-01  5.955230E-01 -2.842269E-02  0.000000E+00  1.308732E-02  6.580690E-04 -1.195227E-19 -1.890724E-01  0.000000E+00
  2.837367E+00 -1.306769E-01  5.000000E-01  6.025790E-01 -2.805538E-02  0.000000E+00  1.265550E-02  6.779831E-04 -1.480606E-19 -1.688971E-01  0.000000E+00
  2.870594E+00 -1.288490E-01  5.000000E-01  6.096357E-01 -2.766718E-02  0.000000E+00  1.226528E-02  6.892585E-04 -1.776242E-19 -1.495426E-01  0.000000E+00
  2.903823E+00 -1.269449E-01  5.000000E-01  6.166926E-01 -2.726281E-02  0.000000E+00  1.191589E-02  6.933196E-04 -2.293509E-19 -1.311055E-01  0.000000E+00
  2.937051E+00 -1.249849E-01  5.000000E-01  6.237496E-01 -2.684656E-02  0.000000E+00  1.160707E-02  6.911326E-04 -1.044438E-18 -1.136561E-01  0.000000E+00
  2.970283E+00 -1.229906E-01  5.000000E-01  6.308072E-01 -2.642300E-02  0.000000E+00  1.134048E-02  6.834414E-04 -1.499845E-18 -9.733345E-02  0.000000E+00
  3.003515E+00 -1.209827E-01  5.000000E-01  6.378649E-01 -2.599659E-02  0.000000E+00  1.112010E-02  6.711674E-04 -1.134374E-18 -8.237489E-02  0.000000E+00
  3.036751E+00 -1.189822E-01  5.000000E-01  6.449232E-01 -2.557173E-02  0.000000E+00  1.095275E-02  6.551004E-04 -5.939528E-19 -6.903610E-02  0.000000E+00
  3.069988E+00 -1.170105E-01  5.000000E-01  6.519820E-01 -2.515298E-02  0.000000E+00  1.084664E-02  6.360752E-04 -7.426388E-20 -5.763067E-02  0.000000E+00
  3.103226E+00 -1.150874E-01  5.000000E-01  6.590409E-01 -2.474456E-02  0.000000E+00  1.080910E-02  6.144093E-04  2.287067E-19 -4.845052E-02  0.000000E+00
  3.136469E+00 -1.132345E-01  5.000000E-01  6.661010E-01 -2.435105E-02  0.000000E+00  1.084179E-02  5.910080E-04  8.033124E-19 -4.180710E-02  0.000000E+00
  3.169712E+00 -1.114667E-01  5.000000E-01  6.731611E-01 -2.397562E-02  0.000000E+00  1.093384E-02  5.703952E-04  8.922825E-19 -3.824755E-02  0.000000E+00
  3.202960E+00 -1.097702E-01  5.000000E-01  6.802220E-01 -2.361532E-02  0.000000E+00  1.106528E-02  5.575733E-04  8.302376E-19 -3.789750E-02  0.000000E+00
  3.236210E+00 -1.081194E-01  5.000000E-01  6.872835E-01 -2.326474E-02  0.000000E+00  1.121650E-02  5.537368E-04 -1.989427E-19 -3.994385E-02  0.000000E+00
  3.269464E+00 -1.064898E-01  5.000000E-01  6.943459E-01 -2.291865E-02  0.000000E+00  1.137079E-02  5.583157E-04 -7.683577E-19 -4.332119E-02  0.000000E+00
  3.302721E+00 -1.048568E-01  5.000000E-01  7.014089E-01 -2.257183E-02  0.000000E+00  1.151402E-02  5.707483E-04 -5.069293E-19 -4.724735E-02  0.000000E+00
  3.335981E+00 -1.031961E-01  5.000000E-01  7.084724E-01 -2.221914E-02  0.000000E+00  1.163531E-02  5.902250E-04 -1.700326E-19 -5.118679E-02  0.000000E+00
  3.369247E+00 -1.014857E-01  5.000000E-01  7.155373E-01 -2.185589E-02  0.000000E+00  1.172721E-02  6.156866E-04  2.439157E-20 -5.471704E-02  0.000000E+00
  3.402518E+00 -9.970660E-02  5.000000E-01  7.226032E-01 -2.147806E-02  0.000000E+00  1.178430E-02  6.462997E-04  6.339626E-19 -5.753572E-02  0.000000E+00
  3.435792E+00 -9.783979E-02  5.000000E-01  7.296699E-01 -2.108160E-02  0.000000E+00  1.180289E-02  6.810513E-04  1.192182E-18 -5.935811E-02  0.000000E+00
  3.469073E+00 -9.586973E-02  5.000000E-01  7.367379E-01 -2.066320E-02  0.000000E+00  1.178099E-02  7.187166E-04  6.642183E-19 -5.988372E-02  0.000000E+00
  3.502353E+00 -9.378246E-02  5.000000E-01  7.438057E-01 -2.021992E-02  0.000000E+00  1.171753E-02  7.580469E-04  5.006579E-19 -5.887198E-02  0.000000E+00
  3.535630E+00 -9.156694E-02  5.000000E-01  7.508729E-01 -1.974940E-02  0.000000E+00  1.161186E-02  7.976560E-04  1.214659E-18 -5.614018E-02  0.000000E+00
  3.568904E+00 -8.921361E-02  5.000000E-01  7.579395E-01 -1.924961E-02  0.000000E+00  1.146290E-02  8.363905E-04  1.449276E-18 -5.158690E-02  0.000000E+00
  3.602176E+00 -8.671380E-02  5.000000E-01  7.650057E-01 -1.871871E-02  0.000000E+00  1.126931E-02  8.730354E-04  1.297303E-19 -4.513233E-02  0.000000E+00
  3.635446E+00 -8.406057E-02  5.000000E-01  7.720714E-01 -1.815523E-02  0.000000E+00  1.103009E-02  9.062138E-04  5.131000E-19 -3.670421E-02  0.000000E+00
  3.668713E+00 -8.124860E-02  5.000000E-01  7.791365E-01 -1.755803E-02  0.000000E+00  1.074604E-02  9.345375E-04  4.694091E-19 -2.623506E-02  0.000000E+00
  3.701976E+00 -7.827576E-02  5.000000E-01  7.862008E-01 -1.692667E-02  0.000000E+00  1.042110E-02  9.569670E-04 -1.524384E-18 -1.375088E-02  0.000000E+00
  3.735241E+00 -7.513966E-02  5.000000E-01  7.932655E-01 -1.626065E-02  0.000000E+00  1.006477E-02  9.714653E-04 -2.037227E-18  7.305338E-04  0.000000E+00
  3.768500E+00 -7.185444E-02  5.000000E-01  8.003289E-01 -1.556295E-02  0.000000E+00  9.691516E-03  9.758916E-04 -1.441715E-18  1.708242E-02  0.000000E+00
  3.801751E+00 -6.844285E-02  5.000000E-01  8.073904E-01 -1.483841E-02  0.000000E+00  9.315077E-03  9.706360E-04  8.480396E-21  3.472837E-02  0.000000E+00
  3.834989E+00 -6.492733E-02  5.000000E-01  8.144495E-01 -1.409180E-02  0.000000E+00  8.946645E-03  9.571690E-04 -6.132600E-20  5.297751E-02  0.000000E+00
  3.868211E+00 -6.133402E-02  5.000000E-01  8.215050E-01 -1.332867E-02  0.000000E+00  8.594468E-03  9.372874E-04 -6.004021E-19  7.128139E-02  0.000000E+00
  3.901422E+00 -5.768426E-02  5.000000E-01  8.285582E-01 -1.255355E-02  0.000000E+00  8.263877E-03  9.128736E-04 -9.088420E-19  8.928249E-02  0.000000E+00
  3.934617E+00 -5.400046E-02  5.000000E-01  8.356079E-01 -1.177120E-02  0.000000E+00  7.958074E-03  8.852899E-04  5.278742E-19  1.068127E-01  0.000000E+00
  3.967800E+00 -5.030244E-02  5.000000E-01  8.426552E-01 -1.098583E-02  0.000000E+00  7.677790E-03  8.556414E-04  9.248062E-19  1.237366E-01  0.000000E+00
  4.000972E+00 -4.660815E-02  5.000000E-01  8.497000E-01 -1.020125E-02  0.000000E+00  7.421388E-03  8.248279E-04  1.750209E-19  1.399816E-01  0.000000E+00
  4.034139E+00 -4.293218E-02  5.000000E-01  8.567440E-01 -9.420568E-03  0.000000E+00  7.184543E-03  7.939108E-04  7.483998E-19  1.555032E-01  0.000000E+00
  4.067311E+00 -3.928047E-02  5.000000E-01  8.637890E-01 -8.645036E-03  0.000000E+00  6.960659E-03  7.635642E-04 -1.931334E-19  1.703450E-01  0.000000E+00
  4.100488E+00 -3.565661E-02  5.000000E-01  8.708348E-01 -7.875416E-03  0.000000E+00  6.742223E-03  7.335554E-04  8.512122E-19  1.847208E-01  0.000000E+00
  4.133669E+00 -3.206329E-02  5.000000E-01  8.778818E-01 -7.112283E-03  0.000000E+00  6.521414E-03  7.033984E-04  1.708433E-18  1.988592E-01  0.000000E+00
  4.166856E+00 -2.850057E-02  5.000000E-01  8.849299E-01 -6.355650E-03  0.000000E+00  6.291321E-03  6.726633E-04  5.979093E-19  2.129636E-01  0.000000E+00
  4.200049E+00 -2.496859E-02  5.000000E-01  8.919793E-01 -5.605543E-03  0.000000E+00  6.047768E-03  6.411049E-04  2.645831E-19  2.271858E-01  0.000000E+00
  4.233242E+00 -2.146584E-02  5.000000E-01  8.990285E-01 -4.861645E-03  0.000000E+00  5.791785E-03  6.079077E-04 -5.822391E-20  2.416851E-01  0.000000E+00
  4.266405E+00 -1.800601E-02  5.000000E-01  9.060715E-01 -4.126862E-03  0.000000E+00  5.531385E-03  5.709928E-04 -5.495774E-19  2.566311E-01  0.000000E+00
  4.299502E+00 -1.462792E-02  5.000000E-01  9.131006E-01 -3.409440E-03  0.000000E+00  5.280111E-03  5.285916E-04 -5.858875E-19  2.719438E-01  0.000000E+00
  4.332522E+00 -1.139103E-02  5.000000E-01  9.201132E-01 -2.722004E-03  0.000000E+00  5.052669E-03  4.812617E-04 -8.060794E-19  2.870156E-01  0.000000E+00
  4.365472E+00 -8.350699E-03  5.000000E-01  9.271110E-01 -2.076312E-03  0.000000E+00  4.862503E-03  4.308721E-04  7.442213E-19  3.010500E-01  0.000000E+00
  4.398350E+00 -5.564222E-03  5.000000E-01  9.340935E-01 -1.484532E-03  0.000000E+00  4.722785E-03  3.785814E-04  1.130015E-18  3.135725E-01  0.000000E+00
  4.431155E+00 -3.089778E-03  5.000000E-01  9.410605E-01 -9.590214E-04  0.000000E+00  4.646686E-03  3.242978E-04 -1.038715E-18  3.243636E-01  0.000000E+00
  4.463888E+00 -9.931186E-04  5.000000E-01  9.480121E-01 -5.137424E-04  0.000000E+00  4.643269E-03  2.673415E-04 -1.311570E-18  3.330572E-01  0.000000E+00
  4.496579E+00  6.764508E-04  5.000000E-01  9.549550E-01 -1.591669E-04  0.000000E+00  4.709448E-03  2.069614E-04 -8.171013E-20  3.393509E-01  0.000000E+00
  4.529252E+00  1.886208E-03  5.000000E-01  9.618938E-01  9.775580E-05  0.000000E+00  4.816779E-03  1.432941E-04  3.546228E-19  3.432989E-01  0.000000E+00
  4.561929E+00  2.625067E-03  5.000000E-01  9.688337E-01  2.546713E-04  0.000000E+00  4.890799E-03  7.626271E-05  6.568939E-20  3.438561E-01  0.000000E+00
  4.594574E+00  2.880030E-03  5.000000E-01  9.757665E-01  3.088191E-04  0.000000E+00  4.815886E-03  5.853963E-07 -1.759622E-19  3.399082E-01  0.000000E+00
  4.627203E+00  2.637165E-03  5.000000E-01  9.826962E-01  2.572406E-04  0.000000E+00  4.527181E-03 -7.913034E-05 -3.134031E-19  3.393226E-01  0.000000E+00
  4.659162E+00  1.898711E-03  5.000000E-01  9.894836E-01  1.004110E-04  0.000000E+00  4.068207E-03 -1.191709E-04  2.159226E-19  3.446132E-01  0.000000E+00
  4.689251E+00  7.321950E-04  5.000000E-01  9.958737E-01 -1.473282E-04  0.000000E+00  3.375015E-03 -1.170094E-04  5.031612E-18  2.946057E-01  0.000000E+00
  4.708680E+00 -2.737063E-04  5.000000E-01  9.999999E-01 -3.609570E-04  0.000000E+00  2.459877E-03 -1.690015E-04  5.536870E-18  1.492153E-01  0.000000E+00
    1    2
    2    3
    3    4
    4    5
    5    6
    6    7
    7    8
    8    9
    9   10
   10   11
   11   12
   12   13
   13   14
   14   15
   15   16
   16   17
   17   18
   18   19
   19   20
   20   21
   21   22
   22   23
   23   24
   24   25
   25   26
   26   27
   27   28
   28   29
   29   30
   30   31
   31   32
   32   33
   33   34
   34   35
   35   36
   36   37
   37   38
   38   39
   39   40
   40   41
   41   42
   42   43
   43   44
   44   45
   45   46
   46   47
   47   48
   48   49
   49   50
   50   51
   51   52
   52   53
   53   54
   54   55
   55   56
   56   57
   57   58
   58   59
   59   60
   60   61
   61   62
   62   63
   63   64
   64   65
   65   66
   66   67
   67   68
   68   69
   69   70
   70   71
   71   72
   72   73
   73   74
   74   75
   75   76
   76   77
   77   78
   78   79
   79   80
   80   81
   81   82
   82   83
   83   84
   84   85
   85   86
   86   87
   87   88
   88   89
   89   90
   90   91
   91   92
   92   93
   93   94
   94   95
   95   96
   96   97
   97   98
   98   99
   99  100
  100  101
  101  102
  102  103
  103  104
  104  105
  105  106
  106  107
  107  108
  108  109
  109  110
  110  111
  111  112
  112  113
  113  114
  114  115
  115  116
  116  117
  117  118
  118  119
  119  120
  120  121
  121  122
  122  123
  123  124
  124  125
  125  126
  126  127
  127  128
  128  129
  129  130
  130  131
  131  132
  132  133
  133  134
  134  135
  135  136
  136  137
  137  138
  138  139
  139  140
  140  141
  141  142
  142  143
  143  144
  144  145
  145  146
  146  147
  147  148
  148  149
  149  150
  151  152
  152  153
  153  154
  154  155
  155  156
  156  157
  157  158
  158  159
  159  160
  160  161
  161  162
  162  163
  163  164
  164  165
  165  166
  166  167
  167  168
  168  169
  169  170
  170  171
  171  172
  172  173
  173  174
  174  175
  175  176
  176  177
  177  178
  178  179
  179  180
  180  181
  181  182
  182  183
  183  184
  184  185
  185  186
  186  187
  187  188
  188  189
  189  190
  190  191
  191  192
  192  193
  193  194
  194  195
  195  196
  196  197
  197  198
  198  199
  199  200
  200  201
  201  202
  202  203
  203  204
  204  205
  205  206
  206  207
  207  208
  208  209
  209  210
  210  211
  211  212
  212  213
  213  214
  214  215
  215  216
  216  217
  217  218
  218  219
  219  220
  220  221
  221  222
  222  223
  223  224
  224  225
  225  226
  226  227
  227  228
  228  229
  229  230
  230  231
  231  232
  232  233
  233  234
  234  235
  235  236
  236  237
  237  238
  238  239
  239  240
  240  241
  241  242
  242  243
  243  244
  244  245
  245  246
  246  247
  247  248
  248  249
  249  250
  250  251
  251  252
  252  253
  253  254
  254  255
  255  256
  256  257
  257  258
  258  259
  259  260
  260  261
  261  262
  262  263
  263  264
  264  265
  265  266
  266  267
  267  268
  268  269
  269  270
  270  271
  271  272
  272  273
  273  274
  274  275
  275  276
  276  277
  277  278
  278  279
  279  280
  280  281
  281  282
  282  283
  283  284
  284  285
  285  286
  286  287
  287  288
  288  289
  289  290
  290  291
  291  292
  292  293
  293  294
  294  295
  295  296
  296  297
  297  298
  298  299
  299  300
