 Title = "ADflow Slice Data"
Variables =  "CoordinateX"  "CoordinateY"  "CoordinateZ"  "XoC"  "YoC"  "ZoC" "VelocityX" "VelocityY" "VelocityZ" "CoefPressure" "Mach" 
Zone T= "Slice_0001 None Absolute Regular z = 0.50000000"
 Nodes =          300  Elements=          298  ZONETYPE=FELINESEG
 DATAPACKING=POINT
  4.708680E+00 -5.548070E-04  5.000000E-01  1.000000E+00 -3.043580E-04  0.000000E+00  2.005019E-03 -9.577423E-05  6.174894E-18  1.582733E-01  0.000000E+00
  4.689187E+00  3.084058E-03  5.000000E-01  9.958601E-01  4.684476E-04  0.000000E+00  1.306006E-03 -1.978156E-04  2.560443E-18  6.880724E-02  0.000000E+00
  4.658673E+00  8.690485E-03  5.000000E-01  9.893797E-01  1.659115E-03  0.000000E+00  9.232730E-04 -1.912744E-04  1.604955E-18  9.123000E-02  0.000000E+00
  4.626256E+00  1.453044E-02  5.000000E-01  9.824952E-01  2.899377E-03  0.000000E+00  6.914780E-04 -1.261386E-04  3.345143E-19  8.685973E-02  0.000000E+00
  4.593146E+00  2.037408E-02  5.000000E-01  9.754635E-01  4.140423E-03  0.000000E+00  6.020744E-04 -9.924074E-05 -3.367578E-19  6.588881E-02  0.000000E+00
  4.560031E+00  2.609706E-02  5.000000E-01  9.684306E-01  5.355843E-03  0.000000E+00  6.492024E-04 -1.105652E-04  2.429843E-19  5.058598E-02  0.000000E+00
  4.526891E+00  3.170247E-02  5.000000E-01  9.613923E-01  6.546295E-03  0.000000E+00  7.864762E-04 -1.328080E-04  2.531388E-19  3.747812E-02  0.000000E+00
  4.493752E+00  3.718394E-02  5.000000E-01  9.543545E-01  7.710424E-03  0.000000E+00  9.799348E-04 -1.600377E-04  1.950373E-18  2.167689E-02  0.000000E+00
  4.460612E+00  4.253657E-02  5.000000E-01  9.473164E-01  8.847192E-03  0.000000E+00  1.209218E-03 -1.923564E-04  2.802595E-18  4.079094E-03  0.000000E+00
  4.427470E+00  4.775613E-02  5.000000E-01  9.402779E-01  9.955697E-03  0.000000E+00  1.453759E-03 -2.255274E-04  1.923628E-18 -1.415548E-02  0.000000E+00
  4.394325E+00  5.283271E-02  5.000000E-01  9.332387E-01  1.103384E-02  0.000000E+00  1.695925E-03 -2.557133E-04  1.858461E-18 -3.297382E-02  0.000000E+00
  4.361178E+00  5.775887E-02  5.000000E-01  9.261991E-01  1.208003E-02  0.000000E+00  1.926163E-03 -2.813916E-04  7.627383E-19 -5.242079E-02  0.000000E+00
  4.328027E+00  6.252484E-02  5.000000E-01  9.191586E-01  1.309221E-02  0.000000E+00  2.141148E-03 -3.019450E-04  8.787266E-19 -7.226439E-02  0.000000E+00
  4.294876E+00  6.711903E-02  5.000000E-01  9.121181E-01  1.406790E-02  0.000000E+00  2.338471E-03 -3.171727E-04  2.802038E-18 -9.205505E-02  0.000000E+00
  4.261727E+00  7.153214E-02  5.000000E-01  9.050782E-01  1.500514E-02  0.000000E+00  2.512263E-03 -3.269973E-04  1.800029E-18 -1.116557E-01  0.000000E+00
  4.228582E+00  7.575528E-02  5.000000E-01  8.980388E-01  1.590203E-02  0.000000E+00  2.653455E-03 -3.305101E-04  4.697445E-19 -1.320613E-01  0.000000E+00
  4.195443E+00  7.977695E-02  5.000000E-01  8.910010E-01  1.675613E-02  0.000000E+00  2.753673E-03 -3.263271E-04  5.305538E-19 -1.546132E-01  0.000000E+00
  4.162308E+00  8.358487E-02  5.000000E-01  8.839639E-01  1.756484E-02  0.000000E+00  2.805462E-03 -3.129708E-04 -7.056814E-19 -1.784382E-01  0.000000E+00
  4.129179E+00  8.716960E-02  5.000000E-01  8.769281E-01  1.832615E-02  0.000000E+00  2.796920E-03 -2.900379E-04 -8.835175E-19 -1.987271E-01  0.000000E+00
  4.096054E+00  9.052007E-02  5.000000E-01  8.698932E-01  1.903771E-02  0.000000E+00  2.713507E-03 -2.607440E-04  1.678479E-20 -2.107400E-01  0.000000E+00
  4.062934E+00  9.362815E-02  5.000000E-01  8.628593E-01  1.969779E-02  0.000000E+00  2.572174E-03 -2.318438E-04 -2.680692E-20 -2.198698E-01  0.000000E+00
  4.029817E+00  9.648600E-02  5.000000E-01  8.558262E-01  2.030472E-02  0.000000E+00  2.490652E-03 -2.115810E-04 -2.019873E-19 -2.463331E-01  0.000000E+00
  3.996705E+00  9.908796E-02  5.000000E-01  8.487940E-01  2.085732E-02  0.000000E+00  2.744858E-03 -2.119882E-04 -6.650712E-19 -3.121745E-01  0.000000E+00
  3.963594E+00  1.014324E-01  5.000000E-01  8.417620E-01  2.135521E-02  0.000000E+00  3.732822E-03 -2.496336E-04 -8.470166E-19 -4.191839E-01  0.000000E+00
  3.930486E+00  1.035213E-01  5.000000E-01  8.347306E-01  2.179885E-02  0.000000E+00  5.772413E-03 -3.331839E-04  9.472575E-19 -5.428773E-01  0.000000E+00
  3.897377E+00  1.053605E-01  5.000000E-01  8.276991E-01  2.218945E-02  0.000000E+00  8.749656E-03 -4.417076E-04  2.638385E-18 -6.498129E-01  0.000000E+00
  3.864269E+00  1.069629E-01  5.000000E-01  8.206677E-01  2.252975E-02  0.000000E+00  1.195826E-02 -5.291704E-04  3.853362E-18 -7.190237E-01  0.000000E+00
  3.831161E+00  1.083451E-01  5.000000E-01  8.136366E-01  2.282330E-02  0.000000E+00  1.447093E-02 -5.587276E-04  4.910586E-18 -7.495610E-01  0.000000E+00
  3.798054E+00  1.095330E-01  5.000000E-01  8.066053E-01  2.307559E-02  0.000000E+00  1.577801E-02 -5.294181E-04  4.043986E-18 -7.534191E-01  0.000000E+00
  3.764948E+00  1.105594E-01  5.000000E-01  7.995744E-01  2.329357E-02  0.000000E+00  1.602453E-02 -4.710175E-04  1.770418E-18 -7.445513E-01  0.000000E+00
  3.731842E+00  1.114657E-01  5.000000E-01  7.925435E-01  2.348606E-02  0.000000E+00  1.569574E-02 -4.161250E-04 -7.030253E-20 -7.329747E-01  0.000000E+00
  3.698737E+00  1.123028E-01  5.000000E-01  7.855130E-01  2.366382E-02  0.000000E+00  1.523370E-02 -3.795496E-04 -9.300514E-19 -7.236607E-01  0.000000E+00
  3.665634E+00  1.131079E-01  5.000000E-01  7.784827E-01  2.383481E-02  0.000000E+00  1.487994E-02 -3.574486E-04 -8.743720E-19 -7.175830E-01  0.000000E+00
  3.632534E+00  1.138886E-01  5.000000E-01  7.714529E-01  2.400061E-02  0.000000E+00  1.469432E-02 -3.427387E-04 -6.066574E-19 -7.140678E-01  0.000000E+00
  3.599434E+00  1.146479E-01  5.000000E-01  7.644234E-01  2.416186E-02  0.000000E+00  1.463932E-02 -3.326941E-04 -1.870030E-19 -7.123315E-01  0.000000E+00
  3.566334E+00  1.153891E-01  5.000000E-01  7.573938E-01  2.431928E-02  0.000000E+00  1.465680E-02 -3.255521E-04  5.799981E-19 -7.116623E-01  0.000000E+00
  3.533236E+00  1.161144E-01  5.000000E-01  7.503646E-01  2.447331E-02  0.000000E+00  1.470285E-02 -3.196851E-04  1.240149E-18 -7.115388E-01  0.000000E+00
  3.500138E+00  1.168244E-01  5.000000E-01  7.433353E-01  2.462409E-02  0.000000E+00  1.475402E-02 -3.143986E-04  1.685305E-18 -7.116888E-01  0.000000E+00
  3.467038E+00  1.175208E-01  5.000000E-01  7.363057E-01  2.477200E-02  0.000000E+00  1.480268E-02 -3.095032E-04  2.070551E-18 -7.119711E-01  0.000000E+00
  3.433936E+00  1.182043E-01  5.000000E-01  7.292757E-01  2.491716E-02  0.000000E+00  1.484936E-02 -3.046028E-04  2.171906E-18 -7.122730E-01  0.000000E+00
  3.400832E+00  1.188745E-01  5.000000E-01  7.222453E-01  2.505950E-02  0.000000E+00  1.489625E-02 -2.993516E-04  1.965736E-18 -7.125131E-01  0.000000E+00
  3.367728E+00  1.195305E-01  5.000000E-01  7.152146E-01  2.519881E-02  0.000000E+00  1.494460E-02 -2.933314E-04  1.767548E-18 -7.126008E-01  0.000000E+00
  3.334620E+00  1.201698E-01  5.000000E-01  7.081834E-01  2.533459E-02  0.000000E+00  1.499407E-02 -2.860806E-04  1.294681E-18 -7.124315E-01  0.000000E+00
  3.301512E+00  1.207895E-01  5.000000E-01  7.011520E-01  2.546619E-02  0.000000E+00  1.504270E-02 -2.771752E-04  9.913282E-19 -7.119151E-01  0.000000E+00
  3.268401E+00  1.213856E-01  5.000000E-01  6.941201E-01  2.559279E-02  0.000000E+00  1.508789E-02 -2.661132E-04  8.342653E-19 -7.109448E-01  0.000000E+00
  3.235290E+00  1.219532E-01  5.000000E-01  6.870881E-01  2.571333E-02  0.000000E+00  1.512695E-02 -2.523870E-04  9.647490E-19 -7.093914E-01  0.000000E+00
  3.202177E+00  1.224863E-01  5.000000E-01  6.800557E-01  2.582654E-02  0.000000E+00  1.515693E-02 -2.356950E-04  1.609490E-18 -7.071559E-01  0.000000E+00
  3.169063E+00  1.229789E-01  5.000000E-01  6.730231E-01  2.593116E-02  0.000000E+00  1.517543E-02 -2.158292E-04  2.072909E-18 -7.041898E-01  0.000000E+00
  3.135947E+00  1.234241E-01  5.000000E-01  6.659902E-01  2.602572E-02  0.000000E+00  1.518084E-02 -1.931697E-04  2.416049E-18 -7.005651E-01  0.000000E+00
  3.102831E+00  1.238173E-01  5.000000E-01  6.589571E-01  2.610922E-02  0.000000E+00  1.517237E-02 -1.695035E-04  2.742185E-18 -6.965531E-01  0.000000E+00
  3.069714E+00  1.241594E-01  5.000000E-01  6.519238E-01  2.618188E-02  0.000000E+00  1.515218E-02 -1.464947E-04  2.696477E-18 -6.924601E-01  0.000000E+00
  3.036593E+00  1.244530E-01  5.000000E-01  6.448898E-01  2.624424E-02  0.000000E+00  1.512543E-02 -1.245290E-04  2.285772E-18 -6.884670E-01  0.000000E+00
  3.003475E+00  1.247003E-01  5.000000E-01  6.378564E-01  2.629675E-02  0.000000E+00  1.509743E-02 -1.033732E-04  1.716280E-18 -6.846401E-01  0.000000E+00
  2.970356E+00  1.249021E-01  5.000000E-01  6.308226E-01  2.633961E-02  0.000000E+00  1.507121E-02 -8.311315E-05  1.004038E-18 -6.810267E-01  0.000000E+00
  2.937236E+00  1.250611E-01  5.000000E-01  6.237888E-01  2.637338E-02  0.000000E+00  1.504799E-02 -6.386810E-05  4.588770E-19 -6.776555E-01  0.000000E+00
  2.904117E+00  1.251789E-01  5.000000E-01  6.167550E-01  2.639838E-02  0.000000E+00  1.502821E-02 -4.549423E-05  1.190529E-19 -6.745201E-01  0.000000E+00
  2.870996E+00  1.252572E-01  5.000000E-01  6.097211E-01  2.641502E-02  0.000000E+00  1.501164E-02 -2.800243E-05 -4.550677E-20 -6.716223E-01  0.000000E+00
  2.837877E+00  1.252980E-01  5.000000E-01  6.026873E-01  2.642369E-02  0.000000E+00  1.499814E-02 -1.131604E-05 -6.366934E-20 -6.689495E-01  0.000000E+00
  2.804757E+00  1.253028E-01  5.000000E-01  5.956535E-01  2.642470E-02  0.000000E+00  1.498755E-02  4.579275E-06  1.257858E-20 -6.664937E-01  0.000000E+00
  2.771639E+00  1.252734E-01  5.000000E-01  5.886200E-01  2.641847E-02  0.000000E+00  1.497994E-02  1.986275E-05  1.948961E-19 -6.642327E-01  0.000000E+00
  2.738522E+00  1.252106E-01  5.000000E-01  5.815867E-01  2.640512E-02  0.000000E+00  1.497524E-02  3.456554E-05  4.091006E-19 -6.621594E-01  0.000000E+00
  2.705406E+00  1.251162E-01  5.000000E-01  5.745537E-01  2.638507E-02  0.000000E+00  1.497341E-02  4.861866E-05  6.005625E-19 -6.602784E-01  0.000000E+00
  2.672292E+00  1.249912E-01  5.000000E-01  5.675211E-01  2.635853E-02  0.000000E+00  1.497462E-02  6.210800E-05  6.964374E-19 -6.585834E-01  0.000000E+00
  2.639177E+00  1.248371E-01  5.000000E-01  5.604885E-01  2.632579E-02  0.000000E+00  1.497887E-02  7.503522E-05  6.685956E-19 -6.570697E-01  0.000000E+00
  2.606068E+00  1.246551E-01  5.000000E-01  5.534568E-01  2.628714E-02  0.000000E+00  1.498626E-02  8.767984E-05  5.417390E-19 -6.556894E-01  0.000000E+00
  2.572958E+00  1.244452E-01  5.000000E-01  5.464251E-01  2.624258E-02  0.000000E+00  1.499627E-02  1.003278E-04  3.950745E-19 -6.543794E-01  0.000000E+00
  2.539852E+00  1.242077E-01  5.000000E-01  5.393941E-01  2.619214E-02  0.000000E+00  1.500796E-02  1.133586E-04  3.039961E-19 -6.530530E-01  0.000000E+00
  2.506749E+00  1.239409E-01  5.000000E-01  5.323639E-01  2.613546E-02  0.000000E+00  1.501977E-02  1.270370E-04  1.929118E-19 -6.516369E-01  0.000000E+00
  2.473650E+00  1.236435E-01  5.000000E-01  5.253345E-01  2.607230E-02  0.000000E+00  1.502965E-02  1.412674E-04  1.055176E-19 -6.501087E-01  0.000000E+00
  2.440554E+00  1.233143E-01  5.000000E-01  5.183056E-01  2.600239E-02  0.000000E+00  1.503598E-02  1.558435E-04  2.807564E-20 -6.484708E-01  0.000000E+00
  2.407460E+00  1.229531E-01  5.000000E-01  5.112774E-01  2.592568E-02  0.000000E+00  1.503816E-02  1.708348E-04 -2.798745E-20 -6.467099E-01  0.000000E+00
  2.374373E+00  1.225583E-01  5.000000E-01  5.042504E-01  2.584183E-02  0.000000E+00  1.503615E-02  1.863552E-04  2.237762E-20 -6.448319E-01  0.000000E+00
  2.341286E+00  1.221286E-01  5.000000E-01  4.972236E-01  2.575059E-02  0.000000E+00  1.502977E-02  2.017364E-04  6.097579E-20 -6.429560E-01  0.000000E+00
  2.308194E+00  1.216655E-01  5.000000E-01  4.901958E-01  2.565224E-02  0.000000E+00  1.502011E-02  2.161112E-04 -8.156323E-20 -6.412547E-01  0.000000E+00
  2.275097E+00  1.211718E-01  5.000000E-01  4.831667E-01  2.554738E-02  0.000000E+00  1.501014E-02  2.290733E-04 -1.547596E-19 -6.398678E-01  0.000000E+00
  2.241991E+00  1.206507E-01  5.000000E-01  4.761359E-01  2.543672E-02  0.000000E+00  1.500361E-02  2.405603E-04 -2.415491E-19 -6.388859E-01  0.000000E+00
  2.208879E+00  1.201057E-01  5.000000E-01  4.691038E-01  2.532096E-02  0.000000E+00  1.500391E-02  2.506840E-04 -3.734697E-19 -6.383527E-01  0.000000E+00
  2.175760E+00  1.195397E-01  5.000000E-01  4.620701E-01  2.520077E-02  0.000000E+00  1.501327E-02  2.595688E-04 -2.949867E-19 -6.382820E-01  0.000000E+00
  2.142637E+00  1.189559E-01  5.000000E-01  4.550354E-01  2.507679E-02  0.000000E+00  1.503266E-02  2.673206E-04 -1.586115E-19 -6.386602E-01  0.000000E+00
  2.109507E+00  1.183570E-01  5.000000E-01  4.479994E-01  2.494958E-02  0.000000E+00  1.506200E-02  2.740941E-04 -3.425941E-19 -6.394295E-01  0.000000E+00
  2.076374E+00  1.177456E-01  5.000000E-01  4.409628E-01  2.481975E-02  0.000000E+00  1.510071E-02  2.806949E-04 -6.158715E-19 -6.404255E-01  0.000000E+00
  2.043241E+00  1.171209E-01  5.000000E-01  4.339262E-01  2.468708E-02  0.000000E+00  1.514692E-02  2.881250E-04 -6.007591E-19 -6.414384E-01  0.000000E+00
  2.010106E+00  1.164808E-01  5.000000E-01  4.268892E-01  2.455112E-02  0.000000E+00  1.519701E-02  2.966733E-04 -6.855554E-19 -6.423259E-01  0.000000E+00
  1.976970E+00  1.158229E-01  5.000000E-01  4.198519E-01  2.441140E-02  0.000000E+00  1.524731E-02  3.064077E-04 -7.182019E-19 -6.429926E-01  0.000000E+00
  1.943835E+00  1.151447E-01  5.000000E-01  4.128148E-01  2.426736E-02  0.000000E+00  1.529503E-02  3.173942E-04 -7.745642E-19 -6.433839E-01  0.000000E+00
  1.910699E+00  1.144432E-01  5.000000E-01  4.057776E-01  2.411840E-02  0.000000E+00  1.533833E-02  3.294436E-04 -7.608698E-19 -6.435047E-01  0.000000E+00
  1.877561E+00  1.137168E-01  5.000000E-01  3.987399E-01  2.396411E-02  0.000000E+00  1.537670E-02  3.424603E-04 -6.961712E-19 -6.433739E-01  0.000000E+00
  1.844424E+00  1.129628E-01  5.000000E-01  3.917024E-01  2.380398E-02  0.000000E+00  1.541047E-02  3.563780E-04 -7.321690E-19 -6.430216E-01  0.000000E+00
  1.811282E+00  1.121795E-01  5.000000E-01  3.846638E-01  2.363763E-02  0.000000E+00  1.544009E-02  3.709111E-04 -7.306742E-19 -6.425025E-01  0.000000E+00
  1.778139E+00  1.113659E-01  5.000000E-01  3.776250E-01  2.346485E-02  0.000000E+00  1.546651E-02  3.861020E-04 -8.985424E-19 -6.418361E-01  0.000000E+00
  1.744992E+00  1.105201E-01  5.000000E-01  3.705854E-01  2.328522E-02  0.000000E+00  1.549025E-02  4.019501E-04 -9.681078E-19 -6.410394E-01  0.000000E+00
  1.711843E+00  1.096411E-01  5.000000E-01  3.635455E-01  2.309855E-02  0.000000E+00  1.551140E-02  4.184658E-04 -7.283069E-19 -6.401194E-01  0.000000E+00
  1.678692E+00  1.087269E-01  5.000000E-01  3.565049E-01  2.290439E-02  0.000000E+00  1.552958E-02  4.356218E-04 -7.695008E-19 -6.390735E-01  0.000000E+00
  1.645539E+00  1.077766E-01  5.000000E-01  3.494640E-01  2.270258E-02  0.000000E+00  1.554428E-02  4.535046E-04 -9.052155E-19 -6.378733E-01  0.000000E+00
  1.612385E+00  1.067879E-01  5.000000E-01  3.424231E-01  2.249260E-02  0.000000E+00  1.555502E-02  4.724170E-04 -4.329870E-19 -6.364667E-01  0.000000E+00
  1.579236E+00  1.057587E-01  5.000000E-01  3.353830E-01  2.227402E-02  0.000000E+00  1.556116E-02  4.925120E-04 -2.580749E-19 -6.348467E-01  0.000000E+00
  1.546090E+00  1.046853E-01  5.000000E-01  3.283435E-01  2.204605E-02  0.000000E+00  1.556172E-02  5.129000E-04 -5.968403E-19 -6.331652E-01  0.000000E+00
  1.512946E+00  1.035691E-01  5.000000E-01  3.213046E-01  2.180901E-02  0.000000E+00  1.555712E-02  5.321835E-04 -3.961332E-19 -6.316738E-01  0.000000E+00
  1.479807E+00  1.024132E-01  5.000000E-01  3.142666E-01  2.156351E-02  0.000000E+00  1.555085E-02  5.500942E-04  1.770488E-19 -6.305293E-01  0.000000E+00
  1.446672E+00  1.012201E-01  5.000000E-01  3.072296E-01  2.131013E-02  0.000000E+00  1.554702E-02  5.667818E-04  4.903135E-19 -6.298189E-01  0.000000E+00
  1.413540E+00  9.999272E-02  5.000000E-01  3.001932E-01  2.104947E-02  0.000000E+00  1.554881E-02  5.824390E-04  6.879474E-19 -6.295722E-01  0.000000E+00
  1.380413E+00  9.873355E-02  5.000000E-01  2.931579E-01  2.078205E-02  0.000000E+00  1.555797E-02  5.974368E-04  4.439542E-19 -6.297559E-01  0.000000E+00
  1.347294E+00  9.744430E-02  5.000000E-01  2.861242E-01  2.050824E-02  0.000000E+00  1.557464E-02  6.120639E-04  2.139653E-19 -6.303180E-01  0.000000E+00
  1.314179E+00  9.612610E-02  5.000000E-01  2.790914E-01  2.022829E-02  0.000000E+00  1.559784E-02  6.263752E-04  4.449668E-19 -6.312177E-01  0.000000E+00
  1.281074E+00  9.478053E-02  5.000000E-01  2.720606E-01  1.994252E-02  0.000000E+00  1.562649E-02  6.405374E-04  6.452488E-19 -6.324092E-01  0.000000E+00
  1.247974E+00  9.340775E-02  5.000000E-01  2.650310E-01  1.965098E-02  0.000000E+00  1.565951E-02  6.545439E-04  1.481496E-19 -6.338730E-01  0.000000E+00
  1.214880E+00  9.200916E-02  5.000000E-01  2.580028E-01  1.935395E-02  0.000000E+00  1.569631E-02  6.684223E-04 -4.379705E-19 -6.355909E-01  0.000000E+00
  1.181795E+00  9.058506E-02  5.000000E-01  2.509763E-01  1.905151E-02  0.000000E+00  1.573687E-02  6.824504E-04 -1.413317E-19 -6.375271E-01  0.000000E+00
  1.148718E+00  8.913540E-02  5.000000E-01  2.439516E-01  1.874364E-02  0.000000E+00  1.578094E-02  6.965410E-04 -1.706302E-19 -6.396880E-01  0.000000E+00
  1.115646E+00  8.766076E-02  5.000000E-01  2.369279E-01  1.843046E-02  0.000000E+00  1.582860E-02  7.105694E-04 -3.342793E-19 -6.420925E-01  0.000000E+00
  1.082583E+00  8.616190E-02  5.000000E-01  2.299061E-01  1.811214E-02  0.000000E+00  1.588052E-02  7.246524E-04  3.942044E-19 -6.447457E-01  0.000000E+00
  1.049524E+00  8.463888E-02  5.000000E-01  2.228852E-01  1.778869E-02  0.000000E+00  1.593733E-02  7.388399E-04  9.256448E-19 -6.476606E-01  0.000000E+00
  1.016475E+00  8.309257E-02  5.000000E-01  2.158664E-01  1.746029E-02  0.000000E+00  1.599959E-02  7.532103E-04  9.668155E-19 -6.508413E-01  0.000000E+00
  9.834318E-01  8.152271E-02  5.000000E-01  2.088488E-01  1.712689E-02  0.000000E+00  1.606756E-02  7.678867E-04  4.428748E-19 -6.542683E-01  0.000000E+00
  9.503976E-01  7.992991E-02  5.000000E-01  2.018331E-01  1.678862E-02  0.000000E+00  1.614135E-02  7.834492E-04 -2.295968E-19 -6.578462E-01  0.000000E+00
  9.173728E-01  7.831178E-02  5.000000E-01  1.948195E-01  1.644497E-02  0.000000E+00  1.622013E-02  8.006623E-04 -1.815512E-19 -6.614310E-01  0.000000E+00
  8.843598E-01  7.666551E-02  5.000000E-01  1.878083E-01  1.609534E-02  0.000000E+00  1.630166E-02  8.200224E-04 -3.474844E-19 -6.648923E-01  0.000000E+00
  8.513623E-01  7.498670E-02  5.000000E-01  1.808005E-01  1.573880E-02  0.000000E+00  1.638311E-02  8.419128E-04 -3.212477E-19 -6.681281E-01  0.000000E+00
  8.183794E-01  7.327025E-02  5.000000E-01  1.737957E-01  1.537427E-02  0.000000E+00  1.646146E-02  8.663137E-04 -1.894519E-19 -6.711155E-01  0.000000E+00
  7.854121E-01  7.151130E-02  5.000000E-01  1.667943E-01  1.500071E-02  0.000000E+00  1.653462E-02  8.930333E-04 -2.375742E-19 -6.738924E-01  0.000000E+00
  7.524593E-01  6.970517E-02  5.000000E-01  1.597959E-01  1.461713E-02  0.000000E+00  1.660181E-02  9.218536E-04 -1.415904E-19 -6.765251E-01  0.000000E+00
  7.195226E-01  6.784784E-02  5.000000E-01  1.528010E-01  1.422268E-02  0.000000E+00  1.666324E-02  9.528044E-04 -3.251801E-19 -6.790596E-01  0.000000E+00
  6.866079E-01  6.593504E-02  5.000000E-01  1.458107E-01  1.381645E-02  0.000000E+00  1.671930E-02  9.862904E-04 -8.646299E-19 -6.814953E-01  0.000000E+00
  6.537221E-01  6.396153E-02  5.000000E-01  1.388265E-01  1.339733E-02  0.000000E+00  1.676927E-02  1.022680E-03 -9.996651E-19 -6.838237E-01  0.000000E+00
  6.208691E-01  6.192131E-02  5.000000E-01  1.318494E-01  1.296403E-02  0.000000E+00  1.681096E-02  1.061973E-03 -9.277423E-19 -6.860847E-01  0.000000E+00
  5.880524E-01  5.980843E-02  5.000000E-01  1.248799E-01  1.251531E-02  0.000000E+00  1.684149E-02  1.103722E-03 -1.987447E-18 -6.883978E-01  0.000000E+00
  5.552711E-01  5.761754E-02  5.000000E-01  1.179180E-01  1.205002E-02  0.000000E+00  1.685844E-02  1.147192E-03 -3.479148E-18 -6.909567E-01  0.000000E+00
  5.225283E-01  5.534490E-02  5.000000E-01  1.109642E-01  1.156737E-02  0.000000E+00  1.686072E-02  1.191853E-03 -3.664346E-18 -6.939924E-01  0.000000E+00
  4.898261E-01  5.298667E-02  5.000000E-01  1.040191E-01  1.106654E-02  0.000000E+00  1.684782E-02  1.237098E-03 -3.850005E-18 -6.978106E-01  0.000000E+00
  4.571624E-01  5.054042E-02  5.000000E-01  9.708209E-02  1.054701E-02  0.000000E+00  1.681900E-02  1.281860E-03 -4.605786E-18 -7.028296E-01  0.000000E+00
  4.245350E-01  4.800545E-02  5.000000E-01  9.015283E-02  1.000865E-02  0.000000E+00  1.677293E-02  1.324729E-03 -3.626389E-18 -7.095344E-01  0.000000E+00
  3.919369E-01  4.538347E-02  5.000000E-01  8.322981E-02  9.451804E-03  0.000000E+00  1.670720E-02  1.364426E-03 -2.460882E-18 -7.183321E-01  0.000000E+00
  3.593832E-01  4.267919E-02  5.000000E-01  7.631621E-02  8.877480E-03  0.000000E+00  1.661693E-02  1.400987E-03 -4.681966E-18 -7.293287E-01  0.000000E+00
  3.269046E-01  3.989558E-02  5.000000E-01  6.941854E-02  8.286310E-03  0.000000E+00  1.649137E-02  1.436137E-03 -1.160338E-17 -7.422824E-01  0.000000E+00
  2.945750E-01  3.703168E-02  5.000000E-01  6.255253E-02  7.678088E-03  0.000000E+00  1.631066E-02  1.471472E-03 -2.061274E-17 -7.569591E-01  0.000000E+00
  2.624265E-01  3.407505E-02  5.000000E-01  5.572497E-02  7.050172E-03  0.000000E+00  1.604768E-02  1.503507E-03 -6.970878E-18 -7.739249E-01  0.000000E+00
  2.304268E-01  3.101747E-02  5.000000E-01  4.892903E-02  6.400818E-03  0.000000E+00  1.568753E-02  1.525779E-03  9.150333E-17 -7.947435E-01  0.000000E+00
  1.986088E-01  2.786497E-02  5.000000E-01  4.217167E-02  5.731304E-03  0.000000E+00  1.524914E-02  1.534054E-03  3.439903E-16 -8.218953E-01  0.000000E+00
  1.669282E-01  2.462018E-02  5.000000E-01  3.544349E-02  5.042190E-03  0.000000E+00  1.478122E-02  1.518902E-03  6.556353E-16 -8.596738E-01  0.000000E+00
  1.350509E-01  2.131809E-02  5.000000E-01  2.867354E-02  4.340909E-03  0.000000E+00  1.438717E-02  1.495629E-03  3.377739E-16 -9.107205E-01  0.000000E+00
  1.043791E-01  1.812034E-02  5.000000E-01  2.215959E-02  3.661785E-03  0.000000E+00  1.421189E-02  1.534780E-03 -2.360717E-15 -9.720393E-01  0.000000E+00
  7.632629E-02  1.498090E-02  5.000000E-01  1.620187E-02  2.995044E-03  0.000000E+00  1.423305E-02  1.659934E-03 -9.290366E-15 -1.044418E+00  0.000000E+00
  5.118571E-02  1.190047E-02  5.000000E-01  1.086263E-02  2.340836E-03  0.000000E+00  1.434000E-02  1.866306E-03 -1.604865E-14 -1.129525E+00  0.000000E+00
  3.264831E-02  9.359218E-03  5.000000E-01  6.925739E-03  1.801137E-03  0.000000E+00  1.491113E-02  2.301296E-03  4.196509E-15 -1.214574E+00  0.000000E+00
  2.051015E-02  7.306338E-03  5.000000E-01  4.347893E-03  1.365156E-03  0.000000E+00  1.699531E-02  3.255563E-03  1.121592E-13 -1.289728E+00  0.000000E+00
  1.247723E-02  5.599266E-03  5.000000E-01  2.641898E-03  1.002616E-03  0.000000E+00  2.277884E-02  5.430774E-03  3.581875E-13 -1.359467E+00  0.000000E+00
  7.055255E-03  4.187684E-03  5.000000E-01  1.490404E-03  7.028306E-04  0.000000E+00  3.686482E-02  1.124298E-02  6.073757E-13 -1.414248E+00  0.000000E+00
  3.418635E-03  2.981561E-03  5.000000E-01  7.180754E-04  4.466797E-04  0.000000E+00  6.355463E-02  2.680104E-02  3.274092E-13 -1.399765E+00  0.000000E+00
  1.108798E-03  1.886964E-03  5.000000E-01  2.275226E-04  2.142141E-04  0.000000E+00  8.054385E-02  6.040609E-02 -7.860778E-13 -1.140616E+00  0.000000E+00
  3.747479E-05  8.783059E-04  5.000000E-01  0.000000E+00  0.000000E+00  0.000000E+00  2.648508E-02  1.096789E-01 -1.853877E-12 -3.694864E-02  0.000000E+00
  3.747479E-05  8.783059E-04  5.000000E-01  0.000000E+00  0.000000E+00  0.000000E+00  2.648508E-02  1.096789E-01 -1.853877E-12 -3.694864E-02  0.000000E+00
  2.534065E-04 -1.216348E-04  5.000000E-01  4.585858E-05 -2.123628E-04  0.000000E+00 -3.599398E-02  8.307017E-02 -1.658984E-12  1.072379E+00  0.000000E+00
  1.848580E-03 -1.156122E-03  5.000000E-01  3.846343E-04 -4.320625E-04  0.000000E+00 -2.979513E-02  1.734158E-02 -7.882838E-13  1.203134E+00  0.000000E+00
  4.867645E-03 -2.226815E-03  5.000000E-01  1.025809E-03 -6.594513E-04  0.000000E+00 -6.289121E-03  2.229492E-03 -2.427998E-13  1.056496E+00  0.000000E+00
  9.380877E-03 -3.382437E-03  5.000000E-01  1.984309E-03 -9.048772E-04  0.000000E+00  6.845863E-03 -1.457468E-03  1.478384E-14  9.725161E-01  0.000000E+00
  1.589077E-02 -4.708231E-03  5.000000E-01  3.366850E-03 -1.186443E-03  0.000000E+00  1.216745E-02 -2.221056E-03  7.754931E-14  8.949627E-01  0.000000E+00
  2.547297E-02 -6.300955E-03  5.000000E-01  5.401873E-03 -1.524699E-03  0.000000E+00  1.338699E-02 -2.022326E-03  5.537247E-14  8.119310E-01  0.000000E+00
  3.989163E-02 -8.261351E-03  5.000000E-01  8.464043E-03 -1.941039E-03  0.000000E+00  1.293096E-02 -1.609566E-03  2.031617E-14  7.305836E-01  0.000000E+00
  6.092142E-02 -1.062115E-02  5.000000E-01  1.293025E-02 -2.442203E-03  0.000000E+00  1.217058E-02 -1.289986E-03  3.368325E-16  6.592594E-01  0.000000E+00
  8.832839E-02 -1.334185E-02  5.000000E-01  1.875082E-02 -3.020011E-03  0.000000E+00  1.167358E-02 -1.129991E-03 -4.289875E-15  6.024254E-01  0.000000E+00
  1.189914E-01 -1.623287E-02  5.000000E-01  2.526288E-02 -3.633994E-03  0.000000E+00  1.153494E-02 -1.082474E-03 -2.574877E-15  5.581162E-01  0.000000E+00
  1.511926E-01 -1.924281E-02  5.000000E-01  3.210163E-02 -4.273231E-03  0.000000E+00  1.167660E-02 -1.097925E-03 -6.574377E-16  5.226038E-01  0.000000E+00
  1.838450E-01 -2.233562E-02  5.000000E-01  3.903620E-02 -4.930068E-03  0.000000E+00  1.198011E-02 -1.138655E-03  7.251203E-17  4.916149E-01  0.000000E+00
  2.165049E-01 -2.545690E-02  5.000000E-01  4.597236E-02 -5.592951E-03  0.000000E+00  1.233364E-02 -1.175713E-03  1.389446E-16  4.624751E-01  0.000000E+00
  2.491496E-01 -2.856526E-02  5.000000E-01  5.290529E-02 -6.253090E-03  0.000000E+00  1.266455E-02 -1.200338E-03  5.994098E-17  4.356703E-01  0.000000E+00
  2.819003E-01 -3.165758E-02  5.000000E-01  5.986073E-02 -6.909822E-03  0.000000E+00  1.294238E-02 -1.216788E-03  1.106690E-17  4.122517E-01  0.000000E+00
  3.147601E-01 -3.473699E-02  5.000000E-01  6.683936E-02 -7.563813E-03  0.000000E+00  1.316344E-02 -1.229696E-03 -3.166239E-18  3.918485E-01  0.000000E+00
  3.477303E-01 -3.781141E-02  5.000000E-01  7.384142E-02 -8.216745E-03  0.000000E+00  1.333752E-02 -1.241723E-03 -4.124625E-18  3.733782E-01  0.000000E+00
  3.807756E-01 -4.088750E-02  5.000000E-01  8.085941E-02 -8.870030E-03  0.000000E+00  1.347644E-02 -1.252467E-03 -1.843337E-18  3.558686E-01  0.000000E+00
  4.138291E-01 -4.395925E-02  5.000000E-01  8.787917E-02 -9.522395E-03  0.000000E+00  1.358711E-02 -1.258725E-03 -7.714834E-19  3.387537E-01  0.000000E+00
  4.468689E-01 -4.701496E-02  5.000000E-01  9.489601E-02 -1.017135E-02  0.000000E+00  1.367332E-02 -1.258921E-03  5.756133E-19  3.221038E-01  0.000000E+00
  4.799091E-01 -5.004735E-02  5.000000E-01  1.019129E-01 -1.081536E-02  0.000000E+00  1.373880E-02 -1.254234E-03  1.352214E-18  3.062825E-01  0.000000E+00
  5.129612E-01 -5.305259E-02  5.000000E-01  1.089324E-01 -1.145360E-02  0.000000E+00  1.378779E-02 -1.246603E-03  1.356422E-18  2.914593E-01  0.000000E+00
  5.460360E-01 -5.603021E-02  5.000000E-01  1.159567E-01 -1.208597E-02  0.000000E+00  1.382497E-02 -1.237725E-03  2.899710E-19  2.775490E-01  0.000000E+00
  5.791347E-01 -5.898121E-02  5.000000E-01  1.229860E-01 -1.271269E-02  0.000000E+00  1.385503E-02 -1.228639E-03  1.872330E-19  2.643395E-01  0.000000E+00
  6.122565E-01 -6.190684E-02  5.000000E-01  1.300203E-01 -1.333402E-02  0.000000E+00  1.388242E-02 -1.219891E-03  7.994955E-19  2.516252E-01  0.000000E+00
  6.454013E-01 -6.480855E-02  5.000000E-01  1.370594E-01 -1.395027E-02  0.000000E+00  1.391141E-02 -1.212027E-03 -9.704591E-21  2.392719E-01  0.000000E+00
  6.785693E-01 -6.768853E-02  5.000000E-01  1.441035E-01 -1.456191E-02  0.000000E+00  1.394582E-02 -1.205541E-03 -3.150378E-19  2.271760E-01  0.000000E+00
  7.117575E-01 -7.054894E-02  5.000000E-01  1.511518E-01 -1.516939E-02  0.000000E+00  1.398791E-02 -1.200289E-03 -8.007599E-19  2.151955E-01  0.000000E+00
  7.449560E-01 -7.338949E-02  5.000000E-01  1.582024E-01 -1.577266E-02  0.000000E+00  1.403798E-02 -1.195369E-03 -1.004398E-18  2.031750E-01  0.000000E+00
  7.781569E-01 -7.620745E-02  5.000000E-01  1.652534E-01 -1.637112E-02  0.000000E+00  1.409485E-02 -1.189745E-03 -4.720589E-19  1.910384E-01  0.000000E+00
  8.113578E-01 -7.899886E-02  5.000000E-01  1.723045E-01 -1.696395E-02  0.000000E+00  1.415681E-02 -1.182706E-03  1.664034E-19  1.788104E-01  0.000000E+00
  8.445597E-01 -8.175931E-02  5.000000E-01  1.793558E-01 -1.755020E-02  0.000000E+00  1.422192E-02 -1.173841E-03  1.237637E-19  1.665626E-01  0.000000E+00
  8.777625E-01 -8.448413E-02  5.000000E-01  1.864072E-01 -1.812888E-02  0.000000E+00  1.428771E-02 -1.162615E-03 -5.662117E-19  1.543433E-01  0.000000E+00
  9.109638E-01 -8.716721E-02  5.000000E-01  1.934584E-01 -1.869870E-02  0.000000E+00  1.435114E-02 -1.148406E-03 -9.886609E-19  1.421945E-01  0.000000E+00
  9.441676E-01 -8.980247E-02  5.000000E-01  2.005100E-01 -1.925837E-02  0.000000E+00  1.440913E-02 -1.130831E-03 -4.549706E-19  1.302054E-01  0.000000E+00
  9.773746E-01 -9.238367E-02  5.000000E-01  2.075624E-01 -1.980655E-02  0.000000E+00  1.445885E-02 -1.109480E-03 -2.477984E-19  1.184716E-01  0.000000E+00
  1.010583E+00 -9.490329E-02  5.000000E-01  2.146150E-01 -2.034166E-02  0.000000E+00  1.449884E-02 -1.084633E-03  3.726948E-19  1.071317E-01  0.000000E+00
  1.043798E+00 -9.735699E-02  5.000000E-01  2.216690E-01 -2.086276E-02  0.000000E+00  1.452974E-02 -1.057587E-03  6.054967E-19  9.635159E-02  0.000000E+00
  1.077015E+00 -9.974308E-02  5.000000E-01  2.287237E-01 -2.136951E-02  0.000000E+00  1.455291E-02 -1.029352E-03  1.586138E-19  8.617174E-02  0.000000E+00
  1.110238E+00 -1.020609E-01  5.000000E-01  2.357793E-01 -2.186176E-02  0.000000E+00  1.456928E-02 -1.000189E-03  7.266806E-20  7.650676E-02  0.000000E+00
  1.143462E+00 -1.043092E-01  5.000000E-01  2.428354E-01 -2.233924E-02  0.000000E+00  1.457969E-02 -9.703712E-04 -7.664864E-19  6.729336E-02  0.000000E+00
  1.176693E+00 -1.064883E-01  5.000000E-01  2.498927E-01 -2.280203E-02  0.000000E+00  1.458490E-02 -9.402499E-04 -9.046933E-19  5.851897E-02  0.000000E+00
  1.209925E+00 -1.085984E-01  5.000000E-01  2.569505E-01 -2.325015E-02  0.000000E+00  1.458497E-02 -9.097480E-04  3.456522E-20  5.015391E-02  0.000000E+00
  1.243158E+00 -1.106386E-01  5.000000E-01  2.640083E-01 -2.368344E-02  0.000000E+00  1.457991E-02 -8.790232E-04 -3.137914E-19  4.220950E-02  0.000000E+00
  1.276395E+00 -1.126101E-01  5.000000E-01  2.710670E-01 -2.410216E-02  0.000000E+00  1.456982E-02 -8.483759E-04 -6.248042E-19  3.471144E-02  0.000000E+00
  1.309630E+00 -1.145135E-01  5.000000E-01  2.781253E-01 -2.450639E-02  0.000000E+00  1.455468E-02 -8.178518E-04  1.898645E-19  2.764188E-02  0.000000E+00
  1.342868E+00 -1.163497E-01  5.000000E-01  2.851842E-01 -2.489634E-02  0.000000E+00  1.453514E-02 -7.879414E-04  2.916860E-19  2.101430E-02  0.000000E+00
  1.376108E+00 -1.181216E-01  5.000000E-01  2.922436E-01 -2.527265E-02  0.000000E+00  1.451208E-02 -7.589447E-04 -2.107855E-19  1.479982E-02  0.000000E+00
  1.409347E+00 -1.198307E-01  5.000000E-01  2.993027E-01 -2.563563E-02  0.000000E+00  1.448666E-02 -7.310350E-04 -3.112503E-19  8.937378E-03  0.000000E+00
  1.442589E+00 -1.214806E-01  5.000000E-01  3.063625E-01 -2.598603E-02  0.000000E+00  1.446096E-02 -7.046854E-04 -3.324123E-19  3.385831E-03  0.000000E+00
  1.475831E+00 -1.230748E-01  5.000000E-01  3.134222E-01 -2.632459E-02  0.000000E+00  1.443748E-02 -6.801386E-04 -6.885540E-19 -1.939013E-03  0.000000E+00
  1.509072E+00 -1.246169E-01  5.000000E-01  3.204819E-01 -2.665210E-02  0.000000E+00  1.441899E-02 -6.575648E-04 -2.286919E-19 -7.148393E-03  0.000000E+00
  1.542314E+00 -1.261109E-01  5.000000E-01  3.275416E-01 -2.696940E-02  0.000000E+00  1.440839E-02 -6.373302E-04 -5.206671E-19 -1.233957E-02  0.000000E+00
  1.575558E+00 -1.275621E-01  5.000000E-01  3.346018E-01 -2.727759E-02  0.000000E+00  1.440723E-02 -6.191513E-04 -9.069241E-19 -1.765795E-02  0.000000E+00
  1.608800E+00 -1.289727E-01  5.000000E-01  3.416615E-01 -2.757715E-02  0.000000E+00  1.441472E-02 -6.018303E-04 -4.724810E-19 -2.327641E-02  0.000000E+00
  1.642044E+00 -1.303425E-01  5.000000E-01  3.487219E-01 -2.786807E-02  0.000000E+00  1.442900E-02 -5.843933E-04  1.977697E-19 -2.924212E-02  0.000000E+00
  1.675286E+00 -1.316698E-01  5.000000E-01  3.557816E-01 -2.814997E-02  0.000000E+00  1.444805E-02 -5.663871E-04  3.436683E-19 -3.547685E-02  0.000000E+00
  1.708526E+00 -1.329530E-01  5.000000E-01  3.628410E-01 -2.842249E-02  0.000000E+00  1.447002E-02 -5.475974E-04 -1.930993E-19 -4.186849E-02  0.000000E+00
  1.741762E+00 -1.341900E-01  5.000000E-01  3.698996E-01 -2.868518E-02  0.000000E+00  1.449306E-02 -5.277229E-04 -6.192594E-19 -4.834797E-02  0.000000E+00
  1.774995E+00 -1.353777E-01  5.000000E-01  3.769573E-01 -2.893742E-02  0.000000E+00  1.451604E-02 -5.068400E-04 -3.337444E-19 -5.484227E-02  0.000000E+00
  1.808227E+00 -1.365150E-01  5.000000E-01  3.840150E-01 -2.917896E-02  0.000000E+00  1.453823E-02 -4.850217E-04 -1.828613E-19 -6.130651E-02  0.000000E+00
  1.841453E+00 -1.375993E-01  5.000000E-01  3.910714E-01 -2.940923E-02  0.000000E+00  1.455874E-02 -4.620932E-04 -1.873783E-19 -6.773610E-02  0.000000E+00
  1.874678E+00 -1.386285E-01  5.000000E-01  3.981276E-01 -2.962783E-02  0.000000E+00  1.457699E-02 -4.381219E-04 -2.277753E-19 -7.409582E-02  0.000000E+00
  1.907900E+00 -1.396008E-01  5.000000E-01  4.051830E-01 -2.983431E-02  0.000000E+00  1.459239E-02 -4.130915E-04 -4.972159E-19 -8.035335E-02  0.000000E+00
  1.941118E+00 -1.405138E-01  5.000000E-01  4.122377E-01 -3.002821E-02  0.000000E+00  1.460430E-02 -3.869666E-04 -2.943776E-19 -8.647814E-02  0.000000E+00
  1.974334E+00 -1.413654E-01  5.000000E-01  4.192920E-01 -3.020908E-02  0.000000E+00  1.461240E-02 -3.599499E-04 -1.543007E-19 -9.241807E-02  0.000000E+00
  2.007549E+00 -1.421546E-01  5.000000E-01  4.263460E-01 -3.037667E-02  0.000000E+00  1.461617E-02 -3.320840E-04  1.147432E-19 -9.814390E-02  0.000000E+00
  2.040760E+00 -1.428791E-01  5.000000E-01  4.333993E-01 -3.053054E-02  0.000000E+00  1.461490E-02 -3.032572E-04  3.712071E-19 -1.036432E-01  0.000000E+00
  2.073970E+00 -1.435372E-01  5.000000E-01  4.404522E-01 -3.067030E-02  0.000000E+00  1.460828E-02 -2.736314E-04  5.363859E-19 -1.088688E-01  0.000000E+00
  2.107177E+00 -1.441275E-01  5.000000E-01  4.475046E-01 -3.079568E-02  0.000000E+00  1.459632E-02 -2.433369E-04  2.581615E-19 -1.137827E-01  0.000000E+00
  2.140379E+00 -1.446486E-01  5.000000E-01  4.545558E-01 -3.090633E-02  0.000000E+00  1.457959E-02 -2.127352E-04 -4.702346E-20 -1.183402E-01  0.000000E+00
  2.173577E+00 -1.451007E-01  5.000000E-01  4.616063E-01 -3.100235E-02  0.000000E+00  1.455862E-02 -1.820588E-04 -3.763983E-20 -1.225305E-01  0.000000E+00
  2.206768E+00 -1.454831E-01  5.000000E-01  4.686553E-01 -3.108357E-02  0.000000E+00  1.453327E-02 -1.512301E-04  1.642401E-20 -1.263810E-01  0.000000E+00
  2.239954E+00 -1.457957E-01  5.000000E-01  4.757033E-01 -3.114996E-02  0.000000E+00  1.450285E-02 -1.202168E-04  1.272792E-19 -1.298974E-01  0.000000E+00
  2.273134E+00 -1.460375E-01  5.000000E-01  4.827499E-01 -3.120131E-02  0.000000E+00  1.446614E-02 -8.901858E-05  6.325494E-20 -1.330557E-01  0.000000E+00
  2.306309E+00 -1.462082E-01  5.000000E-01  4.897953E-01 -3.123757E-02  0.000000E+00  1.442161E-02 -5.764388E-05 -5.818200E-20 -1.358093E-01  0.000000E+00
  2.339476E+00 -1.463070E-01  5.000000E-01  4.968392E-01 -3.125853E-02  0.000000E+00  1.436794E-02 -2.602078E-05 -7.326976E-20 -1.381186E-01  0.000000E+00
  2.372638E+00 -1.463325E-01  5.000000E-01  5.038821E-01 -3.126396E-02  0.000000E+00  1.430558E-02  5.252869E-06 -1.125804E-19 -1.399007E-01  0.000000E+00
  2.405805E+00 -1.462865E-01  5.000000E-01  5.109259E-01 -3.125419E-02  0.000000E+00  1.423707E-02  3.518410E-05 -8.851977E-20 -1.410937E-01  0.000000E+00
  2.438976E+00 -1.461726E-01  5.000000E-01  5.179706E-01 -3.122999E-02  0.000000E+00  1.416534E-02  6.346675E-05 -6.172551E-21 -1.417865E-01  0.000000E+00
  2.472150E+00 -1.459934E-01  5.000000E-01  5.250160E-01 -3.119194E-02  0.000000E+00  1.409334E-02  9.014192E-05  1.514071E-22 -1.421418E-01  0.000000E+00
  2.505329E+00 -1.457522E-01  5.000000E-01  5.320625E-01 -3.114072E-02  0.000000E+00  1.402432E-02  1.151462E-04  3.925721E-20 -1.422976E-01  0.000000E+00
  2.538512E+00 -1.454526E-01  5.000000E-01  5.391097E-01 -3.107709E-02  0.000000E+00  1.396146E-02  1.385922E-04  1.186942E-19 -1.423891E-01  0.000000E+00
  2.571700E+00 -1.450974E-01  5.000000E-01  5.461580E-01 -3.100166E-02  0.000000E+00  1.390775E-02  1.604387E-04  1.698582E-19 -1.425221E-01  0.000000E+00
  2.604894E+00 -1.446909E-01  5.000000E-01  5.532074E-01 -3.091531E-02  0.000000E+00  1.386505E-02  1.808509E-04  1.938962E-19 -1.428093E-01  0.000000E+00
  2.638090E+00 -1.442356E-01  5.000000E-01  5.602575E-01 -3.081863E-02  0.000000E+00  1.383253E-02  2.007881E-04  1.886002E-19 -1.434053E-01  0.000000E+00
  2.671292E+00 -1.437314E-01  5.000000E-01  5.673087E-01 -3.071154E-02  0.000000E+00  1.380726E-02  2.214087E-04  4.743529E-20 -1.443979E-01  0.000000E+00
  2.704497E+00 -1.431750E-01  5.000000E-01  5.743608E-01 -3.059337E-02  0.000000E+00  1.378608E-02  2.432037E-04  8.238481E-20 -1.457075E-01  0.000000E+00
  2.737708E+00 -1.425637E-01  5.000000E-01  5.814140E-01 -3.046357E-02  0.000000E+00  1.376639E-02  2.661884E-04 -3.806788E-20 -1.471643E-01  0.000000E+00
  2.770923E+00 -1.418946E-01  5.000000E-01  5.884680E-01 -3.032145E-02  0.000000E+00  1.374613E-02  2.903764E-04 -2.012442E-19 -1.486289E-01  0.000000E+00
  2.804143E+00 -1.411644E-01  5.000000E-01  5.955231E-01 -3.016638E-02  0.000000E+00  1.372386E-02  3.156626E-04 -1.385456E-19 -1.499989E-01  0.000000E+00
  2.837367E+00 -1.403704E-01  5.000000E-01  6.025790E-01 -2.999774E-02  0.000000E+00  1.369823E-02  3.420503E-04 -2.601161E-19 -1.512162E-01  0.000000E+00
  2.870594E+00 -1.395091E-01  5.000000E-01  6.096357E-01 -2.981484E-02  0.000000E+00  1.366762E-02  3.696343E-04 -5.413015E-19 -1.522343E-01  0.000000E+00
  2.903823E+00 -1.385772E-01  5.000000E-01  6.166926E-01 -2.961692E-02  0.000000E+00  1.362969E-02  3.986997E-04 -5.377387E-19 -1.530059E-01  0.000000E+00
  2.937051E+00 -1.375691E-01  5.000000E-01  6.237496E-01 -2.940283E-02  0.000000E+00  1.358213E-02  4.291720E-04 -1.807972E-19 -1.534140E-01  0.000000E+00
  2.970283E+00 -1.364810E-01  5.000000E-01  6.308072E-01 -2.917175E-02  0.000000E+00  1.352263E-02  4.607475E-04 -7.437449E-20 -1.533033E-01  0.000000E+00
  3.003515E+00 -1.353084E-01  5.000000E-01  6.378649E-01 -2.892271E-02  0.000000E+00  1.344824E-02  4.932809E-04  2.554166E-19 -1.525469E-01  0.000000E+00
  3.036751E+00 -1.340468E-01  5.000000E-01  6.449232E-01 -2.865477E-02  0.000000E+00  1.335561E-02  5.263543E-04  5.149365E-19 -1.510030E-01  0.000000E+00
  3.069988E+00 -1.326924E-01  5.000000E-01  6.519820E-01 -2.836714E-02  0.000000E+00  1.324077E-02  5.597300E-04  2.252005E-19 -1.485596E-01  0.000000E+00
  3.103226E+00 -1.312401E-01  5.000000E-01  6.590410E-01 -2.805871E-02  0.000000E+00  1.310086E-02  5.929302E-04 -5.436162E-19 -1.450664E-01  0.000000E+00
  3.136469E+00 -1.296869E-01  5.000000E-01  6.661010E-01 -2.772884E-02  0.000000E+00  1.293564E-02  6.252628E-04 -2.940211E-19 -1.403869E-01  0.000000E+00
  3.169712E+00 -1.280294E-01  5.000000E-01  6.731611E-01 -2.737684E-02  0.000000E+00  1.274960E-02  6.549640E-04  2.636791E-19 -1.343786E-01  0.000000E+00
  3.202960E+00 -1.262738E-01  5.000000E-01  6.802220E-01 -2.700399E-02  0.000000E+00  1.255123E-02  6.800944E-04  6.121595E-19 -1.270356E-01  0.000000E+00
  3.236210E+00 -1.244291E-01  5.000000E-01  6.872835E-01 -2.661222E-02  0.000000E+00  1.234896E-02  7.003398E-04  7.257221E-19 -1.186831E-01  0.000000E+00
  3.269464E+00 -1.225054E-01  5.000000E-01  6.943459E-01 -2.620366E-02  0.000000E+00  1.214959E-02  7.161821E-04  3.919826E-19 -1.097758E-01  0.000000E+00
  3.302721E+00 -1.205119E-01  5.000000E-01  7.014089E-01 -2.578029E-02  0.000000E+00  1.195796E-02  7.283705E-04  6.145845E-19 -1.007141E-01  0.000000E+00
  3.335981E+00 -1.184571E-01  5.000000E-01  7.084724E-01 -2.534392E-02  0.000000E+00  1.177776E-02  7.373977E-04  5.803887E-19 -9.172846E-02  0.000000E+00
  3.369247E+00 -1.163499E-01  5.000000E-01  7.155373E-01 -2.489638E-02  0.000000E+00  1.161217E-02  7.435716E-04  4.171795E-21 -8.291930E-02  0.000000E+00
  3.402518E+00 -1.141998E-01  5.000000E-01  7.226033E-01 -2.443976E-02  0.000000E+00  1.146304E-02  7.475375E-04 -1.193388E-18 -7.443212E-02  0.000000E+00
  3.435792E+00 -1.120136E-01  5.000000E-01  7.296699E-01 -2.397547E-02  0.000000E+00  1.133131E-02  7.498508E-04 -1.461980E-18 -6.640995E-02  0.000000E+00
  3.469073E+00 -1.097988E-01  5.000000E-01  7.367379E-01 -2.350510E-02  0.000000E+00  1.121778E-02  7.509421E-04 -8.494423E-19 -5.894067E-02  0.000000E+00
  3.502353E+00 -1.075613E-01  5.000000E-01  7.438057E-01 -2.302990E-02  0.000000E+00  1.112311E-02  7.512996E-04 -1.921094E-19 -5.210965E-02  0.000000E+00
  3.535630E+00 -1.053066E-01  5.000000E-01  7.508729E-01 -2.255107E-02  0.000000E+00  1.104834E-02  7.513417E-04  1.956293E-19 -4.598751E-02  0.000000E+00
  3.568904E+00 -1.030388E-01  5.000000E-01  7.579395E-01 -2.206945E-02  0.000000E+00  1.099510E-02  7.518241E-04 -1.045207E-18 -4.066032E-02  0.000000E+00
  3.602176E+00 -1.007596E-01  5.000000E-01  7.650057E-01 -2.158540E-02  0.000000E+00  1.096597E-02  7.535559E-04 -9.641509E-19 -3.619190E-02  0.000000E+00
  3.635446E+00 -9.846962E-02  5.000000E-01  7.720715E-01 -2.109906E-02  0.000000E+00  1.096344E-02  7.571012E-04  2.064650E-19 -3.264184E-02  0.000000E+00
  3.668713E+00 -9.616815E-02  5.000000E-01  7.791365E-01 -2.061028E-02  0.000000E+00  1.098761E-02  7.625584E-04 -5.334865E-19 -3.001788E-02  0.000000E+00
  3.701976E+00 -9.385538E-02  5.000000E-01  7.862009E-01 -2.011911E-02  0.000000E+00  1.103160E-02  7.709586E-04 -1.331120E-18 -2.832344E-02  0.000000E+00
  3.735241E+00 -9.152294E-02  5.000000E-01  7.932655E-01 -1.962375E-02  0.000000E+00  1.107611E-02  7.865565E-04 -3.412896E-19 -2.774256E-02  0.000000E+00
  3.768500E+00 -8.913612E-02  5.000000E-01  8.003289E-01 -1.911685E-02  0.000000E+00  1.109572E-02  8.125863E-04  1.092055E-18 -2.793114E-02  0.000000E+00
  3.801751E+00 -8.665572E-02  5.000000E-01  8.073904E-01 -1.859008E-02  0.000000E+00  1.107026E-02  8.472285E-04  9.827071E-19 -2.766046E-02  0.000000E+00
  3.834989E+00 -8.404980E-02  5.000000E-01  8.144495E-01 -1.803664E-02  0.000000E+00  1.098852E-02  8.859017E-04  1.160483E-18 -2.562717E-02  0.000000E+00
  3.868211E+00 -8.129942E-02  5.000000E-01  8.215050E-01 -1.745253E-02  0.000000E+00  1.084698E-02  9.244963E-04  1.798481E-18 -2.112942E-02  0.000000E+00
  3.901422E+00 -7.838938E-02  5.000000E-01  8.285582E-01 -1.683451E-02  0.000000E+00  1.064843E-02  9.600227E-04  1.679524E-18 -1.403065E-02  0.000000E+00
  3.934617E+00 -7.531382E-02  5.000000E-01  8.356080E-01 -1.618134E-02  0.000000E+00  1.040052E-02  9.900281E-04  1.900363E-18 -4.444019E-03  0.000000E+00
  3.967800E+00 -7.207191E-02  5.000000E-01  8.426552E-01 -1.549283E-02  0.000000E+00  1.011219E-02  1.013011E-03  2.773591E-18  7.347067E-03  0.000000E+00
  4.000972E+00 -6.866725E-02  5.000000E-01  8.497001E-01 -1.476977E-02  0.000000E+00  9.791132E-03  1.028285E-03  1.743304E-18  2.105335E-02  0.000000E+00
  4.034139E+00 -6.510535E-02  5.000000E-01  8.567440E-01 -1.401331E-02  0.000000E+00  9.441139E-03  1.036313E-03  4.081825E-19  3.637097E-02  0.000000E+00
  4.067311E+00 -6.138575E-02  5.000000E-01  8.637890E-01 -1.322336E-02  0.000000E+00  9.061762E-03  1.037504E-03  1.459995E-18  5.309407E-02  0.000000E+00
  4.100488E+00 -5.750839E-02  5.000000E-01  8.708348E-01 -1.239990E-02  0.000000E+00  8.650136E-03  1.031038E-03 -1.153120E-18  7.125505E-02  0.000000E+00
  4.133669E+00 -5.347513E-02  5.000000E-01  8.778818E-01 -1.154333E-02  0.000000E+00  8.201868E-03  1.015774E-03 -5.081128E-18  9.092123E-02  0.000000E+00
  4.166856E+00 -4.928686E-02  5.000000E-01  8.849299E-01 -1.065385E-02  0.000000E+00  7.713524E-03  9.907482E-04 -3.263564E-18  1.121284E-01  0.000000E+00
  4.200049E+00 -4.494651E-02  5.000000E-01  8.919793E-01 -9.732065E-03  0.000000E+00  7.186194E-03  9.555152E-04 -1.722799E-18  1.348286E-01  0.000000E+00
  4.233242E+00 -4.045652E-02  5.000000E-01  8.990286E-01 -8.778502E-03  0.000000E+00  6.629829E-03  9.093537E-04 -1.628465E-18  1.589635E-01  0.000000E+00
  4.266405E+00 -3.584093E-02  5.000000E-01  9.060715E-01 -7.798264E-03  0.000000E+00  6.065584E-03  8.507652E-04 -9.850455E-19  1.844592E-01  0.000000E+00
  4.299502E+00 -3.115944E-02  5.000000E-01  9.131007E-01 -6.804030E-03  0.000000E+00  5.521901E-03  7.801206E-04  9.817911E-19  2.108557E-01  0.000000E+00
  4.332522E+00 -2.650187E-02  5.000000E-01  9.201132E-01 -5.814877E-03  0.000000E+00  5.026101E-03  7.018879E-04  3.570272E-18  2.369605E-01  0.000000E+00
  4.365472E+00 -2.195486E-02  5.000000E-01  9.271110E-01 -4.849204E-03  0.000000E+00  4.599634E-03  6.221073E-04  1.647535E-18  2.614002E-01  0.000000E+00
  4.398350E+00 -1.760954E-02  5.000000E-01  9.340935E-01 -3.926363E-03  0.000000E+00  4.259546E-03  5.451189E-04 -9.943805E-19  2.834042E-01  0.000000E+00
  4.431155E+00 -1.355955E-02  5.000000E-01  9.410605E-01 -3.066246E-03  0.000000E+00  4.019767E-03  4.729001E-04 -1.122612E-18  3.027201E-01  0.000000E+00
  4.463888E+00 -9.909549E-03  5.000000E-01  9.480121E-01 -2.291075E-03  0.000000E+00  3.887393E-03  4.055804E-04 -1.508826E-18  3.189985E-01  0.000000E+00
  4.496579E+00 -6.741151E-03  5.000000E-01  9.549550E-01 -1.618185E-03  0.000000E+00  3.855518E-03  3.416941E-04 -1.655265E-18  3.319465E-01  0.000000E+00
  4.529252E+00 -4.112612E-03  5.000000E-01  9.618939E-01 -1.059948E-03  0.000000E+00  3.893518E-03  2.791491E-04  4.825562E-19  3.417512E-01  0.000000E+00
  4.561929E+00 -2.051002E-03  5.000000E-01  9.688337E-01 -6.221130E-04  0.000000E+00  3.932091E-03  2.142918E-04  1.156553E-18  3.474994E-01  0.000000E+00
  4.594574E+00 -5.859142E-04  5.000000E-01  9.757666E-01 -3.109644E-04  0.000000E+00  3.869769E-03  1.367445E-04 -2.556735E-19  3.478728E-01  0.000000E+00
  4.627203E+00  2.561799E-04  5.000000E-01  9.826962E-01 -1.321243E-04  0.000000E+00  3.654845E-03  4.703827E-05 -4.180903E-19  3.512199E-01  0.000000E+00
  4.659162E+00  4.486691E-04  5.000000E-01  9.894836E-01 -9.124429E-05  0.000000E+00  3.330414E-03 -8.015044E-06  9.408338E-19  3.621291E-01  0.000000E+00
  4.689251E+00  3.275709E-05  5.000000E-01  9.958737E-01 -1.795738E-04  0.000000E+00  2.809651E-03 -2.079777E-05  5.553656E-18  3.157155E-01  0.000000E+00
  4.708680E+00 -5.548070E-04  5.000000E-01  1.000000E+00 -3.043580E-04  0.000000E+00  2.005019E-03 -9.577423E-05  6.174894E-18  1.582733E-01  0.000000E+00
    1    2
    2    3
    3    4
    4    5
    5    6
    6    7
    7    8
    8    9
    9   10
   10   11
   11   12
   12   13
   13   14
   14   15
   15   16
   16   17
   17   18
   18   19
   19   20
   20   21
   21   22
   22   23
   23   24
   24   25
   25   26
   26   27
   27   28
   28   29
   29   30
   30   31
   31   32
   32   33
   33   34
   34   35
   35   36
   36   37
   37   38
   38   39
   39   40
   40   41
   41   42
   42   43
   43   44
   44   45
   45   46
   46   47
   47   48
   48   49
   49   50
   50   51
   51   52
   52   53
   53   54
   54   55
   55   56
   56   57
   57   58
   58   59
   59   60
   60   61
   61   62
   62   63
   63   64
   64   65
   65   66
   66   67
   67   68
   68   69
   69   70
   70   71
   71   72
   72   73
   73   74
   74   75
   75   76
   76   77
   77   78
   78   79
   79   80
   80   81
   81   82
   82   83
   83   84
   84   85
   85   86
   86   87
   87   88
   88   89
   89   90
   90   91
   91   92
   92   93
   93   94
   94   95
   95   96
   96   97
   97   98
   98   99
   99  100
  100  101
  101  102
  102  103
  103  104
  104  105
  105  106
  106  107
  107  108
  108  109
  109  110
  110  111
  111  112
  112  113
  113  114
  114  115
  115  116
  116  117
  117  118
  118  119
  119  120
  120  121
  121  122
  122  123
  123  124
  124  125
  125  126
  126  127
  127  128
  128  129
  129  130
  130  131
  131  132
  132  133
  133  134
  134  135
  135  136
  136  137
  137  138
  138  139
  139  140
  140  141
  141  142
  142  143
  143  144
  144  145
  145  146
  146  147
  147  148
  148  149
  149  150
  151  152
  152  153
  153  154
  154  155
  155  156
  156  157
  157  158
  158  159
  159  160
  160  161
  161  162
  162  163
  163  164
  164  165
  165  166
  166  167
  167  168
  168  169
  169  170
  170  171
  171  172
  172  173
  173  174
  174  175
  175  176
  176  177
  177  178
  178  179
  179  180
  180  181
  181  182
  182  183
  183  184
  184  185
  185  186
  186  187
  187  188
  188  189
  189  190
  190  191
  191  192
  192  193
  193  194
  194  195
  195  196
  196  197
  197  198
  198  199
  199  200
  200  201
  201  202
  202  203
  203  204
  204  205
  205  206
  206  207
  207  208
  208  209
  209  210
  210  211
  211  212
  212  213
  213  214
  214  215
  215  216
  216  217
  217  218
  218  219
  219  220
  220  221
  221  222
  222  223
  223  224
  224  225
  225  226
  226  227
  227  228
  228  229
  229  230
  230  231
  231  232
  232  233
  233  234
  234  235
  235  236
  236  237
  237  238
  238  239
  239  240
  240  241
  241  242
  242  243
  243  244
  244  245
  245  246
  246  247
  247  248
  248  249
  249  250
  250  251
  251  252
  252  253
  253  254
  254  255
  255  256
  256  257
  257  258
  258  259
  259  260
  260  261
  261  262
  262  263
  263  264
  264  265
  265  266
  266  267
  267  268
  268  269
  269  270
  270  271
  271  272
  272  273
  273  274
  274  275
  275  276
  276  277
  277  278
  278  279
  279  280
  280  281
  281  282
  282  283
  283  284
  284  285
  285  286
  286  287
  287  288
  288  289
  289  290
  290  291
  291  292
  292  293
  293  294
  294  295
  295  296
  296  297
  297  298
  298  299
  299  300
