 Title = "ADflow Slice Data"
Variables =  "CoordinateX"  "CoordinateY"  "CoordinateZ"  "XoC"  "YoC"  "ZoC" "VelocityX" "VelocityY" "VelocityZ" "CoefPressure" "Mach" 
Zone T= "Slice_0001 None Absolute Regular z = 0.50000000"
 Nodes =          300  Elements=          298  ZONETYPE=FELINESEG
 DATAPACKING=POINT
  4.708680E+00 -6.498432E-04  5.000000E-01  9.999999E-01 -3.169948E-04  0.000000E+00  1.856810E-03 -5.562531E-05  5.184028E-18  1.457518E-01  0.000000E+00
  4.689187E+00  2.637906E-03  5.000000E-01  9.958601E-01  3.812423E-04  0.000000E+00  1.200115E-03 -1.641250E-04  8.331447E-19  7.029484E-02  0.000000E+00
  4.658673E+00  7.874786E-03  5.000000E-01  9.893797E-01  1.493427E-03  0.000000E+00  8.179226E-04 -1.629823E-04 -1.376930E-18  9.255683E-02  0.000000E+00
  4.626256E+00  1.351751E-02  5.000000E-01  9.824952E-01  2.691802E-03  0.000000E+00  5.720183E-04 -1.017553E-04 -1.839708E-18  8.689956E-02  0.000000E+00
  4.593146E+00  1.932405E-02  5.000000E-01  9.754635E-01  3.924969E-03  0.000000E+00  4.615978E-04 -7.527516E-05 -1.384653E-18  6.595030E-02  0.000000E+00
  4.560031E+00  2.514168E-02  5.000000E-01  9.684306E-01  5.160491E-03  0.000000E+00  4.798527E-04 -8.396179E-05 -1.801730E-18  5.070843E-02  0.000000E+00
  4.526891E+00  3.094679E-02  5.000000E-01  9.613923E-01  6.393354E-03  0.000000E+00  5.845722E-04 -1.033562E-04 -1.942713E-18  3.724183E-02  0.000000E+00
  4.493752E+00  3.671152E-02  5.000000E-01  9.543545E-01  7.617641E-03  0.000000E+00  7.481230E-04 -1.293881E-04 -5.988435E-20  2.076166E-02  0.000000E+00
  4.460612E+00  4.241345E-02  5.000000E-01  9.473164E-01  8.828589E-03  0.000000E+00  9.560897E-04 -1.629782E-04  1.270294E-18  2.033956E-03  0.000000E+00
  4.427470E+00  4.803378E-02  5.000000E-01  9.402779E-01  1.002221E-02  0.000000E+00  1.193269E-03 -2.003356E-04  7.144113E-19 -1.797707E-02  0.000000E+00
  4.394325E+00  5.355011E-02  5.000000E-01  9.332387E-01  1.119374E-02  0.000000E+00  1.445038E-03 -2.375411E-04  1.155176E-18 -3.911229E-02  0.000000E+00
  4.361178E+00  5.894426E-02  5.000000E-01  9.261991E-01  1.233933E-02  0.000000E+00  1.699833E-03 -2.724420E-04  1.302823E-18 -6.103477E-02  0.000000E+00
  4.328027E+00  6.419702E-02  5.000000E-01  9.191586E-01  1.345489E-02  0.000000E+00  1.946839E-03 -3.033422E-04 -4.462664E-19 -8.363859E-02  0.000000E+00
  4.294876E+00  6.928834E-02  5.000000E-01  9.121181E-01  1.453616E-02  0.000000E+00  2.174842E-03 -3.286309E-04 -1.331819E-18 -1.079043E-01  0.000000E+00
  4.261727E+00  7.420138E-02  5.000000E-01  9.050782E-01  1.557957E-02  0.000000E+00  2.373695E-03 -3.461738E-04  2.085381E-19 -1.353061E-01  0.000000E+00
  4.228582E+00  7.892042E-02  5.000000E-01  8.980388E-01  1.658177E-02  0.000000E+00  2.532586E-03 -3.523370E-04 -4.820628E-20 -1.646898E-01  0.000000E+00
  4.195443E+00  8.342759E-02  5.000000E-01  8.910010E-01  1.753899E-02  0.000000E+00  2.631142E-03 -3.446186E-04 -6.517974E-19 -1.893655E-01  0.000000E+00
  4.162308E+00  8.770489E-02  5.000000E-01  8.839639E-01  1.844738E-02  0.000000E+00  2.639050E-03 -3.253636E-04  1.382223E-19 -2.026442E-01  0.000000E+00
  4.129179E+00  9.173750E-02  5.000000E-01  8.769281E-01  1.930381E-02  0.000000E+00  2.562335E-03 -3.027069E-04  4.628239E-19 -2.123540E-01  0.000000E+00
  4.096054E+00  9.550952E-02  5.000000E-01  8.698932E-01  2.010489E-02  0.000000E+00  2.543464E-03 -2.896023E-04  1.071104E-18 -2.474243E-01  0.000000E+00
  4.062934E+00  9.900826E-02  5.000000E-01  8.628593E-01  2.084794E-02  0.000000E+00  2.951653E-03 -3.090287E-04  1.080070E-18 -3.368848E-01  0.000000E+00
  4.029817E+00  1.022217E-01  5.000000E-01  8.558262E-01  2.153039E-02  0.000000E+00  4.338493E-03 -3.978047E-04  3.925872E-19 -4.752874E-01  0.000000E+00
  3.996705E+00  1.051403E-01  5.000000E-01  8.487940E-01  2.215024E-02  0.000000E+00  7.092441E-03 -5.740886E-04  8.611428E-19 -6.186824E-01  0.000000E+00
  3.963594E+00  1.077590E-01  5.000000E-01  8.417620E-01  2.270638E-02  0.000000E+00  1.088747E-02 -7.903172E-04  2.689299E-18 -7.201543E-01  0.000000E+00
  3.930486E+00  1.100765E-01  5.000000E-01  8.347306E-01  2.319856E-02  0.000000E+00  1.454635E-02 -9.421588E-04  4.257803E-18 -7.632657E-01  0.000000E+00
  3.897377E+00  1.120956E-01  5.000000E-01  8.276991E-01  2.362737E-02  0.000000E+00  1.686950E-02 -9.563109E-04  4.959887E-18 -7.621885E-01  0.000000E+00
  3.864269E+00  1.138268E-01  5.000000E-01  8.206677E-01  2.399503E-02  0.000000E+00  1.756618E-02 -8.511410E-04  4.770388E-18 -7.398771E-01  0.000000E+00
  3.831161E+00  1.152852E-01  5.000000E-01  8.136366E-01  2.430475E-02  0.000000E+00  1.718055E-02 -6.966973E-04  3.884725E-18 -7.117185E-01  0.000000E+00
  3.798054E+00  1.164957E-01  5.000000E-01  8.066053E-01  2.456184E-02  0.000000E+00  1.641894E-02 -5.499908E-04  3.102033E-18 -6.842425E-01  0.000000E+00
  3.764948E+00  1.174918E-01  5.000000E-01  7.995744E-01  2.477339E-02  0.000000E+00  1.570922E-02 -4.343223E-04  2.420160E-18 -6.598337E-01  0.000000E+00
  3.731842E+00  1.183173E-01  5.000000E-01  7.925435E-01  2.494871E-02  0.000000E+00  1.518125E-02 -3.537839E-04  1.594216E-18 -6.397343E-01  0.000000E+00
  3.698737E+00  1.190270E-01  5.000000E-01  7.855130E-01  2.509942E-02  0.000000E+00  1.481807E-02 -3.029756E-04  7.752622E-19 -6.243410E-01  0.000000E+00
  3.665634E+00  1.196655E-01  5.000000E-01  7.784827E-01  2.523504E-02  0.000000E+00  1.457350E-02 -2.700722E-04  9.750467E-21 -6.128974E-01  0.000000E+00
  3.632534E+00  1.202498E-01  5.000000E-01  7.714529E-01  2.535912E-02  0.000000E+00  1.440800E-02 -2.458867E-04 -4.241755E-19 -6.043638E-01  0.000000E+00
  3.599434E+00  1.207911E-01  5.000000E-01  7.644234E-01  2.547408E-02  0.000000E+00  1.429252E-02 -2.275668E-04 -2.185901E-19 -5.980698E-01  0.000000E+00
  3.566334E+00  1.212997E-01  5.000000E-01  7.573938E-01  2.558209E-02  0.000000E+00  1.421038E-02 -2.138504E-04  6.015888E-20 -5.934940E-01  0.000000E+00
  3.533236E+00  1.217833E-01  5.000000E-01  7.503646E-01  2.568480E-02  0.000000E+00  1.415299E-02 -2.035015E-04  3.248573E-19 -5.902198E-01  0.000000E+00
  3.500138E+00  1.222474E-01  5.000000E-01  7.433353E-01  2.578336E-02  0.000000E+00  1.411537E-02 -1.957569E-04  6.769784E-19 -5.879634E-01  0.000000E+00
  3.467038E+00  1.226972E-01  5.000000E-01  7.363057E-01  2.587889E-02  0.000000E+00  1.409435E-02 -1.900520E-04  7.337891E-19 -5.865022E-01  0.000000E+00
  3.433936E+00  1.231360E-01  5.000000E-01  7.292757E-01  2.597208E-02  0.000000E+00  1.408759E-02 -1.855813E-04  6.066739E-19 -5.856130E-01  0.000000E+00
  3.400832E+00  1.235652E-01  5.000000E-01  7.222453E-01  2.606324E-02  0.000000E+00  1.409238E-02 -1.815975E-04  5.275190E-19 -5.850914E-01  0.000000E+00
  3.367728E+00  1.239851E-01  5.000000E-01  7.152146E-01  2.615240E-02  0.000000E+00  1.410548E-02 -1.773278E-04  4.994203E-19 -5.847348E-01  0.000000E+00
  3.334620E+00  1.243935E-01  5.000000E-01  7.081834E-01  2.623915E-02  0.000000E+00  1.412305E-02 -1.719778E-04  3.988515E-19 -5.843507E-01  0.000000E+00
  3.301512E+00  1.247872E-01  5.000000E-01  7.011520E-01  2.632276E-02  0.000000E+00  1.414054E-02 -1.648190E-04  1.999871E-19 -5.837674E-01  0.000000E+00
  3.268401E+00  1.251612E-01  5.000000E-01  6.941201E-01  2.640218E-02  0.000000E+00  1.415321E-02 -1.550796E-04  2.818256E-20 -5.827960E-01  0.000000E+00
  3.235290E+00  1.255088E-01  5.000000E-01  6.870881E-01  2.647600E-02  0.000000E+00  1.415617E-02 -1.419783E-04  1.474074E-19 -5.812299E-01  0.000000E+00
  3.202177E+00  1.258214E-01  5.000000E-01  6.800557E-01  2.654239E-02  0.000000E+00  1.414440E-02 -1.249641E-04  4.767208E-19 -5.788976E-01  0.000000E+00
  3.169063E+00  1.260901E-01  5.000000E-01  6.730231E-01  2.659945E-02  0.000000E+00  1.411388E-02 -1.036519E-04  8.767537E-19 -5.757086E-01  0.000000E+00
  3.135947E+00  1.263042E-01  5.000000E-01  6.659902E-01  2.664492E-02  0.000000E+00  1.406218E-02 -7.854993E-05  1.375519E-18 -5.717874E-01  0.000000E+00
  3.102831E+00  1.264560E-01  5.000000E-01  6.589571E-01  2.667716E-02  0.000000E+00  1.398919E-02 -5.219509E-05  1.732742E-18 -5.676123E-01  0.000000E+00
  3.069714E+00  1.265468E-01  5.000000E-01  6.519238E-01  2.669644E-02  0.000000E+00  1.390022E-02 -2.708575E-05  1.882852E-18 -5.637830E-01  0.000000E+00
  3.036593E+00  1.265805E-01  5.000000E-01  6.448898E-01  2.670361E-02  0.000000E+00  1.380600E-02 -4.012732E-06  1.777708E-18 -5.607573E-01  0.000000E+00
  3.003475E+00  1.265617E-01  5.000000E-01  6.378564E-01  2.669960E-02  0.000000E+00  1.371861E-02  1.702438E-05  1.440675E-18 -5.588287E-01  0.000000E+00
  2.970356E+00  1.264940E-01  5.000000E-01  6.308226E-01  2.668523E-02  0.000000E+00  1.364767E-02  3.578442E-05  1.072496E-18 -5.581949E-01  0.000000E+00
  2.937236E+00  1.263837E-01  5.000000E-01  6.237888E-01  2.666180E-02  0.000000E+00  1.359958E-02  5.204034E-05  7.674741E-19 -5.589443E-01  0.000000E+00
  2.904117E+00  1.262363E-01  5.000000E-01  6.167550E-01  2.663051E-02  0.000000E+00  1.357788E-02  6.583451E-05  6.158168E-19 -5.610337E-01  0.000000E+00
  2.870996E+00  1.260584E-01  5.000000E-01  6.097211E-01  2.659271E-02  0.000000E+00  1.358318E-02  7.705850E-05  5.854535E-19 -5.643416E-01  0.000000E+00
  2.837877E+00  1.258565E-01  5.000000E-01  6.026873E-01  2.654985E-02  0.000000E+00  1.361407E-02  8.566952E-05  4.777587E-19 -5.686681E-01  0.000000E+00
  2.804757E+00  1.256375E-01  5.000000E-01  5.956535E-01  2.650334E-02  0.000000E+00  1.366751E-02  9.154468E-05  2.811195E-19 -5.737861E-01  0.000000E+00
  2.771639E+00  1.254090E-01  5.000000E-01  5.886200E-01  2.645480E-02  0.000000E+00  1.373981E-02  9.468754E-05 -1.936693E-20 -5.794612E-01  0.000000E+00
  2.738522E+00  1.251772E-01  5.000000E-01  5.815867E-01  2.640557E-02  0.000000E+00  1.382705E-02  9.495808E-05 -3.941929E-19 -5.855198E-01  0.000000E+00
  2.705406E+00  1.249501E-01  5.000000E-01  5.745537E-01  2.635735E-02  0.000000E+00  1.392599E-02  9.212571E-05 -6.988828E-19 -5.918707E-01  0.000000E+00
  2.672292E+00  1.247349E-01  5.000000E-01  5.675211E-01  2.631165E-02  0.000000E+00  1.403452E-02  8.610609E-05 -7.314334E-19 -5.984813E-01  0.000000E+00
  2.639177E+00  1.245393E-01  5.000000E-01  5.604885E-01  2.627011E-02  0.000000E+00  1.415133E-02  7.684347E-05 -6.070860E-19 -6.053400E-01  0.000000E+00
  2.606068E+00  1.243707E-01  5.000000E-01  5.534568E-01  2.623431E-02  0.000000E+00  1.427619E-02  6.539828E-05 -4.438474E-19 -6.122747E-01  0.000000E+00
  2.572958E+00  1.242317E-01  5.000000E-01  5.464251E-01  2.620477E-02  0.000000E+00  1.440833E-02  5.405311E-05 -2.324055E-19 -6.189205E-01  0.000000E+00
  2.539852E+00  1.241183E-01  5.000000E-01  5.393941E-01  2.618069E-02  0.000000E+00  1.454378E-02  4.467636E-05 -4.868304E-20 -6.249262E-01  0.000000E+00
  2.506749E+00  1.240242E-01  5.000000E-01  5.323639E-01  2.616070E-02  0.000000E+00  1.467586E-02  3.786499E-05  9.243992E-20 -6.301129E-01  0.000000E+00
  2.473650E+00  1.239432E-01  5.000000E-01  5.253345E-01  2.614351E-02  0.000000E+00  1.479843E-02  3.368814E-05  1.333808E-19 -6.344362E-01  0.000000E+00
  2.440554E+00  1.238691E-01  5.000000E-01  5.183056E-01  2.612777E-02  0.000000E+00  1.490795E-02  3.212565E-05  1.177691E-19 -6.379229E-01  0.000000E+00
  2.407460E+00  1.237962E-01  5.000000E-01  5.112774E-01  2.611229E-02  0.000000E+00  1.500384E-02  3.340203E-05  6.956446E-20 -6.405983E-01  0.000000E+00
  2.374373E+00  1.237175E-01  5.000000E-01  5.042504E-01  2.609558E-02  0.000000E+00  1.508702E-02  3.775797E-05  2.698735E-20 -6.424953E-01  0.000000E+00
  2.341286E+00  1.236263E-01  5.000000E-01  4.972236E-01  2.607621E-02  0.000000E+00  1.515829E-02  4.464296E-05  2.100195E-20 -6.437369E-01  0.000000E+00
  2.308194E+00  1.235182E-01  5.000000E-01  4.901958E-01  2.605324E-02  0.000000E+00  1.521900E-02  5.323869E-05  1.535415E-20 -6.444805E-01  0.000000E+00
  2.275097E+00  1.233903E-01  5.000000E-01  4.831667E-01  2.602608E-02  0.000000E+00  1.527156E-02  6.309552E-05  3.854019E-20 -6.448405E-01  0.000000E+00
  2.241991E+00  1.232402E-01  5.000000E-01  4.761359E-01  2.599420E-02  0.000000E+00  1.531853E-02  7.404869E-05  5.395153E-20 -6.448809E-01  0.000000E+00
  2.208879E+00  1.230657E-01  5.000000E-01  4.691038E-01  2.595715E-02  0.000000E+00  1.536177E-02  8.608623E-05  3.302637E-20 -6.446248E-01  0.000000E+00
  2.175760E+00  1.228646E-01  5.000000E-01  4.620701E-01  2.591443E-02  0.000000E+00  1.540205E-02  9.920535E-05  4.580419E-20 -6.440764E-01  0.000000E+00
  2.142637E+00  1.226346E-01  5.000000E-01  4.550354E-01  2.586559E-02  0.000000E+00  1.543934E-02  1.133953E-04  1.333291E-20 -6.432360E-01  0.000000E+00
  2.109507E+00  1.223735E-01  5.000000E-01  4.479994E-01  2.581014E-02  0.000000E+00  1.547332E-02  1.286203E-04  3.725280E-20 -6.421120E-01  0.000000E+00
  2.076374E+00  1.220794E-01  5.000000E-01  4.409628E-01  2.574768E-02  0.000000E+00  1.550375E-02  1.448721E-04  6.504493E-20 -6.407261E-01  0.000000E+00
  2.043241E+00  1.217498E-01  5.000000E-01  4.339262E-01  2.567768E-02  0.000000E+00  1.553036E-02  1.617924E-04  9.802587E-21 -6.391535E-01  0.000000E+00
  2.010106E+00  1.213844E-01  5.000000E-01  4.268892E-01  2.560008E-02  0.000000E+00  1.555346E-02  1.789362E-04  7.203727E-20 -6.374827E-01  0.000000E+00
  1.976970E+00  1.209828E-01  5.000000E-01  4.198519E-01  2.551480E-02  0.000000E+00  1.557437E-02  1.963707E-04 -2.087302E-21 -6.357430E-01  0.000000E+00
  1.943835E+00  1.205443E-01  5.000000E-01  4.128148E-01  2.542167E-02  0.000000E+00  1.559427E-02  2.142469E-04 -3.313045E-19 -6.339416E-01  0.000000E+00
  1.910699E+00  1.200678E-01  5.000000E-01  4.057776E-01  2.532047E-02  0.000000E+00  1.561352E-02  2.324195E-04 -5.719777E-19 -6.321053E-01  0.000000E+00
  1.877561E+00  1.195533E-01  5.000000E-01  3.987399E-01  2.521119E-02  0.000000E+00  1.563245E-02  2.508249E-04 -5.196409E-19 -6.302529E-01  0.000000E+00
  1.844424E+00  1.189999E-01  5.000000E-01  3.917024E-01  2.509367E-02  0.000000E+00  1.565138E-02  2.694214E-04 -1.973745E-19 -6.284062E-01  0.000000E+00
  1.811282E+00  1.184077E-01  5.000000E-01  3.846638E-01  2.496791E-02  0.000000E+00  1.567055E-02  2.879338E-04 -1.652209E-19 -6.266121E-01  0.000000E+00
  1.778139E+00  1.177774E-01  5.000000E-01  3.776250E-01  2.483404E-02  0.000000E+00  1.569088E-02  3.064416E-04 -3.457639E-19 -6.248804E-01  0.000000E+00
  1.744992E+00  1.171085E-01  5.000000E-01  3.705854E-01  2.469198E-02  0.000000E+00  1.571309E-02  3.249914E-04 -4.921294E-19 -6.232190E-01  0.000000E+00
  1.711843E+00  1.164017E-01  5.000000E-01  3.635455E-01  2.454187E-02  0.000000E+00  1.573773E-02  3.436537E-04 -4.445139E-19 -6.216254E-01  0.000000E+00
  1.678692E+00  1.156561E-01  5.000000E-01  3.565049E-01  2.438354E-02  0.000000E+00  1.576497E-02  3.624691E-04 -2.355946E-19 -6.200893E-01  0.000000E+00
  1.645539E+00  1.148725E-01  5.000000E-01  3.494640E-01  2.421712E-02  0.000000E+00  1.579472E-02  3.816043E-04 -3.797825E-19 -6.185719E-01  0.000000E+00
  1.612385E+00  1.140496E-01  5.000000E-01  3.424230E-01  2.404234E-02  0.000000E+00  1.582661E-02  4.014565E-04 -1.347494E-19 -6.169946E-01  0.000000E+00
  1.579236E+00  1.131862E-01  5.000000E-01  3.353830E-01  2.385898E-02  0.000000E+00  1.585954E-02  4.224136E-04  6.136279E-20 -6.152719E-01  0.000000E+00
  1.546090E+00  1.122793E-01  5.000000E-01  3.283435E-01  2.366637E-02  0.000000E+00  1.589172E-02  4.445691E-04 -1.916906E-19 -6.133524E-01  0.000000E+00
  1.512946E+00  1.113271E-01  5.000000E-01  3.213046E-01  2.346415E-02  0.000000E+00  1.592136E-02  4.678084E-04 -9.337293E-20 -6.112169E-01  0.000000E+00
  1.479807E+00  1.103271E-01  5.000000E-01  3.142666E-01  2.325179E-02  0.000000E+00  1.594744E-02  4.922594E-04  2.217173E-19 -6.088392E-01  0.000000E+00
  1.446672E+00  1.092767E-01  5.000000E-01  3.072296E-01  2.302871E-02  0.000000E+00  1.596907E-02  5.177847E-04 -5.278867E-20 -6.062320E-01  0.000000E+00
  1.413540E+00  1.081738E-01  5.000000E-01  3.001932E-01  2.279448E-02  0.000000E+00  1.598580E-02  5.442296E-04 -3.587142E-19 -6.034156E-01  0.000000E+00
  1.380413E+00  1.070164E-01  5.000000E-01  2.931579E-01  2.254866E-02  0.000000E+00  1.599764E-02  5.716731E-04  1.182491E-19 -6.003898E-01  0.000000E+00
  1.347294E+00  1.058019E-01  5.000000E-01  2.861242E-01  2.229074E-02  0.000000E+00  1.600441E-02  6.001370E-04  3.097479E-20 -5.971606E-01  0.000000E+00
  1.314179E+00  1.045280E-01  5.000000E-01  2.790914E-01  2.202020E-02  0.000000E+00  1.600562E-02  6.294051E-04 -1.532839E-19 -5.937587E-01  0.000000E+00
  1.281074E+00  1.031932E-01  5.000000E-01  2.720606E-01  2.173672E-02  0.000000E+00  1.600099E-02  6.593943E-04 -1.413072E-19 -5.902126E-01  0.000000E+00
  1.247974E+00  1.017950E-01  5.000000E-01  2.650310E-01  2.143978E-02  0.000000E+00  1.599016E-02  6.898257E-04 -2.971600E-19 -5.865798E-01  0.000000E+00
  1.214880E+00  1.003329E-01  5.000000E-01  2.580028E-01  2.112925E-02  0.000000E+00  1.597309E-02  7.204588E-04 -2.173710E-19 -5.829183E-01  0.000000E+00
  1.181795E+00  9.880544E-02  5.000000E-01  2.509763E-01  2.080486E-02  0.000000E+00  1.595019E-02  7.513363E-04 -3.711538E-19 -5.792646E-01  0.000000E+00
  1.148718E+00  9.721158E-02  5.000000E-01  2.439516E-01  2.046637E-02  0.000000E+00  1.592138E-02  7.821028E-04 -2.181141E-19 -5.756996E-01  0.000000E+00
  1.115646E+00  9.555126E-02  5.000000E-01  2.369279E-01  2.011375E-02  0.000000E+00  1.588694E-02  8.123827E-04  1.340102E-19 -5.723128E-01  0.000000E+00
  1.082583E+00  9.382504E-02  5.000000E-01  2.299061E-01  1.974715E-02  0.000000E+00  1.584800E-02  8.421090E-04  2.023736E-19 -5.691742E-01  0.000000E+00
  1.049524E+00  9.203312E-02  5.000000E-01  2.228852E-01  1.936659E-02  0.000000E+00  1.580636E-02  8.712053E-04  2.802064E-19 -5.663791E-01  0.000000E+00
  1.016475E+00  9.017692E-02  5.000000E-01  2.158664E-01  1.897238E-02  0.000000E+00  1.576463E-02  8.995356E-04  7.487437E-19 -5.640883E-01  0.000000E+00
  9.834318E-01  8.825722E-02  5.000000E-01  2.088488E-01  1.856468E-02  0.000000E+00  1.572558E-02  9.258551E-04  1.307959E-18 -5.626466E-01  0.000000E+00
  9.503976E-01  8.628149E-02  5.000000E-01  2.018331E-01  1.814508E-02  0.000000E+00  1.569364E-02  9.487242E-04  5.098663E-19 -5.624475E-01  0.000000E+00
  9.173728E-01  8.425874E-02  5.000000E-01  1.948195E-01  1.771550E-02  0.000000E+00  1.567601E-02  9.686008E-04 -4.678224E-19 -5.636369E-01  0.000000E+00
  8.843598E-01  8.219629E-02  5.000000E-01  1.878083E-01  1.727749E-02  0.000000E+00  1.567908E-02  9.871444E-04 -3.460256E-19 -5.660999E-01  0.000000E+00
  8.513623E-01  8.009817E-02  5.000000E-01  1.808005E-01  1.683190E-02  0.000000E+00  1.570503E-02  1.005863E-03 -2.502703E-19 -5.695890E-01  0.000000E+00
  8.183794E-01  7.796593E-02  5.000000E-01  1.737957E-01  1.637906E-02  0.000000E+00  1.575128E-02  1.025499E-03 -7.550247E-19 -5.738537E-01  0.000000E+00
  7.854121E-01  7.579995E-02  5.000000E-01  1.667943E-01  1.591906E-02  0.000000E+00  1.581260E-02  1.046327E-03  1.251519E-20 -5.786868E-01  0.000000E+00
  7.524593E-01  7.359942E-02  5.000000E-01  1.597959E-01  1.545172E-02  0.000000E+00  1.588330E-02  1.068411E-03  1.395283E-18 -5.839335E-01  0.000000E+00
  7.195226E-01  7.136320E-02  5.000000E-01  1.528009E-01  1.497681E-02  0.000000E+00  1.595866E-02  1.091977E-03  1.328253E-18 -5.894522E-01  0.000000E+00
  6.866079E-01  6.908897E-02  5.000000E-01  1.458107E-01  1.449381E-02  0.000000E+00  1.603494E-02  1.117598E-03  1.463578E-19 -5.950846E-01  0.000000E+00
  6.537221E-01  6.677260E-02  5.000000E-01  1.388265E-01  1.400187E-02  0.000000E+00  1.610836E-02  1.145777E-03 -1.536935E-18 -6.006965E-01  0.000000E+00
  6.208691E-01  6.440859E-02  5.000000E-01  1.318494E-01  1.349982E-02  0.000000E+00  1.617457E-02  1.176607E-03 -1.888944E-18 -6.062366E-01  0.000000E+00
  5.880524E-01  6.199107E-02  5.000000E-01  1.248799E-01  1.298640E-02  0.000000E+00  1.622920E-02  1.209696E-03 -1.383174E-18 -6.117722E-01  0.000000E+00
  5.552711E-01  5.951449E-02  5.000000E-01  1.179180E-01  1.246043E-02  0.000000E+00  1.626900E-02  1.244352E-03 -1.135324E-18 -6.174800E-01  0.000000E+00
  5.225283E-01  5.697486E-02  5.000000E-01  1.109642E-01  1.192108E-02  0.000000E+00  1.629267E-02  1.280116E-03 -1.744868E-18 -6.235988E-01  0.000000E+00
  4.898261E-01  5.436797E-02  5.000000E-01  1.040191E-01  1.136744E-02  0.000000E+00  1.630007E-02  1.316461E-03 -2.619224E-18 -6.304602E-01  0.000000E+00
  4.571624E-01  5.169101E-02  5.000000E-01  9.708209E-02  1.079892E-02  0.000000E+00  1.629122E-02  1.352399E-03 -3.193245E-18 -6.385203E-01  0.000000E+00
  4.245350E-01  4.894299E-02  5.000000E-01  9.015283E-02  1.021531E-02  0.000000E+00  1.626579E-02  1.386583E-03 -1.751229E-18 -6.483042E-01  0.000000E+00
  3.919369E-01  4.612555E-02  5.000000E-01  8.322981E-02  9.616949E-03  0.000000E+00  1.622224E-02  1.417796E-03 -7.358059E-19 -6.602444E-01  0.000000E+00
  3.593832E-01  4.324347E-02  5.000000E-01  7.631620E-02  9.004866E-03  0.000000E+00  1.615616E-02  1.446142E-03 -4.583284E-18 -6.744369E-01  0.000000E+00
  3.269046E-01  4.029971E-02  5.000000E-01  6.941854E-02  8.379684E-03  0.000000E+00  1.605673E-02  1.473409E-03 -1.381297E-17 -6.905924E-01  0.000000E+00
  2.945750E-01  3.729303E-02  5.000000E-01  6.255253E-02  7.741140E-03  0.000000E+00  1.590354E-02  1.501162E-03 -2.527008E-17 -7.084296E-01  0.000000E+00
  2.624265E-01  3.421019E-02  5.000000E-01  5.572497E-02  7.086421E-03  0.000000E+00  1.566866E-02  1.525676E-03 -9.701344E-18 -7.285378E-01  0.000000E+00
  2.304268E-01  3.104293E-02  5.000000E-01  4.892903E-02  6.413772E-03  0.000000E+00  1.533653E-02  1.540202E-03  1.129774E-16 -7.525759E-01  0.000000E+00
  1.986088E-01  2.779829E-02  5.000000E-01  4.217166E-02  5.724689E-03  0.000000E+00  1.492598E-02  1.540399E-03  4.370012E-16 -7.831373E-01  0.000000E+00
  1.669282E-01  2.448036E-02  5.000000E-01  3.544349E-02  5.020044E-03  0.000000E+00  1.448623E-02  1.516660E-03  8.502421E-16 -8.246312E-01  0.000000E+00
  1.350509E-01  2.112846E-02  5.000000E-01  2.867354E-02  4.308181E-03  0.000000E+00  1.412094E-02  1.484435E-03  4.658805E-16 -8.796194E-01  0.000000E+00
  1.043791E-01  1.790796E-02  5.000000E-01  2.215959E-02  3.624226E-03  0.000000E+00  1.397278E-02  1.514576E-03 -3.016019E-15 -9.448018E-01  0.000000E+00
  7.632629E-02  1.476703E-02  5.000000E-01  1.620187E-02  2.957171E-03  0.000000E+00  1.401491E-02  1.629248E-03 -1.207582E-14 -1.021027E+00  0.000000E+00
  5.118571E-02  1.170620E-02  5.000000E-01  1.086263E-02  2.307125E-03  0.000000E+00  1.413105E-02  1.821406E-03 -2.102401E-14 -1.110146E+00  0.000000E+00
  3.264831E-02  9.197353E-03  5.000000E-01  6.925739E-03  1.774308E-03  0.000000E+00  1.468977E-02  2.234895E-03  5.496838E-15 -1.199083E+00  0.000000E+00
  2.051015E-02  7.176192E-03  5.000000E-01  4.347893E-03  1.345063E-03  0.000000E+00  1.673297E-02  3.152859E-03  1.480308E-13 -1.277783E+00  0.000000E+00
  1.247723E-02  5.497372E-03  5.000000E-01  2.641898E-03  9.885226E-04  0.000000E+00  2.247238E-02  5.266085E-03  4.744811E-13 -1.350776E+00  0.000000E+00
  7.055255E-03  4.110065E-03  5.000000E-01  1.490404E-03  6.938928E-04  0.000000E+00  3.658443E-02  1.097724E-02  8.071829E-13 -1.408366E+00  0.000000E+00
  3.418635E-03  2.923569E-03  5.000000E-01  7.180754E-04  4.419102E-04  0.000000E+00  6.347181E-02  2.641020E-02  4.354388E-13 -1.395710E+00  0.000000E+00
  1.108798E-03  1.843531E-03  5.000000E-01  2.275226E-04  2.125366E-04  0.000000E+00  8.073956E-02  6.001555E-02 -1.050979E-12 -1.136291E+00  0.000000E+00
  3.747479E-05  8.427719E-04  5.000000E-01  0.000000E+00  0.000000E+00  0.000000E+00  2.670388E-02  1.093479E-01 -2.480015E-12 -2.946540E-02  0.000000E+00
  3.747479E-05  8.427719E-04  5.000000E-01  0.000000E+00  0.000000E+00  0.000000E+00  2.670388E-02  1.093479E-01 -2.480015E-12 -2.946540E-02  0.000000E+00
  2.534065E-04 -1.581346E-04  5.000000E-01  4.585858E-05 -2.125679E-04  0.000000E+00 -3.575337E-02  8.295123E-02 -2.219791E-12  1.076938E+00  0.000000E+00
  1.848580E-03 -1.205026E-03  5.000000E-01  3.846343E-04 -4.349020E-04  0.000000E+00 -2.951523E-02  1.742065E-02 -1.052645E-12  1.202408E+00  0.000000E+00
  4.867645E-03 -2.301925E-03  5.000000E-01  1.025809E-03 -6.678564E-04  0.000000E+00 -6.155292E-03  2.238111E-03 -3.220893E-13  1.056399E+00  0.000000E+00
  9.380877E-03 -3.500277E-03  5.000000E-01  1.984309E-03 -9.223568E-04  0.000000E+00  6.885278E-03 -1.536153E-03  2.115803E-14  9.732524E-01  0.000000E+00
  1.589077E-02 -4.892670E-03  5.000000E-01  3.366850E-03 -1.218067E-03  0.000000E+00  1.216303E-02 -2.349982E-03  1.036445E-13  8.958732E-01  0.000000E+00
  2.547297E-02 -6.590480E-03  5.000000E-01  5.401873E-03 -1.578640E-03  0.000000E+00  1.337014E-02 -2.170844E-03  7.338101E-14  8.127799E-01  0.000000E+00
  3.989163E-02 -8.718562E-03  5.000000E-01  8.464043E-03 -2.030592E-03  0.000000E+00  1.292164E-02 -1.761782E-03  2.663968E-14  7.310539E-01  0.000000E+00
  6.092142E-02 -1.133378E-02  5.000000E-01  1.293025E-02 -2.585999E-03  0.000000E+00  1.217852E-02 -1.441106E-03  2.766928E-16  6.589294E-01  0.000000E+00
  8.832839E-02 -1.439867E-02  5.000000E-01  1.875082E-02 -3.236908E-03  0.000000E+00  1.170214E-02 -1.281702E-03 -5.715936E-15  6.009553E-01  0.000000E+00
  1.189914E-01 -1.768543E-02  5.000000E-01  2.526288E-02 -3.934936E-03  0.000000E+00  1.158565E-02 -1.238530E-03 -3.399267E-15  5.553115E-01  0.000000E+00
  1.511926E-01 -2.112073E-02  5.000000E-01  3.210163E-02 -4.664508E-03  0.000000E+00  1.175130E-02 -1.261862E-03 -8.615207E-16  5.183783E-01  0.000000E+00
  1.838450E-01 -2.465406E-02  5.000000E-01  3.903620E-02 -5.414899E-03  0.000000E+00  1.208081E-02 -1.312417E-03  9.826064E-17  4.858772E-01  0.000000E+00
  2.165049E-01 -2.822248E-02  5.000000E-01  4.597235E-02 -6.172744E-03  0.000000E+00  1.246154E-02 -1.359028E-03  1.832844E-16  4.550801E-01  0.000000E+00
  2.491496E-01 -3.178052E-02  5.000000E-01  5.290529E-02 -6.928386E-03  0.000000E+00  1.281997E-02 -1.391712E-03  7.742011E-17  4.265093E-01  0.000000E+00
  2.819003E-01 -3.532425E-02  5.000000E-01  5.986073E-02 -7.680987E-03  0.000000E+00  1.312530E-02 -1.414669E-03  1.234721E-17  4.012998E-01  0.000000E+00
  3.147601E-01 -3.885550E-02  5.000000E-01  6.683936E-02 -8.430936E-03  0.000000E+00  1.337395E-02 -1.432865E-03 -4.665314E-18  3.791103E-01  0.000000E+00
  3.477303E-01 -4.238140E-02  5.000000E-01  7.384142E-02 -9.179752E-03  0.000000E+00  1.357604E-02 -1.449344E-03 -4.412815E-18  3.588324E-01  0.000000E+00
  3.807756E-01 -4.590771E-02  5.000000E-01  8.085941E-02 -9.928653E-03  0.000000E+00  1.374360E-02 -1.463839E-03 -1.647700E-18  3.394428E-01  0.000000E+00
  4.138291E-01 -4.942656E-02  5.000000E-01  8.787917E-02 -1.067597E-02  0.000000E+00  1.388340E-02 -1.472911E-03  7.360546E-19  3.203296E-01  0.000000E+00
  4.468689E-01 -5.292432E-02  5.000000E-01  9.489601E-02 -1.141881E-02  0.000000E+00  1.399900E-02 -1.474789E-03  1.171849E-18  3.015628E-01  0.000000E+00
  4.799091E-01 -5.639224E-02  5.000000E-01  1.019129E-01 -1.215531E-02  0.000000E+00  1.409400E-02 -1.470695E-03  6.772977E-19  2.835397E-01  0.000000E+00
  5.129612E-01 -5.982510E-02  5.000000E-01  1.089324E-01 -1.288437E-02  0.000000E+00  1.417265E-02 -1.462716E-03  7.657292E-19  2.664577E-01  0.000000E+00
  5.460360E-01 -6.322124E-02  5.000000E-01  1.159567E-01 -1.360562E-02  0.000000E+00  1.423976E-02 -1.452704E-03 -9.415719E-19  2.502378E-01  0.000000E+00
  5.791347E-01 -6.658036E-02  5.000000E-01  1.229860E-01 -1.431902E-02  0.000000E+00  1.430020E-02 -1.441798E-03 -2.049746E-18  2.346564E-01  0.000000E+00
  6.122565E-01 -6.990233E-02  5.000000E-01  1.300203E-01 -1.502452E-02  0.000000E+00  1.435870E-02 -1.430585E-03 -7.149162E-19  2.194899E-01  0.000000E+00
  6.454013E-01 -7.318712E-02  5.000000E-01  1.370594E-01 -1.572213E-02  0.000000E+00  1.441990E-02 -1.419649E-03 -3.308627E-19  2.045899E-01  0.000000E+00
  6.785693E-01 -7.643529E-02  5.000000E-01  1.441035E-01 -1.641196E-02  0.000000E+00  1.448795E-02 -1.409491E-03 -6.030199E-19  1.898417E-01  0.000000E+00
  7.117575E-01 -7.964720E-02  5.000000E-01  1.511518E-01 -1.709409E-02  0.000000E+00  1.456532E-02 -1.399856E-03  5.893227E-19  1.750894E-01  0.000000E+00
  7.449560E-01 -8.282029E-02  5.000000E-01  1.582024E-01 -1.776798E-02  0.000000E+00  1.465215E-02 -1.389570E-03  7.995825E-19  1.601641E-01  0.000000E+00
  7.781569E-01 -8.594907E-02  5.000000E-01  1.652534E-01 -1.843245E-02  0.000000E+00  1.474683E-02 -1.377244E-03 -4.079825E-19  1.449896E-01  0.000000E+00
  8.113578E-01 -8.902645E-02  5.000000E-01  1.723045E-01 -1.908601E-02  0.000000E+00  1.484683E-02 -1.361812E-03 -1.193632E-18  1.296128E-01  0.000000E+00
  8.445597E-01 -9.204450E-02  5.000000E-01  1.793558E-01 -1.972697E-02  0.000000E+00  1.494897E-02 -1.342501E-03 -4.651234E-21  1.141486E-01  0.000000E+00
  8.777625E-01 -9.499474E-02  5.000000E-01  1.864072E-01 -2.035353E-02  0.000000E+00  1.504881E-02 -1.318360E-03  1.171439E-18  9.870552E-02  0.000000E+00
  9.109638E-01 -9.786678E-02  5.000000E-01  1.934584E-01 -2.096348E-02  0.000000E+00  1.514057E-02 -1.288329E-03  9.108777E-19  8.340772E-02  0.000000E+00
  9.441676E-01 -1.006501E-01  5.000000E-01  2.005100E-01 -2.155459E-02  0.000000E+00  1.521801E-02 -1.251673E-03 -1.379816E-19  6.845811E-02  0.000000E+00
  9.773746E-01 -1.033339E-01  5.000000E-01  2.075624E-01 -2.212457E-02  0.000000E+00  1.527523E-02 -1.207790E-03 -8.591525E-19  5.409241E-02  0.000000E+00
  1.010583E+00 -1.059063E-01  5.000000E-01  2.146150E-01 -2.267088E-02  0.000000E+00  1.530893E-02 -1.157448E-03 -5.592182E-19  4.062722E-02  0.000000E+00
  1.043798E+00 -1.083604E-01  5.000000E-01  2.216690E-01 -2.319207E-02  0.000000E+00  1.531990E-02 -1.103310E-03 -8.146556E-20  2.841867E-02  0.000000E+00
  1.077015E+00 -1.106950E-01  5.000000E-01  2.287237E-01 -2.368788E-02  0.000000E+00  1.531050E-02 -1.047591E-03  4.594153E-19  1.759081E-02  0.000000E+00
  1.110238E+00 -1.129110E-01  5.000000E-01  2.357793E-01 -2.415850E-02  0.000000E+00  1.528255E-02 -9.911642E-04 -3.350577E-19  8.026104E-03  0.000000E+00
  1.143462E+00 -1.150090E-01  5.000000E-01  2.428354E-01 -2.460407E-02  0.000000E+00  1.523782E-02 -9.348377E-04 -2.890168E-19 -3.864401E-04  0.000000E+00
  1.176693E+00 -1.169924E-01  5.000000E-01  2.498927E-01 -2.502529E-02  0.000000E+00  1.517813E-02 -8.795079E-04  7.556244E-19 -7.687266E-03  0.000000E+00
  1.209925E+00 -1.188646E-01  5.000000E-01  2.569505E-01 -2.542291E-02  0.000000E+00  1.510466E-02 -8.255866E-04  5.558174E-20 -1.392529E-02  0.000000E+00
  1.243158E+00 -1.206295E-01  5.000000E-01  2.640083E-01 -2.579772E-02  0.000000E+00  1.501881E-02 -7.737530E-04 -5.002358E-19 -1.911171E-02  0.000000E+00
  1.276395E+00 -1.222932E-01  5.000000E-01  2.710670E-01 -2.615106E-02  0.000000E+00  1.492241E-02 -7.248362E-04  8.240473E-20 -2.326491E-02  0.000000E+00
  1.309630E+00 -1.238624E-01  5.000000E-01  2.781253E-01 -2.648432E-02  0.000000E+00  1.481747E-02 -6.793535E-04  4.692901E-19 -2.648134E-02  0.000000E+00
  1.342868E+00 -1.253449E-01  5.000000E-01  2.851842E-01 -2.679917E-02  0.000000E+00  1.470728E-02 -6.382697E-04  2.320138E-19 -2.885606E-02  0.000000E+00
  1.376108E+00 -1.267515E-01  5.000000E-01  2.922436E-01 -2.709789E-02  0.000000E+00  1.459610E-02 -6.022947E-04 -1.264701E-19 -3.056253E-02  0.000000E+00
  1.409347E+00 -1.280923E-01  5.000000E-01  2.993027E-01 -2.738263E-02  0.000000E+00  1.448965E-02 -5.719598E-04 -3.009547E-19 -3.184275E-02  0.000000E+00
  1.442589E+00 -1.293798E-01  5.000000E-01  3.063625E-01 -2.765608E-02  0.000000E+00  1.439631E-02 -5.480879E-04  9.099213E-20 -3.295248E-02  0.000000E+00
  1.475831E+00 -1.306275E-01  5.000000E-01  3.134222E-01 -2.792106E-02  0.000000E+00  1.432661E-02 -5.312277E-04 -3.123120E-20 -3.423698E-02  0.000000E+00
  1.509072E+00 -1.318493E-01  5.000000E-01  3.204819E-01 -2.818053E-02  0.000000E+00  1.429209E-02 -5.218529E-04 -2.830561E-19 -3.612194E-02  0.000000E+00
  1.542314E+00 -1.330592E-01  5.000000E-01  3.275416E-01 -2.843749E-02  0.000000E+00  1.430290E-02 -5.205045E-04  3.721953E-19 -3.905085E-02  0.000000E+00
  1.575558E+00 -1.342730E-01  5.000000E-01  3.346018E-01 -2.869527E-02  0.000000E+00  1.436222E-02 -5.253518E-04  1.561527E-19 -4.359455E-02  0.000000E+00
  1.608800E+00 -1.354961E-01  5.000000E-01  3.416615E-01 -2.895503E-02  0.000000E+00  1.446240E-02 -5.306131E-04 -1.539882E-19 -5.039675E-02  0.000000E+00
  1.642044E+00 -1.367175E-01  5.000000E-01  3.487219E-01 -2.921441E-02  0.000000E+00  1.459098E-02 -5.314245E-04  7.325609E-20 -5.952686E-02  0.000000E+00
  1.675286E+00 -1.379222E-01  5.000000E-01  3.557816E-01 -2.947027E-02  0.000000E+00  1.473689E-02 -5.261866E-04 -3.766782E-19 -7.040153E-02  0.000000E+00
  1.708526E+00 -1.390956E-01  5.000000E-01  3.628410E-01 -2.971946E-02  0.000000E+00  1.489070E-02 -5.141785E-04 -4.129982E-19 -8.236523E-02  0.000000E+00
  1.741762E+00 -1.402222E-01  5.000000E-01  3.698996E-01 -2.995873E-02  0.000000E+00  1.504412E-02 -4.946456E-04 -1.261737E-19 -9.496549E-02  0.000000E+00
  1.774995E+00 -1.412858E-01  5.000000E-01  3.769573E-01 -3.018461E-02  0.000000E+00  1.519050E-02 -4.672899E-04 -3.479675E-20 -1.078771E-01  0.000000E+00
  1.808227E+00 -1.422717E-01  5.000000E-01  3.840150E-01 -3.039399E-02  0.000000E+00  1.532403E-02 -4.318660E-04 -8.433516E-20 -1.208403E-01  0.000000E+00
  1.841453E+00 -1.431638E-01  5.000000E-01  3.910714E-01 -3.058346E-02  0.000000E+00  1.543852E-02 -3.879321E-04 -8.908607E-20 -1.335965E-01  0.000000E+00
  1.874678E+00 -1.439465E-01  5.000000E-01  3.981276E-01 -3.074969E-02  0.000000E+00  1.552707E-02 -3.354091E-04  6.892228E-20 -1.457764E-01  0.000000E+00
  1.907900E+00 -1.446042E-01  5.000000E-01  4.051830E-01 -3.088936E-02  0.000000E+00  1.558065E-02 -2.742533E-04 -1.466417E-19 -1.569241E-01  0.000000E+00
  1.941118E+00 -1.451209E-01  5.000000E-01  4.122377E-01 -3.099910E-02  0.000000E+00  1.558668E-02 -2.045935E-04 -2.673396E-19 -1.664941E-01  0.000000E+00
  1.974334E+00 -1.454809E-01  5.000000E-01  4.192920E-01 -3.107554E-02  0.000000E+00  1.552860E-02 -1.271424E-04 -2.781277E-19 -1.738250E-01  0.000000E+00
  2.007549E+00 -1.456690E-01  5.000000E-01  4.263460E-01 -3.111551E-02  0.000000E+00  1.538648E-02 -4.292531E-05 -3.359939E-19 -1.781778E-01  0.000000E+00
  2.040760E+00 -1.456696E-01  5.000000E-01  4.333993E-01 -3.111563E-02  0.000000E+00  1.514167E-02  4.665421E-05 -2.552640E-19 -1.787594E-01  0.000000E+00
  2.073970E+00 -1.454669E-01  5.000000E-01  4.404522E-01 -3.107259E-02  0.000000E+00  1.478557E-02  1.388756E-04 -1.387217E-19 -1.747865E-01  0.000000E+00
  2.107177E+00 -1.450467E-01  5.000000E-01  4.475046E-01 -3.098334E-02  0.000000E+00  1.433120E-02  2.264074E-04 -2.395094E-19 -1.654567E-01  0.000000E+00
  2.140379E+00 -1.444166E-01  5.000000E-01  4.545558E-01 -3.084952E-02  0.000000E+00  1.381462E-02  2.984507E-04 -1.843846E-19 -1.503683E-01  0.000000E+00
  2.173577E+00 -1.436116E-01  5.000000E-01  4.616063E-01 -3.067856E-02  0.000000E+00  1.327588E-02  3.501194E-04  2.954403E-19 -1.305891E-01  0.000000E+00
  2.206768E+00 -1.426673E-01  5.000000E-01  4.686553E-01 -3.047802E-02  0.000000E+00  1.274515E-02  3.829707E-04  4.359611E-19 -1.082567E-01  0.000000E+00
  2.239954E+00 -1.416199E-01  5.000000E-01  4.757033E-01 -3.025556E-02  0.000000E+00  1.224282E-02  3.994952E-04  2.787658E-19 -8.525701E-02  0.000000E+00
  2.273134E+00 -1.405050E-01  5.000000E-01  4.827499E-01 -3.001880E-02  0.000000E+00  1.178082E-02  4.020088E-04 -2.038618E-19 -6.273900E-02  0.000000E+00
  2.306309E+00 -1.393590E-01  5.000000E-01  4.897953E-01 -2.977541E-02  0.000000E+00  1.136536E-02  3.924548E-04 -6.941604E-20 -4.121867E-02  0.000000E+00
  2.339476E+00 -1.382178E-01  5.000000E-01  4.968392E-01 -2.953305E-02  0.000000E+00  1.099978E-02  3.724419E-04  1.406799E-19 -2.093448E-02  0.000000E+00
  2.372638E+00 -1.371170E-01  5.000000E-01  5.038821E-01 -2.929926E-02  0.000000E+00  1.068754E-02  3.427511E-04 -6.894467E-19 -2.064140E-03  0.000000E+00
  2.405805E+00 -1.360947E-01  5.000000E-01  5.109259E-01 -2.908215E-02  0.000000E+00  1.043388E-02  3.036018E-04 -4.577174E-19  1.512682E-02  0.000000E+00
  2.438976E+00 -1.351910E-01  5.000000E-01  5.179706E-01 -2.889024E-02  0.000000E+00  1.024640E-02  2.553472E-04  9.708595E-20  3.019376E-02  0.000000E+00
  2.472150E+00 -1.344456E-01  5.000000E-01  5.250160E-01 -2.873192E-02  0.000000E+00  1.013693E-02  1.980994E-04  8.188196E-20  4.261567E-02  0.000000E+00
  2.505329E+00 -1.338979E-01  5.000000E-01  5.320624E-01 -2.861560E-02  0.000000E+00  1.012364E-02  1.312178E-04  2.232607E-19  5.185628E-02  0.000000E+00
  2.538512E+00 -1.335878E-01  5.000000E-01  5.391097E-01 -2.854974E-02  0.000000E+00  1.023041E-02  5.304923E-05  1.932447E-19  5.724130E-02  0.000000E+00
  2.571700E+00 -1.335542E-01  5.000000E-01  5.461580E-01 -2.854262E-02  0.000000E+00  1.048302E-02 -3.989896E-05  1.551879E-19  5.793179E-02  0.000000E+00
  2.604894E+00 -1.338373E-01  5.000000E-01  5.532074E-01 -2.860274E-02  0.000000E+00  1.090050E-02 -1.510711E-04  1.748537E-20  5.291944E-02  0.000000E+00
  2.638090E+00 -1.344699E-01  5.000000E-01  5.602575E-01 -2.873709E-02  0.000000E+00  1.147846E-02 -2.731297E-04 -1.488033E-19  4.036051E-02  0.000000E+00
  2.671292E+00 -1.354151E-01  5.000000E-01  5.673087E-01 -2.893781E-02  0.000000E+00  1.218777E-02 -3.890554E-04  2.694578E-19  1.864393E-02  0.000000E+00
  2.704497E+00 -1.365879E-01  5.000000E-01  5.743608E-01 -2.918689E-02  0.000000E+00  1.299413E-02 -4.870942E-04  4.911807E-19 -1.162138E-02  0.000000E+00
  2.737708E+00 -1.379033E-01  5.000000E-01  5.814140E-01 -2.946626E-02  0.000000E+00  1.386568E-02 -5.607491E-04 -8.759917E-20 -4.866926E-02  0.000000E+00
  2.770923E+00 -1.392757E-01  5.000000E-01  5.884680E-01 -2.975771E-02  0.000000E+00  1.477128E-02 -6.028941E-04 -2.308652E-19 -9.126507E-02  0.000000E+00
  2.804143E+00 -1.406197E-01  5.000000E-01  5.955231E-01 -3.004314E-02  0.000000E+00  1.568566E-02 -6.059586E-04 -4.898625E-19 -1.388972E-01  0.000000E+00
  2.837367E+00 -1.418503E-01  5.000000E-01  6.025790E-01 -3.030450E-02  0.000000E+00  1.660141E-02 -5.626927E-04 -1.233705E-18 -1.914932E-01  0.000000E+00
  2.870594E+00 -1.428823E-01  5.000000E-01  6.096357E-01 -3.052366E-02  0.000000E+00  1.754661E-02 -4.666042E-04 -1.090518E-18 -2.491621E-01  0.000000E+00
  2.903823E+00 -1.436303E-01  5.000000E-01  6.166926E-01 -3.068254E-02  0.000000E+00  1.859797E-02 -3.103949E-04 -4.711606E-19 -3.121900E-01  0.000000E+00
  2.937051E+00 -1.440077E-01  5.000000E-01  6.237496E-01 -3.076268E-02  0.000000E+00  1.986244E-02 -8.299303E-05  9.036451E-20 -3.810995E-01  0.000000E+00
  2.970283E+00 -1.439298E-01  5.000000E-01  6.308072E-01 -3.074614E-02  0.000000E+00  2.137830E-02  2.334075E-04  1.311728E-18 -4.567843E-01  0.000000E+00
  3.003515E+00 -1.433116E-01  5.000000E-01  6.378649E-01 -3.061485E-02  0.000000E+00  2.290248E-02  6.538516E-04  4.014010E-18 -5.400923E-01  0.000000E+00
  3.036751E+00 -1.420688E-01  5.000000E-01  6.449232E-01 -3.035090E-02  0.000000E+00  2.365263E-02  1.146962E-03  8.715122E-18 -6.290012E-01  0.000000E+00
  3.069988E+00 -1.401185E-01  5.000000E-01  6.519820E-01 -2.993671E-02  0.000000E+00  2.236491E-02  1.568528E-03  1.153944E-17 -7.105940E-01  0.000000E+00
  3.103226E+00 -1.373772E-01  5.000000E-01  6.590410E-01 -2.935452E-02  0.000000E+00  1.824955E-02  1.695918E-03  9.634834E-18 -7.510433E-01  0.000000E+00
  3.136469E+00 -1.337639E-01  5.000000E-01  6.661010E-01 -2.858715E-02  0.000000E+00  1.223673E-02  1.430541E-03  5.493476E-18 -7.048043E-01  0.000000E+00
  3.169712E+00 -1.292248E-01  5.000000E-01  6.731611E-01 -2.762316E-02  0.000000E+00  6.601248E-03  9.390176E-04  1.076581E-18 -5.542131E-01  0.000000E+00
  3.202960E+00 -1.238672E-01  5.000000E-01  6.802220E-01 -2.648534E-02  0.000000E+00  2.914886E-03  4.951001E-04 -1.962420E-18 -3.445158E-01  0.000000E+00
  3.236210E+00 -1.178599E-01  5.000000E-01  6.872835E-01 -2.520952E-02  0.000000E+00  1.117646E-03  2.242157E-04 -3.047760E-18 -1.586476E-01  0.000000E+00
  3.269464E+00 -1.113726E-01  5.000000E-01  6.943459E-01 -2.383179E-02  0.000000E+00  4.202913E-04  9.124176E-05 -1.671527E-18 -4.646629E-02  0.000000E+00
  3.302721E+00 -1.045728E-01  5.000000E-01  7.014089E-01 -2.238768E-02  0.000000E+00  1.558036E-04  2.856677E-05 -1.225169E-19  5.692455E-03  0.000000E+00
  3.335981E+00 -9.762112E-02  5.000000E-01  7.084724E-01 -2.091131E-02  0.000000E+00 -1.512042E-06 -5.729847E-06 -3.478573E-20  3.761655E-02  0.000000E+00
  3.369247E+00 -9.066982E-02  5.000000E-01  7.155373E-01 -1.943503E-02  0.000000E+00 -1.261421E-04 -2.739242E-05  2.702947E-18  7.149338E-02  0.000000E+00
  3.402518E+00 -8.386260E-02  5.000000E-01  7.226033E-01 -1.798934E-02  0.000000E+00 -2.037670E-04 -3.964565E-05  2.851243E-18  1.070770E-01  0.000000E+00
  3.435792E+00 -7.732866E-02  5.000000E-01  7.296699E-01 -1.660169E-02  0.000000E+00 -2.270823E-04 -4.246381E-05 -1.315525E-18  1.384427E-01  0.000000E+00
  3.469073E+00 -7.118417E-02  5.000000E-01  7.367379E-01 -1.529675E-02  0.000000E+00 -2.058613E-04 -3.671008E-05 -1.420391E-18  1.642020E-01  0.000000E+00
  3.502353E+00 -6.553147E-02  5.000000E-01  7.438057E-01 -1.409626E-02  0.000000E+00 -1.471412E-04 -2.433989E-05  1.248899E-18  1.862461E-01  0.000000E+00
  3.535630E+00 -6.045804E-02  5.000000E-01  7.508729E-01 -1.301879E-02  0.000000E+00 -4.729908E-05 -7.480214E-06  1.533177E-18  2.060823E-01  0.000000E+00
  3.568904E+00 -5.603575E-02  5.000000E-01  7.579395E-01 -1.207960E-02  0.000000E+00  1.043711E-04  1.176676E-05  1.344931E-18  2.239312E-01  0.000000E+00
  3.602176E+00 -5.232152E-02  5.000000E-01  7.650057E-01 -1.129079E-02  0.000000E+00  3.226151E-04  3.092464E-05  1.011866E-18  2.394296E-01  0.000000E+00
  3.635446E+00 -4.935876E-02  5.000000E-01  7.720714E-01 -1.066157E-02  0.000000E+00  6.261513E-04  4.630684E-05  3.300679E-19  2.520661E-01  0.000000E+00
  3.668713E+00 -4.717826E-02  5.000000E-01  7.791365E-01 -1.019849E-02  0.000000E+00  1.036942E-03  5.240509E-05  5.540340E-19  2.613105E-01  0.000000E+00
  3.701976E+00 -4.580040E-02  5.000000E-01  7.862009E-01 -9.905864E-03  0.000000E+00  1.575830E-03  4.295787E-05  4.739882E-19  2.665021E-01  0.000000E+00
  3.735241E+00 -4.521284E-02  5.000000E-01  7.932655E-01 -9.781080E-03  0.000000E+00  2.252990E-03  1.527348E-05  2.540999E-19  2.659919E-01  0.000000E+00
  3.768500E+00 -4.525739E-02  5.000000E-01  8.003289E-01 -9.790542E-03  0.000000E+00  3.059988E-03 -2.614078E-05 -2.995421E-20  2.581452E-01  0.000000E+00
  3.801751E+00 -4.572720E-02  5.000000E-01  8.073904E-01 -9.890318E-03  0.000000E+00  3.970823E-03 -7.203119E-05 -1.306626E-19  2.431579E-01  0.000000E+00
  3.834989E+00 -4.643654E-02  5.000000E-01  8.144495E-01 -1.004096E-02  0.000000E+00  4.946169E-03 -1.122580E-04 -1.301661E-19  2.223770E-01  0.000000E+00
  3.868211E+00 -4.722910E-02  5.000000E-01  8.215050E-01 -1.020928E-02  0.000000E+00  5.937400E-03 -1.367628E-04  4.399492E-20  1.973418E-01  0.000000E+00
  3.901422E+00 -4.797284E-02  5.000000E-01  8.285582E-01 -1.036724E-02  0.000000E+00  6.893196E-03 -1.371686E-04  1.033062E-19  1.697560E-01  0.000000E+00
  3.934617E+00 -4.856270E-02  5.000000E-01  8.356079E-01 -1.049251E-02  0.000000E+00  7.766376E-03 -1.088246E-04  1.476303E-20  1.414434E-01  0.000000E+00
  3.967800E+00 -4.891752E-02  5.000000E-01  8.426552E-01 -1.056786E-02  0.000000E+00  8.518240E-03 -5.133135E-05  1.742177E-20  1.141403E-01  0.000000E+00
  4.000972E+00 -4.897652E-02  5.000000E-01  8.497001E-01 -1.058039E-02  0.000000E+00  9.121021E-03  3.211430E-05 -1.157353E-19  8.946399E-02  0.000000E+00
  4.034139E+00 -4.869592E-02  5.000000E-01  8.567440E-01 -1.052080E-02  0.000000E+00  9.556511E-03  1.364602E-04 -4.194471E-19  6.874408E-02  0.000000E+00
  4.067311E+00 -4.803871E-02  5.000000E-01  8.637890E-01 -1.038123E-02  0.000000E+00  9.813486E-03  2.550559E-04  4.081709E-20  5.300795E-02  0.000000E+00
  4.100488E+00 -4.697738E-02  5.000000E-01  8.708348E-01 -1.015582E-02  0.000000E+00  9.886916E-03  3.793396E-04  1.408582E-19  4.315016E-02  0.000000E+00
  4.133669E+00 -4.549468E-02  5.000000E-01  8.778818E-01 -9.840935E-03  0.000000E+00  9.777002E-03  5.002519E-04 -1.178046E-18  3.980060E-02  0.000000E+00
  4.166856E+00 -4.357933E-02  5.000000E-01  8.849299E-01 -9.434163E-03  0.000000E+00  9.490245E-03  6.091404E-04 -9.498303E-19  4.326005E-02  0.000000E+00
  4.200049E+00 -4.122778E-02  5.000000E-01  8.919793E-01 -8.934751E-03  0.000000E+00  9.042201E-03  6.985404E-04 -1.904572E-19  5.343255E-02  0.000000E+00
  4.233242E+00 -3.844056E-02  5.000000E-01  8.990286E-01 -8.342814E-03  0.000000E+00  8.461852E-03  7.613535E-04  3.121501E-19  6.992474E-02  0.000000E+00
  4.266405E+00 -3.524362E-02  5.000000E-01  9.060715E-01 -7.663862E-03  0.000000E+00  7.793625E-03  7.905732E-04 -1.465665E-20  9.209650E-02  0.000000E+00
  4.299502E+00 -3.170446E-02  5.000000E-01  9.131007E-01 -6.912232E-03  0.000000E+00  7.091098E-03  7.835072E-04 -2.225358E-18  1.187100E-01  0.000000E+00
  4.332522E+00 -2.792809E-02  5.000000E-01  9.201132E-01 -6.110223E-03  0.000000E+00  6.404849E-03  7.456066E-04 -2.995393E-19  1.476143E-01  0.000000E+00
  4.365472E+00 -2.402157E-02  5.000000E-01  9.271110E-01 -5.280576E-03  0.000000E+00  5.775633E-03  6.870855E-04  2.190512E-18  1.764683E-01  0.000000E+00
  4.398350E+00 -2.009965E-02  5.000000E-01  9.340935E-01 -4.447655E-03  0.000000E+00  5.234546E-03  6.173044E-04  5.972795E-19  2.036860E-01  0.000000E+00
  4.431155E+00 -1.628206E-02  5.000000E-01  9.410605E-01 -3.636894E-03  0.000000E+00  4.803596E-03  5.430435E-04 -1.169666E-19  2.284648E-01  0.000000E+00
  4.463888E+00 -1.270131E-02  5.000000E-01  9.480121E-01 -2.876430E-03  0.000000E+00  4.492365E-03  4.689204E-04  8.007305E-19  2.501526E-01  0.000000E+00
  4.496579E+00 -9.465517E-03  5.000000E-01  9.549550E-01 -2.189227E-03  0.000000E+00  4.292098E-03  3.973190E-04  2.152007E-19  2.682894E-01  0.000000E+00
  4.529252E+00 -6.656057E-03  5.000000E-01  9.618938E-01 -1.592567E-03  0.000000E+00  4.169101E-03  3.287820E-04 -4.871955E-19  2.829816E-01  0.000000E+00
  4.561929E+00 -4.318309E-03  5.000000E-01  9.688337E-01 -1.096087E-03  0.000000E+00  4.054131E-03  2.606769E-04  2.327067E-19  2.934270E-01  0.000000E+00
  4.594574E+00 -2.496760E-03  5.000000E-01  9.757666E-01 -7.092345E-04  0.000000E+00  3.854275E-03  1.827915E-04 -9.822205E-20  2.987406E-01  0.000000E+00
  4.627203E+00 -1.227182E-03  5.000000E-01  9.826962E-01 -4.396073E-04  0.000000E+00  3.533538E-03  9.591011E-05 -5.972201E-19  3.071709E-01  0.000000E+00
  4.659162E+00 -5.492654E-04  5.000000E-01  9.894836E-01 -2.956345E-04  0.000000E+00  3.145983E-03  4.429450E-05  7.505794E-19  3.225461E-01  0.000000E+00
  4.689251E+00 -4.416875E-04  5.000000E-01  9.958737E-01 -2.727876E-04  0.000000E+00  2.615185E-03  2.784385E-05  5.269239E-18  2.841466E-01  0.000000E+00
  4.708680E+00 -6.498432E-04  5.000000E-01  9.999999E-01 -3.169948E-04  0.000000E+00  1.856810E-03 -5.562531E-05  5.184028E-18  1.457518E-01  0.000000E+00
    1    2
    2    3
    3    4
    4    5
    5    6
    6    7
    7    8
    8    9
    9   10
   10   11
   11   12
   12   13
   13   14
   14   15
   15   16
   16   17
   17   18
   18   19
   19   20
   20   21
   21   22
   22   23
   23   24
   24   25
   25   26
   26   27
   27   28
   28   29
   29   30
   30   31
   31   32
   32   33
   33   34
   34   35
   35   36
   36   37
   37   38
   38   39
   39   40
   40   41
   41   42
   42   43
   43   44
   44   45
   45   46
   46   47
   47   48
   48   49
   49   50
   50   51
   51   52
   52   53
   53   54
   54   55
   55   56
   56   57
   57   58
   58   59
   59   60
   60   61
   61   62
   62   63
   63   64
   64   65
   65   66
   66   67
   67   68
   68   69
   69   70
   70   71
   71   72
   72   73
   73   74
   74   75
   75   76
   76   77
   77   78
   78   79
   79   80
   80   81
   81   82
   82   83
   83   84
   84   85
   85   86
   86   87
   87   88
   88   89
   89   90
   90   91
   91   92
   92   93
   93   94
   94   95
   95   96
   96   97
   97   98
   98   99
   99  100
  100  101
  101  102
  102  103
  103  104
  104  105
  105  106
  106  107
  107  108
  108  109
  109  110
  110  111
  111  112
  112  113
  113  114
  114  115
  115  116
  116  117
  117  118
  118  119
  119  120
  120  121
  121  122
  122  123
  123  124
  124  125
  125  126
  126  127
  127  128
  128  129
  129  130
  130  131
  131  132
  132  133
  133  134
  134  135
  135  136
  136  137
  137  138
  138  139
  139  140
  140  141
  141  142
  142  143
  143  144
  144  145
  145  146
  146  147
  147  148
  148  149
  149  150
  151  152
  152  153
  153  154
  154  155
  155  156
  156  157
  157  158
  158  159
  159  160
  160  161
  161  162
  162  163
  163  164
  164  165
  165  166
  166  167
  167  168
  168  169
  169  170
  170  171
  171  172
  172  173
  173  174
  174  175
  175  176
  176  177
  177  178
  178  179
  179  180
  180  181
  181  182
  182  183
  183  184
  184  185
  185  186
  186  187
  187  188
  188  189
  189  190
  190  191
  191  192
  192  193
  193  194
  194  195
  195  196
  196  197
  197  198
  198  199
  199  200
  200  201
  201  202
  202  203
  203  204
  204  205
  205  206
  206  207
  207  208
  208  209
  209  210
  210  211
  211  212
  212  213
  213  214
  214  215
  215  216
  216  217
  217  218
  218  219
  219  220
  220  221
  221  222
  222  223
  223  224
  224  225
  225  226
  226  227
  227  228
  228  229
  229  230
  230  231
  231  232
  232  233
  233  234
  234  235
  235  236
  236  237
  237  238
  238  239
  239  240
  240  241
  241  242
  242  243
  243  244
  244  245
  245  246
  246  247
  247  248
  248  249
  249  250
  250  251
  251  252
  252  253
  253  254
  254  255
  255  256
  256  257
  257  258
  258  259
  259  260
  260  261
  261  262
  262  263
  263  264
  264  265
  265  266
  266  267
  267  268
  268  269
  269  270
  270  271
  271  272
  272  273
  273  274
  274  275
  275  276
  276  277
  277  278
  278  279
  279  280
  280  281
  281  282
  282  283
  283  284
  284  285
  285  286
  286  287
  287  288
  288  289
  289  290
  290  291
  291  292
  292  293
  293  294
  294  295
  295  296
  296  297
  297  298
  298  299
  299  300
