 Title = "ADflow Slice Data"
Variables =  "CoordinateX"  "CoordinateY"  "CoordinateZ"  "XoC"  "YoC"  "ZoC" "VelocityX" "VelocityY" "VelocityZ" "CoefPressure" "Mach" 
Zone T= "Slice_0001 None Absolute Regular z = 0.50000000"
 Nodes =          300  Elements=          298  ZONETYPE=FELINESEG
 DATAPACKING=POINT
  4.708680E+00 -5.549306E-04  5.000000E-01  1.000000E+00 -3.044414E-04  0.000000E+00  2.005198E-03 -9.570831E-05  5.924370E-18  1.582143E-01  0.000000E+00
  4.689187E+00  3.083339E-03  5.000000E-01  9.958601E-01  4.682378E-04  0.000000E+00  1.305930E-03 -1.977416E-04  8.931837E-19  6.872777E-02  0.000000E+00
  4.658673E+00  8.688331E-03  5.000000E-01  9.893797E-01  1.658600E-03  0.000000E+00  9.229792E-04 -1.911734E-04 -2.732147E-18  9.115788E-02  0.000000E+00
  4.626256E+00  1.452627E-02  5.000000E-01  9.824952E-01  2.898436E-03  0.000000E+00  6.909223E-04 -1.259970E-04 -2.480572E-18  8.680220E-02  0.000000E+00
  4.593146E+00  2.036753E-02  5.000000E-01  9.754635E-01  4.138974E-03  0.000000E+00  6.011483E-04 -9.903385E-05 -4.921955E-19  6.584361E-02  0.000000E+00
  4.560031E+00  2.608793E-02  5.000000E-01  9.684306E-01  5.353847E-03  0.000000E+00  6.477670E-04 -1.102681E-04  1.082145E-18  5.055515E-02  0.000000E+00
  4.526891E+00  3.169068E-02  5.000000E-01  9.613923E-01  6.543733E-03  0.000000E+00  7.843868E-04 -1.323964E-04  1.460158E-18  3.746639E-02  0.000000E+00
  4.493752E+00  3.716949E-02  5.000000E-01  9.543545E-01  7.707299E-03  0.000000E+00  9.770525E-04 -1.594910E-04 -2.819514E-19  2.168779E-02  0.000000E+00
  4.460612E+00  4.251958E-02  5.000000E-01  9.473164E-01  8.843525E-03  0.000000E+00  1.205418E-03 -1.916614E-04 -1.821652E-18  4.115425E-03  0.000000E+00
  4.427470E+00  4.773673E-02  5.000000E-01  9.402779E-01  9.951521E-03  0.000000E+00  1.448936E-03 -2.246798E-04 -1.009764E-18 -1.409105E-02  0.000000E+00
  4.394325E+00  5.281114E-02  5.000000E-01  9.332387E-01  1.102920E-02  0.000000E+00  1.689991E-03 -2.547153E-04  5.546356E-20 -3.287916E-02  0.000000E+00
  4.361178E+00  5.773539E-02  5.000000E-01  9.261991E-01  1.207499E-02  0.000000E+00  1.919035E-03 -2.802500E-04 -1.067478E-18 -5.229452E-02  0.000000E+00
  4.328027E+00  6.249977E-02  5.000000E-01  9.191586E-01  1.308683E-02  0.000000E+00  2.132742E-03 -3.006695E-04 -3.547346E-18 -7.210624E-02  0.000000E+00
  4.294876E+00  6.709272E-02  5.000000E-01  9.121181E-01  1.406226E-02  0.000000E+00  2.328701E-03 -3.157749E-04 -2.021909E-18 -9.186622E-02  0.000000E+00
  4.261727E+00  7.150499E-02  5.000000E-01  9.050782E-01  1.499932E-02  0.000000E+00  2.501048E-03 -3.254919E-04  2.058873E-18 -1.114391E-01  0.000000E+00
  4.228582E+00  7.572772E-02  5.000000E-01  8.980388E-01  1.589612E-02  0.000000E+00  2.640736E-03 -3.289160E-04 -8.528459E-19 -1.318211E-01  0.000000E+00
  4.195443E+00  7.974943E-02  5.000000E-01  8.910010E-01  1.675023E-02  0.000000E+00  2.739447E-03 -3.246703E-04 -6.297882E-19 -1.543526E-01  0.000000E+00
  4.162308E+00  8.355788E-02  5.000000E-01  8.839639E-01  1.755905E-02  0.000000E+00  2.789808E-03 -3.112873E-04  2.012831E-18 -1.781581E-01  0.000000E+00
  4.129179E+00  8.714363E-02  5.000000E-01  8.769281E-01  1.832058E-02  0.000000E+00  2.780013E-03 -2.883755E-04  5.855303E-19 -1.984329E-01  0.000000E+00
  4.096054E+00  9.049565E-02  5.000000E-01  8.698932E-01  1.903246E-02  0.000000E+00  2.695651E-03 -2.591582E-04  7.762518E-19 -2.104568E-01  0.000000E+00
  4.062934E+00  9.360580E-02  5.000000E-01  8.628593E-01  1.969298E-02  0.000000E+00  2.553912E-03 -2.303901E-04  5.929127E-19 -2.196510E-01  0.000000E+00
  4.029817E+00  9.646624E-02  5.000000E-01  8.558262E-01  2.030047E-02  0.000000E+00  2.472896E-03 -2.103287E-04  3.179731E-19 -2.462370E-01  0.000000E+00
  3.996705E+00  9.907131E-02  5.000000E-01  8.487940E-01  2.085372E-02  0.000000E+00  2.728901E-03 -2.110577E-04  4.356001E-19 -3.122244E-01  0.000000E+00
  3.963594E+00  1.014193E-01  5.000000E-01  8.417620E-01  2.135238E-02  0.000000E+00  3.720137E-03 -2.492051E-04  6.251221E-19 -4.193631E-01  0.000000E+00
  3.930486E+00  1.035123E-01  5.000000E-01  8.347306E-01  2.179688E-02  0.000000E+00  5.764331E-03 -3.334464E-04  1.072444E-18 -5.431670E-01  0.000000E+00
  3.897377E+00  1.053559E-01  5.000000E-01  8.276991E-01  2.218842E-02  0.000000E+00  8.746944E-03 -4.427786E-04  2.145011E-18 -6.502070E-01  0.000000E+00
  3.864269E+00  1.069630E-01  5.000000E-01  8.206677E-01  2.252973E-02  0.000000E+00  1.196070E-02 -5.310215E-04  3.598829E-18 -7.195068E-01  0.000000E+00
  3.831161E+00  1.083502E-01  5.000000E-01  8.136366E-01  2.282433E-02  0.000000E+00  1.447721E-02 -5.611462E-04  4.079931E-18 -7.500983E-01  0.000000E+00
  3.798054E+00  1.095432E-01  5.000000E-01  8.066053E-01  2.307769E-02  0.000000E+00  1.578631E-02 -5.320757E-04  3.256549E-18 -7.539716E-01  0.000000E+00
  3.764948E+00  1.105745E-01  5.000000E-01  7.995744E-01  2.329672E-02  0.000000E+00  1.603343E-02 -4.736127E-04  1.646778E-18 -7.450903E-01  0.000000E+00
  3.731842E+00  1.114855E-01  5.000000E-01  7.925435E-01  2.349020E-02  0.000000E+00  1.570455E-02 -4.184623E-04  3.875486E-19 -7.334809E-01  0.000000E+00
  3.698737E+00  1.123267E-01  5.000000E-01  7.855130E-01  2.366885E-02  0.000000E+00  1.524220E-02 -3.815412E-04 -5.697254E-19 -7.241190E-01  0.000000E+00
  3.665634E+00  1.131354E-01  5.000000E-01  7.784827E-01  2.384059E-02  0.000000E+00  1.488804E-02 -3.590869E-04 -1.126412E-18 -7.179822E-01  0.000000E+00
  3.632534E+00  1.139190E-01  5.000000E-01  7.714529E-01  2.400700E-02  0.000000E+00  1.470188E-02 -3.440467E-04 -9.457839E-19 -7.143999E-01  0.000000E+00
  3.599434E+00  1.146804E-01  5.000000E-01  7.644234E-01  2.416872E-02  0.000000E+00  1.464615E-02 -3.336889E-04 -2.557415E-19 -7.125916E-01  0.000000E+00
  3.566334E+00  1.154233E-01  5.000000E-01  7.573938E-01  2.432648E-02  0.000000E+00  1.466270E-02 -3.262441E-04  4.869121E-19 -7.118486E-01  0.000000E+00
  3.533236E+00  1.161495E-01  5.000000E-01  7.503646E-01  2.448071E-02  0.000000E+00  1.470767E-02 -3.200846E-04  9.861465E-19 -7.116523E-01  0.000000E+00
  3.500138E+00  1.168598E-01  5.000000E-01  7.433353E-01  2.463157E-02  0.000000E+00  1.475768E-02 -3.145206E-04  1.640922E-18 -7.117325E-01  0.000000E+00
  3.467038E+00  1.175561E-01  5.000000E-01  7.363057E-01  2.477944E-02  0.000000E+00  1.480514E-02 -3.093684E-04  2.112966E-18 -7.119498E-01  0.000000E+00
  3.433936E+00  1.182390E-01  5.000000E-01  7.292757E-01  2.492446E-02  0.000000E+00  1.485066E-02 -3.042378E-04  2.045229E-18 -7.121930E-01  0.000000E+00
  3.400832E+00  1.189081E-01  5.000000E-01  7.222453E-01  2.506657E-02  0.000000E+00  1.489642E-02 -2.987884E-04  1.926572E-18 -7.123822E-01  0.000000E+00
  3.367728E+00  1.195626E-01  5.000000E-01  7.152146E-01  2.520557E-02  0.000000E+00  1.494371E-02 -2.926074E-04  1.842732E-18 -7.124279E-01  0.000000E+00
  3.334620E+00  1.202003E-01  5.000000E-01  7.081834E-01  2.534099E-02  0.000000E+00  1.499223E-02 -2.852387E-04  1.415091E-18 -7.122268E-01  0.000000E+00
  3.301512E+00  1.208181E-01  5.000000E-01  7.011520E-01  2.547220E-02  0.000000E+00  1.504003E-02 -2.762636E-04  1.047531E-18 -7.116896E-01  0.000000E+00
  3.268401E+00  1.214122E-01  5.000000E-01  6.941201E-01  2.559839E-02  0.000000E+00  1.508454E-02 -2.651849E-04  9.987889E-19 -7.107108E-01  0.000000E+00
  3.235290E+00  1.219779E-01  5.000000E-01  6.870881E-01  2.571853E-02  0.000000E+00  1.512312E-02 -2.514992E-04  1.216963E-18 -7.091619E-01  0.000000E+00
  3.202177E+00  1.225093E-01  5.000000E-01  6.800557E-01  2.583137E-02  0.000000E+00  1.515284E-02 -2.349076E-04  1.638926E-18 -7.069449E-01  0.000000E+00
  3.169063E+00  1.230005E-01  5.000000E-01  6.730231E-01  2.593569E-02  0.000000E+00  1.517133E-02 -2.152028E-04  1.989917E-18 -7.040112E-01  0.000000E+00
  3.135947E+00  1.234447E-01  5.000000E-01  6.659902E-01  2.603003E-02  0.000000E+00  1.517700E-02 -1.927526E-04  2.357550E-18 -7.004307E-01  0.000000E+00
  3.102831E+00  1.238373E-01  5.000000E-01  6.589571E-01  2.611340E-02  0.000000E+00  1.516905E-02 -1.693094E-04  2.567172E-18 -6.964692E-01  0.000000E+00
  3.069714E+00  1.241793E-01  5.000000E-01  6.519238E-01  2.618604E-02  0.000000E+00  1.514959E-02 -1.465068E-04  2.609505E-18 -6.924274E-01  0.000000E+00
  3.036593E+00  1.244732E-01  5.000000E-01  6.448898E-01  2.624846E-02  0.000000E+00  1.512368E-02 -1.247232E-04  2.351349E-18 -6.884829E-01  0.000000E+00
  3.003475E+00  1.247211E-01  5.000000E-01  6.378564E-01  2.630111E-02  0.000000E+00  1.509655E-02 -1.037247E-04  1.728900E-18 -6.847000E-01  0.000000E+00
  2.970356E+00  1.249238E-01  5.000000E-01  6.308226E-01  2.634416E-02  0.000000E+00  1.507116E-02 -8.359731E-05  1.019638E-18 -6.811253E-01  0.000000E+00
  2.937236E+00  1.250840E-01  5.000000E-01  6.237888E-01  2.637819E-02  0.000000E+00  1.504871E-02 -6.446070E-05  4.148614E-19 -6.777872E-01  0.000000E+00
  2.904117E+00  1.252032E-01  5.000000E-01  6.167550E-01  2.640349E-02  0.000000E+00  1.502962E-02 -4.617176E-05  7.286686E-20 -6.746793E-01  0.000000E+00
  2.870996E+00  1.252831E-01  5.000000E-01  6.097211E-01  2.642046E-02  0.000000E+00  1.501367E-02 -2.874201E-05 -5.145985E-20 -6.718032E-01  0.000000E+00
  2.837877E+00  1.253256E-01  5.000000E-01  6.026873E-01  2.642949E-02  0.000000E+00  1.500073E-02 -1.209535E-05 -7.266832E-20 -6.691463E-01  0.000000E+00
  2.804757E+00  1.253321E-01  5.000000E-01  5.956535E-01  2.643087E-02  0.000000E+00  1.499063E-02  3.782105E-06 -2.540911E-21 -6.667008E-01  0.000000E+00
  2.771639E+00  1.253045E-01  5.000000E-01  5.886200E-01  2.642501E-02  0.000000E+00  1.498343E-02  1.906916E-05  1.619248E-19 -6.644443E-01  0.000000E+00
  2.738522E+00  1.252434E-01  5.000000E-01  5.815867E-01  2.641204E-02  0.000000E+00  1.497906E-02  3.379661E-05  3.814745E-19 -6.623697E-01  0.000000E+00
  2.705406E+00  1.251507E-01  5.000000E-01  5.745537E-01  2.639235E-02  0.000000E+00  1.497746E-02  4.789516E-05  5.763178E-19 -6.604813E-01  0.000000E+00
  2.672292E+00  1.250273E-01  5.000000E-01  5.675211E-01  2.636614E-02  0.000000E+00  1.497880E-02  6.145045E-05  7.099025E-19 -6.587730E-01  0.000000E+00
  2.639177E+00  1.248746E-01  5.000000E-01  5.604885E-01  2.633370E-02  0.000000E+00  1.498309E-02  7.446351E-05  6.889656E-19 -6.572400E-01  0.000000E+00
  2.606068E+00  1.246938E-01  5.000000E-01  5.534568E-01  2.629531E-02  0.000000E+00  1.499039E-02  8.720890E-05  4.977399E-19 -6.558356E-01  0.000000E+00
  2.572958E+00  1.244849E-01  5.000000E-01  5.464251E-01  2.625095E-02  0.000000E+00  1.500022E-02  9.996157E-05  3.702891E-19 -6.544986E-01  0.000000E+00
  2.539852E+00  1.242482E-01  5.000000E-01  5.393941E-01  2.620067E-02  0.000000E+00  1.501165E-02  1.130935E-04  2.492883E-19 -6.531443E-01  0.000000E+00
  2.506749E+00  1.239818E-01  5.000000E-01  5.323639E-01  2.614411E-02  0.000000E+00  1.502314E-02  1.268685E-04  1.509651E-19 -6.517003E-01  0.000000E+00
  2.473650E+00  1.236848E-01  5.000000E-01  5.253345E-01  2.608102E-02  0.000000E+00  1.503269E-02  1.411912E-04  8.126719E-20 -6.501451E-01  0.000000E+00
  2.440554E+00  1.233557E-01  5.000000E-01  5.183056E-01  2.601114E-02  0.000000E+00  1.503870E-02  1.558559E-04  1.252604E-21 -6.484809E-01  0.000000E+00
  2.407460E+00  1.229945E-01  5.000000E-01  5.112774E-01  2.593441E-02  0.000000E+00  1.504058E-02  1.709321E-04  8.321951E-20 -6.466949E-01  0.000000E+00
  2.374373E+00  1.225994E-01  5.000000E-01  5.042504E-01  2.585051E-02  0.000000E+00  1.503826E-02  1.865338E-04  9.728034E-20 -6.447927E-01  0.000000E+00
  2.341286E+00  1.221693E-01  5.000000E-01  4.972236E-01  2.575918E-02  0.000000E+00  1.503159E-02  2.019932E-04  1.167235E-19 -6.428933E-01  0.000000E+00
  2.308194E+00  1.217056E-01  5.000000E-01  4.901958E-01  2.566070E-02  0.000000E+00  1.502164E-02  2.164434E-04  1.630794E-19 -6.411692E-01  0.000000E+00
  2.275097E+00  1.212112E-01  5.000000E-01  4.831667E-01  2.555568E-02  0.000000E+00  1.501137E-02  2.294786E-04 -1.883531E-19 -6.397600E-01  0.000000E+00
  2.241991E+00  1.206891E-01  5.000000E-01  4.761359E-01  2.544482E-02  0.000000E+00  1.500454E-02  2.410368E-04 -4.035271E-19 -6.387561E-01  0.000000E+00
  2.208879E+00  1.201430E-01  5.000000E-01  4.691038E-01  2.532883E-02  0.000000E+00  1.500452E-02  2.512302E-04 -1.938988E-19 -6.382014E-01  0.000000E+00
  2.175760E+00  1.195758E-01  5.000000E-01  4.620701E-01  2.520836E-02  0.000000E+00  1.501355E-02  2.601834E-04 -1.967332E-19 -6.381095E-01  0.000000E+00
  2.142637E+00  1.189906E-01  5.000000E-01  4.550354E-01  2.508408E-02  0.000000E+00  1.503259E-02  2.680028E-04 -3.231721E-19 -6.384668E-01  0.000000E+00
  2.109507E+00  1.183900E-01  5.000000E-01  4.479994E-01  2.495654E-02  0.000000E+00  1.506156E-02  2.748431E-04 -3.750714E-19 -6.392156E-01  0.000000E+00
  2.076374E+00  1.177769E-01  5.000000E-01  4.409628E-01  2.482634E-02  0.000000E+00  1.509988E-02  2.815078E-04 -3.839929E-19 -6.401920E-01  0.000000E+00
  2.043241E+00  1.171503E-01  5.000000E-01  4.339262E-01  2.469326E-02  0.000000E+00  1.514569E-02  2.889948E-04 -2.185354E-19 -6.411871E-01  0.000000E+00
  2.010106E+00  1.165081E-01  5.000000E-01  4.268892E-01  2.455688E-02  0.000000E+00  1.519538E-02  2.975905E-04 -2.622823E-19 -6.420590E-01  0.000000E+00
  1.976970E+00  1.158481E-01  5.000000E-01  4.198519E-01  2.441670E-02  0.000000E+00  1.524528E-02  3.073621E-04 -7.652927E-19 -6.427127E-01  0.000000E+00
  1.943835E+00  1.151677E-01  5.000000E-01  4.128148E-01  2.427220E-02  0.000000E+00  1.529262E-02  3.183753E-04 -9.823755E-19 -6.430940E-01  0.000000E+00
  1.910699E+00  1.144640E-01  5.000000E-01  4.057776E-01  2.412275E-02  0.000000E+00  1.533557E-02  3.304401E-04 -8.440700E-19 -6.432077E-01  0.000000E+00
  1.877561E+00  1.137352E-01  5.000000E-01  3.987399E-01  2.396798E-02  0.000000E+00  1.537362E-02  3.434607E-04 -9.135505E-19 -6.430731E-01  0.000000E+00
  1.844424E+00  1.129789E-01  5.000000E-01  3.917024E-01  2.380736E-02  0.000000E+00  1.540710E-02  3.573700E-04 -1.145321E-18 -6.427202E-01  0.000000E+00
  1.811282E+00  1.121934E-01  5.000000E-01  3.846638E-01  2.364052E-02  0.000000E+00  1.543646E-02  3.718822E-04 -1.164032E-18 -6.422038E-01  0.000000E+00
  1.778139E+00  1.113776E-01  5.000000E-01  3.776250E-01  2.346727E-02  0.000000E+00  1.546266E-02  3.870391E-04 -9.410160E-19 -6.415437E-01  0.000000E+00
  1.744992E+00  1.105296E-01  5.000000E-01  3.705854E-01  2.328717E-02  0.000000E+00  1.548622E-02  4.028397E-04 -8.371395E-19 -6.407571E-01  0.000000E+00
  1.711843E+00  1.096485E-01  5.000000E-01  3.635455E-01  2.310006E-02  0.000000E+00  1.550725E-02  4.192940E-04 -7.091428E-19 -6.398511E-01  0.000000E+00
  1.678692E+00  1.087323E-01  5.000000E-01  3.565049E-01  2.290549E-02  0.000000E+00  1.552538E-02  4.363743E-04 -4.627766E-19 -6.388234E-01  0.000000E+00
  1.645539E+00  1.077803E-01  5.000000E-01  3.494640E-01  2.270330E-02  0.000000E+00  1.554009E-02  4.541667E-04 -3.566225E-19 -6.376458E-01  0.000000E+00
  1.612385E+00  1.067900E-01  5.000000E-01  3.424231E-01  2.249299E-02  0.000000E+00  1.555093E-02  4.729739E-04 -6.643179E-20 -6.362665E-01  0.000000E+00
  1.579236E+00  1.057595E-01  5.000000E-01  3.353830E-01  2.227412E-02  0.000000E+00  1.555726E-02  4.929497E-04  1.126756E-20 -6.346782E-01  0.000000E+00
  1.546090E+00  1.046850E-01  5.000000E-01  3.283435E-01  2.204593E-02  0.000000E+00  1.555811E-02  5.132114E-04 -8.813849E-20 -6.330318E-01  0.000000E+00
  1.512946E+00  1.035681E-01  5.000000E-01  3.213046E-01  2.180872E-02  0.000000E+00  1.555390E-02  5.323719E-04 -1.386470E-19 -6.315768E-01  0.000000E+00
  1.479807E+00  1.024116E-01  5.000000E-01  3.142666E-01  2.156312E-02  0.000000E+00  1.554809E-02  5.501683E-04 -1.596614E-19 -6.304687E-01  0.000000E+00
  1.446672E+00  1.012183E-01  5.000000E-01  3.072296E-01  2.130969E-02  0.000000E+00  1.554476E-02  5.667508E-04  3.211268E-20 -6.297934E-01  0.000000E+00
  1.413540E+00  9.999094E-02  5.000000E-01  3.001932E-01  2.104903E-02  0.000000E+00  1.554705E-02  5.823123E-04  1.153893E-19 -6.295799E-01  0.000000E+00
  1.380413E+00  9.873201E-02  5.000000E-01  2.931579E-01  2.078167E-02  0.000000E+00  1.555672E-02  5.972240E-04 -1.493682E-19 -6.297945E-01  0.000000E+00
  1.347294E+00  9.744322E-02  5.000000E-01  2.861242E-01  2.050796E-02  0.000000E+00  1.557388E-02  6.117744E-04 -4.355000E-19 -6.303846E-01  0.000000E+00
  1.314179E+00  9.612566E-02  5.000000E-01  2.790914E-01  2.022814E-02  0.000000E+00  1.559754E-02  6.260187E-04 -1.146948E-19 -6.313093E-01  0.000000E+00
  1.281074E+00  9.478091E-02  5.000000E-01  2.720606E-01  1.994255E-02  0.000000E+00  1.562663E-02  6.401235E-04 -6.170569E-20 -6.325227E-01  0.000000E+00
  1.247974E+00  9.340910E-02  5.000000E-01  2.650310E-01  1.965121E-02  0.000000E+00  1.566006E-02  6.540819E-04 -3.913306E-19 -6.340052E-01  0.000000E+00
  1.214880E+00  9.201160E-02  5.000000E-01  2.580028E-01  1.935441E-02  0.000000E+00  1.569723E-02  6.679215E-04 -4.276423E-19 -6.357385E-01  0.000000E+00
  1.181795E+00  9.058868E-02  5.000000E-01  2.509763E-01  1.905222E-02  0.000000E+00  1.573813E-02  6.819195E-04 -5.517989E-19 -6.376872E-01  0.000000E+00
  1.148718E+00  8.914029E-02  5.000000E-01  2.439516E-01  1.874462E-02  0.000000E+00  1.578251E-02  6.959885E-04 -6.323680E-19 -6.398575E-01  0.000000E+00
  1.115646E+00  8.766699E-02  5.000000E-01  2.369279E-01  1.843173E-02  0.000000E+00  1.583045E-02  7.100031E-04 -4.564870E-19 -6.422685E-01  0.000000E+00
  1.082583E+00  8.616951E-02  5.000000E-01  2.299061E-01  1.811370E-02  0.000000E+00  1.588262E-02  7.240799E-04  2.943560E-19 -6.449256E-01  0.000000E+00
  1.049524E+00  8.464790E-02  5.000000E-01  2.228852E-01  1.779055E-02  0.000000E+00  1.593964E-02  7.382682E-04  9.239615E-19 -6.478418E-01  0.000000E+00
  1.016475E+00  8.310299E-02  5.000000E-01  2.158664E-01  1.746244E-02  0.000000E+00  1.600210E-02  7.526463E-04  9.437991E-19 -6.510213E-01  0.000000E+00
  9.834318E-01  8.153454E-02  5.000000E-01  2.088488E-01  1.712934E-02  0.000000E+00  1.607023E-02  7.673394E-04  1.057600E-18 -6.544442E-01  0.000000E+00
  9.503976E-01  7.994311E-02  5.000000E-01  2.018331E-01  1.679136E-02  0.000000E+00  1.614414E-02  7.829310E-04  5.076152E-19 -6.580145E-01  0.000000E+00
  9.173728E-01  7.832629E-02  5.000000E-01  1.948195E-01  1.644799E-02  0.000000E+00  1.622300E-02  8.001861E-04  1.142829E-19 -6.615883E-01  0.000000E+00
  8.843598E-01  7.668123E-02  5.000000E-01  1.878083E-01  1.609862E-02  0.000000E+00  1.630457E-02  8.195983E-04  3.344614E-19 -6.650353E-01  0.000000E+00
  8.513623E-01  7.500352E-02  5.000000E-01  1.808005E-01  1.574232E-02  0.000000E+00  1.638599E-02  8.415485E-04  2.283969E-19 -6.682543E-01  0.000000E+00
  8.183794E-01  7.328803E-02  5.000000E-01  1.737957E-01  1.537799E-02  0.000000E+00  1.646427E-02  8.660144E-04 -2.715536E-19 -6.712230E-01  0.000000E+00
  7.854121E-01  7.152990E-02  5.000000E-01  1.667943E-01  1.500461E-02  0.000000E+00  1.653732E-02  8.928025E-04 -6.306684E-19 -6.739799E-01  0.000000E+00
  7.524593E-01  6.972445E-02  5.000000E-01  1.597959E-01  1.462117E-02  0.000000E+00  1.660435E-02  9.216931E-04  1.002159E-20 -6.765920E-01  0.000000E+00
  7.195226E-01  6.786764E-02  5.000000E-01  1.528010E-01  1.422683E-02  0.000000E+00  1.666563E-02  9.527147E-04  1.704211E-19 -6.791057E-01  0.000000E+00
  6.866079E-01  6.595521E-02  5.000000E-01  1.458107E-01  1.382068E-02  0.000000E+00  1.672152E-02  9.862714E-04 -6.690146E-19 -6.815207E-01  0.000000E+00
  6.537221E-01  6.398191E-02  5.000000E-01  1.388265E-01  1.340160E-02  0.000000E+00  1.677131E-02  1.022731E-03 -9.651961E-20 -6.838289E-01  0.000000E+00
  6.208691E-01  6.194176E-02  5.000000E-01  1.318494E-01  1.296832E-02  0.000000E+00  1.681283E-02  1.062091E-03 -6.564261E-19 -6.860702E-01  0.000000E+00
  5.880524E-01  5.982881E-02  5.000000E-01  1.248799E-01  1.251958E-02  0.000000E+00  1.684320E-02  1.103907E-03 -2.308816E-18 -6.883643E-01  0.000000E+00
  5.552711E-01  5.763772E-02  5.000000E-01  1.179180E-01  1.205425E-02  0.000000E+00  1.685997E-02  1.147439E-03 -2.966766E-18 -6.909049E-01  0.000000E+00
  5.225283E-01  5.536472E-02  5.000000E-01  1.109642E-01  1.157152E-02  0.000000E+00  1.686209E-02  1.192161E-03 -3.258998E-18 -6.939232E-01  0.000000E+00
  4.898261E-01  5.300602E-02  5.000000E-01  1.040191E-01  1.107059E-02  0.000000E+00  1.684904E-02  1.237462E-03 -3.909888E-18 -6.977247E-01  0.000000E+00
  4.571624E-01  5.055918E-02  5.000000E-01  9.708209E-02  1.055094E-02  0.000000E+00  1.682006E-02  1.282277E-03 -3.988337E-18 -7.027280E-01  0.000000E+00
  4.245350E-01  4.802350E-02  5.000000E-01  9.015283E-02  1.001242E-02  0.000000E+00  1.677385E-02  1.325195E-03 -2.583772E-18 -7.094181E-01  0.000000E+00
  3.919369E-01  4.540071E-02  5.000000E-01  8.322981E-02  9.455407E-03  0.000000E+00  1.670799E-02  1.364939E-03 -1.842366E-18 -7.182024E-01  0.000000E+00
  3.593832E-01  4.269550E-02  5.000000E-01  7.631621E-02  8.880886E-03  0.000000E+00  1.661761E-02  1.401542E-03 -3.486592E-18 -7.291868E-01  0.000000E+00
  3.269046E-01  3.991086E-02  5.000000E-01  6.941854E-02  8.289498E-03  0.000000E+00  1.649195E-02  1.436732E-03 -1.057100E-17 -7.421297E-01  0.000000E+00
  2.945750E-01  3.704585E-02  5.000000E-01  6.255253E-02  7.681040E-03  0.000000E+00  1.631117E-02  1.472103E-03 -1.945882E-17 -7.567970E-01  0.000000E+00
  2.624265E-01  3.408801E-02  5.000000E-01  5.572497E-02  7.052869E-03  0.000000E+00  1.604815E-02  1.504171E-03 -5.987521E-18 -7.737545E-01  0.000000E+00
  2.304268E-01  3.102916E-02  5.000000E-01  4.892903E-02  6.403243E-03  0.000000E+00  1.568798E-02  1.526470E-03  9.097134E-17 -7.945663E-01  0.000000E+00
  1.986088E-01  2.787530E-02  5.000000E-01  4.217167E-02  5.733442E-03  0.000000E+00  1.524962E-02  1.534769E-03  3.428690E-16 -8.217124E-01  0.000000E+00
  1.669282E-01  2.462909E-02  5.000000E-01  3.544349E-02  5.044025E-03  0.000000E+00  1.478177E-02  1.519641E-03  6.560427E-16 -8.594865E-01  0.000000E+00
  1.350509E-01  2.132549E-02  5.000000E-01  2.867354E-02  4.342423E-03  0.000000E+00  1.438786E-02  1.496397E-03  3.398491E-16 -9.105302E-01  0.000000E+00
  1.043791E-01  1.812622E-02  5.000000E-01  2.215959E-02  3.662977E-03  0.000000E+00  1.421279E-02  1.535596E-03 -2.360736E-15 -9.718470E-01  0.000000E+00
  7.632629E-02  1.498534E-02  5.000000E-01  1.620187E-02  2.995929E-03  0.000000E+00  1.423426E-02  1.660822E-03 -9.293416E-15 -1.044226E+00  0.000000E+00
  5.118571E-02  1.190357E-02  5.000000E-01  1.086263E-02  2.341438E-03  0.000000E+00  1.434159E-02  1.867284E-03 -1.605338E-14 -1.129337E+00  0.000000E+00
  3.264831E-02  9.361310E-03  5.000000E-01  6.925739E-03  1.801524E-03  0.000000E+00  1.491295E-02  2.302391E-03  4.201285E-15 -1.214392E+00  0.000000E+00
  2.051015E-02  7.307758E-03  5.000000E-01  4.347893E-03  1.365400E-03  0.000000E+00  1.699668E-02  3.256762E-03  1.122073E-13 -1.289555E+00  0.000000E+00
  1.247723E-02  5.600236E-03  5.000000E-01  2.641898E-03  1.002765E-03  0.000000E+00  2.277861E-02  5.431970E-03  3.583200E-13 -1.359308E+00  0.000000E+00
  7.055255E-03  4.188350E-03  5.000000E-01  1.490404E-03  7.029148E-04  0.000000E+00  3.686188E-02  1.124412E-02  6.075646E-13 -1.414108E+00  0.000000E+00
  3.418635E-03  2.982022E-03  5.000000E-01  7.180754E-04  4.467203E-04  0.000000E+00  6.354937E-02  2.680243E-02  3.273686E-13 -1.399643E+00  0.000000E+00
  1.108798E-03  1.887294E-03  5.000000E-01  2.275226E-04  2.142270E-04  0.000000E+00  8.053964E-02  6.040768E-02 -7.868885E-13 -1.140504E+00  0.000000E+00
  3.747479E-05  8.785751E-04  5.000000E-01  0.000000E+00  0.000000E+00  0.000000E+00  2.648411E-02  1.096778E-01 -1.855564E-12 -3.683797E-02  0.000000E+00
  3.747479E-05  8.785751E-04  5.000000E-01  0.000000E+00  0.000000E+00  0.000000E+00  2.648411E-02  1.096778E-01 -1.855564E-12 -3.683797E-02  0.000000E+00
  2.534065E-04 -1.213533E-04  5.000000E-01  4.585858E-05 -2.123602E-04  0.000000E+00 -3.599047E-02  8.306486E-02 -1.660572E-12  1.072457E+00  0.000000E+00
  1.848580E-03 -1.155750E-03  5.000000E-01  3.846343E-04 -4.320407E-04  0.000000E+00 -2.978871E-02  1.733663E-02 -7.890889E-13  1.203140E+00  0.000000E+00
  4.867645E-03 -2.226273E-03  5.000000E-01  1.025809E-03 -6.593934E-04  0.000000E+00 -6.283908E-03  2.227474E-03 -2.430591E-13  1.056455E+00  0.000000E+00
  9.380877E-03 -3.381642E-03  5.000000E-01  1.984309E-03 -9.047655E-04  0.000000E+00  6.849103E-03 -1.457849E-03  1.479126E-14  9.724643E-01  0.000000E+00
  1.589077E-02 -4.707072E-03  5.000000E-01  3.366850E-03 -1.186254E-03  0.000000E+00  1.216924E-02 -2.220719E-03  7.761744E-14  8.949105E-01  0.000000E+00
  2.547297E-02 -6.299265E-03  5.000000E-01  5.401873E-03 -1.524397E-03  0.000000E+00  1.338790E-02 -2.021730E-03  5.541630E-14  8.118826E-01  0.000000E+00
  3.989163E-02 -8.258871E-03  5.000000E-01  8.464043E-03 -1.940569E-03  0.000000E+00  1.293137E-02 -1.608916E-03  2.033035E-14  7.305424E-01  0.000000E+00
  6.092142E-02 -1.061754E-02  5.000000E-01  1.293025E-02 -2.441492E-03  0.000000E+00  1.217069E-02 -1.289350E-03  3.381197E-16  6.592289E-01  0.000000E+00
  8.832839E-02 -1.333679E-02  5.000000E-01  1.875082E-02 -3.018994E-03  0.000000E+00  1.167347E-02 -1.129374E-03 -4.290632E-15  6.024078E-01  0.000000E+00
  1.189914E-01 -1.622625E-02  5.000000E-01  2.526288E-02 -3.632644E-03  0.000000E+00  1.153465E-02 -1.081867E-03 -2.574014E-15  5.581121E-01  0.000000E+00
  1.511926E-01 -1.923460E-02  5.000000E-01  3.210163E-02 -4.271544E-03  0.000000E+00  1.167613E-02 -1.097316E-03 -6.558386E-16  5.226125E-01  0.000000E+00
  1.838450E-01 -2.232587E-02  5.000000E-01  3.903620E-02 -4.928053E-03  0.000000E+00  1.197946E-02 -1.138039E-03  7.355588E-17  4.916355E-01  0.000000E+00
  2.165049E-01 -2.544567E-02  5.000000E-01  4.597236E-02 -5.590623E-03  0.000000E+00  1.233281E-02 -1.175092E-03  1.393116E-16  4.625073E-01  0.000000E+00
  2.491496E-01 -2.855263E-02  5.000000E-01  5.290529E-02 -6.250464E-03  0.000000E+00  1.266355E-02 -1.199716E-03  5.937234E-17  4.357141E-01  0.000000E+00
  2.819003E-01 -3.164362E-02  5.000000E-01  5.986073E-02 -6.906916E-03  0.000000E+00  1.294120E-02 -1.216173E-03  9.426212E-18  4.123070E-01  0.000000E+00
  3.147601E-01 -3.472180E-02  5.000000E-01  6.683936E-02 -7.560644E-03  0.000000E+00  1.316209E-02 -1.229095E-03 -3.886002E-18  3.919155E-01  0.000000E+00
  3.477303E-01 -3.779508E-02  5.000000E-01  7.384142E-02 -8.213333E-03  0.000000E+00  1.333601E-02 -1.241142E-03 -2.504195E-18  3.734569E-01  0.000000E+00
  3.807756E-01 -4.087013E-02  5.000000E-01  8.085941E-02 -8.866399E-03  0.000000E+00  1.347475E-02 -1.251912E-03 -6.480048E-20  3.559592E-01  0.000000E+00
  4.138291E-01 -4.394096E-02  5.000000E-01  8.787917E-02 -9.518568E-03  0.000000E+00  1.358526E-02 -1.258203E-03  7.585061E-19  3.388564E-01  0.000000E+00
  4.468689E-01 -4.699588E-02  5.000000E-01  9.489601E-02 -1.016736E-02  0.000000E+00  1.367130E-02 -1.258439E-03  4.756192E-19  3.222188E-01  0.000000E+00
  4.799091E-01 -5.002763E-02  5.000000E-01  1.019129E-01 -1.081123E-02  0.000000E+00  1.373662E-02 -1.253800E-03  1.392069E-19  3.064101E-01  0.000000E+00
  5.129612E-01 -5.303238E-02  5.000000E-01  1.089324E-01 -1.144936E-02  0.000000E+00  1.378546E-02 -1.246224E-03  2.894701E-20  2.915995E-01  0.000000E+00
  5.460360E-01 -5.600968E-02  5.000000E-01  1.159567E-01 -1.208167E-02  0.000000E+00  1.382249E-02 -1.237410E-03  6.199258E-19  2.777017E-01  0.000000E+00
  5.791347E-01 -5.896056E-02  5.000000E-01  1.229860E-01 -1.270836E-02  0.000000E+00  1.385241E-02 -1.228397E-03  9.672018E-19  2.645047E-01  0.000000E+00
  6.122565E-01 -6.188627E-02  5.000000E-01  1.300203E-01 -1.332971E-02  0.000000E+00  1.387965E-02 -1.219732E-03  8.583698E-19  2.518027E-01  0.000000E+00
  6.454013E-01 -6.478829E-02  5.000000E-01  1.370594E-01 -1.394603E-02  0.000000E+00  1.390853E-02 -1.211963E-03  6.586170E-19  2.394615E-01  0.000000E+00
  6.785693E-01 -6.766885E-02  5.000000E-01  1.441035E-01 -1.455779E-02  0.000000E+00  1.394282E-02 -1.205584E-03 -1.331422E-18  2.273771E-01  0.000000E+00
  7.117575E-01 -7.053012E-02  5.000000E-01  1.511518E-01 -1.516545E-02  0.000000E+00  1.398484E-02 -1.200453E-03 -1.273893E-18  2.154074E-01  0.000000E+00
  7.449560E-01 -7.337184E-02  5.000000E-01  1.582024E-01 -1.576896E-02  0.000000E+00  1.403485E-02 -1.195672E-03  1.231116E-18  2.033965E-01  0.000000E+00
  7.781569E-01 -7.619132E-02  5.000000E-01  1.652534E-01 -1.636775E-02  0.000000E+00  1.409171E-02 -1.190206E-03  1.294214E-18  1.912679E-01  0.000000E+00
  8.113578E-01 -7.898463E-02  5.000000E-01  1.723045E-01 -1.696098E-02  0.000000E+00  1.415370E-02 -1.183347E-03 -4.533367E-19  1.790458E-01  0.000000E+00
  8.445597E-01 -8.174740E-02  5.000000E-01  1.793558E-01 -1.754773E-02  0.000000E+00  1.421893E-02 -1.174686E-03 -9.227506E-19  1.668007E-01  0.000000E+00
  8.777625E-01 -8.447500E-02  5.000000E-01  1.864072E-01 -1.812700E-02  0.000000E+00  1.428495E-02 -1.163690E-03 -1.486200E-18  1.545800E-01  0.000000E+00
  9.109638E-01 -8.716135E-02  5.000000E-01  1.934584E-01 -1.869752E-02  0.000000E+00  1.434874E-02 -1.149740E-03 -8.558515E-19  1.424244E-01  0.000000E+00
  9.441676E-01 -8.980040E-02  5.000000E-01  2.005100E-01 -1.925799E-02  0.000000E+00  1.440726E-02 -1.132452E-03  1.128579E-20  1.304214E-01  0.000000E+00
  9.773746E-01 -9.238595E-02  5.000000E-01  2.075624E-01 -1.980709E-02  0.000000E+00  1.445772E-02 -1.111415E-03 -3.998052E-19  1.186651E-01  0.000000E+00
  1.010583E+00 -9.491050E-02  5.000000E-01  2.146150E-01 -2.034325E-02  0.000000E+00  1.449867E-02 -1.086897E-03 -3.501413E-19  1.072919E-01  0.000000E+00
  1.043798E+00 -9.736971E-02  5.000000E-01  2.216690E-01 -2.086552E-02  0.000000E+00  1.453074E-02 -1.060177E-03 -4.561187E-19  9.646575E-02  0.000000E+00
  1.077015E+00 -9.976180E-02  5.000000E-01  2.287237E-01 -2.137354E-02  0.000000E+00  1.455526E-02 -1.032247E-03  8.189627E-19  8.622663E-02  0.000000E+00
  1.110238E+00 -1.020861E-01  5.000000E-01  2.357793E-01 -2.186716E-02  0.000000E+00  1.457315E-02 -1.003356E-03  1.298772E-18  7.649018E-02  0.000000E+00
  1.143462E+00 -1.043412E-01  5.000000E-01  2.428354E-01 -2.234608E-02  0.000000E+00  1.458522E-02 -9.737698E-04 -7.931683E-19  6.719422E-02  0.000000E+00
  1.176693E+00 -1.065273E-01  5.000000E-01  2.498927E-01 -2.281037E-02  0.000000E+00  1.459219E-02 -9.438310E-04 -3.495927E-19  5.832702E-02  0.000000E+00
  1.209925E+00 -1.086445E-01  5.000000E-01  2.569505E-01 -2.326001E-02  0.000000E+00  1.459412E-02 -9.134529E-04 -4.984377E-19  4.985966E-02  0.000000E+00
  1.243158E+00 -1.106918E-01  5.000000E-01  2.640083E-01 -2.369481E-02  0.000000E+00  1.459096E-02 -8.827839E-04 -1.103192E-18  4.180451E-02  0.000000E+00
  1.276395E+00 -1.126704E-01  5.000000E-01  2.710670E-01 -2.411501E-02  0.000000E+00  1.458279E-02 -8.521158E-04  4.502528E-19  3.418876E-02  0.000000E+00
  1.309630E+00 -1.145804E-01  5.000000E-01  2.781253E-01 -2.452065E-02  0.000000E+00  1.456954E-02 -8.214853E-04  1.071607E-18  2.699659E-02  0.000000E+00
  1.342868E+00 -1.164227E-01  5.000000E-01  2.851842E-01 -2.491191E-02  0.000000E+00  1.455180E-02 -7.913760E-04  3.878695E-19  2.024404E-02  0.000000E+00
  1.376108E+00 -1.182000E-01  5.000000E-01  2.922436E-01 -2.528936E-02  0.000000E+00  1.453038E-02 -7.620811E-04  1.296364E-20  1.390530E-02  0.000000E+00
  1.409347E+00 -1.199137E-01  5.000000E-01  2.993027E-01 -2.565331E-02  0.000000E+00  1.450638E-02 -7.337681E-04 -6.779905E-20  7.922894E-03  0.000000E+00
  1.442589E+00 -1.215670E-01  5.000000E-01  3.063625E-01 -2.600444E-02  0.000000E+00  1.448175E-02 -7.069055E-04  3.188963E-19  2.259867E-03  0.000000E+00
  1.475831E+00 -1.231633E-01  5.000000E-01  3.134222E-01 -2.634345E-02  0.000000E+00  1.445885E-02 -6.817318E-04  1.034020E-18 -3.163115E-03  0.000000E+00
  1.509072E+00 -1.247061E-01  5.000000E-01  3.204819E-01 -2.667109E-02  0.000000E+00  1.444032E-02 -6.584140E-04  3.770780E-19 -8.451639E-03  0.000000E+00
  1.542314E+00 -1.261989E-01  5.000000E-01  3.275416E-01 -2.698814E-02  0.000000E+00  1.442895E-02 -6.373198E-04 -1.688738E-19 -1.369691E-02  0.000000E+00
  1.575558E+00 -1.276470E-01  5.000000E-01  3.346018E-01 -2.729567E-02  0.000000E+00  1.442627E-02 -6.181967E-04 -3.249884E-19 -1.903725E-02  0.000000E+00
  1.608800E+00 -1.290525E-01  5.000000E-01  3.416615E-01 -2.759416E-02  0.000000E+00  1.443160E-02 -5.999268E-04 -3.809537E-19 -2.463801E-02  0.000000E+00
  1.642044E+00 -1.304154E-01  5.000000E-01  3.487219E-01 -2.788361E-02  0.000000E+00  1.444325E-02 -5.816021E-04  3.587415E-20 -3.054633E-02  0.000000E+00
  1.675286E+00 -1.317341E-01  5.000000E-01  3.557816E-01 -2.816368E-02  0.000000E+00  1.445934E-02 -5.627869E-04 -1.319317E-19 -3.669225E-02  0.000000E+00
  1.708526E+00 -1.330073E-01  5.000000E-01  3.628410E-01 -2.843407E-02  0.000000E+00  1.447812E-02 -5.432732E-04 -3.987833E-19 -4.297183E-02  0.000000E+00
  1.741762E+00 -1.342330E-01  5.000000E-01  3.698996E-01 -2.869438E-02  0.000000E+00  1.449783E-02 -5.227644E-04 -8.939100E-20 -4.932094E-02  0.000000E+00
  1.774995E+00 -1.354084E-01  5.000000E-01  3.769573E-01 -2.894401E-02  0.000000E+00  1.451740E-02 -5.013415E-04 -1.801593E-19 -5.566894E-02  0.000000E+00
  1.808227E+00 -1.365326E-01  5.000000E-01  3.840150E-01 -2.918276E-02  0.000000E+00  1.453613E-02 -4.790815E-04 -6.530756E-19 -6.197247E-02  0.000000E+00
  1.841453E+00 -1.376032E-01  5.000000E-01  3.910714E-01 -2.941012E-02  0.000000E+00  1.455319E-02 -4.558128E-04 -2.055058E-19 -6.822863E-02  0.000000E+00
  1.874678E+00 -1.386183E-01  5.000000E-01  3.981276E-01 -2.962571E-02  0.000000E+00  1.456804E-02 -4.316061E-04  4.053434E-19 -7.440447E-02  0.000000E+00
  1.907900E+00 -1.395762E-01  5.000000E-01  4.051830E-01 -2.982914E-02  0.000000E+00  1.458012E-02 -4.064478E-04  3.790970E-19 -8.047030E-02  0.000000E+00
  1.941118E+00 -1.404749E-01  5.000000E-01  4.122377E-01 -3.001999E-02  0.000000E+00  1.458886E-02 -3.803052E-04  3.989681E-20 -8.639855E-02  0.000000E+00
  1.974334E+00 -1.413124E-01  5.000000E-01  4.192920E-01 -3.019786E-02  0.000000E+00  1.459400E-02 -3.533831E-04 -3.194769E-19 -9.214036E-02  0.000000E+00
  2.007549E+00 -1.420878E-01  5.000000E-01  4.263460E-01 -3.036254E-02  0.000000E+00  1.459514E-02 -3.257259E-04 -1.011999E-19 -9.767023E-02  0.000000E+00
  2.040760E+00 -1.427992E-01  5.000000E-01  4.333993E-01 -3.051364E-02  0.000000E+00  1.459166E-02 -2.972235E-04 -1.842200E-20 -1.029802E-01  0.000000E+00
  2.073970E+00 -1.434451E-01  5.000000E-01  4.404522E-01 -3.065080E-02  0.000000E+00  1.458333E-02 -2.680355E-04 -5.542063E-20 -1.080279E-01  0.000000E+00
  2.107177E+00 -1.440243E-01  5.000000E-01  4.475046E-01 -3.077381E-02  0.000000E+00  1.457021E-02 -2.382670E-04  2.841435E-20 -1.127816E-01  0.000000E+00
  2.140379E+00 -1.445354E-01  5.000000E-01  4.545558E-01 -3.088235E-02  0.000000E+00  1.455278E-02 -2.082309E-04 -4.765567E-20 -1.172021E-01  0.000000E+00
  2.173577E+00 -1.449787E-01  5.000000E-01  4.616063E-01 -3.097650E-02  0.000000E+00  1.453148E-02 -1.781288E-04 -1.242501E-19 -1.212792E-01  0.000000E+00
  2.206768E+00 -1.453535E-01  5.000000E-01  4.686553E-01 -3.105610E-02  0.000000E+00  1.450611E-02 -1.478765E-04 -4.490054E-20 -1.250362E-01  0.000000E+00
  2.239954E+00 -1.456597E-01  5.000000E-01  4.757033E-01 -3.112112E-02  0.000000E+00  1.447593E-02 -1.174393E-04 -1.195840E-19 -1.284750E-01  0.000000E+00
  2.273134E+00 -1.458962E-01  5.000000E-01  4.827499E-01 -3.117136E-02  0.000000E+00  1.443968E-02 -8.681494E-05 -1.605031E-19 -1.315697E-01  0.000000E+00
  2.306309E+00 -1.460628E-01  5.000000E-01  4.897953E-01 -3.120674E-02  0.000000E+00  1.439582E-02 -5.600990E-05 -3.454245E-20 -1.342733E-01  0.000000E+00
  2.339476E+00 -1.461586E-01  5.000000E-01  4.968392E-01 -3.122708E-02  0.000000E+00  1.434302E-02 -2.495028E-05 -6.160917E-20 -1.365465E-01  0.000000E+00
  2.372638E+00 -1.461823E-01  5.000000E-01  5.038821E-01 -3.123212E-02  0.000000E+00  1.428172E-02  5.769669E-06 -9.428967E-20 -1.383071E-01  0.000000E+00
  2.405805E+00 -1.461357E-01  5.000000E-01  5.109259E-01 -3.122222E-02  0.000000E+00  1.421446E-02  3.516119E-05 -1.059725E-19 -1.394935E-01  0.000000E+00
  2.438976E+00 -1.460222E-01  5.000000E-01  5.179706E-01 -3.119812E-02  0.000000E+00  1.414416E-02  6.292027E-05 -4.323491E-20 -1.401946E-01  0.000000E+00
  2.472150E+00 -1.458447E-01  5.000000E-01  5.250160E-01 -3.116041E-02  0.000000E+00  1.407377E-02  8.908894E-05  4.375873E-20 -1.405728E-01  0.000000E+00
  2.505329E+00 -1.456063E-01  5.000000E-01  5.320625E-01 -3.110978E-02  0.000000E+00  1.400654E-02  1.136046E-04  1.014240E-19 -1.407657E-01  0.000000E+00
  2.538512E+00 -1.453105E-01  5.000000E-01  5.391097E-01 -3.104697E-02  0.000000E+00  1.394567E-02  1.365797E-04 -3.345314E-20 -1.409088E-01  0.000000E+00
  2.571700E+00 -1.449603E-01  5.000000E-01  5.461580E-01 -3.097259E-02  0.000000E+00  1.389421E-02  1.579728E-04 -6.302499E-20 -1.411079E-01  0.000000E+00
  2.604894E+00 -1.445598E-01  5.000000E-01  5.532074E-01 -3.088754E-02  0.000000E+00  1.385398E-02  1.779506E-04  1.050148E-19 -1.414768E-01  0.000000E+00
  2.638090E+00 -1.441117E-01  5.000000E-01  5.602575E-01 -3.079238E-02  0.000000E+00  1.382418E-02  1.974871E-04  2.796327E-19 -1.421718E-01  0.000000E+00
  2.671292E+00 -1.436156E-01  5.000000E-01  5.673087E-01 -3.068701E-02  0.000000E+00  1.380179E-02  2.177645E-04  5.358055E-19 -1.432815E-01  0.000000E+00
  2.704497E+00 -1.430682E-01  5.000000E-01  5.743608E-01 -3.057075E-02  0.000000E+00  1.378358E-02  2.392849E-04  5.095514E-19 -1.447241E-01  0.000000E+00
  2.737708E+00 -1.424666E-01  5.000000E-01  5.814140E-01 -3.044300E-02  0.000000E+00  1.376691E-02  2.620650E-04  2.198448E-19 -1.463261E-01  0.000000E+00
  2.770923E+00 -1.418077E-01  5.000000E-01  5.884680E-01 -3.030307E-02  0.000000E+00  1.374966E-02  2.861183E-04  3.104259E-20 -1.479445E-01  0.000000E+00
  2.804143E+00 -1.410882E-01  5.000000E-01  5.955231E-01 -3.015026E-02  0.000000E+00  1.373034E-02  3.113395E-04 -1.949867E-19 -1.494744E-01  0.000000E+00
  2.837367E+00 -1.403052E-01  5.000000E-01  6.025790E-01 -2.998396E-02  0.000000E+00  1.370756E-02  3.377316E-04 -3.225608E-19 -1.508558E-01  0.000000E+00
  2.870594E+00 -1.394550E-01  5.000000E-01  6.096357E-01 -2.980341E-02  0.000000E+00  1.367967E-02  3.653888E-04  1.231558E-20 -1.520399E-01  0.000000E+00
  2.903823E+00 -1.385342E-01  5.000000E-01  6.166926E-01 -2.960785E-02  0.000000E+00  1.364429E-02  3.945963E-04  1.509434E-19 -1.529774E-01  0.000000E+00
  2.937051E+00 -1.375371E-01  5.000000E-01  6.237496E-01 -2.939609E-02  0.000000E+00  1.359906E-02  4.252782E-04 -7.905253E-20 -1.535487E-01  0.000000E+00
  2.970283E+00 -1.364597E-01  5.000000E-01  6.308072E-01 -2.916728E-02  0.000000E+00  1.354163E-02  4.571284E-04 -9.647216E-20 -1.535956E-01  0.000000E+00
  3.003515E+00 -1.352974E-01  5.000000E-01  6.378649E-01 -2.892042E-02  0.000000E+00  1.346899E-02  4.899979E-04  6.208501E-20 -1.529881E-01  0.000000E+00
  3.036751E+00 -1.340454E-01  5.000000E-01  6.449232E-01 -2.865454E-02  0.000000E+00  1.337770E-02  5.234629E-04  5.055800E-20 -1.515810E-01  0.000000E+00
  3.069988E+00 -1.327001E-01  5.000000E-01  6.519820E-01 -2.836882E-02  0.000000E+00  1.326373E-02  5.572784E-04 -6.704233E-20 -1.492583E-01  0.000000E+00
  3.103226E+00 -1.312559E-01  5.000000E-01  6.590410E-01 -2.806213E-02  0.000000E+00  1.312413E-02  5.909569E-04 -2.828703E-19 -1.458660E-01  0.000000E+00
  3.136469E+00 -1.297099E-01  5.000000E-01  6.661010E-01 -2.773378E-02  0.000000E+00  1.295863E-02  6.237908E-04 -1.959468E-19 -1.412638E-01  0.000000E+00
  3.169712E+00 -1.280585E-01  5.000000E-01  6.731611E-01 -2.738306E-02  0.000000E+00  1.277179E-02  6.539813E-04 -3.721051E-19 -1.353050E-01  0.000000E+00
  3.202960E+00 -1.263079E-01  5.000000E-01  6.802220E-01 -2.701127E-02  0.000000E+00  1.257221E-02  6.795535E-04 -5.421981E-19 -1.279827E-01  0.000000E+00
  3.236210E+00 -1.244671E-01  5.000000E-01  6.872835E-01 -2.662033E-02  0.000000E+00  1.236844E-02  7.001825E-04 -1.195039E-18 -1.196263E-01  0.000000E+00
  3.269464E+00 -1.225462E-01  5.000000E-01  6.943459E-01 -2.621239E-02  0.000000E+00  1.216741E-02  7.163522E-04 -1.416950E-18 -1.106968E-01  0.000000E+00
  3.302721E+00 -1.205546E-01  5.000000E-01  7.014089E-01 -2.578942E-02  0.000000E+00  1.197402E-02  7.288163E-04  5.698020E-21 -1.016002E-01  0.000000E+00
  3.335981E+00 -1.185009E-01  5.000000E-01  7.084724E-01 -2.535327E-02  0.000000E+00  1.179201E-02  7.380722E-04 -2.176448E-19 -9.257093E-02  0.000000E+00
  3.369247E+00 -1.163938E-01  5.000000E-01  7.155373E-01 -2.490578E-02  0.000000E+00  1.162464E-02  7.444324E-04 -5.546641E-19 -8.371161E-02  0.000000E+00
  3.402518E+00 -1.142432E-01  5.000000E-01  7.226033E-01 -2.444903E-02  0.000000E+00  1.147376E-02  7.485471E-04  6.241310E-19 -7.516933E-02  0.000000E+00
  3.435792E+00 -1.120558E-01  5.000000E-01  7.296699E-01 -2.398448E-02  0.000000E+00  1.134033E-02  7.509761E-04  1.145331E-18 -6.708844E-02  0.000000E+00
  3.469073E+00 -1.098391E-01  5.000000E-01  7.367379E-01 -2.351371E-02  0.000000E+00  1.122518E-02  7.521540E-04  5.309408E-19 -5.955800E-02  0.000000E+00
  3.502353E+00 -1.075992E-01  5.000000E-01  7.438057E-01 -2.303800E-02  0.000000E+00  1.112896E-02  7.525725E-04 -8.149898E-19 -5.266441E-02  0.000000E+00
  3.535630E+00 -1.053417E-01  5.000000E-01  7.508729E-01 -2.255857E-02  0.000000E+00  1.105271E-02  7.526535E-04 -1.098565E-18 -4.647909E-02  0.000000E+00
  3.568904E+00 -1.030706E-01  5.000000E-01  7.579395E-01 -2.207625E-02  0.000000E+00  1.099806E-02  7.531550E-04 -7.349427E-19 -4.108867E-02  0.000000E+00
  3.602176E+00 -1.007878E-01  5.000000E-01  7.650057E-01 -2.159145E-02  0.000000E+00  1.096759E-02  7.548886E-04 -1.969550E-19 -3.655727E-02  0.000000E+00
  3.635446E+00 -9.849400E-02  5.000000E-01  7.720715E-01 -2.110429E-02  0.000000E+00  1.096378E-02  7.584198E-04  6.349825E-19 -3.294462E-02  0.000000E+00
  3.668713E+00 -9.618850E-02  5.000000E-01  7.791365E-01 -2.061466E-02  0.000000E+00  1.098671E-02  7.638478E-04 -1.096501E-19 -3.025848E-02  0.000000E+00
  3.701976E+00 -9.387157E-02  5.000000E-01  7.862009E-01 -2.012260E-02  0.000000E+00  1.102952E-02  7.722023E-04  8.332441E-19 -2.850230E-02  0.000000E+00
  3.735241E+00 -9.153490E-02  5.000000E-01  7.932655E-01 -1.962635E-02  0.000000E+00  1.107292E-02  7.877281E-04  1.582685E-18 -2.785991E-02  0.000000E+00
  3.768500E+00 -8.914391E-02  5.000000E-01  8.003289E-01 -1.911856E-02  0.000000E+00  1.109153E-02  8.136483E-04  4.356775E-19 -2.798764E-02  0.000000E+00
  3.801751E+00 -8.665947E-02  5.000000E-01  8.073904E-01 -1.859093E-02  0.000000E+00  1.106523E-02  8.481430E-04  1.710761E-20 -2.765894E-02  0.000000E+00
  3.834989E+00 -8.404977E-02  5.000000E-01  8.144495E-01 -1.803669E-02  0.000000E+00  1.098284E-02  8.866398E-04  8.018838E-19 -2.557317E-02  0.000000E+00
  3.868211E+00 -8.129593E-02  5.000000E-01  8.215050E-01 -1.745185E-02  0.000000E+00  1.084087E-02  9.250406E-04  2.320492E-18 -2.103071E-02  0.000000E+00
  3.901422E+00 -7.838282E-02  5.000000E-01  8.285582E-01 -1.683317E-02  0.000000E+00  1.064210E-02  9.603686E-04  1.352395E-18 -1.389631E-02  0.000000E+00
  3.934617E+00 -7.530461E-02  5.000000E-01  8.356080E-01 -1.617944E-02  0.000000E+00  1.039417E-02  9.901829E-04  2.138382E-19 -4.283645E-03  0.000000E+00
  3.967800E+00 -7.206051E-02  5.000000E-01  8.426552E-01 -1.549047E-02  0.000000E+00  1.010601E-02  1.012991E-03  4.435817E-19  7.524119E-03  0.000000E+00
  4.000972E+00 -6.865411E-02  5.000000E-01  8.497001E-01 -1.476703E-02  0.000000E+00  9.785271E-03  1.028114E-03  3.977820E-20  2.123846E-02  0.000000E+00
  4.034139E+00 -6.509094E-02  5.000000E-01  8.567440E-01 -1.401030E-02  0.000000E+00  9.435728E-03  1.036017E-03  1.305086E-19  3.655656E-02  0.000000E+00
  4.067311E+00 -6.137052E-02  5.000000E-01  8.637890E-01 -1.322018E-02  0.000000E+00  9.056901E-03  1.037112E-03  1.553936E-18  5.327368E-02  0.000000E+00
  4.100488E+00 -5.749279E-02  5.000000E-01  8.708348E-01 -1.239664E-02  0.000000E+00  8.645905E-03  1.030577E-03  2.071503E-18  7.142324E-02  0.000000E+00
  4.133669E+00 -5.345958E-02  5.000000E-01  8.778818E-01 -1.154009E-02  0.000000E+00  8.198328E-03  1.015276E-03  1.573340E-18  9.107349E-02  0.000000E+00
  4.166856E+00 -4.927176E-02  5.000000E-01  8.849299E-01 -1.065070E-02  0.000000E+00  7.710716E-03  9.902425E-04  1.876839E-18  1.122612E-01  0.000000E+00
  4.200049E+00 -4.493223E-02  5.000000E-01  8.919793E-01 -9.729089E-03  0.000000E+00  7.184137E-03  9.550303E-04  2.025292E-18  1.349392E-01  0.000000E+00
  4.233242E+00 -4.044339E-02  5.000000E-01  8.990286E-01 -8.775770E-03  0.000000E+00  6.628513E-03  9.089155E-04  9.663766E-19  1.590504E-01  0.000000E+00
  4.266405E+00 -3.582924E-02  5.000000E-01  9.060715E-01 -7.795839E-03  0.000000E+00  6.064967E-03  8.503949E-04 -2.688392E-20  1.845217E-01  0.000000E+00
  4.299502E+00 -3.114942E-02  5.000000E-01  9.131007E-01 -6.801960E-03  0.000000E+00  5.521907E-03  7.798312E-04 -1.879690E-19  2.108944E-01  0.000000E+00
  4.332522E+00 -2.649366E-02  5.000000E-01  9.201132E-01 -5.813191E-03  0.000000E+00  5.026634E-03  7.016814E-04  1.773364E-18  2.369771E-01  0.000000E+00
  4.365472E+00 -2.194853E-02  5.000000E-01  9.271110E-01 -4.847915E-03  0.000000E+00  4.600587E-03  6.219760E-04  3.668002E-18  2.613976E-01  0.000000E+00
  4.398350E+00 -1.760504E-02  5.000000E-01  9.340935E-01 -3.925466E-03  0.000000E+00  4.260814E-03  5.450490E-04  1.045096E-18  2.833856E-01  0.000000E+00
  4.431155E+00 -1.355678E-02  5.000000E-01  9.410605E-01 -3.065714E-03  0.000000E+00  4.021252E-03  4.728748E-04 -9.138032E-19  3.026887E-01  0.000000E+00
  4.463888E+00 -9.908296E-03  5.000000E-01  9.480121E-01 -2.290866E-03  0.000000E+00  3.889006E-03  4.055837E-04 -4.400778E-19  3.189571E-01  0.000000E+00
  4.496579E+00 -6.741145E-03  5.000000E-01  9.549550E-01 -1.618241E-03  0.000000E+00  3.857180E-03  3.417134E-04  1.147468E-19  3.318979E-01  0.000000E+00
  4.529252E+00 -4.113532E-03  5.000000E-01  9.618939E-01 -1.060201E-03  0.000000E+00  3.895150E-03  2.791770E-04  1.204683E-18  3.416977E-01  0.000000E+00
  4.561929E+00 -2.052500E-03  5.000000E-01  9.688337E-01 -6.224884E-04  0.000000E+00  3.933610E-03  2.143266E-04  1.233803E-18  3.474432E-01  0.000000E+00
  4.594574E+00 -5.876334E-04  5.000000E-01  9.757666E-01 -3.113867E-04  0.000000E+00  3.871077E-03  1.367868E-04  9.296223E-20  3.478156E-01  0.000000E+00
  4.627203E+00  2.545863E-04  5.000000E-01  9.826962E-01 -1.325199E-04  0.000000E+00  3.655860E-03  4.708540E-05 -4.400912E-19  3.511630E-01  0.000000E+00
  4.659162E+00  4.474967E-04  5.000000E-01  9.894836E-01 -9.155046E-05  0.000000E+00  3.331122E-03 -7.965322E-06  1.018149E-18  3.620771E-01  0.000000E+00
  4.689251E+00  3.218601E-05  5.000000E-01  9.958737E-01 -1.797522E-04  0.000000E+00  2.810095E-03 -2.073695E-05  5.479143E-18  3.156720E-01  0.000000E+00
  4.708680E+00 -5.549306E-04  5.000000E-01  1.000000E+00 -3.044414E-04  0.000000E+00  2.005198E-03 -9.570831E-05  5.924370E-18  1.582143E-01  0.000000E+00
    1    2
    2    3
    3    4
    4    5
    5    6
    6    7
    7    8
    8    9
    9   10
   10   11
   11   12
   12   13
   13   14
   14   15
   15   16
   16   17
   17   18
   18   19
   19   20
   20   21
   21   22
   22   23
   23   24
   24   25
   25   26
   26   27
   27   28
   28   29
   29   30
   30   31
   31   32
   32   33
   33   34
   34   35
   35   36
   36   37
   37   38
   38   39
   39   40
   40   41
   41   42
   42   43
   43   44
   44   45
   45   46
   46   47
   47   48
   48   49
   49   50
   50   51
   51   52
   52   53
   53   54
   54   55
   55   56
   56   57
   57   58
   58   59
   59   60
   60   61
   61   62
   62   63
   63   64
   64   65
   65   66
   66   67
   67   68
   68   69
   69   70
   70   71
   71   72
   72   73
   73   74
   74   75
   75   76
   76   77
   77   78
   78   79
   79   80
   80   81
   81   82
   82   83
   83   84
   84   85
   85   86
   86   87
   87   88
   88   89
   89   90
   90   91
   91   92
   92   93
   93   94
   94   95
   95   96
   96   97
   97   98
   98   99
   99  100
  100  101
  101  102
  102  103
  103  104
  104  105
  105  106
  106  107
  107  108
  108  109
  109  110
  110  111
  111  112
  112  113
  113  114
  114  115
  115  116
  116  117
  117  118
  118  119
  119  120
  120  121
  121  122
  122  123
  123  124
  124  125
  125  126
  126  127
  127  128
  128  129
  129  130
  130  131
  131  132
  132  133
  133  134
  134  135
  135  136
  136  137
  137  138
  138  139
  139  140
  140  141
  141  142
  142  143
  143  144
  144  145
  145  146
  146  147
  147  148
  148  149
  149  150
  151  152
  152  153
  153  154
  154  155
  155  156
  156  157
  157  158
  158  159
  159  160
  160  161
  161  162
  162  163
  163  164
  164  165
  165  166
  166  167
  167  168
  168  169
  169  170
  170  171
  171  172
  172  173
  173  174
  174  175
  175  176
  176  177
  177  178
  178  179
  179  180
  180  181
  181  182
  182  183
  183  184
  184  185
  185  186
  186  187
  187  188
  188  189
  189  190
  190  191
  191  192
  192  193
  193  194
  194  195
  195  196
  196  197
  197  198
  198  199
  199  200
  200  201
  201  202
  202  203
  203  204
  204  205
  205  206
  206  207
  207  208
  208  209
  209  210
  210  211
  211  212
  212  213
  213  214
  214  215
  215  216
  216  217
  217  218
  218  219
  219  220
  220  221
  221  222
  222  223
  223  224
  224  225
  225  226
  226  227
  227  228
  228  229
  229  230
  230  231
  231  232
  232  233
  233  234
  234  235
  235  236
  236  237
  237  238
  238  239
  239  240
  240  241
  241  242
  242  243
  243  244
  244  245
  245  246
  246  247
  247  248
  248  249
  249  250
  250  251
  251  252
  252  253
  253  254
  254  255
  255  256
  256  257
  257  258
  258  259
  259  260
  260  261
  261  262
  262  263
  263  264
  264  265
  265  266
  266  267
  267  268
  268  269
  269  270
  270  271
  271  272
  272  273
  273  274
  274  275
  275  276
  276  277
  277  278
  278  279
  279  280
  280  281
  281  282
  282  283
  283  284
  284  285
  285  286
  286  287
  287  288
  288  289
  289  290
  290  291
  291  292
  292  293
  293  294
  294  295
  295  296
  296  297
  297  298
  298  299
  299  300
