 Title = "ADflow Slice Data"
Variables =  "CoordinateX"  "CoordinateY"  "CoordinateZ"  "XoC"  "YoC"  "ZoC" "VelocityX" "VelocityY" "VelocityZ" "CoefPressure" "Mach" 
Zone T= "Slice_0001 None Absolute Regular z = 0.50000000"
 Nodes =          300  Elements=          298  ZONETYPE=FELINESEG
 DATAPACKING=POINT
  4.708680E+00 -4.030419E-04  5.000000E-01  1.000000E+00 -3.158195E-04  0.000000E+00  1.433961E-03 -6.913254E-05  3.191517E-18  1.630732E-01  0.000000E+00
  4.689187E+00  3.369430E-03  5.000000E-01  9.958601E-01  4.853608E-04  0.000000E+00  8.629125E-04 -1.284533E-04  1.238886E-18  7.606283E-02  0.000000E+00
  4.658673E+00  9.431772E-03  5.000000E-01  9.893797E-01  1.772853E-03  0.000000E+00  4.690717E-04 -1.153914E-04  3.817750E-19  8.856300E-02  0.000000E+00
  4.626256E+00  1.599526E-02  5.000000E-01  9.824952E-01  3.166777E-03  0.000000E+00  2.023646E-04 -4.285307E-05  7.607663E-19  7.529951E-02  0.000000E+00
  4.593146E+00  2.274484E-02  5.000000E-01  9.754635E-01  4.600223E-03  0.000000E+00  7.381104E-05 -8.822434E-06 -3.544531E-19  4.807180E-02  0.000000E+00
  4.560031E+00  2.947244E-02  5.000000E-01  9.684306E-01  6.028998E-03  0.000000E+00  6.884214E-05 -1.395234E-05 -7.338288E-19  2.701249E-02  0.000000E+00
  4.526891E+00  3.612607E-02  5.000000E-01  9.613923E-01  7.442067E-03  0.000000E+00  1.401896E-04 -3.018483E-05  7.456374E-19  5.736972E-03  0.000000E+00
  4.493752E+00  4.265349E-02  5.000000E-01  9.543545E-01  8.828329E-03  0.000000E+00  2.603846E-04 -5.132185E-05 -2.447377E-19 -2.189411E-02  0.000000E+00
  4.460612E+00  4.901229E-02  5.000000E-01  9.473164E-01  1.017878E-02  0.000000E+00  4.128320E-04 -7.566933E-05 -6.054372E-19 -5.244904E-02  0.000000E+00
  4.427470E+00  5.516656E-02  5.000000E-01  9.402779E-01  1.148580E-02  0.000000E+00  5.663102E-04 -9.802673E-05  1.113313E-20 -7.907749E-02  0.000000E+00
  4.394325E+00  6.107831E-02  5.000000E-01  9.332387E-01  1.274131E-02  0.000000E+00  6.976547E-04 -1.189715E-04 -1.491666E-18 -1.026357E-01  0.000000E+00
  4.361178E+00  6.671567E-02  5.000000E-01  9.261991E-01  1.393854E-02  0.000000E+00  8.825624E-04 -1.517947E-04 -3.676472E-18 -1.426869E-01  0.000000E+00
  4.328027E+00  7.204671E-02  5.000000E-01  9.191586E-01  1.507073E-02  0.000000E+00  1.408770E-03 -2.296226E-04 -2.374737E-18 -2.298701E-01  0.000000E+00
  4.294876E+00  7.703968E-02  5.000000E-01  9.121181E-01  1.613111E-02  0.000000E+00  2.799625E-03 -4.070782E-04  1.509231E-18 -3.743970E-01  0.000000E+00
  4.261727E+00  8.166743E-02  5.000000E-01  9.050782E-01  1.711393E-02  0.000000E+00  5.617346E-03 -7.340632E-04  1.039295E-17 -5.446885E-01  0.000000E+00
  4.228582E+00  8.590509E-02  5.000000E-01  8.980388E-01  1.801391E-02  0.000000E+00  9.895167E-03 -1.174122E-03  2.703197E-17 -6.871266E-01  0.000000E+00
  4.195443E+00  8.972661E-02  5.000000E-01  8.910010E-01  1.882550E-02  0.000000E+00  1.465349E-02 -1.567858E-03  4.459394E-17 -7.659198E-01  0.000000E+00
  4.162308E+00  9.310667E-02  5.000000E-01  8.839639E-01  1.954335E-02  0.000000E+00  1.836893E-02 -1.737457E-03  5.138477E-17 -7.816742E-01  0.000000E+00
  4.129179E+00  9.602546E-02  5.000000E-01  8.769281E-01  2.016322E-02  0.000000E+00  2.017486E-02 -1.634211E-03  4.299200E-17 -7.571632E-01  0.000000E+00
  4.096054E+00  9.846354E-02  5.000000E-01  8.698932E-01  2.068101E-02  0.000000E+00  2.035562E-02 -1.352945E-03  2.476504E-17 -7.140503E-01  0.000000E+00
  4.062934E+00  1.004078E-01  5.000000E-01  8.628593E-01  2.109392E-02  0.000000E+00  1.971941E-02 -1.013609E-03  6.801667E-18 -6.636382E-01  0.000000E+00
  4.029817E+00  1.018487E-01  5.000000E-01  8.558262E-01  2.139994E-02  0.000000E+00  1.888943E-02 -6.825112E-04 -3.899046E-18 -6.098856E-01  0.000000E+00
  3.996705E+00  1.027839E-01  5.000000E-01  8.487940E-01  2.159854E-02  0.000000E+00  1.810661E-02 -3.791353E-04 -8.034314E-18 -5.540124E-01  0.000000E+00
  3.963594E+00  1.032202E-01  5.000000E-01  8.417620E-01  2.169121E-02  0.000000E+00  1.736870E-02 -1.066765E-04 -8.160834E-18 -4.965863E-01  0.000000E+00
  3.930486E+00  1.031758E-01  5.000000E-01  8.347306E-01  2.168177E-02  0.000000E+00  1.659983E-02  1.315717E-04 -6.668209E-18 -4.381601E-01  0.000000E+00
  3.897377E+00  1.026798E-01  5.000000E-01  8.276991E-01  2.157645E-02  0.000000E+00  1.574095E-02  3.281043E-04 -4.787863E-18 -3.794565E-01  0.000000E+00
  3.864269E+00  1.017796E-01  5.000000E-01  8.206677E-01  2.138527E-02  0.000000E+00  1.477455E-02  4.746799E-04 -3.052998E-18 -3.213541E-01  0.000000E+00
  3.831161E+00  1.005370E-01  5.000000E-01  8.136366E-01  2.112136E-02  0.000000E+00  1.371752E-02  5.655974E-04 -2.425673E-18 -2.650512E-01  0.000000E+00
  3.798054E+00  9.903591E-02  5.000000E-01  8.066053E-01  2.080257E-02  0.000000E+00  1.260834E-02  5.990463E-04 -1.818608E-18 -2.122135E-01  0.000000E+00
  3.764948E+00  9.738118E-02  5.000000E-01  7.995744E-01  2.045115E-02  0.000000E+00  1.149651E-02  5.779758E-04 -7.126780E-19 -1.650049E-01  0.000000E+00
  3.731842E+00  9.570038E-02  5.000000E-01  7.925435E-01  2.009418E-02  0.000000E+00  1.043208E-02  5.099097E-04  1.512597E-19 -1.260136E-01  0.000000E+00
  3.698737E+00  9.414310E-02  5.000000E-01  7.855130E-01  1.976346E-02  0.000000E+00  9.464226E-03  4.132571E-04  9.746675E-20 -9.646353E-02  0.000000E+00
  3.665634E+00  9.281685E-02  5.000000E-01  7.784827E-01  1.948179E-02  0.000000E+00  8.633672E-03  3.152781E-04 -1.452475E-19 -7.482638E-02  0.000000E+00
  3.632534E+00  9.173558E-02  5.000000E-01  7.714529E-01  1.925216E-02  0.000000E+00  7.952409E-03  2.311555E-04  9.514486E-20 -5.919853E-02  0.000000E+00
  3.599434E+00  9.089975E-02  5.000000E-01  7.644234E-01  1.907465E-02  0.000000E+00  7.406000E-03  1.604569E-04  1.117569E-19 -4.866565E-02  0.000000E+00
  3.566334E+00  9.030738E-02  5.000000E-01  7.573938E-01  1.894884E-02  0.000000E+00  6.972247E-03  1.003564E-04  1.098125E-19 -4.238650E-02  0.000000E+00
  3.533236E+00  8.995198E-02  5.000000E-01  7.503646E-01  1.887337E-02  0.000000E+00  6.630203E-03  4.894255E-05  2.814853E-20 -3.966222E-02  0.000000E+00
  3.500138E+00  8.982214E-02  5.000000E-01  7.433353E-01  1.884579E-02  0.000000E+00  6.363876E-03  4.811892E-06 -4.016531E-20 -4.006700E-02  0.000000E+00
  3.467038E+00  8.990391E-02  5.000000E-01  7.363057E-01  1.886316E-02  0.000000E+00  6.163283E-03 -3.308807E-05 -6.608931E-20 -4.329159E-02  0.000000E+00
  3.433936E+00  9.017846E-02  5.000000E-01  7.292757E-01  1.892147E-02  0.000000E+00  6.022971E-03 -6.533804E-05 -1.208571E-19 -4.904742E-02  0.000000E+00
  3.400832E+00  9.062185E-02  5.000000E-01  7.222453E-01  1.901563E-02  0.000000E+00  5.939629E-03 -9.225042E-05 -8.401774E-20 -5.709031E-02  0.000000E+00
  3.367728E+00  9.120558E-02  5.000000E-01  7.152146E-01  1.913960E-02  0.000000E+00  5.910388E-03 -1.138640E-04  8.399912E-20 -6.717141E-02  0.000000E+00
  3.334620E+00  9.189576E-02  5.000000E-01  7.081834E-01  1.928618E-02  0.000000E+00  5.931300E-03 -1.299558E-04 -6.027549E-20 -7.901739E-02  0.000000E+00
  3.301512E+00  9.265408E-02  5.000000E-01  7.011520E-01  1.944723E-02  0.000000E+00  5.995854E-03 -1.399099E-04 -1.914374E-19 -9.237835E-02  0.000000E+00
  3.268401E+00  9.343806E-02  5.000000E-01  6.941201E-01  1.961372E-02  0.000000E+00  6.093886E-03 -1.426373E-04 -6.591101E-20 -1.069168E-01  0.000000E+00
  3.235290E+00  9.420127E-02  5.000000E-01  6.870881E-01  1.977581E-02  0.000000E+00  6.210226E-03 -1.367140E-04 -3.715575E-20 -1.219858E-01  0.000000E+00
  3.202177E+00  9.489408E-02  5.000000E-01  6.800557E-01  1.992295E-02  0.000000E+00  6.323194E-03 -1.206340E-04 -1.500948E-19 -1.365223E-01  0.000000E+00
  3.169063E+00  9.546555E-02  5.000000E-01  6.730231E-01  2.004431E-02  0.000000E+00  6.404604E-03 -9.347419E-05 -1.758155E-19 -1.492314E-01  0.000000E+00
  3.135947E+00  9.586330E-02  5.000000E-01  6.659902E-01  2.012879E-02  0.000000E+00  6.422450E-03 -5.739241E-05 -6.881982E-20 -1.594207E-01  0.000000E+00
  3.102831E+00  9.605563E-02  5.000000E-01  6.589571E-01  2.016963E-02  0.000000E+00  6.348999E-03 -1.987084E-05 -2.314495E-20 -1.677402E-01  0.000000E+00
  3.069714E+00  9.606463E-02  5.000000E-01  6.519238E-01  2.017154E-02  0.000000E+00  6.173556E-03  1.205083E-05 -1.271353E-20 -1.750390E-01  0.000000E+00
  3.036593E+00  9.592193E-02  5.000000E-01  6.448898E-01  2.014124E-02  0.000000E+00  5.905803E-03  3.609763E-05 -1.214265E-19 -1.814047E-01  0.000000E+00
  3.003475E+00  9.565948E-02  5.000000E-01  6.378564E-01  2.008550E-02  0.000000E+00  5.571280E-03  5.192443E-05 -2.020165E-19 -1.870386E-01  0.000000E+00
  2.970356E+00  9.530832E-02  5.000000E-01  6.308226E-01  2.001092E-02  0.000000E+00  5.212382E-03  5.984997E-05 -1.862782E-19 -1.936553E-01  0.000000E+00
  2.937236E+00  9.490151E-02  5.000000E-01  6.237888E-01  1.992453E-02  0.000000E+00  4.894497E-03  6.135281E-05 -1.425150E-19 -2.055185E-01  0.000000E+00
  2.904117E+00  9.447141E-02  5.000000E-01  6.167550E-01  1.983318E-02  0.000000E+00  4.712187E-03  5.916274E-05 -7.463296E-20 -2.287416E-01  0.000000E+00
  2.870996E+00  9.405087E-02  5.000000E-01  6.097211E-01  1.974387E-02  0.000000E+00  4.785975E-03  5.591157E-05  3.174788E-19 -2.684993E-01  0.000000E+00
  2.837877E+00  9.367295E-02  5.000000E-01  6.026873E-01  1.966361E-02  0.000000E+00  5.238657E-03  5.224041E-05  1.668204E-18 -3.257949E-01  0.000000E+00
  2.804757E+00  9.337051E-02  5.000000E-01  5.956535E-01  1.959938E-02  0.000000E+00  6.148748E-03  4.499747E-05  4.406901E-18 -3.963027E-01  0.000000E+00
  2.771639E+00  9.317695E-02  5.000000E-01  5.886200E-01  1.955827E-02  0.000000E+00  7.494632E-03  2.689028E-05  8.098414E-18 -4.721057E-01  0.000000E+00
  2.738522E+00  9.312456E-02  5.000000E-01  5.815867E-01  1.954714E-02  0.000000E+00  9.123012E-03 -1.099376E-05  1.110322E-17 -5.451143E-01  0.000000E+00
  2.705406E+00  9.324672E-02  5.000000E-01  5.745537E-01  1.957309E-02  0.000000E+00  1.079197E-02 -7.566368E-05  1.150327E-17 -6.100085E-01  0.000000E+00
  2.672292E+00  9.357599E-02  5.000000E-01  5.675211E-01  1.964302E-02  0.000000E+00  1.227397E-02 -1.695008E-04  8.795160E-18 -6.652636E-01  0.000000E+00
  2.639177E+00  9.414522E-02  5.000000E-01  5.604885E-01  1.976391E-02  0.000000E+00  1.344754E-02 -2.897491E-04  4.028470E-18 -7.121568E-01  0.000000E+00
  2.606068E+00  9.498640E-02  5.000000E-01  5.534568E-01  1.994255E-02  0.000000E+00  1.432426E-02 -4.266381E-04 -2.465466E-19 -7.523817E-01  0.000000E+00
  2.572958E+00  9.610530E-02  5.000000E-01  5.464251E-01  2.018018E-02  0.000000E+00  1.499857E-02 -5.635906E-04 -2.140016E-18 -7.864570E-01  0.000000E+00
  2.539852E+00  9.746589E-02  5.000000E-01  5.393941E-01  2.046914E-02  0.000000E+00  1.556338E-02 -6.884893E-04 -2.445739E-18 -8.144889E-01  0.000000E+00
  2.506749E+00  9.902639E-02  5.000000E-01  5.323639E-01  2.080055E-02  0.000000E+00  1.606753E-02 -7.975416E-04 -1.688291E-18 -8.368731E-01  0.000000E+00
  2.473650E+00  1.007449E-01  5.000000E-01  5.253345E-01  2.116551E-02  0.000000E+00  1.652631E-02 -8.885494E-04 -7.378334E-19 -8.540029E-01  0.000000E+00
  2.440554E+00  1.025790E-01  5.000000E-01  5.183056E-01  2.155503E-02  0.000000E+00  1.694023E-02 -9.591781E-04 -3.808900E-19 -8.662296E-01  0.000000E+00
  2.407460E+00  1.044868E-01  5.000000E-01  5.112774E-01  2.196020E-02  0.000000E+00  1.730857E-02 -1.007118E-03 -9.358451E-19 -8.738187E-01  0.000000E+00
  2.374373E+00  1.064246E-01  5.000000E-01  5.042504E-01  2.237174E-02  0.000000E+00  1.763303E-02 -1.030549E-03 -3.675774E-19 -8.769629E-01  0.000000E+00
  2.341286E+00  1.083493E-01  5.000000E-01  4.972236E-01  2.278051E-02  0.000000E+00  1.791558E-02 -1.028931E-03  1.197986E-18 -8.758709E-01  0.000000E+00
  2.308194E+00  1.102204E-01  5.000000E-01  4.901958E-01  2.317789E-02  0.000000E+00  1.815752E-02 -1.002439E-03  7.508029E-19 -8.707371E-01  0.000000E+00
  2.275097E+00  1.119987E-01  5.000000E-01  4.831667E-01  2.355555E-02  0.000000E+00  1.835899E-02 -9.511959E-04  4.015029E-19 -8.616769E-01  0.000000E+00
  2.241991E+00  1.136457E-01  5.000000E-01  4.761359E-01  2.390533E-02  0.000000E+00  1.851755E-02 -8.752390E-04  3.560414E-19 -8.487135E-01  0.000000E+00
  2.208879E+00  1.151237E-01  5.000000E-01  4.691038E-01  2.421922E-02  0.000000E+00  1.862744E-02 -7.746534E-04 -5.282692E-19 -8.317715E-01  0.000000E+00
  2.175760E+00  1.163951E-01  5.000000E-01  4.620701E-01  2.448925E-02  0.000000E+00  1.868016E-02 -6.498696E-04 -1.390327E-18 -8.106949E-01  0.000000E+00
  2.142637E+00  1.174234E-01  5.000000E-01  4.550354E-01  2.470761E-02  0.000000E+00  1.866646E-02 -5.018560E-04 -2.755839E-18 -7.853205E-01  0.000000E+00
  2.109507E+00  1.181720E-01  5.000000E-01  4.479994E-01  2.486660E-02  0.000000E+00  1.857776E-02 -3.331820E-04 -3.949483E-18 -7.557246E-01  0.000000E+00
  2.076374E+00  1.186065E-01  5.000000E-01  4.409628E-01  2.495889E-02  0.000000E+00  1.840247E-02 -1.538640E-04 -4.169370E-18 -7.228839E-01  0.000000E+00
  2.043241E+00  1.187182E-01  5.000000E-01  4.339262E-01  2.498261E-02  0.000000E+00  1.813326E-02  1.905784E-05 -3.765402E-18 -6.886664E-01  0.000000E+00
  2.010106E+00  1.185280E-01  5.000000E-01  4.268892E-01  2.494220E-02  0.000000E+00  1.778397E-02  1.749259E-04 -3.008964E-18 -6.545699E-01  0.000000E+00
  1.976970E+00  1.180578E-01  5.000000E-01  4.198519E-01  2.484236E-02  0.000000E+00  1.738138E-02  3.120958E-04 -1.935168E-18 -6.212948E-01  0.000000E+00
  1.943835E+00  1.173297E-01  5.000000E-01  4.128148E-01  2.468772E-02  0.000000E+00  1.694661E-02  4.308313E-04 -3.267547E-19 -5.892173E-01  0.000000E+00
  1.910699E+00  1.163649E-01  5.000000E-01  4.057776E-01  2.448283E-02  0.000000E+00  1.649100E-02  5.314447E-04  1.718752E-18 -5.585868E-01  0.000000E+00
  1.877561E+00  1.151861E-01  5.000000E-01  3.987399E-01  2.423248E-02  0.000000E+00  1.601935E-02  6.145321E-04  2.963725E-18 -5.295984E-01  0.000000E+00
  1.844424E+00  1.138151E-01  5.000000E-01  3.917024E-01  2.394130E-02  0.000000E+00  1.553400E-02  6.808337E-04  3.415757E-18 -5.024673E-01  0.000000E+00
  1.811282E+00  1.122740E-01  5.000000E-01  3.846638E-01  2.361401E-02  0.000000E+00  1.503774E-02  7.309802E-04  3.210754E-18 -4.774807E-01  0.000000E+00
  1.778139E+00  1.105862E-01  5.000000E-01  3.776250E-01  2.325556E-02  0.000000E+00  1.453614E-02  7.662438E-04  2.418879E-18 -4.549416E-01  0.000000E+00
  1.744992E+00  1.087733E-01  5.000000E-01  3.705854E-01  2.287054E-02  0.000000E+00  1.403723E-02  7.881255E-04  1.109747E-18 -4.352096E-01  0.000000E+00
  1.711843E+00  1.068581E-01  5.000000E-01  3.635455E-01  2.246381E-02  0.000000E+00  1.355134E-02  7.983721E-04  4.353678E-19 -4.186855E-01  0.000000E+00
  1.678692E+00  1.048618E-01  5.000000E-01  3.565049E-01  2.203984E-02  0.000000E+00  1.309070E-02  7.989148E-04  5.006561E-20 -4.058027E-01  0.000000E+00
  1.645539E+00  1.028066E-01  5.000000E-01  3.494640E-01  2.160337E-02  0.000000E+00  1.266919E-02  7.918945E-04 -2.088360E-19 -3.969810E-01  0.000000E+00
  1.612385E+00  1.007128E-01  5.000000E-01  3.424230E-01  2.115869E-02  0.000000E+00  1.230180E-02  7.796414E-04  2.842734E-20 -3.925774E-01  0.000000E+00
  1.579236E+00  9.860059E-02  5.000000E-01  3.353830E-01  2.071012E-02  0.000000E+00  1.200334E-02  7.642149E-04 -1.157431E-19 -3.928951E-01  0.000000E+00
  1.546090E+00  9.648808E-02  5.000000E-01  3.283435E-01  2.026147E-02  0.000000E+00  1.178715E-02  7.468130E-04 -6.880341E-20 -3.982052E-01  0.000000E+00
  1.512946E+00  9.439656E-02  5.000000E-01  3.213046E-01  1.981729E-02  0.000000E+00  1.166448E-02  7.280092E-04 -2.264585E-19 -4.086327E-01  0.000000E+00
  1.479807E+00  9.234723E-02  5.000000E-01  3.142666E-01  1.938206E-02  0.000000E+00  1.164355E-02  7.085356E-04 -5.158112E-19 -4.239642E-01  0.000000E+00
  1.446672E+00  9.035954E-02  5.000000E-01  3.072296E-01  1.895992E-02  0.000000E+00  1.172661E-02  6.885912E-04 -1.519243E-18 -4.436708E-01  0.000000E+00
  1.413540E+00  8.845172E-02  5.000000E-01  3.001932E-01  1.855475E-02  0.000000E+00  1.190832E-02  6.676960E-04 -1.220903E-18 -4.669523E-01  0.000000E+00
  1.380413E+00  8.663993E-02  5.000000E-01  2.931579E-01  1.816997E-02  0.000000E+00  1.217572E-02  6.449731E-04 -7.529001E-19 -4.928294E-01  0.000000E+00
  1.347294E+00  8.493774E-02  5.000000E-01  2.861242E-01  1.780846E-02  0.000000E+00  1.250980E-02  6.192456E-04 -6.320937E-19 -5.203120E-01  0.000000E+00
  1.314179E+00  8.335613E-02  5.000000E-01  2.790914E-01  1.747257E-02  0.000000E+00  1.288877E-02  5.892561E-04  2.433764E-20 -5.485350E-01  0.000000E+00
  1.281074E+00  8.190476E-02  5.000000E-01  2.720606E-01  1.716433E-02  0.000000E+00  1.329224E-02  5.542107E-04  3.469487E-19 -5.768078E-01  0.000000E+00
  1.247974E+00  8.058995E-02  5.000000E-01  2.650310E-01  1.688510E-02  0.000000E+00  1.370400E-02  5.136871E-04  7.650125E-19 -6.046593E-01  0.000000E+00
  1.214880E+00  7.941749E-02  5.000000E-01  2.580028E-01  1.663610E-02  0.000000E+00  1.411392E-02  4.677890E-04  7.242921E-19 -6.317917E-01  0.000000E+00
  1.181795E+00  7.839044E-02  5.000000E-01  2.509763E-01  1.641798E-02  0.000000E+00  1.451803E-02  4.171907E-04  3.768934E-19 -6.580244E-01  0.000000E+00
  1.148718E+00  7.751003E-02  5.000000E-01  2.439516E-01  1.623100E-02  0.000000E+00  1.491669E-02  3.624597E-04 -1.103893E-19 -6.833082E-01  0.000000E+00
  1.115646E+00  7.677673E-02  5.000000E-01  2.369279E-01  1.607527E-02  0.000000E+00  1.531328E-02  3.041618E-04 -5.085259E-19 -7.076627E-01  0.000000E+00
  1.082583E+00  7.618987E-02  5.000000E-01  2.299061E-01  1.595063E-02  0.000000E+00  1.571221E-02  2.429821E-04 -7.169322E-19 -7.311108E-01  0.000000E+00
  1.049524E+00  7.574717E-02  5.000000E-01  2.228852E-01  1.585661E-02  0.000000E+00  1.611603E-02  1.794105E-04 -5.559534E-19 -7.536063E-01  0.000000E+00
  1.016475E+00  7.544588E-02  5.000000E-01  2.158664E-01  1.579263E-02  0.000000E+00  1.652461E-02  1.148023E-04 -4.309544E-19 -7.747764E-01  0.000000E+00
  9.834318E-01  7.528050E-02  5.000000E-01  2.088488E-01  1.575750E-02  0.000000E+00  1.693915E-02  5.714811E-05 -4.711964E-19 -7.933478E-01  0.000000E+00
  9.503976E-01  7.521815E-02  5.000000E-01  2.018331E-01  1.574426E-02  0.000000E+00  1.735514E-02  2.015541E-05 -5.623302E-19 -8.074717E-01  0.000000E+00
  9.173728E-01  7.520005E-02  5.000000E-01  1.948195E-01  1.574042E-02  0.000000E+00  1.774749E-02  1.101399E-05 -6.495475E-19 -8.161678E-01  0.000000E+00
  8.843598E-01  7.517294E-02  5.000000E-01  1.878083E-01  1.573466E-02  0.000000E+00  1.808410E-02  2.894174E-05 -5.791900E-19 -8.195888E-01  0.000000E+00
  8.513623E-01  7.509001E-02  5.000000E-01  1.808005E-01  1.571705E-02  0.000000E+00  1.834807E-02  7.126454E-05 -3.308652E-19 -8.183769E-01  0.000000E+00
  8.183794E-01  7.491200E-02  5.000000E-01  1.737957E-01  1.567924E-02  0.000000E+00  1.853995E-02  1.343606E-04  3.987114E-20 -8.133743E-01  0.000000E+00
  7.854121E-01  7.460715E-02  5.000000E-01  1.667943E-01  1.561450E-02  0.000000E+00  1.867131E-02  2.142450E-04  4.542009E-19 -8.054091E-01  0.000000E+00
  7.524593E-01  7.415048E-02  5.000000E-01  1.597959E-01  1.551752E-02  0.000000E+00  1.875644E-02  3.071146E-04  6.007210E-19 -7.951930E-01  0.000000E+00
  7.195226E-01  7.352304E-02  5.000000E-01  1.528009E-01  1.538426E-02  0.000000E+00  1.880715E-02  4.098625E-04  5.668987E-20 -7.832821E-01  0.000000E+00
  6.866079E-01  7.271011E-02  5.000000E-01  1.458107E-01  1.521162E-02  0.000000E+00  1.883098E-02  5.202768E-04 -8.865501E-19 -7.700814E-01  0.000000E+00
  6.537221E-01  7.169978E-02  5.000000E-01  1.388265E-01  1.499705E-02  0.000000E+00  1.883109E-02  6.365992E-04 -1.765055E-18 -7.559037E-01  0.000000E+00
  6.208691E-01  7.048244E-02  5.000000E-01  1.318494E-01  1.473851E-02  0.000000E+00  1.880749E-02  7.571015E-04 -3.275812E-18 -7.410385E-01  0.000000E+00
  5.880524E-01  6.905079E-02  5.000000E-01  1.248799E-01  1.443447E-02  0.000000E+00  1.875866E-02  8.798984E-04 -4.827207E-18 -7.257975E-01  0.000000E+00
  5.552711E-01  6.739987E-02  5.000000E-01  1.179180E-01  1.408385E-02  0.000000E+00  1.868315E-02  1.003028E-03 -6.108616E-18 -7.105237E-01  0.000000E+00
  5.225283E-01  6.552738E-02  5.000000E-01  1.109642E-01  1.368618E-02  0.000000E+00  1.858065E-02  1.124932E-03 -7.931222E-18 -6.955660E-01  0.000000E+00
  4.898261E-01  6.343190E-02  5.000000E-01  1.040191E-01  1.324115E-02  0.000000E+00  1.845134E-02  1.244135E-03 -9.125969E-18 -6.813305E-01  0.000000E+00
  4.571624E-01  6.111400E-02  5.000000E-01  9.708209E-02  1.274889E-02  0.000000E+00  1.829520E-02  1.358843E-03 -8.183932E-18 -6.683454E-01  0.000000E+00
  4.245350E-01  5.857633E-02  5.000000E-01  9.015283E-02  1.220995E-02  0.000000E+00  1.811197E-02  1.467066E-03 -6.024280E-18 -6.572498E-01  0.000000E+00
  3.919369E-01  5.582411E-02  5.000000E-01  8.322981E-02  1.162545E-02  0.000000E+00  1.790115E-02  1.567142E-03 -3.954796E-18 -6.486724E-01  0.000000E+00
  3.593832E-01  5.286584E-02  5.000000E-01  7.631620E-02  1.099718E-02  0.000000E+00  1.766139E-02  1.659004E-03 -2.408946E-18 -6.429893E-01  0.000000E+00
  3.269046E-01  4.970894E-02  5.000000E-01  6.941854E-02  1.032673E-02  0.000000E+00  1.738764E-02  1.744543E-03 -1.340816E-18 -6.402207E-01  0.000000E+00
  2.945750E-01  4.635821E-02  5.000000E-01  6.255253E-02  9.615121E-03  0.000000E+00  1.706801E-02  1.825604E-03  7.049725E-19 -6.403386E-01  0.000000E+00
  2.624265E-01  4.280712E-02  5.000000E-01  5.572497E-02  8.860956E-03  0.000000E+00  1.668478E-02  1.898792E-03  2.837423E-18 -6.440829E-01  0.000000E+00
  2.304268E-01  3.905189E-02  5.000000E-01  4.892903E-02  8.063439E-03  0.000000E+00  1.623271E-02  1.958041E-03  1.832160E-18 -6.531900E-01  0.000000E+00
  1.986088E-01  3.510409E-02  5.000000E-01  4.217166E-02  7.225022E-03  0.000000E+00  1.574086E-02  2.000854E-03 -6.961247E-18 -6.702475E-01  0.000000E+00
  1.669282E-01  3.096990E-02  5.000000E-01  3.544349E-02  6.347022E-03  0.000000E+00  1.527096E-02  2.020727E-03 -3.290802E-17 -6.995516E-01  0.000000E+00
  1.350509E-01  2.667773E-02  5.000000E-01  2.867354E-02  5.435470E-03  0.000000E+00  1.494270E-02  2.038561E-03 -6.049643E-17 -7.435788E-01  0.000000E+00
  1.043791E-01  2.244084E-02  5.000000E-01  2.215959E-02  4.535659E-03  0.000000E+00  1.491865E-02  2.136176E-03  1.552655E-17 -7.990634E-01  0.000000E+00
  7.632629E-02  1.828021E-02  5.000000E-01  1.620187E-02  3.652044E-03  0.000000E+00  1.519706E-02  2.343978E-03  3.570911E-16 -8.676303E-01  0.000000E+00
  5.118571E-02  1.422938E-02  5.000000E-01  1.086263E-02  2.791747E-03  0.000000E+00  1.565418E-02  2.654859E-03  7.530139E-16 -9.527017E-01  0.000000E+00
  3.264831E-02  1.094062E-02  5.000000E-01  6.925739E-03  2.093296E-03  0.000000E+00  1.648715E-02  3.216946E-03 -4.572275E-16 -1.041525E+00  0.000000E+00
  2.051015E-02  8.384266E-03  5.000000E-01  4.347893E-03  1.550389E-03  0.000000E+00  1.829962E-02  4.265002E-03 -6.956980E-15 -1.123648E+00  0.000000E+00
  1.247723E-02  6.338202E-03  5.000000E-01  2.641898E-03  1.115855E-03  0.000000E+00  2.283879E-02  6.393029E-03 -2.152193E-14 -1.204967E+00  0.000000E+00
  7.055255E-03  4.695361E-03  5.000000E-01  1.490404E-03  7.669560E-04  0.000000E+00  3.471486E-02  1.203869E-02 -3.456710E-14 -1.276556E+00  0.000000E+00
  3.418635E-03  3.333102E-03  5.000000E-01  7.180754E-04  4.776457E-04  0.000000E+00  5.939551E-02  2.759990E-02 -8.087003E-15 -1.278836E+00  0.000000E+00
  1.108798E-03  2.138948E-03  5.000000E-01  2.275226E-04  2.240368E-04  0.000000E+00  7.703994E-02  6.121145E-02  8.820520E-14 -1.028938E+00  0.000000E+00
  3.747479E-05  1.084039E-03  5.000000E-01  0.000000E+00  0.000000E+00  0.000000E+00  2.572679E-02  1.079833E-01  1.923843E-13  7.222812E-02  0.000000E+00
  3.747479E-05  1.084039E-03  5.000000E-01  0.000000E+00  0.000000E+00  0.000000E+00  2.572679E-02  1.079833E-01  1.923843E-13  7.222812E-02  0.000000E+00
  2.534065E-04  9.344856E-05  5.000000E-01  4.585858E-05 -2.103771E-04  0.000000E+00 -3.237489E-02  7.804366E-02  1.773413E-13  1.142908E+00  0.000000E+00
  1.848580E-03 -8.722412E-04  5.000000E-01  3.846343E-04 -4.154659E-04  0.000000E+00 -2.344465E-02  1.306709E-02  8.554847E-14  1.202600E+00  0.000000E+00
  4.867645E-03 -1.813233E-03  5.000000E-01  1.025809E-03 -6.153095E-04  0.000000E+00 -1.279393E-03  5.727185E-04  2.547811E-14  1.015100E+00  0.000000E+00
  9.380877E-03 -2.776060E-03  5.000000E-01  1.984309E-03 -8.197903E-04  0.000000E+00  9.910549E-03 -1.759150E-03 -2.326853E-15  9.222222E-01  0.000000E+00
  1.589077E-02 -3.825922E-03  5.000000E-01  3.366850E-03 -1.042755E-03  0.000000E+00  1.383734E-02 -1.955077E-03 -8.043170E-15  8.450086E-01  0.000000E+00
  2.547297E-02 -5.016883E-03  5.000000E-01  5.401873E-03 -1.295686E-03  0.000000E+00  1.422360E-02 -1.561156E-03 -5.084181E-15  7.658775E-01  0.000000E+00
  3.989163E-02 -6.382199E-03  5.000000E-01  8.464043E-03 -1.585645E-03  0.000000E+00  1.330143E-02 -1.114754E-03 -1.603139E-15  6.913010E-01  0.000000E+00
  6.092142E-02 -7.894033E-03  5.000000E-01  1.293025E-02 -1.906722E-03  0.000000E+00  1.227477E-02 -8.145175E-04  2.621591E-17  6.294367E-01  0.000000E+00
  8.832839E-02 -9.545064E-03  5.000000E-01  1.875082E-02 -2.257360E-03  0.000000E+00  1.160122E-02 -6.791863E-04  3.075797E-16  5.836256E-01  0.000000E+00
  1.189914E-01 -1.128729E-02  5.000000E-01  2.526288E-02 -2.627366E-03  0.000000E+00  1.131985E-02 -6.477163E-04  1.649337E-16  5.502277E-01  0.000000E+00
  1.511926E-01 -1.314618E-02  5.000000E-01  3.210163E-02 -3.022148E-03  0.000000E+00  1.133202E-02 -6.706445E-04  4.195150E-17  5.244928E-01  0.000000E+00
  1.838450E-01 -1.513086E-02  5.000000E-01  3.903620E-02 -3.443647E-03  0.000000E+00  1.151391E-02 -7.145154E-04 -1.130859E-18  5.021678E-01  0.000000E+00
  2.165049E-01 -1.720504E-02  5.000000E-01  4.597235E-02 -3.884151E-03  0.000000E+00  1.175320E-02 -7.552420E-04 -7.009103E-18  4.810317E-01  0.000000E+00
  2.491496E-01 -1.933052E-02  5.000000E-01  5.290529E-02 -4.335550E-03  0.000000E+00  1.197763E-02 -7.870251E-04 -2.602535E-18  4.618814E-01  0.000000E+00
  2.819003E-01 -2.150364E-02  5.000000E-01  5.986073E-02 -4.797068E-03  0.000000E+00  1.215677E-02 -8.148650E-04  2.625600E-19  4.458341E-01  0.000000E+00
  3.147601E-01 -2.373103E-02  5.000000E-01  6.683936E-02 -5.270112E-03  0.000000E+00  1.228652E-02 -8.430552E-04 -2.355596E-19  4.324917E-01  0.000000E+00
  3.477303E-01 -2.602436E-02  5.000000E-01  7.384142E-02 -5.757159E-03  0.000000E+00  1.237598E-02 -8.735750E-04 -9.461310E-19  4.207711E-01  0.000000E+00
  3.807756E-01 -2.839489E-02  5.000000E-01  8.085941E-02 -6.260600E-03  0.000000E+00  1.243643E-02 -9.055960E-04 -2.923485E-19  4.097518E-01  0.000000E+00
  4.138291E-01 -3.084184E-02  5.000000E-01  8.787917E-02 -6.780272E-03  0.000000E+00  1.247495E-02 -9.360029E-04  5.101549E-19  3.989235E-01  0.000000E+00
  4.468689E-01 -3.335790E-02  5.000000E-01  9.489601E-02 -7.314621E-03  0.000000E+00  1.249577E-02 -9.633496E-04  9.276469E-20  3.883580E-01  0.000000E+00
  4.799091E-01 -3.593977E-02  5.000000E-01  1.019129E-01 -7.862947E-03  0.000000E+00  1.250310E-02 -9.887179E-04 -9.682676E-19  3.783685E-01  0.000000E+00
  5.129612E-01 -3.858790E-02  5.000000E-01  1.089324E-01 -8.425344E-03  0.000000E+00  1.250162E-02 -1.013858E-03 -1.518531E-18  3.690608E-01  0.000000E+00
  5.460360E-01 -4.130627E-02  5.000000E-01  1.159567E-01 -9.002660E-03  0.000000E+00  1.249644E-02 -1.040286E-03 -3.504464E-19  3.603003E-01  0.000000E+00
  5.791347E-01 -4.410049E-02  5.000000E-01  1.229860E-01 -9.596084E-03  0.000000E+00  1.249271E-02 -1.068940E-03  1.582223E-19  3.518429E-01  0.000000E+00
  6.122565E-01 -4.697637E-02  5.000000E-01  1.300203E-01 -1.020685E-02  0.000000E+00  1.249541E-02 -1.100347E-03 -5.710755E-19  3.434537E-01  0.000000E+00
  6.454013E-01 -4.993981E-02  5.000000E-01  1.370594E-01 -1.083621E-02  0.000000E+00  1.250938E-02 -1.135056E-03 -1.505280E-18  3.349596E-01  0.000000E+00
  6.785693E-01 -5.299711E-02  5.000000E-01  1.441035E-01 -1.148551E-02  0.000000E+00  1.253908E-02 -1.173579E-03 -8.445679E-19  3.262067E-01  0.000000E+00
  7.117575E-01 -5.615404E-02  5.000000E-01  1.511518E-01 -1.215596E-02  0.000000E+00  1.258791E-02 -1.215878E-03  9.103232E-19  3.169995E-01  0.000000E+00
  7.449560E-01 -5.941320E-02  5.000000E-01  1.582024E-01 -1.284813E-02  0.000000E+00  1.265771E-02 -1.261225E-03  5.864005E-19  3.071256E-01  0.000000E+00
  7.781569E-01 -6.277381E-02  5.000000E-01  1.652534E-01 -1.356184E-02  0.000000E+00  1.274915E-02 -1.308659E-03 -1.260695E-18  2.964397E-01  0.000000E+00
  8.113578E-01 -6.623271E-02  5.000000E-01  1.723045E-01 -1.429642E-02  0.000000E+00  1.286198E-02 -1.357288E-03 -1.904473E-18  2.848815E-01  0.000000E+00
  8.445597E-01 -6.978462E-02  5.000000E-01  1.793558E-01 -1.505076E-02  0.000000E+00  1.299468E-02 -1.406130E-03  2.212745E-19  2.724333E-01  0.000000E+00
  8.777625E-01 -7.342181E-02  5.000000E-01  1.864072E-01 -1.582321E-02  0.000000E+00  1.314338E-02 -1.453599E-03  1.272629E-18  2.590757E-01  0.000000E+00
  9.109638E-01 -7.713236E-02  5.000000E-01  1.934584E-01 -1.661124E-02  0.000000E+00  1.330130E-02 -1.497424E-03  1.253666E-18  2.448327E-01  0.000000E+00
  9.441676E-01 -8.090135E-02  5.000000E-01  2.005100E-01 -1.741168E-02  0.000000E+00  1.345961E-02 -1.534915E-03  8.260570E-20  2.298483E-01  0.000000E+00
  9.773746E-01 -8.470990E-02  5.000000E-01  2.075624E-01 -1.822052E-02  0.000000E+00  1.360912E-02 -1.563109E-03 -1.168052E-18  2.143465E-01  0.000000E+00
  1.010583E+00 -8.853396E-02  5.000000E-01  2.146150E-01 -1.903266E-02  0.000000E+00  1.374475E-02 -1.581713E-03 -1.577378E-18  1.987532E-01  0.000000E+00
  1.043798E+00 -9.235742E-02  5.000000E-01  2.216690E-01 -1.984467E-02  0.000000E+00  1.386887E-02 -1.595076E-03 -2.318269E-18  1.836610E-01  0.000000E+00
  1.077015E+00 -9.617811E-02  5.000000E-01  2.287237E-01 -2.065609E-02  0.000000E+00  1.398709E-02 -1.607085E-03  2.052750E-19  1.691955E-01  0.000000E+00
  1.110238E+00 -9.999563E-02  5.000000E-01  2.357793E-01 -2.146684E-02  0.000000E+00  1.410369E-02 -1.618500E-03  1.559414E-18  1.549500E-01  0.000000E+00
  1.143462E+00 -1.038080E-01  5.000000E-01  2.428354E-01 -2.227648E-02  0.000000E+00  1.422218E-02 -1.629523E-03  1.554731E-18  1.405591E-01  0.000000E+00
  1.176693E+00 -1.076143E-01  5.000000E-01  2.498927E-01 -2.308485E-02  0.000000E+00  1.434559E-02 -1.640333E-03  2.068520E-18  1.258514E-01  0.000000E+00
  1.209925E+00 -1.114121E-01  5.000000E-01  2.569505E-01 -2.389142E-02  0.000000E+00  1.447574E-02 -1.650609E-03  6.901572E-19  1.107326E-01  0.000000E+00
  1.243158E+00 -1.151975E-01  5.000000E-01  2.640083E-01 -2.469534E-02  0.000000E+00  1.461375E-02 -1.660143E-03 -6.394600E-19  9.516620E-02  0.000000E+00
  1.276395E+00 -1.189676E-01  5.000000E-01  2.710670E-01 -2.549603E-02  0.000000E+00  1.476020E-02 -1.668767E-03 -1.196786E-18  7.911774E-02  0.000000E+00
  1.309630E+00 -1.227174E-01  5.000000E-01  2.781253E-01 -2.629238E-02  0.000000E+00  1.491511E-02 -1.675972E-03 -7.735940E-19  6.250399E-02  0.000000E+00
  1.342868E+00 -1.264417E-01  5.000000E-01  2.851842E-01 -2.708333E-02  0.000000E+00  1.507879E-02 -1.681672E-03 -2.019102E-18  4.527753E-02  0.000000E+00
  1.376108E+00 -1.301361E-01  5.000000E-01  2.922436E-01 -2.786793E-02  0.000000E+00  1.525177E-02 -1.685595E-03 -1.694720E-18  2.735716E-02  0.000000E+00
  1.409347E+00 -1.337937E-01  5.000000E-01  2.993027E-01 -2.864471E-02  0.000000E+00  1.543534E-02 -1.687430E-03  7.181742E-19  8.633982E-03  0.000000E+00
  1.442589E+00 -1.374088E-01  5.000000E-01  3.063625E-01 -2.941248E-02  0.000000E+00  1.563290E-02 -1.687383E-03  2.046982E-19 -1.098872E-02  0.000000E+00
  1.475831E+00 -1.409748E-01  5.000000E-01  3.134222E-01 -3.016980E-02  0.000000E+00  1.585011E-02 -1.685661E-03 -7.070023E-19 -3.168128E-02  0.000000E+00
  1.509072E+00 -1.444845E-01  5.000000E-01  3.204819E-01 -3.091518E-02  0.000000E+00  1.609457E-02 -1.682628E-03 -8.455402E-19 -5.369901E-02  0.000000E+00
  1.542314E+00 -1.479305E-01  5.000000E-01  3.275416E-01 -3.164703E-02  0.000000E+00  1.637448E-02 -1.678893E-03 -8.586820E-19 -7.734953E-02  0.000000E+00
  1.575558E+00 -1.513067E-01  5.000000E-01  3.346018E-01 -3.236406E-02  0.000000E+00  1.669373E-02 -1.672558E-03 -8.256535E-19 -1.031231E-01  0.000000E+00
  1.608800E+00 -1.545981E-01  5.000000E-01  3.416615E-01 -3.306306E-02  0.000000E+00  1.704790E-02 -1.657232E-03 -2.167271E-19 -1.316668E-01  0.000000E+00
  1.642044E+00 -1.577768E-01  5.000000E-01  3.487219E-01 -3.373814E-02  0.000000E+00  1.742883E-02 -1.626854E-03  8.410009E-20 -1.632176E-01  0.000000E+00
  1.675286E+00 -1.608111E-01  5.000000E-01  3.557816E-01 -3.438254E-02  0.000000E+00  1.782908E-02 -1.578291E-03 -6.684530E-19 -1.974773E-01  0.000000E+00
  1.708526E+00 -1.636692E-01  5.000000E-01  3.628410E-01 -3.498954E-02  0.000000E+00  1.824108E-02 -1.509172E-03 -4.647823E-19 -2.340389E-01  0.000000E+00
  1.741762E+00 -1.663187E-01  5.000000E-01  3.698996E-01 -3.555223E-02  0.000000E+00  1.865529E-02 -1.416912E-03 -6.576567E-19 -2.726167E-01  0.000000E+00
  1.774995E+00 -1.687258E-01  5.000000E-01  3.769573E-01 -3.606343E-02  0.000000E+00  1.905970E-02 -1.299467E-03 -6.674308E-19 -3.130043E-01  0.000000E+00
  1.808227E+00 -1.708586E-01  5.000000E-01  3.840150E-01 -3.651639E-02  0.000000E+00  1.943925E-02 -1.154989E-03  9.439358E-20 -3.550840E-01  0.000000E+00
  1.841453E+00 -1.726831E-01  5.000000E-01  3.910714E-01 -3.690387E-02  0.000000E+00  1.978114E-02 -9.820063E-04  2.988379E-19 -3.988085E-01  0.000000E+00
  1.874678E+00 -1.741661E-01  5.000000E-01  3.981276E-01 -3.721881E-02  0.000000E+00  2.009232E-02 -7.808096E-04  3.396544E-19 -4.441000E-01  0.000000E+00
  1.907900E+00 -1.752739E-01  5.000000E-01  4.051830E-01 -3.745410E-02  0.000000E+00  2.042592E-02 -5.526124E-04 -4.305714E-19 -4.908966E-01  0.000000E+00
  1.941118E+00 -1.759728E-01  5.000000E-01  4.122377E-01 -3.760253E-02  0.000000E+00  2.089903E-02 -2.968114E-04 -1.284092E-18 -5.392086E-01  0.000000E+00
  1.974334E+00 -1.762289E-01  5.000000E-01  4.192920E-01 -3.765692E-02  0.000000E+00  2.165233E-02 -6.604617E-06 -1.864921E-18 -5.892758E-01  0.000000E+00
  2.007549E+00 -1.760093E-01  5.000000E-01  4.263460E-01 -3.761027E-02  0.000000E+00  2.268361E-02  3.318427E-04 -1.840608E-18 -6.418097E-01  0.000000E+00
  2.040760E+00 -1.752802E-01  5.000000E-01  4.333993E-01 -3.745542E-02  0.000000E+00  2.354594E-02  7.197854E-04 -1.313693E-18 -6.974463E-01  0.000000E+00
  2.073970E+00 -1.740078E-01  5.000000E-01  4.404522E-01 -3.718521E-02  0.000000E+00  2.312263E-02  1.089830E-03 -3.813321E-19 -7.530462E-01  0.000000E+00
  2.107177E+00 -1.721611E-01  5.000000E-01  4.475046E-01 -3.679301E-02  0.000000E+00  2.012246E-02  1.268392E-03 -7.299619E-20 -7.914190E-01  0.000000E+00
  2.140379E+00 -1.697571E-01  5.000000E-01  4.545558E-01 -3.628247E-02  0.000000E+00  1.447624E-02  1.110572E-03 -1.531834E-20 -7.753742E-01  0.000000E+00
  2.173577E+00 -1.668706E-01  5.000000E-01  4.616063E-01 -3.566943E-02  0.000000E+00  8.069114E-03  7.116340E-04  9.449377E-20 -6.693903E-01  0.000000E+00
  2.206768E+00 -1.635790E-01  5.000000E-01  4.686553E-01 -3.497039E-02  0.000000E+00  3.178797E-03  3.172879E-04  4.353780E-19 -4.806012E-01  0.000000E+00
  2.239954E+00 -1.599610E-01  5.000000E-01  4.757033E-01 -3.420202E-02  0.000000E+00  6.169307E-04  8.018229E-05  9.618911E-19 -2.715116E-01  0.000000E+00
  2.273134E+00 -1.560953E-01  5.000000E-01  4.827499E-01 -3.338104E-02  0.000000E+00 -1.971485E-04 -7.378328E-06  1.219324E-18 -1.164336E-01  0.000000E+00
  2.306309E+00 -1.520615E-01  5.000000E-01  4.897953E-01 -3.252434E-02  0.000000E+00 -1.870222E-04 -1.892117E-05  1.514275E-18 -4.062965E-02  0.000000E+00
  2.339476E+00 -1.479395E-01  5.000000E-01  4.968392E-01 -3.164893E-02  0.000000E+00  3.581602E-05 -1.558773E-06 -8.558009E-19 -1.225727E-02  0.000000E+00
  2.372638E+00 -1.438087E-01  5.000000E-01  5.038821E-01 -3.077166E-02  0.000000E+00  2.234150E-04  2.211968E-05 -3.457525E-18  1.040496E-02  0.000000E+00
  2.405805E+00 -1.397510E-01  5.000000E-01  5.109259E-01 -2.990990E-02  0.000000E+00  3.532250E-04  4.170295E-05 -1.943522E-18  4.285995E-02  0.000000E+00
  2.438976E+00 -1.358508E-01  5.000000E-01  5.179706E-01 -2.908159E-02  0.000000E+00  4.686655E-04  5.476630E-05  1.176951E-19  7.916906E-02  0.000000E+00
  2.472150E+00 -1.321918E-01  5.000000E-01  5.250160E-01 -2.830452E-02  0.000000E+00  5.974097E-04  6.347135E-05  8.447124E-19  1.112697E-01  0.000000E+00
  2.505329E+00 -1.288576E-01  5.000000E-01  5.320624E-01 -2.759642E-02  0.000000E+00  7.522420E-04  7.029983E-05  1.403688E-18  1.375146E-01  0.000000E+00
  2.538512E+00 -1.259319E-01  5.000000E-01  5.391097E-01 -2.697507E-02  0.000000E+00  9.509643E-04  7.564896E-05  1.298076E-18  1.596973E-01  0.000000E+00
  2.571700E+00 -1.234971E-01  5.000000E-01  5.461580E-01 -2.645797E-02  0.000000E+00  1.218393E-03  7.727854E-05  3.944326E-19  1.789705E-01  0.000000E+00
  2.604894E+00 -1.216363E-01  5.000000E-01  5.532074E-01 -2.606278E-02  0.000000E+00  1.577336E-03  7.100783E-05 -5.251542E-19  1.950826E-01  0.000000E+00
  2.638090E+00 -1.204244E-01  5.000000E-01  5.602575E-01 -2.580541E-02  0.000000E+00  2.040461E-03  5.253561E-05 -3.369448E-19  2.067586E-01  0.000000E+00
  2.671292E+00 -1.198548E-01  5.000000E-01  5.673087E-01 -2.568444E-02  0.000000E+00  2.608083E-03  1.943261E-05  8.116343E-20  2.127124E-01  0.000000E+00
  2.704497E+00 -1.198654E-01  5.000000E-01  5.743608E-01 -2.568670E-02  0.000000E+00  3.272833E-03 -2.931442E-05  1.605214E-19  2.128243E-01  0.000000E+00
  2.737708E+00 -1.203936E-01  5.000000E-01  5.814140E-01 -2.579887E-02  0.000000E+00  4.024460E-03 -9.419628E-05  3.526496E-19  2.076228E-01  0.000000E+00
  2.770923E+00 -1.213759E-01  5.000000E-01  5.884680E-01 -2.600749E-02  0.000000E+00  4.850934E-03 -1.744181E-04  3.704033E-19  1.974432E-01  0.000000E+00
  2.804143E+00 -1.227491E-01  5.000000E-01  5.955231E-01 -2.629912E-02  0.000000E+00  5.738819E-03 -2.675935E-04  4.153770E-19  1.824067E-01  0.000000E+00
  2.837367E+00 -1.244501E-01  5.000000E-01  6.025790E-01 -2.666036E-02  0.000000E+00  6.674408E-03 -3.698992E-04  2.523851E-19  1.626336E-01  0.000000E+00
  2.870594E+00 -1.264151E-01  5.000000E-01  6.096357E-01 -2.707769E-02  0.000000E+00  7.644988E-03 -4.763822E-04 -1.363974E-18  1.383598E-01  0.000000E+00
  2.903823E+00 -1.285806E-01  5.000000E-01  6.166926E-01 -2.753758E-02  0.000000E+00  8.639118E-03 -5.812454E-04 -2.181151E-18  1.098661E-01  0.000000E+00
  2.937051E+00 -1.308812E-01  5.000000E-01  6.237496E-01 -2.802617E-02  0.000000E+00  9.646379E-03 -6.783853E-04 -1.289757E-18  7.746158E-02  0.000000E+00
  2.970283E+00 -1.332536E-01  5.000000E-01  6.308072E-01 -2.853002E-02  0.000000E+00  1.065621E-02 -7.614767E-04 -1.204457E-18  4.147341E-02  0.000000E+00
  3.003515E+00 -1.356336E-01  5.000000E-01  6.378649E-01 -2.903546E-02  0.000000E+00  1.165591E-02 -8.238640E-04 -1.196249E-18  2.252091E-03  0.000000E+00
  3.036751E+00 -1.379577E-01  5.000000E-01  6.449232E-01 -2.952905E-02  0.000000E+00  1.262842E-02 -8.589195E-04  3.968786E-19 -3.974197E-02  0.000000E+00
  3.069988E+00 -1.401633E-01  5.000000E-01  6.519820E-01 -2.999746E-02  0.000000E+00  1.355062E-02 -8.599096E-04  8.580303E-19 -8.390740E-02  0.000000E+00
  3.103226E+00 -1.421866E-01  5.000000E-01  6.590410E-01 -3.042715E-02  0.000000E+00  1.439537E-02 -8.210501E-04  1.054187E-19 -1.293788E-01  0.000000E+00
  3.136469E+00 -1.439668E-01  5.000000E-01  6.661010E-01 -3.080524E-02  0.000000E+00  1.513787E-02 -7.401086E-04  5.001818E-19 -1.749913E-01  0.000000E+00
  3.169712E+00 -1.454481E-01  5.000000E-01  6.731611E-01 -3.111983E-02  0.000000E+00  1.576922E-02 -6.260799E-04  4.794985E-19 -2.189606E-01  0.000000E+00
  3.202960E+00 -1.466156E-01  5.000000E-01  6.802220E-01 -3.136777E-02  0.000000E+00  1.629663E-02 -4.932094E-04  1.872646E-19 -2.597436E-01  0.000000E+00
  3.236210E+00 -1.474693E-01  5.000000E-01  6.872835E-01 -3.154908E-02  0.000000E+00  1.673023E-02 -3.492324E-04 -7.957003E-20 -2.970597E-01  0.000000E+00
  3.269464E+00 -1.480124E-01  5.000000E-01  6.943459E-01 -3.166443E-02  0.000000E+00  1.707790E-02 -1.980448E-04 -6.956754E-19 -3.312000E-01  0.000000E+00
  3.302721E+00 -1.482488E-01  5.000000E-01  7.014089E-01 -3.171463E-02  0.000000E+00  1.734187E-02 -4.265713E-05 -8.422823E-19 -3.623294E-01  0.000000E+00
  3.335981E+00 -1.481836E-01  5.000000E-01  7.084724E-01 -3.170078E-02  0.000000E+00  1.751479E-02  1.136555E-04 -2.411798E-19 -3.901823E-01  0.000000E+00
  3.369247E+00 -1.478237E-01  5.000000E-01  7.155373E-01 -3.162435E-02  0.000000E+00  1.757774E-02  2.669865E-04  9.221038E-19 -4.140122E-01  0.000000E+00
  3.402518E+00 -1.471786E-01  5.000000E-01  7.226033E-01 -3.148733E-02  0.000000E+00  1.750212E-02  4.134367E-04  2.747153E-18 -4.327045E-01  0.000000E+00
  3.435792E+00 -1.462558E-01  5.000000E-01  7.296699E-01 -3.129137E-02  0.000000E+00  1.726200E-02  5.485916E-04  4.997926E-18 -4.447775E-01  0.000000E+00
  3.469073E+00 -1.450653E-01  5.000000E-01  7.367379E-01 -3.103853E-02  0.000000E+00  1.685129E-02  6.682826E-04  7.389293E-18 -4.486316E-01  0.000000E+00
  3.502353E+00 -1.436158E-01  5.000000E-01  7.438057E-01 -3.073069E-02  0.000000E+00  1.629631E-02  7.703525E-04  8.945000E-18 -4.431783E-01  0.000000E+00
  3.535630E+00 -1.419169E-01  5.000000E-01  7.508729E-01 -3.036989E-02  0.000000E+00  1.565508E-02  8.554160E-04  9.013404E-18 -4.285528E-01  0.000000E+00
  3.568904E+00 -1.399771E-01  5.000000E-01  7.579395E-01 -2.995792E-02  0.000000E+00  1.499845E-02  9.271058E-04  8.010133E-18 -4.066099E-01  0.000000E+00
  3.602176E+00 -1.378026E-01  5.000000E-01  7.650057E-01 -2.949611E-02  0.000000E+00  1.438544E-02  9.900544E-04  6.831947E-18 -3.805706E-01  0.000000E+00
  3.635446E+00 -1.353987E-01  5.000000E-01  7.720714E-01 -2.898559E-02  0.000000E+00  1.384597E-02  1.047970E-03  6.153459E-18 -3.539219E-01  0.000000E+00
  3.668713E+00 -1.327692E-01  5.000000E-01  7.791365E-01 -2.842715E-02  0.000000E+00  1.337736E-02  1.102409E-03  6.925920E-18 -3.290568E-01  0.000000E+00
  3.701976E+00 -1.299186E-01  5.000000E-01  7.862009E-01 -2.782173E-02  0.000000E+00  1.295109E-02  1.154117E-03  7.745389E-18 -3.066214E-01  0.000000E+00
  3.735241E+00 -1.268426E-01  5.000000E-01  7.932655E-01 -2.716848E-02  0.000000E+00  1.252421E-02  1.204958E-03  8.338739E-18 -2.858961E-01  0.000000E+00
  3.768500E+00 -1.235183E-01  5.000000E-01  8.003289E-01 -2.646246E-02  0.000000E+00  1.205902E-02  1.254183E-03  9.496051E-18 -2.651255E-01  0.000000E+00
  3.801751E+00 -1.199223E-01  5.000000E-01  8.073904E-01 -2.569876E-02  0.000000E+00  1.153746E-02  1.296809E-03  7.892040E-18 -2.422791E-01  0.000000E+00
  3.834989E+00 -1.160396E-01  5.000000E-01  8.144495E-01 -2.487418E-02  0.000000E+00  1.096024E-02  1.327099E-03  5.060196E-18 -2.161812E-01  0.000000E+00
  3.868211E+00 -1.118692E-01  5.000000E-01  8.215050E-01 -2.398850E-02  0.000000E+00  1.033922E-02  1.341665E-03  2.766505E-18 -1.869187E-01  0.000000E+00
  3.901422E+00 -1.074133E-01  5.000000E-01  8.285582E-01 -2.304216E-02  0.000000E+00  9.690635E-03  1.339603E-03  2.080569E-18 -1.553402E-01  0.000000E+00
  3.934617E+00 -1.026836E-01  5.000000E-01  8.356079E-01 -2.203770E-02  0.000000E+00  9.031158E-03  1.321207E-03  2.731340E-18 -1.223662E-01  0.000000E+00
  3.967800E+00 -9.769657E-02  5.000000E-01  8.426552E-01 -2.097857E-02  0.000000E+00  8.373831E-03  1.287792E-03  2.231184E-18 -8.877462E-02  0.000000E+00
  4.000972E+00 -9.247277E-02  5.000000E-01  8.497001E-01 -1.986917E-02  0.000000E+00  7.726629E-03  1.241176E-03  1.800940E-19 -5.506710E-02  0.000000E+00
  4.034139E+00 -8.703397E-02  5.000000E-01  8.567440E-01 -1.871410E-02  0.000000E+00  7.091714E-03  1.183665E-03 -8.686811E-19 -2.159929E-02  0.000000E+00
  4.067311E+00 -8.139409E-02  5.000000E-01  8.637890E-01 -1.751633E-02  0.000000E+00  6.466968E-03  1.116985E-03  6.326922E-19  1.141640E-02  0.000000E+00
  4.100488E+00 -7.556731E-02  5.000000E-01  8.708348E-01 -1.627886E-02  0.000000E+00  5.849407E-03  1.041676E-03  1.993100E-18  4.398682E-02  0.000000E+00
  4.133669E+00 -6.956970E-02  5.000000E-01  8.778818E-01 -1.500512E-02  0.000000E+00  5.237158E-03  9.582425E-04  1.736486E-18  7.611064E-02  0.000000E+00
  4.166856E+00 -6.341623E-02  5.000000E-01  8.849299E-01 -1.369827E-02  0.000000E+00  4.631656E-03  8.678413E-04  1.659409E-18  1.077125E-01  0.000000E+00
  4.200049E+00 -5.712458E-02  5.000000E-01  8.919793E-01 -1.236208E-02  0.000000E+00  4.039481E-03  7.725564E-04  2.588181E-18  1.386138E-01  0.000000E+00
  4.233242E+00 -5.071277E-02  5.000000E-01  8.990286E-01 -1.100037E-02  0.000000E+00  3.473546E-03  6.749009E-04  2.639245E-18  1.686266E-01  0.000000E+00
  4.266405E+00 -4.422592E-02  5.000000E-01  9.060715E-01 -9.622721E-03  0.000000E+00  2.952443E-03  5.774561E-04  3.658094E-19  1.975903E-01  0.000000E+00
  4.299502E+00 -3.775184E-02  5.000000E-01  9.131007E-01 -8.247786E-03  0.000000E+00  2.496160E-03  4.841416E-04 -1.286368E-18  2.251521E-01  0.000000E+00
  4.332522E+00 -3.141284E-02  5.000000E-01  9.201132E-01 -6.901539E-03  0.000000E+00  2.120155E-03  4.001143E-04 -1.363923E-19  2.505239E-01  0.000000E+00
  4.365472E+00 -2.532597E-02  5.000000E-01  9.271110E-01 -5.608838E-03  0.000000E+00  1.833006E-03  3.293492E-04 -1.571526E-18  2.729119E-01  0.000000E+00
  4.398350E+00 -1.961206E-02  5.000000E-01  9.340935E-01 -4.395343E-03  0.000000E+00  1.639363E-03  2.733890E-04 -2.030505E-18  2.921662E-01  0.000000E+00
  4.431155E+00 -1.439190E-02  5.000000E-01  9.410605E-01 -3.286709E-03  0.000000E+00  1.542965E-03  2.313738E-04 -1.022726E-18  3.085052E-01  0.000000E+00
  4.463888E+00 -9.794239E-03  5.000000E-01  9.480121E-01 -2.310279E-03  0.000000E+00  1.545272E-03  1.999918E-04 -1.058751E-18  3.219277E-01  0.000000E+00
  4.496579E+00 -5.915491E-03  5.000000E-01  9.549550E-01 -1.486528E-03  0.000000E+00  1.640557E-03  1.738965E-04  3.872405E-19  3.325027E-01  0.000000E+00
  4.529252E+00 -2.819808E-03  5.000000E-01  9.618938E-01 -8.290812E-04  0.000000E+00  1.808584E-03  1.477098E-04  6.622439E-19  3.405983E-01  0.000000E+00
  4.561929E+00 -5.306172E-04  5.000000E-01  9.688337E-01 -3.429134E-04  0.000000E+00  2.003172E-03  1.159087E-04  1.566393E-19  3.450749E-01  0.000000E+00
  4.594574E+00  9.332721E-04  5.000000E-01  9.757666E-01 -3.201926E-05  0.000000E+00  2.153179E-03  6.772081E-05 -1.649507E-19  3.442686E-01  0.000000E+00
  4.627203E+00  1.566425E-03  5.000000E-01  9.826962E-01  1.024468E-04  0.000000E+00  2.213343E-03  3.330902E-06 -2.909393E-19  3.461836E-01  0.000000E+00
  4.659162E+00  1.385511E-03  5.000000E-01  9.894836E-01  6.402512E-05  0.000000E+00  2.187314E-03 -3.459016E-05  7.420567E-19  3.550014E-01  0.000000E+00
  4.689251E+00  5.095489E-04  5.000000E-01  9.958737E-01 -1.220077E-04  0.000000E+00  1.965612E-03 -3.774910E-05  3.321220E-18  3.103444E-01  0.000000E+00
  4.708680E+00 -4.030419E-04  5.000000E-01  1.000000E+00 -3.158195E-04  0.000000E+00  1.433961E-03 -6.913254E-05  3.191517E-18  1.630732E-01  0.000000E+00
    1    2
    2    3
    3    4
    4    5
    5    6
    6    7
    7    8
    8    9
    9   10
   10   11
   11   12
   12   13
   13   14
   14   15
   15   16
   16   17
   17   18
   18   19
   19   20
   20   21
   21   22
   22   23
   23   24
   24   25
   25   26
   26   27
   27   28
   28   29
   29   30
   30   31
   31   32
   32   33
   33   34
   34   35
   35   36
   36   37
   37   38
   38   39
   39   40
   40   41
   41   42
   42   43
   43   44
   44   45
   45   46
   46   47
   47   48
   48   49
   49   50
   50   51
   51   52
   52   53
   53   54
   54   55
   55   56
   56   57
   57   58
   58   59
   59   60
   60   61
   61   62
   62   63
   63   64
   64   65
   65   66
   66   67
   67   68
   68   69
   69   70
   70   71
   71   72
   72   73
   73   74
   74   75
   75   76
   76   77
   77   78
   78   79
   79   80
   80   81
   81   82
   82   83
   83   84
   84   85
   85   86
   86   87
   87   88
   88   89
   89   90
   90   91
   91   92
   92   93
   93   94
   94   95
   95   96
   96   97
   97   98
   98   99
   99  100
  100  101
  101  102
  102  103
  103  104
  104  105
  105  106
  106  107
  107  108
  108  109
  109  110
  110  111
  111  112
  112  113
  113  114
  114  115
  115  116
  116  117
  117  118
  118  119
  119  120
  120  121
  121  122
  122  123
  123  124
  124  125
  125  126
  126  127
  127  128
  128  129
  129  130
  130  131
  131  132
  132  133
  133  134
  134  135
  135  136
  136  137
  137  138
  138  139
  139  140
  140  141
  141  142
  142  143
  143  144
  144  145
  145  146
  146  147
  147  148
  148  149
  149  150
  151  152
  152  153
  153  154
  154  155
  155  156
  156  157
  157  158
  158  159
  159  160
  160  161
  161  162
  162  163
  163  164
  164  165
  165  166
  166  167
  167  168
  168  169
  169  170
  170  171
  171  172
  172  173
  173  174
  174  175
  175  176
  176  177
  177  178
  178  179
  179  180
  180  181
  181  182
  182  183
  183  184
  184  185
  185  186
  186  187
  187  188
  188  189
  189  190
  190  191
  191  192
  192  193
  193  194
  194  195
  195  196
  196  197
  197  198
  198  199
  199  200
  200  201
  201  202
  202  203
  203  204
  204  205
  205  206
  206  207
  207  208
  208  209
  209  210
  210  211
  211  212
  212  213
  213  214
  214  215
  215  216
  216  217
  217  218
  218  219
  219  220
  220  221
  221  222
  222  223
  223  224
  224  225
  225  226
  226  227
  227  228
  228  229
  229  230
  230  231
  231  232
  232  233
  233  234
  234  235
  235  236
  236  237
  237  238
  238  239
  239  240
  240  241
  241  242
  242  243
  243  244
  244  245
  245  246
  246  247
  247  248
  248  249
  249  250
  250  251
  251  252
  252  253
  253  254
  254  255
  255  256
  256  257
  257  258
  258  259
  259  260
  260  261
  261  262
  262  263
  263  264
  264  265
  265  266
  266  267
  267  268
  268  269
  269  270
  270  271
  271  272
  272  273
  273  274
  274  275
  275  276
  276  277
  277  278
  278  279
  279  280
  280  281
  281  282
  282  283
  283  284
  284  285
  285  286
  286  287
  287  288
  288  289
  289  290
  290  291
  291  292
  292  293
  293  294
  294  295
  295  296
  296  297
  297  298
  298  299
  299  300
