 Title = "ADflow Slice Data"
Variables =  "CoordinateX"  "CoordinateY"  "CoordinateZ"  "XoC"  "YoC"  "ZoC" "VelocityX" "VelocityY" "VelocityZ" "CoefPressure" "Mach" 
Zone T= "Slice_0001 None Absolute Regular z = 0.50000000"
 Nodes =          300  Elements=          298  ZONETYPE=FELINESEG
 DATAPACKING=POINT
  4.708680E+00 -8.655813E-04  5.000000E-01  9.999999E-01 -3.952153E-04  0.000000E+00  2.047813E-03 -6.448050E-06  6.250184E-18  1.577697E-01  0.000000E+00
  4.689187E+00  1.512105E-03  5.000000E-01  9.958601E-01  1.097468E-04  0.000000E+00  1.606500E-03 -1.655409E-04  1.403639E-18  1.131615E-01  0.000000E+00
  4.658673E+00  5.216255E-03  5.000000E-01  9.893796E-01  8.964173E-04  0.000000E+00  1.425508E-03 -1.922180E-04 -2.292269E-19  1.420829E-01  0.000000E+00
  4.626256E+00  9.127174E-03  5.000000E-01  9.824952E-01  1.727000E-03  0.000000E+00  1.319668E-03 -1.589206E-04 -1.890038E-19  1.391424E-01  0.000000E+00
  4.593146E+00  1.309464E-02  5.000000E-01  9.754634E-01  2.569593E-03  0.000000E+00  1.301415E-03 -1.504061E-04  2.088296E-18  1.225974E-01  0.000000E+00
  4.560031E+00  1.703423E-02  5.000000E-01  9.684306E-01  3.406264E-03  0.000000E+00  1.370275E-03 -1.623514E-04  3.569382E-18  1.113280E-01  0.000000E+00
  4.526891E+00  2.094715E-02  5.000000E-01  9.613923E-01  4.237272E-03  0.000000E+00  1.485412E-03 -1.757182E-04  3.413027E-18  1.019112E-01  0.000000E+00
  4.493752E+00  2.482850E-02  5.000000E-01  9.543545E-01  5.061576E-03  0.000000E+00  1.619957E-03 -1.888021E-04  2.828133E-18  9.078167E-02  0.000000E+00
  4.460612E+00  2.867403E-02  5.000000E-01  9.473164E-01  5.878272E-03  0.000000E+00  1.759600E-03 -2.029120E-04 -5.263474E-19  7.887985E-02  0.000000E+00
  4.427470E+00  3.248074E-02  5.000000E-01  9.402779E-01  6.686724E-03  0.000000E+00  1.890938E-03 -2.158310E-04 -1.093852E-18  6.703021E-02  0.000000E+00
  4.394325E+00  3.624075E-02  5.000000E-01  9.332387E-01  7.485258E-03  0.000000E+00  2.004697E-03 -2.258393E-04  2.706397E-19  5.519855E-02  0.000000E+00
  4.361178E+00  3.994904E-02  5.000000E-01  9.261990E-01  8.272807E-03  0.000000E+00  2.098484E-03 -2.328792E-04  5.369804E-19  4.336383E-02  0.000000E+00
  4.328027E+00  4.359869E-02  5.000000E-01  9.191586E-01  9.047903E-03  0.000000E+00  2.174090E-03 -2.371618E-04  5.562816E-19  3.156541E-02  0.000000E+00
  4.294876E+00  4.718161E-02  5.000000E-01  9.121180E-01  9.808828E-03  0.000000E+00  2.234173E-03 -2.389976E-04 -3.064848E-20  1.983859E-02  0.000000E+00
  4.261727E+00  5.069217E-02  5.000000E-01  9.050782E-01  1.055438E-02  0.000000E+00  2.280197E-03 -2.388444E-04 -5.054932E-19  8.268978E-03  0.000000E+00
  4.228582E+00  5.412523E-02  5.000000E-01  8.980388E-01  1.128348E-02  0.000000E+00  2.311909E-03 -2.365561E-04 -2.933788E-19 -3.196466E-03  0.000000E+00
  4.195443E+00  5.747354E-02  5.000000E-01  8.910010E-01  1.199458E-02  0.000000E+00  2.328034E-03 -2.319788E-04  2.675190E-19 -1.455277E-02  0.000000E+00
  4.162308E+00  6.072926E-02  5.000000E-01  8.839639E-01  1.268602E-02  0.000000E+00  2.326354E-03 -2.251952E-04 -1.074708E-19 -2.570698E-02  0.000000E+00
  4.129179E+00  6.388732E-02  5.000000E-01  8.769281E-01  1.335671E-02  0.000000E+00  2.303934E-03 -2.160609E-04 -8.798337E-19 -3.666365E-02  0.000000E+00
  4.096054E+00  6.694114E-02  5.000000E-01  8.698932E-01  1.400527E-02  0.000000E+00  2.257837E-03 -2.045392E-04 -1.564326E-18 -4.745992E-02  0.000000E+00
  4.062934E+00  6.988668E-02  5.000000E-01  8.628592E-01  1.463083E-02  0.000000E+00  2.185439E-03 -1.907582E-04 -1.380474E-18 -5.814820E-02  0.000000E+00
  4.029817E+00  7.271980E-02  5.000000E-01  8.558262E-01  1.523251E-02  0.000000E+00  2.084627E-03 -1.748603E-04 -1.520170E-19 -6.881941E-02  0.000000E+00
  3.996705E+00  7.543779E-02  5.000000E-01  8.487939E-01  1.580975E-02  0.000000E+00  1.954060E-03 -1.571095E-04  9.555695E-19 -7.957022E-02  0.000000E+00
  3.963594E+00  7.804057E-02  5.000000E-01  8.417620E-01  1.636251E-02  0.000000E+00  1.793310E-03 -1.379861E-04  8.484702E-19 -9.045764E-02  0.000000E+00
  3.930486E+00  8.053004E-02  5.000000E-01  8.347306E-01  1.689121E-02  0.000000E+00  1.602993E-03 -1.179899E-04  2.213602E-19 -1.016799E-01  0.000000E+00
  3.897377E+00  8.290960E-02  5.000000E-01  8.276991E-01  1.739657E-02  0.000000E+00  1.385396E-03 -9.768659E-05 -1.639670E-19 -1.137652E-01  0.000000E+00
  3.864269E+00  8.518665E-02  5.000000E-01  8.206677E-01  1.788016E-02  0.000000E+00  1.145089E-03 -7.759599E-05 -9.421845E-19 -1.274939E-01  0.000000E+00
  3.831161E+00  8.736917E-02  5.000000E-01  8.136366E-01  1.834368E-02  0.000000E+00  8.884407E-04 -5.788536E-05 -8.786078E-19 -1.433924E-01  0.000000E+00
  3.798054E+00  8.946987E-02  5.000000E-01  8.066053E-01  1.878981E-02  0.000000E+00  6.214222E-04 -3.857155E-05 -1.843766E-19 -1.609330E-01  0.000000E+00
  3.764948E+00  9.150358E-02  5.000000E-01  7.995743E-01  1.922172E-02  0.000000E+00  3.485954E-04 -2.008410E-05  3.558853E-19 -1.786793E-01  0.000000E+00
  3.731842E+00  9.348884E-02  5.000000E-01  7.925435E-01  1.964334E-02  0.000000E+00  8.176956E-05 -3.534266E-06  4.243616E-19 -1.965235E-01  0.000000E+00
  3.698737E+00  9.544800E-02  5.000000E-01  7.855129E-01  2.005942E-02  0.000000E+00 -1.355799E-04  8.518504E-06  1.852440E-19 -2.186449E-01  0.000000E+00
  3.665634E+00  9.739915E-02  5.000000E-01  7.784827E-01  2.047380E-02  0.000000E+00 -1.938890E-04  9.852641E-06 -1.203830E-19 -2.544730E-01  0.000000E+00
  3.632534E+00  9.935052E-02  5.000000E-01  7.714529E-01  2.088822E-02  0.000000E+00  1.122076E-04 -1.090440E-05 -6.527767E-19 -3.160727E-01  0.000000E+00
  3.599434E+00  1.013067E-01  5.000000E-01  7.644234E-01  2.130366E-02  0.000000E+00  1.085435E-03 -6.951284E-05 -4.144974E-19 -4.113438E-01  0.000000E+00
  3.566334E+00  1.032707E-01  5.000000E-01  7.573938E-01  2.172078E-02  0.000000E+00  3.048759E-03 -1.832318E-04 -4.013920E-19 -5.350592E-01  0.000000E+00
  3.533236E+00  1.052428E-01  5.000000E-01  7.503646E-01  2.213961E-02  0.000000E+00  6.118627E-03 -3.612934E-04  7.973740E-19 -6.657093E-01  0.000000E+00
  3.500138E+00  1.072205E-01  5.000000E-01  7.433353E-01  2.255961E-02  0.000000E+00  9.894160E-03 -5.846586E-04  3.120783E-18 -7.756221E-01  0.000000E+00
  3.467038E+00  1.092004E-01  5.000000E-01  7.363056E-01  2.298009E-02  0.000000E+00  1.345980E-02 -7.999926E-04  5.171504E-18 -8.478055E-01  0.000000E+00
  3.433936E+00  1.111767E-01  5.000000E-01  7.292757E-01  2.339982E-02  0.000000E+00  1.594068E-02 -9.494879E-04  6.482918E-18 -8.833820E-01  0.000000E+00
  3.400832E+00  1.131415E-01  5.000000E-01  7.222452E-01  2.381708E-02  0.000000E+00  1.709436E-02 -1.012181E-03  6.985043E-18 -8.946354E-01  0.000000E+00
  3.367728E+00  1.150845E-01  5.000000E-01  7.152146E-01  2.422973E-02  0.000000E+00  1.730036E-02 -1.009675E-03  6.697195E-18 -8.940463E-01  0.000000E+00
  3.334620E+00  1.169933E-01  5.000000E-01  7.081834E-01  2.463511E-02  0.000000E+00  1.710862E-02 -9.761888E-04  5.996138E-18 -8.891215E-01  0.000000E+00
  3.301512E+00  1.188535E-01  5.000000E-01  7.011520E-01  2.503017E-02  0.000000E+00  1.689505E-02 -9.343773E-04  6.440666E-18 -8.829074E-01  0.000000E+00
  3.268401E+00  1.206490E-01  5.000000E-01  6.941201E-01  2.541150E-02  0.000000E+00  1.679819E-02 -8.912099E-04  7.427229E-18 -8.760179E-01  0.000000E+00
  3.235290E+00  1.223618E-01  5.000000E-01  6.870881E-01  2.577525E-02  0.000000E+00  1.680810E-02 -8.445697E-04  9.274128E-18 -8.681287E-01  0.000000E+00
  3.202177E+00  1.239722E-01  5.000000E-01  6.800557E-01  2.611727E-02  0.000000E+00  1.686570E-02 -7.901280E-04  1.281002E-17 -8.587606E-01  0.000000E+00
  3.169063E+00  1.254604E-01  5.000000E-01  6.730230E-01  2.643332E-02  0.000000E+00  1.691957E-02 -7.247566E-04  1.653849E-17 -8.475893E-01  0.000000E+00
  3.135947E+00  1.268054E-01  5.000000E-01  6.659902E-01  2.671895E-02  0.000000E+00  1.694101E-02 -6.487540E-04  1.961598E-17 -8.346759E-01  0.000000E+00
  3.102831E+00  1.279920E-01  5.000000E-01  6.589570E-01  2.697096E-02  0.000000E+00  1.691896E-02 -5.673198E-04  2.142614E-17 -8.206213E-01  0.000000E+00
  3.069714E+00  1.290207E-01  5.000000E-01  6.519238E-01  2.718943E-02  0.000000E+00  1.685787E-02 -4.858101E-04  2.036309E-17 -8.061172E-01  0.000000E+00
  3.036593E+00  1.298952E-01  5.000000E-01  6.448898E-01  2.737517E-02  0.000000E+00  1.677201E-02 -4.061922E-04  1.705353E-17 -7.915494E-01  0.000000E+00
  3.003475E+00  1.306195E-01  5.000000E-01  6.378564E-01  2.752899E-02  0.000000E+00  1.667462E-02 -3.288625E-04  1.262425E-17 -7.770845E-01  0.000000E+00
  2.970356E+00  1.311963E-01  5.000000E-01  6.308226E-01  2.765148E-02  0.000000E+00  1.657269E-02 -2.543135E-04  7.941769E-18 -7.628282E-01  0.000000E+00
  2.937236E+00  1.316307E-01  5.000000E-01  6.237888E-01  2.774373E-02  0.000000E+00  1.646840E-02 -1.829037E-04  4.384826E-18 -7.488512E-01  0.000000E+00
  2.904117E+00  1.319268E-01  5.000000E-01  6.167550E-01  2.780662E-02  0.000000E+00  1.636201E-02 -1.145878E-04  2.475247E-18 -7.351827E-01  0.000000E+00
  2.870996E+00  1.320894E-01  5.000000E-01  6.097210E-01  2.784115E-02  0.000000E+00  1.625292E-02 -4.949722E-05  2.013243E-18 -7.218603E-01  0.000000E+00
  2.837877E+00  1.321234E-01  5.000000E-01  6.026873E-01  2.784837E-02  0.000000E+00  1.614105E-02  1.235767E-05  2.587678E-18 -7.089010E-01  0.000000E+00
  2.804757E+00  1.320335E-01  5.000000E-01  5.956534E-01  2.782929E-02  0.000000E+00  1.602650E-02  7.090080E-05  3.900715E-18 -6.963291E-01  0.000000E+00
  2.771639E+00  1.318253E-01  5.000000E-01  5.886200E-01  2.778507E-02  0.000000E+00  1.590973E-02  1.263038E-04  5.575577E-18 -6.841541E-01  0.000000E+00
  2.738522E+00  1.315027E-01  5.000000E-01  5.815867E-01  2.771655E-02  0.000000E+00  1.579114E-02  1.785589E-04  7.079367E-18 -6.724000E-01  0.000000E+00
  2.705406E+00  1.310714E-01  5.000000E-01  5.745537E-01  2.762495E-02  0.000000E+00  1.567112E-02  2.275361E-04  7.936466E-18 -6.610986E-01  0.000000E+00
  2.672292E+00  1.305361E-01  5.000000E-01  5.675211E-01  2.751128E-02  0.000000E+00  1.555031E-02  2.733475E-04  7.686627E-18 -6.502754E-01  0.000000E+00
  2.639177E+00  1.299022E-01  5.000000E-01  5.604885E-01  2.737665E-02  0.000000E+00  1.542923E-02  3.159894E-04  6.369447E-18 -6.399648E-01  0.000000E+00
  2.606068E+00  1.291750E-01  5.000000E-01  5.534568E-01  2.722222E-02  0.000000E+00  1.530865E-02  3.556638E-04  4.611013E-18 -6.301718E-01  0.000000E+00
  2.572958E+00  1.283589E-01  5.000000E-01  5.464250E-01  2.704889E-02  0.000000E+00  1.518876E-02  3.923840E-04  3.138371E-18 -6.209208E-01  0.000000E+00
  2.539852E+00  1.274596E-01  5.000000E-01  5.393941E-01  2.685791E-02  0.000000E+00  1.506983E-02  4.264137E-04  2.191311E-18 -6.121987E-01  0.000000E+00
  2.506749E+00  1.264808E-01  5.000000E-01  5.323638E-01  2.665003E-02  0.000000E+00  1.495188E-02  4.581052E-04  1.814325E-18 -6.039725E-01  0.000000E+00
  2.473650E+00  1.254267E-01  5.000000E-01  5.253345E-01  2.642616E-02  0.000000E+00  1.483417E-02  4.873734E-04  1.629350E-18 -5.962513E-01  0.000000E+00
  2.440554E+00  1.243014E-01  5.000000E-01  5.183056E-01  2.618716E-02  0.000000E+00  1.471599E-02  5.139974E-04  1.117677E-18 -5.890695E-01  0.000000E+00
  2.407460E+00  1.231103E-01  5.000000E-01  5.112774E-01  2.593421E-02  0.000000E+00  1.459750E-02  5.381235E-04  1.014688E-18 -5.824458E-01  0.000000E+00
  2.374373E+00  1.218574E-01  5.000000E-01  5.042504E-01  2.566812E-02  0.000000E+00  1.447964E-02  5.599552E-04  1.581419E-18 -5.764144E-01  0.000000E+00
  2.341286E+00  1.205469E-01  5.000000E-01  4.972236E-01  2.538980E-02  0.000000E+00  1.436349E-02  5.787689E-04  1.248076E-18 -5.711508E-01  0.000000E+00
  2.308194E+00  1.191863E-01  5.000000E-01  4.901958E-01  2.510085E-02  0.000000E+00  1.425184E-02  5.936936E-04  3.854081E-19 -5.669107E-01  0.000000E+00
  2.275097E+00  1.177852E-01  5.000000E-01  4.831666E-01  2.480329E-02  0.000000E+00  1.415004E-02  6.044995E-04  3.110484E-19 -5.639197E-01  0.000000E+00
  2.241991E+00  1.163537E-01  5.000000E-01  4.761359E-01  2.449928E-02  0.000000E+00  1.406480E-02  6.114150E-04  1.887108E-19 -5.623490E-01  0.000000E+00
  2.208879E+00  1.149024E-01  5.000000E-01  4.691037E-01  2.419105E-02  0.000000E+00  1.400276E-02  6.148540E-04 -4.466291E-19 -5.623097E-01  0.000000E+00
  2.175760E+00  1.134413E-01  5.000000E-01  4.620701E-01  2.388076E-02  0.000000E+00  1.396918E-02  6.151697E-04 -7.387523E-19 -5.638686E-01  0.000000E+00
  2.142637E+00  1.119809E-01  5.000000E-01  4.550354E-01  2.357060E-02  0.000000E+00  1.396729E-02  6.125796E-04 -3.934140E-19 -5.670398E-01  0.000000E+00
  2.109507E+00  1.105309E-01  5.000000E-01  4.479994E-01  2.326265E-02  0.000000E+00  1.399801E-02  6.073488E-04 -2.073297E-19 -5.717167E-01  0.000000E+00
  2.076374E+00  1.091013E-01  5.000000E-01  4.409628E-01  2.295905E-02  0.000000E+00  1.406064E-02  6.011846E-04 -3.161823E-19 -5.774743E-01  0.000000E+00
  2.043241E+00  1.076936E-01  5.000000E-01  4.339262E-01  2.266009E-02  0.000000E+00  1.415082E-02  5.966182E-04 -4.540662E-19 -5.836574E-01  0.000000E+00
  2.010106E+00  1.063035E-01  5.000000E-01  4.268892E-01  2.236486E-02  0.000000E+00  1.425848E-02  5.945429E-04 -2.361595E-19 -5.897438E-01  0.000000E+00
  1.976970E+00  1.049262E-01  5.000000E-01  4.198519E-01  2.207237E-02  0.000000E+00  1.437159E-02  5.947119E-04  2.236686E-19 -5.954025E-01  0.000000E+00
  1.943835E+00  1.035570E-01  5.000000E-01  4.128148E-01  2.178158E-02  0.000000E+00  1.448034E-02  5.968624E-04 -1.088217E-22 -6.004397E-01  0.000000E+00
  1.910699E+00  1.021905E-01  5.000000E-01  4.057775E-01  2.149136E-02  0.000000E+00  1.457845E-02  6.006026E-04 -3.660582E-19 -6.048042E-01  0.000000E+00
  1.877561E+00  1.008225E-01  5.000000E-01  3.987399E-01  2.120083E-02  0.000000E+00  1.466357E-02  6.057732E-04  3.576058E-20 -6.085091E-01  0.000000E+00
  1.844424E+00  9.944833E-02  5.000000E-01  3.917024E-01  2.090899E-02  0.000000E+00  1.473585E-02  6.123316E-04  2.659928E-20 -6.116062E-01  0.000000E+00
  1.811282E+00  9.806394E-02  5.000000E-01  3.846638E-01  2.061498E-02  0.000000E+00  1.479642E-02  6.200254E-04 -8.388884E-19 -6.141842E-01  0.000000E+00
  1.778139E+00  9.666638E-02  5.000000E-01  3.776250E-01  2.031818E-02  0.000000E+00  1.484695E-02  6.289748E-04 -6.377394E-19 -6.162886E-01  0.000000E+00
  1.744992E+00  9.525126E-02  5.000000E-01  3.705854E-01  2.001764E-02  0.000000E+00  1.488830E-02  6.392310E-04  1.434497E-19 -6.179526E-01  0.000000E+00
  1.711843E+00  9.381560E-02  5.000000E-01  3.635455E-01  1.971274E-02  0.000000E+00  1.492036E-02  6.508197E-04  1.684305E-19 -6.191866E-01  0.000000E+00
  1.678692E+00  9.235486E-02  5.000000E-01  3.565049E-01  1.940252E-02  0.000000E+00  1.494205E-02  6.637036E-04 -1.911398E-19 -6.199798E-01  0.000000E+00
  1.645539E+00  9.086604E-02  5.000000E-01  3.494640E-01  1.908633E-02  0.000000E+00  1.495193E-02  6.779438E-04 -4.839165E-19 -6.202876E-01  0.000000E+00
  1.612385E+00  8.934423E-02  5.000000E-01  3.424230E-01  1.876313E-02  0.000000E+00  1.494879E-02  6.938153E-04 -3.450169E-19 -6.200507E-01  0.000000E+00
  1.579236E+00  8.778488E-02  5.000000E-01  3.353830E-01  1.843196E-02  0.000000E+00  1.493181E-02  7.112554E-04 -8.803740E-20 -6.193221E-01  0.000000E+00
  1.546090E+00  8.618224E-02  5.000000E-01  3.283435E-01  1.809160E-02  0.000000E+00  1.490034E-02  7.282444E-04 -1.193806E-19 -6.184841E-01  0.000000E+00
  1.512946E+00  8.454025E-02  5.000000E-01  3.213046E-01  1.774288E-02  0.000000E+00  1.485710E-02  7.419529E-04  2.014474E-19 -6.181191E-01  0.000000E+00
  1.479807E+00  8.286738E-02  5.000000E-01  3.142666E-01  1.738761E-02  0.000000E+00  1.481074E-02  7.518425E-04  2.747052E-19 -6.186169E-01  0.000000E+00
  1.446672E+00  8.117134E-02  5.000000E-01  3.072296E-01  1.702741E-02  0.000000E+00  1.477135E-02  7.585749E-04 -1.365114E-19 -6.201729E-01  0.000000E+00
  1.413540E+00  7.945974E-02  5.000000E-01  3.001932E-01  1.666391E-02  0.000000E+00  1.474649E-02  7.628329E-04 -1.729516E-19 -6.228456E-01  0.000000E+00
  1.380413E+00  7.773937E-02  5.000000E-01  2.931579E-01  1.629854E-02  0.000000E+00  1.474002E-02  7.652982E-04 -5.135509E-21 -6.265729E-01  0.000000E+00
  1.347294E+00  7.601592E-02  5.000000E-01  2.861242E-01  1.593252E-02  0.000000E+00  1.475221E-02  7.664232E-04  9.261238E-20 -6.312382E-01  0.000000E+00
  1.314179E+00  7.429397E-02  5.000000E-01  2.790914E-01  1.556683E-02  0.000000E+00  1.478099E-02  7.663463E-04 -1.767320E-19 -6.367172E-01  0.000000E+00
  1.281074E+00  7.257829E-02  5.000000E-01  2.720606E-01  1.520246E-02  0.000000E+00  1.482357E-02  7.652464E-04 -4.101033E-19 -6.428787E-01  0.000000E+00
  1.247974E+00  7.087186E-02  5.000000E-01  2.650310E-01  1.484005E-02  0.000000E+00  1.487711E-02  7.631437E-04 -9.882058E-19 -6.496233E-01  0.000000E+00
  1.214880E+00  6.917841E-02  5.000000E-01  2.580028E-01  1.448041E-02  0.000000E+00  1.493933E-02  7.600858E-04 -1.664289E-18 -6.568696E-01  0.000000E+00
  1.181795E+00  6.750045E-02  5.000000E-01  2.509763E-01  1.412405E-02  0.000000E+00  1.500878E-02  7.563319E-04 -1.758945E-18 -6.645392E-01  0.000000E+00
  1.148718E+00  6.583989E-02  5.000000E-01  2.439516E-01  1.377139E-02  0.000000E+00  1.508417E-02  7.518547E-04 -1.313902E-18 -6.725980E-01  0.000000E+00
  1.115646E+00  6.419883E-02  5.000000E-01  2.369279E-01  1.342287E-02  0.000000E+00  1.516483E-02  7.466129E-04 -9.876496E-19 -6.810244E-01  0.000000E+00
  1.082583E+00  6.257935E-02  5.000000E-01  2.299061E-01  1.307893E-02  0.000000E+00  1.525085E-02  7.407643E-04 -9.430281E-19 -6.897860E-01  0.000000E+00
  1.049524E+00  6.098266E-02  5.000000E-01  2.228852E-01  1.273983E-02  0.000000E+00  1.534265E-02  7.344198E-04 -5.291971E-19 -6.988647E-01  0.000000E+00
  1.016475E+00  5.941051E-02  5.000000E-01  2.158664E-01  1.240594E-02  0.000000E+00  1.544089E-02  7.275799E-04 -7.504148E-19 -7.082778E-01  0.000000E+00
  9.834318E-01  5.786370E-02  5.000000E-01  2.088488E-01  1.207744E-02  0.000000E+00  1.554578E-02  7.194767E-04 -1.517959E-18 -7.181386E-01  0.000000E+00
  9.503976E-01  5.634733E-02  5.000000E-01  2.018331E-01  1.175540E-02  0.000000E+00  1.565838E-02  7.094605E-04 -1.583621E-18 -7.285293E-01  0.000000E+00
  9.173728E-01  5.486572E-02  5.000000E-01  1.948195E-01  1.144074E-02  0.000000E+00  1.578113E-02  6.984540E-04 -1.371105E-18 -7.393191E-01  0.000000E+00
  8.843598E-01  5.341983E-02  5.000000E-01  1.878083E-01  1.113367E-02  0.000000E+00  1.591484E-02  6.880722E-04 -9.099185E-19 -7.502397E-01  0.000000E+00
  8.513623E-01  5.200713E-02  5.000000E-01  1.808005E-01  1.083365E-02  0.000000E+00  1.605681E-02  6.795380E-04 -3.989848E-19 -7.610280E-01  0.000000E+00
  8.183794E-01  5.062283E-02  5.000000E-01  1.737957E-01  1.053966E-02  0.000000E+00  1.620186E-02  6.734156E-04 -8.632684E-19 -7.715120E-01  0.000000E+00
  7.854121E-01  4.926126E-02  5.000000E-01  1.667943E-01  1.025049E-02  0.000000E+00  1.634486E-02  6.699034E-04 -1.285459E-18 -7.816148E-01  0.000000E+00
  7.524593E-01  4.791628E-02  5.000000E-01  1.597959E-01  9.964853E-03  0.000000E+00  1.648243E-02  6.690297E-04 -9.689954E-19 -7.913285E-01  0.000000E+00
  7.195226E-01  4.658196E-02  5.000000E-01  1.528009E-01  9.681475E-03  0.000000E+00  1.661331E-02  6.708789E-04 -7.455913E-19 -8.006762E-01  0.000000E+00
  6.866079E-01  4.525227E-02  5.000000E-01  1.458107E-01  9.399082E-03  0.000000E+00  1.673756E-02  6.756996E-04 -6.224464E-19 -8.096878E-01  0.000000E+00
  6.537221E-01  4.392081E-02  5.000000E-01  1.388265E-01  9.116313E-03  0.000000E+00  1.685531E-02  6.836777E-04 -3.916956E-19 -8.184125E-01  0.000000E+00
  6.208691E-01  4.258104E-02  5.000000E-01  1.318494E-01  8.831778E-03  0.000000E+00  1.696607E-02  6.947888E-04 -6.026050E-19 -8.269420E-01  0.000000E+00
  5.880524E-01  4.122673E-02  5.000000E-01  1.248799E-01  8.544157E-03  0.000000E+00  1.706894E-02  7.087821E-04 -1.024468E-18 -8.354135E-01  0.000000E+00
  5.552711E-01  3.985226E-02  5.000000E-01  1.179180E-01  8.252254E-03  0.000000E+00  1.716323E-02  7.252672E-04 -1.260059E-18 -8.439917E-01  0.000000E+00
  5.225283E-01  3.845307E-02  5.000000E-01  1.109642E-01  7.955099E-03  0.000000E+00  1.724854E-02  7.439937E-04 -1.934796E-18 -8.528503E-01  0.000000E+00
  4.898261E-01  3.702457E-02  5.000000E-01  1.040191E-01  7.651722E-03  0.000000E+00  1.732401E-02  7.646921E-04 -2.780070E-18 -8.621938E-01  0.000000E+00
  4.571624E-01  3.556290E-02  5.000000E-01  9.708209E-02  7.341298E-03  0.000000E+00  1.738780E-02  7.868696E-04 -2.910662E-18 -8.722696E-01  0.000000E+00
  4.245350E-01  3.406487E-02  5.000000E-01  9.015283E-02  7.023153E-03  0.000000E+00  1.743712E-02  8.098663E-04 -2.730006E-18 -8.833320E-01  0.000000E+00
  3.919369E-01  3.252831E-02  5.000000E-01  8.322981E-02  6.696825E-03  0.000000E+00  1.746773E-02  8.331216E-04 -2.170157E-18 -8.955681E-01  0.000000E+00
  3.593832E-01  3.095224E-02  5.000000E-01  7.631620E-02  6.362108E-03  0.000000E+00  1.747264E-02  8.568976E-04 -4.615666E-19 -9.090047E-01  0.000000E+00
  3.269046E-01  2.933405E-02  5.000000E-01  6.941854E-02  6.018444E-03  0.000000E+00  1.743931E-02  8.826867E-04  2.928502E-18 -9.235032E-01  0.000000E+00
  2.945750E-01  2.766777E-02  5.000000E-01  6.255252E-02  5.664567E-03  0.000000E+00  1.734784E-02  9.123966E-04  8.267064E-18 -9.389346E-01  0.000000E+00
  2.624265E-01  2.593883E-02  5.000000E-01  5.572497E-02  5.297383E-03  0.000000E+00  1.717354E-02  9.454125E-04  9.812142E-18 -9.555826E-01  0.000000E+00
  2.304268E-01  2.413233E-02  5.000000E-01  4.892903E-02  4.913726E-03  0.000000E+00  1.690307E-02  9.793845E-04 -1.418761E-17 -9.742922E-01  0.000000E+00
  1.986088E-01  2.223825E-02  5.000000E-01  4.217166E-02  4.511470E-03  0.000000E+00  1.655327E-02  1.012786E-03 -9.865665E-17 -9.966214E-01  0.000000E+00
  1.669282E-01  2.023992E-02  5.000000E-01  3.544349E-02  4.087073E-03  0.000000E+00  1.617131E-02  1.039710E-03 -2.406632E-16 -1.025679E+00  0.000000E+00
  1.350509E-01  1.813773E-02  5.000000E-01  2.867354E-02  3.640621E-03  0.000000E+00  1.586055E-02  1.072266E-03 -2.486265E-16 -1.063950E+00  0.000000E+00
  1.043791E-01  1.601100E-02  5.000000E-01  2.215959E-02  3.188956E-03  0.000000E+00  1.578055E-02  1.171103E-03  4.612934E-16 -1.109839E+00  0.000000E+00
  7.632629E-02  1.378830E-02  5.000000E-01  1.620187E-02  2.716909E-03  0.000000E+00  1.596139E-02  1.375477E-03  2.608115E-15 -1.163350E+00  0.000000E+00
  5.118571E-02  1.142656E-02  5.000000E-01  1.086263E-02  2.215334E-03  0.000000E+00  1.636569E-02  1.712938E-03  4.869435E-15 -1.224829E+00  0.000000E+00
  3.264831E-02  9.301538E-03  5.000000E-01  6.925739E-03  1.764031E-03  0.000000E+00  1.743877E-02  2.358828E-03 -1.737930E-15 -1.283821E+00  0.000000E+00
  2.051015E-02  7.445170E-03  5.000000E-01  4.347893E-03  1.369784E-03  0.000000E+00  2.021916E-02  3.633458E-03 -3.744769E-14 -1.332953E+00  0.000000E+00
  1.247723E-02  5.809255E-03  5.000000E-01  2.641898E-03  1.022356E-03  0.000000E+00  2.664315E-02  6.240718E-03 -1.169924E-13 -1.378285E+00  0.000000E+00
  7.055255E-03  4.400934E-03  5.000000E-01  1.490404E-03  7.232630E-04  0.000000E+00  4.082336E-02  1.258421E-02 -1.916073E-13 -1.412517E+00  0.000000E+00
  3.418635E-03  3.166894E-03  5.000000E-01  7.180754E-04  4.611834E-04  0.000000E+00  6.644395E-02  2.872276E-02 -8.625375E-14 -1.381883E+00  0.000000E+00
  1.108798E-03  2.034471E-03  5.000000E-01  2.275226E-04  2.206846E-04  0.000000E+00  8.108560E-02  6.212185E-02  2.978959E-13 -1.108955E+00  0.000000E+00
  3.747479E-05  9.953463E-04  5.000000E-01  0.000000E+00  0.000000E+00  0.000000E+00  2.626089E-02  1.095693E-01  6.761568E-13 -1.608280E-03  0.000000E+00
  3.747479E-05  9.953463E-04  5.000000E-01  0.000000E+00  0.000000E+00  0.000000E+00  2.626089E-02  1.095693E-01  6.761568E-13 -1.608280E-03  0.000000E+00
  2.534065E-04 -1.071270E-05  5.000000E-01  4.585858E-05 -2.136622E-04  0.000000E+00 -3.444485E-02  8.100580E-02  6.139551E-13  1.096545E+00  0.000000E+00
  1.848580E-03 -1.008115E-03  5.000000E-01  3.846343E-04 -4.254859E-04  0.000000E+00 -2.707014E-02  1.528623E-02  2.973349E-13  1.203235E+00  0.000000E+00
  4.867645E-03 -1.979206E-03  5.000000E-01  1.025809E-03 -6.317218E-04  0.000000E+00 -3.780544E-03  1.335987E-03  9.237292E-14  1.032383E+00  0.000000E+00
  9.380877E-03 -2.951651E-03  5.000000E-01  1.984309E-03 -8.382452E-04  0.000000E+00  8.732569E-03 -1.501378E-03 -5.451515E-15  9.365746E-01  0.000000E+00
  1.589077E-02 -3.967162E-03  5.000000E-01  3.366850E-03 -1.053915E-03  0.000000E+00  1.344932E-02 -1.773346E-03 -2.871816E-14  8.546387E-01  0.000000E+00
  2.547297E-02 -5.039407E-03  5.000000E-01  5.401873E-03 -1.281633E-03  0.000000E+00  1.417700E-02 -1.334471E-03 -1.999129E-14  7.720510E-01  0.000000E+00
  3.989163E-02 -6.133154E-03  5.000000E-01  8.464043E-03 -1.513918E-03  0.000000E+00  1.333289E-02 -8.338062E-04 -7.107233E-15  6.961160E-01  0.000000E+00
  6.092142E-02 -7.141158E-03  5.000000E-01  1.293025E-02 -1.727993E-03  0.000000E+00  1.226266E-02 -4.958095E-04 -1.607674E-16  6.351801E-01  0.000000E+00
  8.832839E-02 -8.022259E-03  5.000000E-01  1.875082E-02 -1.915118E-03  0.000000E+00  1.150004E-02 -3.313609E-04  1.342682E-15  5.921973E-01  0.000000E+00
  1.189914E-01 -8.799504E-03  5.000000E-01  2.526288E-02 -2.080185E-03  0.000000E+00  1.111131E-02 -2.707635E-04  7.829165E-16  5.631433E-01  0.000000E+00
  1.511926E-01 -9.555617E-03  5.000000E-01  3.210162E-02 -2.240765E-03  0.000000E+00  1.100281E-02 -2.613213E-04  1.968721E-16  5.428223E-01  0.000000E+00
  1.838450E-01 -1.034538E-02  5.000000E-01  3.903620E-02 -2.408491E-03  0.000000E+00  1.105417E-02 -2.732028E-04 -1.591317E-17  5.268365E-01  0.000000E+00
  2.165049E-01 -1.117562E-02  5.000000E-01  4.597235E-02 -2.584814E-03  0.000000E+00  1.116135E-02 -2.894799E-04 -3.431413E-17  5.129504E-01  0.000000E+00
  2.491496E-01 -1.204245E-02  5.000000E-01  5.290529E-02 -2.768908E-03  0.000000E+00  1.125893E-02 -3.067075E-04 -1.358441E-17  5.013820E-01  0.000000E+00
  2.819003E-01 -1.295916E-02  5.000000E-01  5.986073E-02 -2.963595E-03  0.000000E+00  1.131868E-02 -3.275374E-04 -1.755358E-18  4.925736E-01  0.000000E+00
  3.147601E-01 -1.394407E-02  5.000000E-01  6.683936E-02 -3.172764E-03  0.000000E+00  1.133628E-02 -3.535657E-04  8.968969E-19  4.859711E-01  0.000000E+00
  3.477303E-01 -1.501616E-02  5.000000E-01  7.384141E-02 -3.400451E-03  0.000000E+00  1.131961E-02 -3.849034E-04  7.839653E-19  4.806828E-01  0.000000E+00
  3.807756E-01 -1.619286E-02  5.000000E-01  8.085941E-02 -3.650353E-03  0.000000E+00  1.127952E-02 -4.203512E-04  2.462284E-19  4.760499E-01  0.000000E+00
  4.138291E-01 -1.748354E-02  5.000000E-01  8.787916E-02 -3.924462E-03  0.000000E+00  1.122423E-02 -4.578547E-04  6.206162E-20  4.717246E-01  0.000000E+00
  4.468689E-01 -1.889279E-02  5.000000E-01  9.489601E-02 -4.223751E-03  0.000000E+00  1.115927E-02 -4.964704E-04  3.873180E-20  4.676880E-01  0.000000E+00
  4.799091E-01 -2.042707E-02  5.000000E-01  1.019129E-01 -4.549595E-03  0.000000E+00  1.108912E-02 -5.366376E-04 -3.793796E-19  4.640343E-01  0.000000E+00
  5.129612E-01 -2.209491E-02  5.000000E-01  1.089324E-01 -4.903804E-03  0.000000E+00  1.101804E-02 -5.791645E-04  1.159682E-19  4.607392E-01  0.000000E+00
  5.460360E-01 -2.390686E-02  5.000000E-01  1.159567E-01 -5.288617E-03  0.000000E+00  1.095034E-02 -6.247807E-04  1.171103E-18  4.576604E-01  0.000000E+00
  5.791347E-01 -2.587438E-02  5.000000E-01  1.229860E-01 -5.706470E-03  0.000000E+00  1.089024E-02 -6.739908E-04  6.325208E-19  4.546102E-01  0.000000E+00
  6.122565E-01 -2.800908E-02  5.000000E-01  1.300203E-01 -6.159827E-03  0.000000E+00  1.084179E-02 -7.271686E-04  7.206292E-19  4.514091E-01  0.000000E+00
  6.454013E-01 -3.032269E-02  5.000000E-01  1.370594E-01 -6.651181E-03  0.000000E+00  1.080905E-02 -7.847807E-04  4.749589E-19  4.479057E-01  0.000000E+00
  6.785693E-01 -3.282723E-02  5.000000E-01  1.441035E-01 -7.183083E-03  0.000000E+00  1.079602E-02 -8.473588E-04 -8.970264E-19  4.439496E-01  0.000000E+00
  7.117575E-01 -3.553424E-02  5.000000E-01  1.511518E-01 -7.757987E-03  0.000000E+00  1.080643E-02 -9.152172E-04 -8.980023E-19  4.393549E-01  0.000000E+00
  7.449560E-01 -3.845284E-02  5.000000E-01  1.582024E-01 -8.377824E-03  0.000000E+00  1.084337E-02 -9.883237E-04 -1.515602E-18  4.339140E-01  0.000000E+00
  7.781569E-01 -4.158916E-02  5.000000E-01  1.652534E-01 -9.043902E-03  0.000000E+00  1.090932E-02 -1.066463E-03 -9.334526E-19  4.274485E-01  0.000000E+00
  8.113578E-01 -4.494666E-02  5.000000E-01  1.723045E-01 -9.756953E-03  0.000000E+00  1.100594E-02 -1.149306E-03  5.200173E-19  4.198184E-01  0.000000E+00
  8.445597E-01 -4.852563E-02  5.000000E-01  1.793558E-01 -1.051704E-02  0.000000E+00  1.113321E-02 -1.236179E-03 -3.408269E-19  4.109057E-01  0.000000E+00
  8.777625E-01 -5.232207E-02  5.000000E-01  1.864072E-01 -1.132331E-02  0.000000E+00  1.128818E-02 -1.325550E-03 -9.925286E-19  4.006041E-01  0.000000E+00
  9.109638E-01 -5.632549E-02  5.000000E-01  1.934584E-01 -1.217354E-02  0.000000E+00  1.146408E-02 -1.414755E-03 -1.599930E-18  3.888679E-01  0.000000E+00
  9.441676E-01 -6.051914E-02  5.000000E-01  2.005100E-01 -1.306416E-02  0.000000E+00  1.165097E-02 -1.499985E-03 -4.988912E-19  3.757863E-01  0.000000E+00
  9.773746E-01 -6.487808E-02  5.000000E-01  2.075624E-01 -1.398990E-02  0.000000E+00  1.183772E-02 -1.576565E-03  1.321266E-18  3.615550E-01  0.000000E+00
  1.010583E+00 -6.936749E-02  5.000000E-01  2.146150E-01 -1.494334E-02  0.000000E+00  1.201708E-02 -1.642855E-03 -1.109877E-18  3.466502E-01  0.000000E+00
  1.043798E+00 -7.396110E-02  5.000000E-01  2.216690E-01 -1.591891E-02  0.000000E+00  1.219016E-02 -1.703459E-03 -3.361343E-19  3.318376E-01  0.000000E+00
  1.077015E+00 -7.865310E-02  5.000000E-01  2.287236E-01 -1.691537E-02  0.000000E+00  1.236219E-02 -1.763033E-03 -6.524625E-19  3.173209E-01  0.000000E+00
  1.110238E+00 -8.343979E-02  5.000000E-01  2.357793E-01 -1.793195E-02  0.000000E+00  1.253745E-02 -1.822426E-03 -1.463068E-18  3.026115E-01  0.000000E+00
  1.143462E+00 -8.831533E-02  5.000000E-01  2.428354E-01 -1.896739E-02  0.000000E+00  1.271962E-02 -1.881712E-03  1.251386E-20  2.872887E-01  0.000000E+00
  1.176693E+00 -9.327448E-02  5.000000E-01  2.498927E-01 -2.002059E-02  0.000000E+00  1.291194E-02 -1.940902E-03  1.780807E-19  2.711808E-01  0.000000E+00
  1.209925E+00 -9.830944E-02  5.000000E-01  2.569505E-01 -2.108990E-02  0.000000E+00  1.311652E-02 -1.999543E-03  1.076796E-18  2.542101E-01  0.000000E+00
  1.243158E+00 -1.034103E-01  5.000000E-01  2.640083E-01 -2.217320E-02  0.000000E+00  1.333451E-02 -2.057145E-03 -1.165058E-18  2.363377E-01  0.000000E+00
  1.276395E+00 -1.085675E-01  5.000000E-01  2.710670E-01 -2.326846E-02  0.000000E+00  1.356631E-02 -2.113108E-03 -2.709996E-18  2.175204E-01  0.000000E+00
  1.309630E+00 -1.137680E-01  5.000000E-01  2.781253E-01 -2.437292E-02  0.000000E+00  1.381159E-02 -2.166424E-03 -2.851221E-18  1.976849E-01  0.000000E+00
  1.342868E+00 -1.189982E-01  5.000000E-01  2.851842E-01 -2.548368E-02  0.000000E+00  1.406986E-02 -2.216325E-03 -3.633320E-18  1.768119E-01  0.000000E+00
  1.376108E+00 -1.242440E-01  5.000000E-01  2.922435E-01 -2.659776E-02  0.000000E+00  1.434004E-02 -2.261727E-03 -2.812953E-18  1.548788E-01  0.000000E+00
  1.409347E+00 -1.294879E-01  5.000000E-01  2.993027E-01 -2.771143E-02  0.000000E+00  1.462031E-02 -2.301294E-03 -9.055976E-19  1.318749E-01  0.000000E+00
  1.442589E+00 -1.347131E-01  5.000000E-01  3.063625E-01 -2.882114E-02  0.000000E+00  1.490828E-02 -2.333862E-03 -2.182900E-18  1.078507E-01  0.000000E+00
  1.475831E+00 -1.399008E-01  5.000000E-01  3.134222E-01 -2.992288E-02  0.000000E+00  1.520062E-02 -2.357976E-03 -9.576217E-19  8.286220E-02  0.000000E+00
  1.509072E+00 -1.450315E-01  5.000000E-01  3.204819E-01 -3.101252E-02  0.000000E+00  1.549342E-02 -2.372122E-03 -5.399865E-19  5.699092E-02  0.000000E+00
  1.542314E+00 -1.500853E-01  5.000000E-01  3.275416E-01 -3.208581E-02  0.000000E+00  1.578337E-02 -2.375335E-03 -2.514381E-18  3.037684E-02  0.000000E+00
  1.575558E+00 -1.550431E-01  5.000000E-01  3.346018E-01 -3.313873E-02  0.000000E+00  1.606866E-02 -2.367406E-03 -9.201406E-19  3.178961E-03  0.000000E+00
  1.608800E+00 -1.598864E-01  5.000000E-01  3.416615E-01 -3.416734E-02  0.000000E+00  1.634991E-02 -2.349461E-03 -2.265480E-19 -2.443114E-02  0.000000E+00
  1.642044E+00 -1.646031E-01  5.000000E-01  3.487219E-01 -3.516903E-02  0.000000E+00  1.662876E-02 -2.322570E-03 -6.306658E-19 -5.240546E-02  0.000000E+00
  1.675286E+00 -1.691789E-01  5.000000E-01  3.557815E-01 -3.614084E-02  0.000000E+00  1.690599E-02 -2.286504E-03  2.371681E-19 -8.087044E-02  0.000000E+00
  1.708526E+00 -1.736011E-01  5.000000E-01  3.628410E-01 -3.707998E-02  0.000000E+00  1.718176E-02 -2.240806E-03  1.024050E-18 -1.099395E-01  0.000000E+00
  1.741762E+00 -1.778553E-01  5.000000E-01  3.698996E-01 -3.798349E-02  0.000000E+00  1.745555E-02 -2.184759E-03  8.276200E-19 -1.396801E-01  0.000000E+00
  1.774995E+00 -1.819271E-01  5.000000E-01  3.769573E-01 -3.884822E-02  0.000000E+00  1.772704E-02 -2.118152E-03  2.092046E-20 -1.700658E-01  0.000000E+00
  1.808227E+00 -1.858038E-01  5.000000E-01  3.840150E-01 -3.967154E-02  0.000000E+00  1.799585E-02 -2.040767E-03  9.819296E-20 -2.010604E-01  0.000000E+00
  1.841453E+00 -1.894706E-01  5.000000E-01  3.910714E-01 -4.045028E-02  0.000000E+00  1.826134E-02 -1.952034E-03  3.272892E-19 -2.326705E-01  0.000000E+00
  1.874678E+00 -1.929141E-01  5.000000E-01  3.981276E-01 -4.118160E-02  0.000000E+00  1.852338E-02 -1.851783E-03 -6.941166E-20 -2.648778E-01  0.000000E+00
  1.907900E+00 -1.961204E-01  5.000000E-01  4.051830E-01 -4.186255E-02  0.000000E+00  1.878180E-02 -1.739731E-03  9.257258E-19 -2.976729E-01  0.000000E+00
  1.941118E+00 -1.990756E-01  5.000000E-01  4.122377E-01 -4.249016E-02  0.000000E+00  1.903556E-02 -1.615495E-03  8.945745E-19 -3.310381E-01  0.000000E+00
  1.974334E+00 -2.017659E-01  5.000000E-01  4.192919E-01 -4.306150E-02  0.000000E+00  1.928150E-02 -1.478935E-03  1.227999E-18 -3.649001E-01  0.000000E+00
  2.007549E+00 -2.041786E-01  5.000000E-01  4.263460E-01 -4.357389E-02  0.000000E+00  1.951150E-02 -1.329481E-03  2.133777E-18 -3.991474E-01  0.000000E+00
  2.040760E+00 -2.062997E-01  5.000000E-01  4.333993E-01 -4.402437E-02  0.000000E+00  1.971174E-02 -1.166243E-03  2.091597E-18 -4.335569E-01  0.000000E+00
  2.073970E+00 -2.081159E-01  5.000000E-01  4.404522E-01 -4.441010E-02  0.000000E+00  1.986626E-02 -9.895144E-04  1.595302E-18 -4.676567E-01  0.000000E+00
  2.107177E+00 -2.096149E-01  5.000000E-01  4.475046E-01 -4.472845E-02  0.000000E+00  1.996566E-02 -8.039240E-04  1.355746E-18 -5.005815E-01  0.000000E+00
  2.140379E+00 -2.107957E-01  5.000000E-01  4.545558E-01 -4.497922E-02  0.000000E+00  2.001359E-02 -6.188536E-04  1.286969E-18 -5.312325E-01  0.000000E+00
  2.173577E+00 -2.116734E-01  5.000000E-01  4.616063E-01 -4.516562E-02  0.000000E+00  2.001804E-02 -4.406126E-04  1.177931E-18 -5.590461E-01  0.000000E+00
  2.206768E+00 -2.122625E-01  5.000000E-01  4.686553E-01 -4.529073E-02  0.000000E+00  1.998533E-02 -2.708005E-04  1.309214E-18 -5.840981E-01  0.000000E+00
  2.239954E+00 -2.125783E-01  5.000000E-01  4.757033E-01 -4.535780E-02  0.000000E+00  1.992206E-02 -1.102733E-04  1.598106E-18 -6.066312E-01  0.000000E+00
  2.273134E+00 -2.126353E-01  5.000000E-01  4.827498E-01 -4.536989E-02  0.000000E+00  1.983384E-02  4.034115E-05  1.815965E-18 -6.268776E-01  0.000000E+00
  2.306309E+00 -2.124486E-01  5.000000E-01  4.897953E-01 -4.533025E-02  0.000000E+00  1.972391E-02  1.806122E-04  1.570598E-18 -6.449947E-01  0.000000E+00
  2.339476E+00 -2.120330E-01  5.000000E-01  4.968392E-01 -4.524199E-02  0.000000E+00  1.959259E-02  3.103719E-04  7.937986E-19 -6.610602E-01  0.000000E+00
  2.372638E+00 -2.114029E-01  5.000000E-01  5.038821E-01 -4.510816E-02  0.000000E+00  1.944006E-02  4.284229E-04 -1.060502E-19 -6.749826E-01  0.000000E+00
  2.405805E+00 -2.105759E-01  5.000000E-01  5.109259E-01 -4.493253E-02  0.000000E+00  1.926661E-02  5.329743E-04 -8.642543E-19 -6.865808E-01  0.000000E+00
  2.438976E+00 -2.095724E-01  5.000000E-01  5.179706E-01 -4.471942E-02  0.000000E+00  1.906953E-02  6.233371E-04 -8.146553E-19 -6.957699E-01  0.000000E+00
  2.472150E+00 -2.084119E-01  5.000000E-01  5.250160E-01 -4.447296E-02  0.000000E+00  1.884471E-02  6.993429E-04 -7.582589E-19 -7.025130E-01  0.000000E+00
  2.505329E+00 -2.071145E-01  5.000000E-01  5.320624E-01 -4.419741E-02  0.000000E+00  1.859174E-02  7.607926E-04 -5.620843E-19 -7.067584E-01  0.000000E+00
  2.538512E+00 -2.057006E-01  5.000000E-01  5.391097E-01 -4.389714E-02  0.000000E+00  1.831903E-02  8.082436E-04  2.258860E-19 -7.085572E-01  0.000000E+00
  2.571700E+00 -2.041900E-01  5.000000E-01  5.461579E-01 -4.357633E-02  0.000000E+00  1.804945E-02  8.428462E-04  9.216768E-19 -7.081975E-01  0.000000E+00
  2.604894E+00 -2.026042E-01  5.000000E-01  5.532074E-01 -4.323954E-02  0.000000E+00  1.782022E-02  8.679626E-04  1.684483E-18 -7.065136E-01  0.000000E+00
  2.638090E+00 -2.009609E-01  5.000000E-01  5.602575E-01 -4.289054E-02  0.000000E+00  1.767526E-02  8.942660E-04  2.049348E-18 -7.053373E-01  0.000000E+00
  2.671292E+00 -1.992513E-01  5.000000E-01  5.673087E-01 -4.252746E-02  0.000000E+00  1.767343E-02  9.366791E-04  2.240945E-18 -7.068358E-01  0.000000E+00
  2.704497E+00 -1.974482E-01  5.000000E-01  5.743608E-01 -4.214453E-02  0.000000E+00  1.789631E-02  1.006026E-03  2.306999E-18 -7.121697E-01  0.000000E+00
  2.737708E+00 -1.955246E-01  5.000000E-01  5.814140E-01 -4.173600E-02  0.000000E+00  1.838409E-02  1.108110E-03  1.235595E-18 -7.213952E-01  0.000000E+00
  2.770923E+00 -1.934531E-01  5.000000E-01  5.884680E-01 -4.129606E-02  0.000000E+00  1.897173E-02  1.237269E-03 -1.245090E-18 -7.340459E-01  0.000000E+00
  2.804143E+00 -1.912063E-01  5.000000E-01  5.955230E-01 -4.081891E-02  0.000000E+00  1.910620E-02  1.356054E-03 -3.907034E-18 -7.487393E-01  0.000000E+00
  2.837367E+00 -1.887575E-01  5.000000E-01  6.025790E-01 -4.029885E-02  0.000000E+00  1.792795E-02  1.384602E-03 -4.879887E-18 -7.594242E-01  0.000000E+00
  2.870594E+00 -1.860794E-01  5.000000E-01  6.096356E-01 -3.973009E-02  0.000000E+00  1.491672E-02  1.247394E-03 -3.515620E-18 -7.483225E-01  0.000000E+00
  2.903823E+00 -1.831449E-01  5.000000E-01  6.166926E-01 -3.910686E-02  0.000000E+00  1.067092E-02  9.634194E-04 -1.862726E-18 -6.874290E-01  0.000000E+00
  2.937051E+00 -1.799244E-01  5.000000E-01  6.237496E-01 -3.842291E-02  0.000000E+00  6.715906E-03  6.621242E-04 -1.048321E-18 -5.610350E-01  0.000000E+00
  2.970283E+00 -1.763907E-01  5.000000E-01  6.308072E-01 -3.767245E-02  0.000000E+00  4.230357E-03  4.708663E-04 -1.233450E-18 -3.934964E-01  0.000000E+00
  3.003515E+00 -1.725163E-01  5.000000E-01  6.378649E-01 -3.684960E-02  0.000000E+00  3.267250E-03  4.132677E-04  6.592002E-19 -2.441819E-01  0.000000E+00
  3.036751E+00 -1.682734E-01  5.000000E-01  6.449232E-01 -3.594852E-02  0.000000E+00  3.194310E-03  4.378341E-04  2.029799E-18 -1.597290E-01  0.000000E+00
  3.069988E+00 -1.636363E-01  5.000000E-01  6.519820E-01 -3.496371E-02  0.000000E+00  3.363552E-03  4.893577E-04  3.110405E-18 -1.345113E-01  0.000000E+00
  3.103226E+00 -1.585777E-01  5.000000E-01  6.590409E-01 -3.388938E-02  0.000000E+00  3.395459E-03  5.320724E-04  3.560612E-18 -1.275974E-01  0.000000E+00
  3.136469E+00 -1.530727E-01  5.000000E-01  6.661010E-01 -3.272026E-02  0.000000E+00  3.184288E-03  5.439081E-04  9.204567E-19 -1.072501E-01  0.000000E+00
  3.169712E+00 -1.471117E-01  5.000000E-01  6.731610E-01 -3.145429E-02  0.000000E+00  2.793099E-03  5.154913E-04 -6.944301E-19 -6.890529E-02  0.000000E+00
  3.202960E+00 -1.407772E-01  5.000000E-01  6.802220E-01 -3.010901E-02  0.000000E+00  2.331204E-03  4.541423E-04 -9.106435E-19 -2.347466E-02  0.000000E+00
  3.236210E+00 -1.341863E-01  5.000000E-01  6.872835E-01 -2.870925E-02  0.000000E+00  1.879741E-03  3.771956E-04 -6.615452E-19  1.891243E-02  0.000000E+00
  3.269464E+00 -1.274551E-01  5.000000E-01  6.943459E-01 -2.727972E-02  0.000000E+00  1.481680E-03  3.004778E-04 -8.349797E-19  5.536778E-02  0.000000E+00
  3.302721E+00 -1.206968E-01  5.000000E-01  7.014089E-01 -2.584441E-02  0.000000E+00  1.156953E-03  2.336668E-04 -1.942519E-18  8.720788E-02  0.000000E+00
  3.335981E+00 -1.140179E-01  5.000000E-01  7.084724E-01 -2.442598E-02  0.000000E+00  9.128924E-04  1.810342E-04 -2.499843E-18  1.158102E-01  0.000000E+00
  3.369247E+00 -1.075183E-01  5.000000E-01  7.155373E-01 -2.304562E-02  0.000000E+00  7.476863E-04  1.433166E-04 -1.626987E-18  1.415631E-01  0.000000E+00
  3.402518E+00 -1.012914E-01  5.000000E-01  7.226032E-01 -2.172318E-02  0.000000E+00  6.537716E-04  1.190674E-04  6.064898E-19  1.644828E-01  0.000000E+00
  3.435792E+00 -9.541904E-02  5.000000E-01  7.296699E-01 -2.047604E-02  0.000000E+00  6.226881E-04  1.058666E-04  5.617487E-19  1.847551E-01  0.000000E+00
  3.469073E+00 -8.997372E-02  5.000000E-01  7.367378E-01 -1.931959E-02  0.000000E+00  6.491205E-04  1.011965E-04 -3.384292E-18  2.027033E-01  0.000000E+00
  3.502353E+00 -8.501772E-02  5.000000E-01  7.438057E-01 -1.826706E-02  0.000000E+00  7.326251E-04  1.026601E-04 -5.456788E-18  2.185155E-01  0.000000E+00
  3.535630E+00 -8.060281E-02  5.000000E-01  7.508729E-01 -1.732944E-02  0.000000E+00  8.777017E-04  1.079725E-04 -2.222818E-18  2.321872E-01  0.000000E+00
  3.568904E+00 -7.676944E-02  5.000000E-01  7.579395E-01 -1.651533E-02  0.000000E+00  1.093384E-03  1.147232E-04  9.150610E-19  2.435539E-01  0.000000E+00
  3.602176E+00 -7.354736E-02  5.000000E-01  7.650057E-01 -1.583104E-02  0.000000E+00  1.392519E-03  1.199989E-04  6.253134E-20  2.522870E-01  0.000000E+00
  3.635446E+00 -7.095700E-02  5.000000E-01  7.720714E-01 -1.528091E-02  0.000000E+00  1.790329E-03  1.199069E-04 -6.358700E-19  2.578778E-01  0.000000E+00
  3.668713E+00 -6.901009E-02  5.000000E-01  7.791365E-01 -1.486743E-02  0.000000E+00  2.301951E-03  1.093327E-04 -6.769399E-20  2.597728E-01  0.000000E+00
  3.701976E+00 -6.771178E-02  5.000000E-01  7.862008E-01 -1.459171E-02  0.000000E+00  2.937963E-03  8.374344E-05  1.849890E-19  2.573727E-01  0.000000E+00
  3.735241E+00 -6.704110E-02  5.000000E-01  7.932655E-01 -1.444927E-02  0.000000E+00  3.695925E-03  4.501944E-05 -7.814695E-20  2.492551E-01  0.000000E+00
  3.768500E+00 -6.685658E-02  5.000000E-01  8.003288E-01 -1.441008E-02  0.000000E+00  4.555786E-03  2.529631E-06  6.595277E-21  2.342321E-01  0.000000E+00
  3.801751E+00 -6.697836E-02  5.000000E-01  8.073904E-01 -1.443595E-02  0.000000E+00  5.484558E-03 -3.308390E-05 -6.521394E-20  2.130122E-01  0.000000E+00
  3.834989E+00 -6.724636E-02  5.000000E-01  8.144495E-01 -1.449286E-02  0.000000E+00  6.441466E-03 -5.314522E-05 -2.749777E-19  1.872907E-01  0.000000E+00
  3.868211E+00 -6.752744E-02  5.000000E-01  8.215050E-01 -1.455256E-02  0.000000E+00  7.381556E-03 -5.055760E-05 -3.504750E-19  1.587105E-01  0.000000E+00
  3.901422E+00 -6.770973E-02  5.000000E-01  8.285582E-01 -1.459127E-02  0.000000E+00  8.261373E-03 -2.065393E-05 -1.155829E-19  1.288485E-01  0.000000E+00
  3.934617E+00 -6.770524E-02  5.000000E-01  8.356079E-01 -1.459031E-02  0.000000E+00  9.043857E-03  3.760595E-05  1.449565E-20  9.929322E-02  0.000000E+00
  3.967800E+00 -6.744648E-02  5.000000E-01  8.426552E-01 -1.453536E-02  0.000000E+00  9.700656E-03  1.218719E-04 -1.547698E-19  7.151592E-02  0.000000E+00
  4.000972E+00 -6.688338E-02  5.000000E-01  8.497000E-01 -1.441577E-02  0.000000E+00  1.021267E-02  2.272995E-04 -1.950167E-19  4.685656E-02  0.000000E+00
  4.034139E+00 -6.597997E-02  5.000000E-01  8.567440E-01 -1.422391E-02  0.000000E+00  1.056755E-02  3.482192E-04 -5.460448E-20  2.639733E-02  0.000000E+00
  4.067311E+00 -6.470520E-02  5.000000E-01  8.637889E-01 -1.395318E-02  0.000000E+00  1.075752E-02  4.781376E-04 -2.507658E-19  1.098721E-02  0.000000E+00
  4.100488E+00 -6.303579E-02  5.000000E-01  8.708348E-01 -1.359864E-02  0.000000E+00  1.077907E-02  6.091273E-04 -1.334407E-18  1.397396E-03  0.000000E+00
  4.133669E+00 -6.095687E-02  5.000000E-01  8.778818E-01 -1.315713E-02  0.000000E+00  1.063218E-02  7.330451E-04 -2.019600E-18 -1.815711E-03  0.000000E+00
  4.166856E+00 -5.845802E-02  5.000000E-01  8.849299E-01 -1.262643E-02  0.000000E+00  1.032154E-02  8.422401E-04 -1.524759E-18  1.629352E-03  0.000000E+00
  4.200049E+00 -5.553491E-02  5.000000E-01  8.919793E-01 -1.200564E-02  0.000000E+00  9.859459E-03  9.301780E-04 -6.395456E-19  1.167381E-02  0.000000E+00
  4.233242E+00 -5.218612E-02  5.000000E-01  8.990285E-01 -1.129444E-02  0.000000E+00  9.270693E-03  9.905502E-04 -2.110428E-18  2.800409E-02  0.000000E+00
  4.266405E+00 -4.843287E-02  5.000000E-01  9.060715E-01 -1.049734E-02  0.000000E+00  8.594990E-03  1.016905E-03 -3.717136E-18  5.008378E-02  0.000000E+00
  4.299502E+00 -4.433335E-02  5.000000E-01  9.131006E-01 -9.626701E-03  0.000000E+00  7.881286E-03  1.006618E-03  7.255528E-19  7.678682E-02  0.000000E+00
  4.332522E+00 -3.997847E-02  5.000000E-01  9.201132E-01 -8.701832E-03  0.000000E+00  7.175988E-03  9.647395E-04  4.519286E-18  1.060829E-01  0.000000E+00
  4.365472E+00 -3.546008E-02  5.000000E-01  9.271109E-01 -7.742236E-03  0.000000E+00  6.516871E-03  9.010258E-04  2.633974E-18  1.357286E-01  0.000000E+00
  4.398350E+00 -3.087731E-02  5.000000E-01  9.340935E-01 -6.768969E-03  0.000000E+00  5.933211E-03  8.246438E-04  1.857244E-18  1.641644E-01  0.000000E+00
  4.431155E+00 -2.633451E-02  5.000000E-01  9.410605E-01 -5.804190E-03  0.000000E+00  5.445625E-03  7.425358E-04 -2.447899E-19  1.905578E-01  0.000000E+00
  4.463888E+00 -2.194887E-02  5.000000E-01  9.480121E-01 -4.872787E-03  0.000000E+00  5.062547E-03  6.599866E-04 -1.514228E-18  2.142380E-01  0.000000E+00
  4.496579E+00 -1.781616E-02  5.000000E-01  9.549550E-01 -3.995101E-03  0.000000E+00  4.775192E-03  5.805177E-04  1.568952E-18  2.347150E-01  0.000000E+00
  4.529252E+00 -1.401004E-02  5.000000E-01  9.618938E-01 -3.186775E-03  0.000000E+00  4.552441E-03  5.053592E-04  1.616894E-18  2.519267E-01  0.000000E+00
  4.561929E+00 -1.057320E-02  5.000000E-01  9.688337E-01 -2.456875E-03  0.000000E+00  4.332876E-03  4.308226E-04 -1.241989E-19  2.650983E-01  0.000000E+00
  4.594574E+00 -7.552865E-03  5.000000E-01  9.757665E-01 -1.815430E-03  0.000000E+00  4.040010E-03  3.453416E-04 -1.211949E-18  2.740489E-01  0.000000E+00
  4.627203E+00 -4.990022E-03  5.000000E-01  9.826962E-01 -1.271145E-03  0.000000E+00  3.654311E-03  2.504729E-04 -3.753498E-19  2.863881E-01  0.000000E+00
  4.659162E+00 -2.964379E-03  5.000000E-01  9.894835E-01 -8.409482E-04  0.000000E+00  3.227705E-03  1.869684E-04  1.771823E-18  3.025607E-01  0.000000E+00
  4.689251E+00 -1.531335E-03  5.000000E-01  9.958737E-01 -5.366049E-04  0.000000E+00  2.695231E-03  1.383955E-04  5.965639E-18  2.673442E-01  0.000000E+00
  4.708680E+00 -8.655813E-04  5.000000E-01  9.999999E-01 -3.952153E-04  0.000000E+00  2.047813E-03 -6.448050E-06  6.250184E-18  1.577697E-01  0.000000E+00
    1    2
    2    3
    3    4
    4    5
    5    6
    6    7
    7    8
    8    9
    9   10
   10   11
   11   12
   12   13
   13   14
   14   15
   15   16
   16   17
   17   18
   18   19
   19   20
   20   21
   21   22
   22   23
   23   24
   24   25
   25   26
   26   27
   27   28
   28   29
   29   30
   30   31
   31   32
   32   33
   33   34
   34   35
   35   36
   36   37
   37   38
   38   39
   39   40
   40   41
   41   42
   42   43
   43   44
   44   45
   45   46
   46   47
   47   48
   48   49
   49   50
   50   51
   51   52
   52   53
   53   54
   54   55
   55   56
   56   57
   57   58
   58   59
   59   60
   60   61
   61   62
   62   63
   63   64
   64   65
   65   66
   66   67
   67   68
   68   69
   69   70
   70   71
   71   72
   72   73
   73   74
   74   75
   75   76
   76   77
   77   78
   78   79
   79   80
   80   81
   81   82
   82   83
   83   84
   84   85
   85   86
   86   87
   87   88
   88   89
   89   90
   90   91
   91   92
   92   93
   93   94
   94   95
   95   96
   96   97
   97   98
   98   99
   99  100
  100  101
  101  102
  102  103
  103  104
  104  105
  105  106
  106  107
  107  108
  108  109
  109  110
  110  111
  111  112
  112  113
  113  114
  114  115
  115  116
  116  117
  117  118
  118  119
  119  120
  120  121
  121  122
  122  123
  123  124
  124  125
  125  126
  126  127
  127  128
  128  129
  129  130
  130  131
  131  132
  132  133
  133  134
  134  135
  135  136
  136  137
  137  138
  138  139
  139  140
  140  141
  141  142
  142  143
  143  144
  144  145
  145  146
  146  147
  147  148
  148  149
  149  150
  151  152
  152  153
  153  154
  154  155
  155  156
  156  157
  157  158
  158  159
  159  160
  160  161
  161  162
  162  163
  163  164
  164  165
  165  166
  166  167
  167  168
  168  169
  169  170
  170  171
  171  172
  172  173
  173  174
  174  175
  175  176
  176  177
  177  178
  178  179
  179  180
  180  181
  181  182
  182  183
  183  184
  184  185
  185  186
  186  187
  187  188
  188  189
  189  190
  190  191
  191  192
  192  193
  193  194
  194  195
  195  196
  196  197
  197  198
  198  199
  199  200
  200  201
  201  202
  202  203
  203  204
  204  205
  205  206
  206  207
  207  208
  208  209
  209  210
  210  211
  211  212
  212  213
  213  214
  214  215
  215  216
  216  217
  217  218
  218  219
  219  220
  220  221
  221  222
  222  223
  223  224
  224  225
  225  226
  226  227
  227  228
  228  229
  229  230
  230  231
  231  232
  232  233
  233  234
  234  235
  235  236
  236  237
  237  238
  238  239
  239  240
  240  241
  241  242
  242  243
  243  244
  244  245
  245  246
  246  247
  247  248
  248  249
  249  250
  250  251
  251  252
  252  253
  253  254
  254  255
  255  256
  256  257
  257  258
  258  259
  259  260
  260  261
  261  262
  262  263
  263  264
  264  265
  265  266
  266  267
  267  268
  268  269
  269  270
  270  271
  271  272
  272  273
  273  274
  274  275
  275  276
  276  277
  277  278
  278  279
  279  280
  280  281
  281  282
  282  283
  283  284
  284  285
  285  286
  286  287
  287  288
  288  289
  289  290
  290  291
  291  292
  292  293
  293  294
  294  295
  295  296
  296  297
  297  298
  298  299
  299  300
