 Title = "ADflow Slice Data"
Variables =  "CoordinateX"  "CoordinateY"  "CoordinateZ"  "XoC"  "YoC"  "ZoC" "VelocityX" "VelocityY" "VelocityZ" "CoefPressure" "Mach" 
Zone T= "Slice_0001 None Absolute Regular z = 0.50000000"
 Nodes =          300  Elements=          298  ZONETYPE=FELINESEG
 DATAPACKING=POINT
  4.708680E+00 -4.657883E-04  5.000000E-01  1.000000E+00 -2.930186E-04  0.000000E+00  1.676588E-03 -9.195815E-05  4.045352E-18  1.635566E-01  0.000000E+00
  4.689187E+00  3.438059E-03  5.000000E-01  9.958601E-01  5.360625E-04  0.000000E+00  1.037129E-03 -1.662215E-04  1.348781E-18  7.419287E-02  0.000000E+00
  4.658673E+00  9.627033E-03  5.000000E-01  9.893797E-01  1.850449E-03  0.000000E+00  6.397805E-04 -1.526086E-04  3.841524E-19  9.103163E-02  0.000000E+00
  4.626256E+00  1.625176E-02  5.000000E-01  9.824952E-01  3.257378E-03  0.000000E+00  3.904581E-04 -8.203311E-05  1.435904E-18  8.134825E-02  0.000000E+00
  4.593146E+00  2.301717E-02  5.000000E-01  9.754635E-01  4.694184E-03  0.000000E+00  2.938156E-04 -5.377582E-05  3.778306E-18  5.632248E-02  0.000000E+00
  4.560031E+00  2.973848E-02  5.000000E-01  9.684306E-01  6.121625E-03  0.000000E+00  3.414327E-04 -6.851509E-05  2.466415E-18  3.732484E-02  0.000000E+00
  4.526891E+00  3.638369E-02  5.000000E-01  9.613924E-01  7.532905E-03  0.000000E+00  4.870427E-04 -9.808851E-05 -5.965994E-19  1.965423E-02  0.000000E+00
  4.493752E+00  4.291673E-02  5.000000E-01  9.543545E-01  8.920362E-03  0.000000E+00  6.987685E-04 -1.365320E-04 -2.092229E-18 -2.644103E-03  0.000000E+00
  4.460612E+00  4.930865E-02  5.000000E-01  9.473164E-01  1.027785E-02  0.000000E+00  9.604578E-04 -1.831422E-04 -6.360419E-19 -2.984470E-02  0.000000E+00
  4.427470E+00  5.553491E-02  5.000000E-01  9.402779E-01  1.160015E-02  0.000000E+00  1.255514E-03 -2.315906E-04  1.169461E-18 -6.018683E-02  0.000000E+00
  4.394325E+00  6.156755E-02  5.000000E-01  9.332387E-01  1.288134E-02  0.000000E+00  1.560552E-03 -2.756179E-04  2.403696E-18 -8.941633E-02  0.000000E+00
  4.361178E+00  6.738344E-02  5.000000E-01  9.261991E-01  1.411649E-02  0.000000E+00  1.851004E-03 -3.137762E-04  6.116241E-19 -1.138878E-01  0.000000E+00
  4.328027E+00  7.295860E-02  5.000000E-01  9.191586E-01  1.530052E-02  0.000000E+00  2.140119E-03 -3.516249E-04  1.643858E-19 -1.405942E-01  0.000000E+00
  4.294876E+00  7.826840E-02  5.000000E-01  9.121181E-01  1.642819E-02  0.000000E+00  2.559487E-03 -4.056458E-04  3.623983E-18 -1.914095E-01  0.000000E+00
  4.261727E+00  8.329203E-02  5.000000E-01  9.050782E-01  1.749508E-02  0.000000E+00  3.422029E-03 -5.089540E-04  3.820363E-18 -2.871062E-01  0.000000E+00
  4.228582E+00  8.801027E-02  5.000000E-01  8.980388E-01  1.849712E-02  0.000000E+00  5.160075E-03 -7.048326E-04  5.013109E-18 -4.221131E-01  0.000000E+00
  4.195443E+00  9.240207E-02  5.000000E-01  8.910010E-01  1.942983E-02  0.000000E+00  8.028711E-03 -1.005291E-03  1.010296E-17 -5.606691E-01  0.000000E+00
  4.162308E+00  9.644659E-02  5.000000E-01  8.839639E-01  2.028879E-02  0.000000E+00  1.169323E-02 -1.343063E-03  1.712999E-17 -6.624099E-01  0.000000E+00
  4.129179E+00  1.001274E-01  5.000000E-01  8.769281E-01  2.107050E-02  0.000000E+00  1.517007E-02 -1.585935E-03  2.323788E-17 -7.095073E-01  0.000000E+00
  4.096054E+00  1.034275E-01  5.000000E-01  8.698932E-01  2.177137E-02  0.000000E+00  1.746604E-02 -1.634797E-03  2.077569E-17 -7.102146E-01  0.000000E+00
  4.062934E+00  1.063351E-01  5.000000E-01  8.628593E-01  2.238886E-02  0.000000E+00  1.829506E-02 -1.498899E-03  1.171288E-17 -6.833567E-01  0.000000E+00
  4.029817E+00  1.088402E-01  5.000000E-01  8.558262E-01  2.292089E-02  0.000000E+00  1.805754E-02 -1.260003E-03  3.105420E-18 -6.437515E-01  0.000000E+00
  3.996705E+00  1.109380E-01  5.000000E-01  8.487940E-01  2.336641E-02  0.000000E+00  1.732644E-02 -9.962192E-04 -2.600238E-18 -5.988710E-01  0.000000E+00
  3.963594E+00  1.126308E-01  5.000000E-01  8.417620E-01  2.372592E-02  0.000000E+00  1.647450E-02 -7.478584E-04 -4.015795E-18 -5.517094E-01  0.000000E+00
  3.930486E+00  1.139287E-01  5.000000E-01  8.347306E-01  2.400155E-02  0.000000E+00  1.562892E-02 -5.271565E-04 -2.901499E-18 -5.035192E-01  0.000000E+00
  3.897377E+00  1.148497E-01  5.000000E-01  8.276991E-01  2.419716E-02  0.000000E+00  1.478058E-02 -3.372001E-04 -1.686040E-18 -4.550957E-01  0.000000E+00
  3.864269E+00  1.154253E-01  5.000000E-01  8.206677E-01  2.431941E-02  0.000000E+00  1.388884E-02 -1.805117E-04 -8.887417E-19 -4.071600E-01  0.000000E+00
  3.831161E+00  1.156968E-01  5.000000E-01  8.136366E-01  2.437707E-02  0.000000E+00  1.293222E-02 -6.040507E-05 -6.151875E-19 -3.606243E-01  0.000000E+00
  3.798054E+00  1.157223E-01  5.000000E-01  8.066053E-01  2.438247E-02  0.000000E+00  1.191928E-02  2.019932E-05 -4.255487E-19 -3.168091E-01  0.000000E+00
  3.764948E+00  1.155745E-01  5.000000E-01  7.995744E-01  2.435110E-02  0.000000E+00  1.088161E-02  6.082172E-05 -3.456992E-19 -2.775494E-01  0.000000E+00
  3.731842E+00  1.153436E-01  5.000000E-01  7.925435E-01  2.430205E-02  0.000000E+00  9.859696E-03  6.441853E-05 -1.869620E-19 -2.451998E-01  0.000000E+00
  3.698737E+00  1.151361E-01  5.000000E-01  7.855130E-01  2.425798E-02  0.000000E+00  8.895210E-03  4.210055E-05  1.578519E-20 -2.213049E-01  0.000000E+00
  3.665634E+00  1.150305E-01  5.000000E-01  7.784827E-01  2.423555E-02  0.000000E+00  8.020324E-03  1.186247E-05  7.327549E-20 -2.052968E-01  0.000000E+00
  3.632534E+00  1.150405E-01  5.000000E-01  7.714529E-01  2.423767E-02  0.000000E+00  7.241422E-03 -1.492810E-05  7.950448E-20 -1.954948E-01  0.000000E+00
  3.599434E+00  1.151703E-01  5.000000E-01  7.644234E-01  2.426524E-02  0.000000E+00  6.543610E-03 -3.663963E-05  9.825225E-20 -1.897021E-01  0.000000E+00
  3.566334E+00  1.154226E-01  5.000000E-01  7.573938E-01  2.431882E-02  0.000000E+00  5.911707E-03 -5.402268E-05  2.114967E-20 -1.855522E-01  0.000000E+00
  3.533236E+00  1.157965E-01  5.000000E-01  7.503646E-01  2.439824E-02  0.000000E+00  5.349561E-03 -6.833605E-05 -8.431670E-20 -1.832693E-01  0.000000E+00
  3.500138E+00  1.162877E-01  5.000000E-01  7.433353E-01  2.450256E-02  0.000000E+00  4.900356E-03 -8.125456E-05  1.983441E-19 -1.885473E-01  0.000000E+00
  3.467038E+00  1.168907E-01  5.000000E-01  7.363057E-01  2.463061E-02  0.000000E+00  4.667094E-03 -9.489714E-05  2.912206E-19 -2.117871E-01  0.000000E+00
  3.433936E+00  1.175964E-01  5.000000E-01  7.292757E-01  2.478049E-02  0.000000E+00  4.818673E-03 -1.131475E-04  5.209947E-20 -2.622270E-01  0.000000E+00
  3.400832E+00  1.183926E-01  5.000000E-01  7.222453E-01  2.494957E-02  0.000000E+00  5.554808E-03 -1.426112E-04 -2.182959E-20 -3.404448E-01  0.000000E+00
  3.367728E+00  1.192638E-01  5.000000E-01  7.152146E-01  2.513459E-02  0.000000E+00  7.010825E-03 -1.906922E-04 -3.323273E-19 -4.354072E-01  0.000000E+00
  3.334620E+00  1.201908E-01  5.000000E-01  7.081834E-01  2.533147E-02  0.000000E+00  9.111470E-03 -2.579641E-04 -7.580715E-19 -5.290747E-01  0.000000E+00
  3.301512E+00  1.211515E-01  5.000000E-01  7.011520E-01  2.553550E-02  0.000000E+00  1.150125E-02 -3.327833E-04 -6.544643E-19 -6.052523E-01  0.000000E+00
  3.268401E+00  1.221208E-01  5.000000E-01  6.941201E-01  2.574137E-02  0.000000E+00  1.366998E-02 -3.948494E-04  2.752766E-19 -6.561168E-01  0.000000E+00
  3.235290E+00  1.230708E-01  5.000000E-01  6.870881E-01  2.594311E-02  0.000000E+00  1.521541E-02 -4.253484E-04  1.720053E-18 -6.827086E-01  0.000000E+00
  3.202177E+00  1.239708E-01  5.000000E-01  6.800557E-01  2.613426E-02  0.000000E+00  1.603427E-02 -4.174311E-04  3.581528E-18 -6.909451E-01  0.000000E+00
  3.169063E+00  1.247895E-01  5.000000E-01  6.730231E-01  2.630813E-02  0.000000E+00  1.628513E-02 -3.760871E-04  5.684278E-18 -6.872519E-01  0.000000E+00
  3.135947E+00  1.254939E-01  5.000000E-01  6.659902E-01  2.645772E-02  0.000000E+00  1.621237E-02 -3.129504E-04  7.497419E-18 -6.766717E-01  0.000000E+00
  3.102831E+00  1.260606E-01  5.000000E-01  6.589571E-01  2.657807E-02  0.000000E+00  1.600585E-02 -2.429974E-04  8.638513E-18 -6.629866E-01  0.000000E+00
  3.069714E+00  1.264918E-01  5.000000E-01  6.519238E-01  2.666966E-02  0.000000E+00  1.577002E-02 -1.763571E-04  8.595819E-18 -6.486276E-01  0.000000E+00
  3.036593E+00  1.267948E-01  5.000000E-01  6.448898E-01  2.673400E-02  0.000000E+00  1.554885E-02 -1.151411E-04  7.153168E-18 -6.346962E-01  0.000000E+00
  3.003475E+00  1.269766E-01  5.000000E-01  6.378564E-01  2.677262E-02  0.000000E+00  1.535181E-02 -5.887296E-05  4.761031E-18 -6.215816E-01  0.000000E+00
  2.970356E+00  1.270435E-01  5.000000E-01  6.308226E-01  2.678682E-02  0.000000E+00  1.517407E-02 -7.358374E-06  2.235011E-18 -6.093953E-01  0.000000E+00
  2.937236E+00  1.270037E-01  5.000000E-01  6.237888E-01  2.677836E-02  0.000000E+00  1.500845E-02  3.944919E-05  2.635487E-19 -5.981466E-01  0.000000E+00
  2.904117E+00  1.268645E-01  5.000000E-01  6.167550E-01  2.674881E-02  0.000000E+00  1.485021E-02  8.180442E-05 -8.673984E-19 -5.878069E-01  0.000000E+00
  2.870996E+00  1.266340E-01  5.000000E-01  6.097211E-01  2.669985E-02  0.000000E+00  1.469715E-02  1.197488E-04 -1.381252E-18 -5.783817E-01  0.000000E+00
  2.837877E+00  1.263201E-01  5.000000E-01  6.026873E-01  2.663319E-02  0.000000E+00  1.454937E-02  1.534208E-04 -1.545911E-18 -5.698862E-01  0.000000E+00
  2.804757E+00  1.259308E-01  5.000000E-01  5.956535E-01  2.655052E-02  0.000000E+00  1.440806E-02  1.829124E-04 -1.431075E-18 -5.623573E-01  0.000000E+00
  2.771639E+00  1.254747E-01  5.000000E-01  5.886200E-01  2.645365E-02  0.000000E+00  1.427519E-02  2.084952E-04 -1.240783E-18 -5.558266E-01  0.000000E+00
  2.738522E+00  1.249590E-01  5.000000E-01  5.815867E-01  2.634413E-02  0.000000E+00  1.415279E-02  2.303094E-04 -8.543564E-19 -5.503441E-01  0.000000E+00
  2.705406E+00  1.243925E-01  5.000000E-01  5.745537E-01  2.622382E-02  0.000000E+00  1.404293E-02  2.484005E-04 -5.286594E-19 -5.459721E-01  0.000000E+00
  2.672292E+00  1.237832E-01  5.000000E-01  5.675211E-01  2.609441E-02  0.000000E+00  1.394774E-02  2.629710E-04 -3.431693E-19 -5.427594E-01  0.000000E+00
  2.639177E+00  1.231395E-01  5.000000E-01  5.604885E-01  2.595770E-02  0.000000E+00  1.386888E-02  2.741575E-04 -2.031747E-21 -5.407385E-01  0.000000E+00
  2.606068E+00  1.224698E-01  5.000000E-01  5.534568E-01  2.581548E-02  0.000000E+00  1.380772E-02  2.825825E-04  2.813534E-20 -5.398371E-01  0.000000E+00
  2.572958E+00  1.217801E-01  5.000000E-01  5.464251E-01  2.566901E-02  0.000000E+00  1.376448E-02  2.891858E-04 -1.512029E-20 -5.398872E-01  0.000000E+00
  2.539852E+00  1.210747E-01  5.000000E-01  5.393941E-01  2.551919E-02  0.000000E+00  1.373756E-02  2.947309E-04  1.486091E-20 -5.406852E-01  0.000000E+00
  2.506749E+00  1.203557E-01  5.000000E-01  5.323639E-01  2.536650E-02  0.000000E+00  1.372368E-02  2.994535E-04  1.697107E-20 -5.420769E-01  0.000000E+00
  2.473650E+00  1.196262E-01  5.000000E-01  5.253345E-01  2.521156E-02  0.000000E+00  1.371910E-02  3.032092E-04  1.498608E-19 -5.439831E-01  0.000000E+00
  2.440554E+00  1.188887E-01  5.000000E-01  5.183056E-01  2.505494E-02  0.000000E+00  1.372107E-02  3.057954E-04  6.354796E-20 -5.463658E-01  0.000000E+00
  2.407460E+00  1.181470E-01  5.000000E-01  5.112774E-01  2.489743E-02  0.000000E+00  1.372843E-02  3.072585E-04 -4.211751E-19 -5.491850E-01  0.000000E+00
  2.374373E+00  1.174036E-01  5.000000E-01  5.042504E-01  2.473955E-02  0.000000E+00  1.374112E-02  3.077107E-04 -5.441114E-19 -5.524315E-01  0.000000E+00
  2.341286E+00  1.166612E-01  5.000000E-01  4.972236E-01  2.458187E-02  0.000000E+00  1.375948E-02  3.066665E-04 -5.016535E-19 -5.562048E-01  0.000000E+00
  2.308194E+00  1.159246E-01  5.000000E-01  4.901958E-01  2.442543E-02  0.000000E+00  1.378527E-02  3.035167E-04 -4.965836E-19 -5.606473E-01  0.000000E+00
  2.275097E+00  1.151997E-01  5.000000E-01  4.831667E-01  2.427149E-02  0.000000E+00  1.382194E-02  2.980413E-04 -2.521570E-19 -5.658644E-01  0.000000E+00
  2.241991E+00  1.144929E-01  5.000000E-01  4.761359E-01  2.412137E-02  0.000000E+00  1.387354E-02  2.902731E-04 -9.338473E-20 -5.719105E-01  0.000000E+00
  2.208879E+00  1.138101E-01  5.000000E-01  4.691038E-01  2.397637E-02  0.000000E+00  1.394360E-02  2.803412E-04 -4.008753E-20 -5.787945E-01  0.000000E+00
  2.175760E+00  1.131570E-01  5.000000E-01  4.620701E-01  2.383767E-02  0.000000E+00  1.403437E-02  2.683392E-04 -1.509051E-19 -5.864947E-01  0.000000E+00
  2.142637E+00  1.125391E-01  5.000000E-01  4.550354E-01  2.370645E-02  0.000000E+00  1.414652E-02  2.543013E-04 -1.584391E-19 -5.949494E-01  0.000000E+00
  2.109507E+00  1.119613E-01  5.000000E-01  4.479994E-01  2.358374E-02  0.000000E+00  1.427922E-02  2.383462E-04 -1.867527E-19 -6.040092E-01  0.000000E+00
  2.076374E+00  1.114284E-01  5.000000E-01  4.409628E-01  2.347056E-02  0.000000E+00  1.443056E-02  2.217472E-04 -3.217287E-19 -6.133175E-01  0.000000E+00
  2.043241E+00  1.109388E-01  5.000000E-01  4.339262E-01  2.336657E-02  0.000000E+00  1.459636E-02  2.065738E-04 -4.292151E-19 -6.223819E-01  0.000000E+00
  2.010106E+00  1.104863E-01  5.000000E-01  4.268892E-01  2.327048E-02  0.000000E+00  1.476882E-02  1.938193E-04 -5.547534E-19 -6.308213E-01  0.000000E+00
  1.976970E+00  1.100647E-01  5.000000E-01  4.198519E-01  2.318094E-02  0.000000E+00  1.493923E-02  1.836657E-04 -6.987159E-19 -6.384101E-01  0.000000E+00
  1.943835E+00  1.096672E-01  5.000000E-01  4.128148E-01  2.309652E-02  0.000000E+00  1.510088E-02  1.762614E-04 -8.103875E-19 -6.450352E-01  0.000000E+00
  1.910699E+00  1.092867E-01  5.000000E-01  4.057776E-01  2.301572E-02  0.000000E+00  1.524989E-02  1.715903E-04 -1.071187E-18 -6.506869E-01  0.000000E+00
  1.877561E+00  1.089170E-01  5.000000E-01  3.987399E-01  2.293720E-02  0.000000E+00  1.538535E-02  1.697174E-04 -1.517619E-18 -6.553943E-01  0.000000E+00
  1.844424E+00  1.085512E-01  5.000000E-01  3.917024E-01  2.285950E-02  0.000000E+00  1.550806E-02  1.707139E-04 -1.853999E-18 -6.592037E-01  0.000000E+00
  1.811282E+00  1.081828E-01  5.000000E-01  3.846638E-01  2.278128E-02  0.000000E+00  1.561928E-02  1.744532E-04 -2.141595E-18 -6.621817E-01  0.000000E+00
  1.778139E+00  1.078063E-01  5.000000E-01  3.776250E-01  2.270130E-02  0.000000E+00  1.572047E-02  1.810560E-04 -2.267881E-18 -6.643615E-01  0.000000E+00
  1.744992E+00  1.074148E-01  5.000000E-01  3.705854E-01  2.261816E-02  0.000000E+00  1.581240E-02  1.905894E-04 -2.135279E-18 -6.657699E-01  0.000000E+00
  1.711843E+00  1.070026E-01  5.000000E-01  3.635455E-01  2.253063E-02  0.000000E+00  1.589510E-02  2.031233E-04 -1.822982E-18 -6.664204E-01  0.000000E+00
  1.678692E+00  1.065629E-01  5.000000E-01  3.565049E-01  2.243725E-02  0.000000E+00  1.596799E-02  2.186786E-04 -1.514317E-18 -6.663131E-01  0.000000E+00
  1.645539E+00  1.060899E-01  5.000000E-01  3.494640E-01  2.233680E-02  0.000000E+00  1.603018E-02  2.373699E-04 -1.035486E-18 -6.654217E-01  0.000000E+00
  1.612385E+00  1.055765E-01  5.000000E-01  3.424231E-01  2.222776E-02  0.000000E+00  1.608073E-02  2.595008E-04 -4.470701E-19 -6.636996E-01  0.000000E+00
  1.579236E+00  1.050156E-01  5.000000E-01  3.353830E-01  2.210865E-02  0.000000E+00  1.611854E-02  2.852131E-04 -2.430183E-19 -6.611474E-01  0.000000E+00
  1.546090E+00  1.043990E-01  5.000000E-01  3.283435E-01  2.197769E-02  0.000000E+00  1.614203E-02  3.134529E-04 -4.385334E-19 -6.579412E-01  0.000000E+00
  1.512946E+00  1.037236E-01  5.000000E-01  3.213046E-01  2.183425E-02  0.000000E+00  1.615110E-02  3.424287E-04 -3.533587E-19 -6.543820E-01  0.000000E+00
  1.479807E+00  1.029889E-01  5.000000E-01  3.142666E-01  2.167821E-02  0.000000E+00  1.614914E-02  3.713965E-04 -1.808904E-19 -6.506949E-01  0.000000E+00
  1.446672E+00  1.021946E-01  5.000000E-01  3.072296E-01  2.150953E-02  0.000000E+00  1.614072E-02  4.000890E-04 -2.351238E-19 -6.470412E-01  0.000000E+00
  1.413540E+00  1.013415E-01  5.000000E-01  3.001932E-01  2.132834E-02  0.000000E+00  1.612976E-02  4.283239E-04 -2.808908E-19 -6.435314E-01  0.000000E+00
  1.380413E+00  1.004304E-01  5.000000E-01  2.931579E-01  2.113485E-02  0.000000E+00  1.611901E-02  4.561537E-04 -4.465806E-19 -6.402159E-01  0.000000E+00
  1.347294E+00  9.946207E-02  5.000000E-01  2.861242E-01  2.092920E-02  0.000000E+00  1.610975E-02  4.836129E-04 -6.328765E-19 -6.371226E-01  0.000000E+00
  1.314179E+00  9.843732E-02  5.000000E-01  2.790915E-01  2.071157E-02  0.000000E+00  1.610218E-02  5.105476E-04 -7.099604E-19 -6.342852E-01  0.000000E+00
  1.281074E+00  9.735776E-02  5.000000E-01  2.720606E-01  2.048230E-02  0.000000E+00  1.609642E-02  5.369598E-04 -3.966115E-19 -6.317264E-01  0.000000E+00
  1.247974E+00  9.622406E-02  5.000000E-01  2.650310E-01  2.024153E-02  0.000000E+00  1.609250E-02  5.626893E-04 -3.703712E-19 -6.294901E-01  0.000000E+00
  1.214880E+00  9.503851E-02  5.000000E-01  2.580028E-01  1.998975E-02  0.000000E+00  1.609096E-02  5.876347E-04 -6.420321E-19 -6.276165E-01  0.000000E+00
  1.181795E+00  9.380261E-02  5.000000E-01  2.509763E-01  1.972727E-02  0.000000E+00  1.609293E-02  6.119836E-04 -5.619774E-19 -6.261229E-01  0.000000E+00
  1.148718E+00  9.251782E-02  5.000000E-01  2.439516E-01  1.945441E-02  0.000000E+00  1.609934E-02  6.355423E-04 -3.969940E-19 -6.250706E-01  0.000000E+00
  1.115646E+00  9.118657E-02  5.000000E-01  2.369279E-01  1.917169E-02  0.000000E+00  1.611151E-02  6.580807E-04 -3.516239E-19 -6.245326E-01  0.000000E+00
  1.082583E+00  8.981181E-02  5.000000E-01  2.299061E-01  1.887972E-02  0.000000E+00  1.613146E-02  6.796371E-04 -1.311871E-19 -6.245626E-01  0.000000E+00
  1.049524E+00  8.839604E-02  5.000000E-01  2.228852E-01  1.857905E-02  0.000000E+00  1.616110E-02  7.001703E-04 -1.214475E-19 -6.252151E-01  0.000000E+00
  1.016475E+00  8.694292E-02  5.000000E-01  2.158665E-01  1.827044E-02  0.000000E+00  1.620202E-02  7.197045E-04 -3.269237E-19 -6.265110E-01  0.000000E+00
  9.834318E-01  8.545526E-02  5.000000E-01  2.088488E-01  1.795450E-02  0.000000E+00  1.625533E-02  7.386462E-04 -3.873168E-20 -6.283808E-01  0.000000E+00
  9.503976E-01  8.393556E-02  5.000000E-01  2.018331E-01  1.763175E-02  0.000000E+00  1.632138E-02  7.582494E-04  2.903677E-19 -6.306076E-01  0.000000E+00
  9.173728E-01  8.238170E-02  5.000000E-01  1.948195E-01  1.730175E-02  0.000000E+00  1.639818E-02  7.797485E-04  3.991296E-20 -6.329242E-01  0.000000E+00
  8.843598E-01  8.079078E-02  5.000000E-01  1.878083E-01  1.696388E-02  0.000000E+00  1.648129E-02  8.037960E-04 -5.208006E-20 -6.351063E-01  0.000000E+00
  8.513623E-01  7.915781E-02  5.000000E-01  1.808005E-01  1.661708E-02  0.000000E+00  1.656565E-02  8.309079E-04  6.769201E-20 -6.369756E-01  0.000000E+00
  8.183794E-01  7.747671E-02  5.000000E-01  1.737957E-01  1.626005E-02  0.000000E+00  1.664640E-02  8.611330E-04  1.222662E-19 -6.384581E-01  0.000000E+00
  7.854121E-01  7.574149E-02  5.000000E-01  1.667943E-01  1.589153E-02  0.000000E+00  1.672016E-02  8.942887E-04 -9.812377E-21 -6.395623E-01  0.000000E+00
  7.524593E-01  7.394618E-02  5.000000E-01  1.597959E-01  1.551025E-02  0.000000E+00  1.678527E-02  9.301202E-04 -5.042632E-19 -6.403430E-01  0.000000E+00
  7.195226E-01  7.208554E-02  5.000000E-01  1.528010E-01  1.511510E-02  0.000000E+00  1.684152E-02  9.686127E-04 -6.031654E-19 -6.408443E-01  0.000000E+00
  6.866079E-01  7.015407E-02  5.000000E-01  1.458107E-01  1.470490E-02  0.000000E+00  1.688904E-02  1.010137E-03 -8.348580E-19 -6.410680E-01  0.000000E+00
  6.537221E-01  6.814530E-02  5.000000E-01  1.388265E-01  1.427829E-02  0.000000E+00  1.692693E-02  1.054989E-03 -1.146722E-18 -6.410183E-01  0.000000E+00
  6.208691E-01  6.605216E-02  5.000000E-01  1.318494E-01  1.383376E-02  0.000000E+00  1.695292E-02  1.103030E-03 -1.665087E-18 -6.407612E-01  0.000000E+00
  5.880524E-01  6.386784E-02  5.000000E-01  1.248799E-01  1.336986E-02  0.000000E+00  1.696414E-02  1.153611E-03 -2.447344E-18 -6.404558E-01  0.000000E+00
  5.552711E-01  6.158648E-02  5.000000E-01  1.179180E-01  1.288536E-02  0.000000E+00  1.695851E-02  1.205781E-03 -2.687512E-18 -6.403443E-01  0.000000E+00
  5.225283E-01  5.920416E-02  5.000000E-01  1.109642E-01  1.237941E-02  0.000000E+00  1.693558E-02  1.258850E-03 -3.133386E-18 -6.407070E-01  0.000000E+00
  4.898261E-01  5.671707E-02  5.000000E-01  1.040191E-01  1.185122E-02  0.000000E+00  1.689579E-02  1.312080E-03 -4.313843E-18 -6.419044E-01  0.000000E+00
  4.571624E-01  5.412313E-02  5.000000E-01  9.708209E-02  1.130033E-02  0.000000E+00  1.683947E-02  1.364285E-03 -4.787996E-18 -6.444242E-01  0.000000E+00
  4.245350E-01  5.142221E-02  5.000000E-01  9.015283E-02  1.072672E-02  0.000000E+00  1.676660E-02  1.413976E-03 -3.171639E-18 -6.488360E-01  0.000000E+00
  3.919369E-01  4.861690E-02  5.000000E-01  8.322981E-02  1.013094E-02  0.000000E+00  1.667620E-02  1.459883E-03 -2.063987E-18 -6.556308E-01  0.000000E+00
  3.593832E-01  4.571296E-02  5.000000E-01  7.631621E-02  9.514213E-03  0.000000E+00  1.656505E-02  1.502181E-03 -3.451953E-18 -6.649639E-01  0.000000E+00
  3.269046E-01  4.271442E-02  5.000000E-01  6.941854E-02  8.877397E-03  0.000000E+00  1.642404E-02  1.542804E-03 -1.117613E-17 -6.765895E-01  0.000000E+00
  2.945750E-01  3.962136E-02  5.000000E-01  6.255253E-02  8.220507E-03  0.000000E+00  1.623474E-02  1.583419E-03 -2.323977E-17 -6.902457E-01  0.000000E+00
  2.624265E-01  3.642202E-02  5.000000E-01  5.572497E-02  7.541045E-03  0.000000E+00  1.597109E-02  1.620261E-03 -1.428606E-17 -7.065231E-01  0.000000E+00
  2.304268E-01  3.310921E-02  5.000000E-01  4.892903E-02  6.837485E-03  0.000000E+00  1.561918E-02  1.646574E-03  8.107578E-17 -7.270679E-01  0.000000E+00
  1.986088E-01  2.969098E-02  5.000000E-01  4.217167E-02  6.111539E-03  0.000000E+00  1.519960E-02  1.658373E-03  3.583992E-16 -7.544283E-01  0.000000E+00
  1.669282E-01  2.617159E-02  5.000000E-01  3.544349E-02  5.364106E-03  0.000000E+00  1.476430E-02  1.646705E-03  7.750211E-16 -7.929352E-01  0.000000E+00
  1.350509E-01  2.258669E-02  5.000000E-01  2.867354E-02  4.602761E-03  0.000000E+00  1.442120E-02  1.628427E-03  6.611160E-16 -8.450920E-01  0.000000E+00
  1.043791E-01  1.911188E-02  5.000000E-01  2.215959E-02  3.864797E-03  0.000000E+00  1.431866E-02  1.677561E-03 -1.876025E-15 -9.076115E-01  0.000000E+00
  7.632629E-02  1.571261E-02  5.000000E-01  1.620187E-02  3.142876E-03  0.000000E+00  1.443549E-02  1.818375E-03 -8.971131E-15 -9.815887E-01  0.000000E+00
  5.118571E-02  1.239673E-02  5.000000E-01  1.086263E-02  2.438664E-03  0.000000E+00  1.465047E-02  2.043588E-03 -1.602306E-14 -1.069323E+00  0.000000E+00
  3.264831E-02  9.682697E-03  5.000000E-01  6.925739E-03  1.862270E-03  0.000000E+00  1.528234E-02  2.499359E-03  5.436866E-15 -1.157850E+00  0.000000E+00
  2.051015E-02  7.517907E-03  5.000000E-01  4.347893E-03  1.402522E-03  0.000000E+00  1.724683E-02  3.458149E-03  1.181917E-13 -1.237088E+00  0.000000E+00
  1.247723E-02  5.738575E-03  5.000000E-01  2.641898E-03  1.024636E-03  0.000000E+00  2.262313E-02  5.586242E-03  3.723923E-13 -1.312057E+00  0.000000E+00
  7.055255E-03  4.279960E-03  5.000000E-01  1.490404E-03  7.148618E-04  0.000000E+00  3.607444E-02  1.129993E-02  6.227714E-13 -1.373264E+00  0.000000E+00
  3.418635E-03  3.043548E-03  5.000000E-01  7.180754E-04  4.522783E-04  0.000000E+00  6.233329E-02  2.680527E-02  2.961037E-13 -1.364363E+00  0.000000E+00
  1.108798E-03  1.930579E-03  5.000000E-01  2.275226E-04  2.159110E-04  0.000000E+00  7.972292E-02  6.044333E-02 -9.660936E-13 -1.107083E+00  0.000000E+00
  3.747479E-05  9.139316E-04  5.000000E-01  0.000000E+00  0.000000E+00  0.000000E+00  2.643886E-02  1.090387E-01 -2.217944E-12 -1.234621E-03  0.000000E+00
  3.747479E-05  9.139316E-04  5.000000E-01  0.000000E+00  0.000000E+00  0.000000E+00  2.643886E-02  1.090387E-01 -2.217944E-12 -1.234621E-03  0.000000E+00
  2.534065E-04 -8.407150E-05  5.000000E-01  4.585858E-05 -2.119513E-04  0.000000E+00 -3.485472E-02  8.157784E-02 -2.008321E-12  1.095941E+00  0.000000E+00
  1.848580E-03 -1.107022E-03  5.000000E-01  3.846343E-04 -4.292009E-04  0.000000E+00 -2.789243E-02  1.615598E-02 -9.669133E-13  1.203501E+00  0.000000E+00
  4.867645E-03 -2.157571E-03  5.000000E-01  1.025809E-03 -6.523117E-04  0.000000E+00 -4.857631E-03  1.737447E-03 -2.992222E-13  1.045933E+00  0.000000E+00
  9.380877E-03 -3.285644E-03  5.000000E-01  1.984309E-03 -8.918866E-04  0.000000E+00  7.665320E-03 -1.608191E-03  1.716628E-14  9.601614E-01  0.000000E+00
  1.589077E-02 -4.575895E-03  5.000000E-01  3.366850E-03 -1.165904E-03  0.000000E+00  1.255876E-02 -2.232768E-03  9.248744E-14  8.832207E-01  0.000000E+00
  2.547297E-02 -6.123641E-03  5.000000E-01  5.401873E-03 -1.494607E-03  0.000000E+00  1.352717E-02 -1.987622E-03  6.434133E-14  8.018987E-01  0.000000E+00
  3.989163E-02 -8.029975E-03  5.000000E-01  8.464043E-03 -1.899466E-03  0.000000E+00  1.293502E-02 -1.569600E-03  2.246282E-14  7.231374E-01  0.000000E+00
  6.092142E-02 -1.033594E-02  5.000000E-01  1.293025E-02 -2.389196E-03  0.000000E+00  1.210048E-02 -1.260782E-03 -1.474777E-16  6.551569E-01  0.000000E+00
  8.832839E-02 -1.302826E-02  5.000000E-01  1.875082E-02 -2.960978E-03  0.000000E+00  1.155681E-02 -1.117102E-03 -4.834102E-15  6.020513E-01  0.000000E+00
  1.189914E-01 -1.594327E-02  5.000000E-01  2.526288E-02 -3.580055E-03  0.000000E+00  1.138259E-02 -1.088460E-03 -2.731111E-15  5.612554E-01  0.000000E+00
  1.511926E-01 -1.904307E-02  5.000000E-01  3.210163E-02 -4.238377E-03  0.000000E+00  1.149524E-02 -1.125333E-03 -6.490168E-16  5.286197E-01  0.000000E+00
  1.838450E-01 -2.229685E-02  5.000000E-01  3.903620E-02 -4.929399E-03  0.000000E+00  1.177697E-02 -1.190398E-03  9.411402E-17  4.997914E-01  0.000000E+00
  2.165049E-01 -2.565023E-02  5.000000E-01  4.597236E-02 -5.641574E-03  0.000000E+00  1.211766E-02 -1.254523E-03  1.449272E-16  4.721733E-01  0.000000E+00
  2.491496E-01 -2.906104E-02  5.000000E-01  5.290529E-02 -6.365947E-03  0.000000E+00  1.244595E-02 -1.308548E-03  5.820233E-17  4.463446E-01  0.000000E+00
  2.819003E-01 -3.252744E-02  5.000000E-01  5.986074E-02 -7.102126E-03  0.000000E+00  1.273209E-02 -1.356466E-03  7.917293E-18  4.233954E-01  0.000000E+00
  3.147601E-01 -3.605374E-02  5.000000E-01  6.683936E-02 -7.851025E-03  0.000000E+00  1.297295E-02 -1.402763E-03 -4.304285E-18  4.029248E-01  0.000000E+00
  3.477303E-01 -3.964926E-02  5.000000E-01  7.384142E-02 -8.614625E-03  0.000000E+00  1.317884E-02 -1.450072E-03 -3.265573E-18  3.837912E-01  0.000000E+00
  3.807756E-01 -4.332143E-02  5.000000E-01  8.085941E-02 -9.394505E-03  0.000000E+00  1.336224E-02 -1.497900E-03 -8.787333E-19  3.649541E-01  0.000000E+00
  4.138291E-01 -4.706322E-02  5.000000E-01  8.787917E-02 -1.018917E-02  0.000000E+00  1.353084E-02 -1.542714E-03  8.662433E-19  3.457670E-01  0.000000E+00
  4.468689E-01 -5.086114E-02  5.000000E-01  9.489601E-02 -1.099575E-02  0.000000E+00  1.368931E-02 -1.582560E-03  1.406289E-18  3.262274E-01  0.000000E+00
  4.799091E-01 -5.470614E-02  5.000000E-01  1.019129E-01 -1.181234E-02  0.000000E+00  1.384238E-02 -1.618377E-03 -1.545537E-18  3.066348E-01  0.000000E+00
  5.129612E-01 -5.859204E-02  5.000000E-01  1.089324E-01 -1.263761E-02  0.000000E+00  1.399541E-02 -1.651941E-03 -2.517949E-18  2.870804E-01  0.000000E+00
  5.460360E-01 -6.251534E-02  5.000000E-01  1.159567E-01 -1.347082E-02  0.000000E+00  1.415450E-02 -1.684796E-03 -5.881140E-19  2.673769E-01  0.000000E+00
  5.791347E-01 -6.647275E-02  5.000000E-01  1.229860E-01 -1.431127E-02  0.000000E+00  1.432610E-02 -1.717746E-03 -4.698989E-19  2.471842E-01  0.000000E+00
  6.122565E-01 -7.045968E-02  5.000000E-01  1.300203E-01 -1.515800E-02  0.000000E+00  1.451680E-02 -1.750970E-03 -1.907517E-18  2.261454E-01  0.000000E+00
  6.454013E-01 -7.446994E-02  5.000000E-01  1.370594E-01 -1.600968E-02  0.000000E+00  1.473350E-02 -1.784510E-03 -3.455383E-18  2.039558E-01  0.000000E+00
  6.785693E-01 -7.849579E-02  5.000000E-01  1.441035E-01 -1.686467E-02  0.000000E+00  1.498296E-02 -1.818129E-03 -2.783321E-19  1.803200E-01  0.000000E+00
  7.117575E-01 -8.252655E-02  5.000000E-01  1.511518E-01 -1.772071E-02  0.000000E+00  1.527076E-02 -1.850462E-03  4.995922E-19  1.548776E-01  0.000000E+00
  7.449560E-01 -8.654522E-02  5.000000E-01  1.582024E-01 -1.857417E-02  0.000000E+00  1.560049E-02 -1.878661E-03 -3.963075E-19  1.272365E-01  0.000000E+00
  7.781569E-01 -9.052791E-02  5.000000E-01  1.652534E-01 -1.942000E-02  0.000000E+00  1.597380E-02 -1.898920E-03 -7.831941E-19  9.709830E-02  0.000000E+00
  8.113578E-01 -9.444470E-02  5.000000E-01  1.723045E-01 -2.025183E-02  0.000000E+00  1.638977E-02 -1.906792E-03 -2.959368E-18  6.431848E-02  0.000000E+00
  8.445597E-01 -9.825969E-02  5.000000E-01  1.793558E-01 -2.106204E-02  0.000000E+00  1.684228E-02 -1.896793E-03 -1.794941E-18  2.889846E-02  0.000000E+00
  8.777625E-01 -1.019306E-01  5.000000E-01  1.864072E-01 -2.184166E-02  0.000000E+00  1.731490E-02 -1.861503E-03 -1.024229E-18 -9.010444E-03  0.000000E+00
  9.109638E-01 -1.054072E-01  5.000000E-01  1.934584E-01 -2.257999E-02  0.000000E+00  1.777645E-02 -1.791675E-03 -1.522412E-18 -4.893979E-02  0.000000E+00
  9.441676E-01 -1.086327E-01  5.000000E-01  2.005100E-01 -2.326500E-02  0.000000E+00  1.818042E-02 -1.677553E-03 -1.706860E-18 -8.984756E-02  0.000000E+00
  9.773746E-01 -1.115447E-01  5.000000E-01  2.075624E-01 -2.388344E-02  0.000000E+00  1.847035E-02 -1.511229E-03 -5.237900E-19 -1.300081E-01  0.000000E+00
  1.010583E+00 -1.140753E-01  5.000000E-01  2.146150E-01 -2.442089E-02  0.000000E+00  1.860064E-02 -1.297009E-03 -8.316609E-19 -1.665946E-01  0.000000E+00
  1.043798E+00 -1.161810E-01  5.000000E-01  2.216690E-01 -2.486809E-02  0.000000E+00  1.855640E-02 -1.056364E-03 -1.715345E-18 -1.959768E-01  0.000000E+00
  1.077015E+00 -1.178592E-01  5.000000E-01  2.287237E-01 -2.522449E-02  0.000000E+00  1.834100E-02 -8.095340E-04 -7.587733E-19 -2.158095E-01  0.000000E+00
  1.110238E+00 -1.191147E-01  5.000000E-01  2.357793E-01 -2.549113E-02  0.000000E+00  1.796336E-02 -5.668338E-04 -4.781139E-19 -2.256704E-01  0.000000E+00
  1.143462E+00 -1.199555E-01  5.000000E-01  2.428354E-01 -2.566971E-02  0.000000E+00  1.744273E-02 -3.365960E-04 -7.778529E-19 -2.259015E-01  0.000000E+00
  1.176693E+00 -1.203951E-01  5.000000E-01  2.498927E-01 -2.576305E-02  0.000000E+00  1.680742E-02 -1.260755E-04 -5.961090E-19 -2.172001E-01  0.000000E+00
  1.209925E+00 -1.204510E-01  5.000000E-01  2.569505E-01 -2.577492E-02  0.000000E+00  1.608936E-02  5.970768E-05 -4.003480E-19 -2.006390E-01  0.000000E+00
  1.243158E+00 -1.201446E-01  5.000000E-01  2.640083E-01 -2.570985E-02  0.000000E+00  1.532038E-02  2.173800E-04 -2.333778E-19 -1.775786E-01  0.000000E+00
  1.276395E+00 -1.195038E-01  5.000000E-01  2.710670E-01 -2.557377E-02  0.000000E+00  1.452896E-02  3.452342E-04  2.595219E-19 -1.495753E-01  0.000000E+00
  1.309630E+00 -1.185615E-01  5.000000E-01  2.781253E-01 -2.537365E-02  0.000000E+00  1.373831E-02  4.433744E-04  3.394505E-19 -1.182380E-01  0.000000E+00
  1.342868E+00 -1.173555E-01  5.000000E-01  2.851842E-01 -2.511752E-02  0.000000E+00  1.296792E-02  5.127437E-04  2.306719E-19 -8.496365E-02  0.000000E+00
  1.376108E+00 -1.159309E-01  5.000000E-01  2.922436E-01 -2.481498E-02  0.000000E+00  1.223487E-02  5.554295E-04  6.545437E-19 -5.092711E-02  0.000000E+00
  1.409347E+00 -1.143366E-01  5.000000E-01  2.993027E-01 -2.447639E-02  0.000000E+00  1.155556E-02  5.743544E-04  7.545561E-19 -1.709832E-02  0.000000E+00
  1.442589E+00 -1.126269E-01  5.000000E-01  3.063625E-01 -2.411329E-02  0.000000E+00  1.094736E-02  5.726809E-04  2.936738E-19  1.573004E-02  0.000000E+00
  1.475831E+00 -1.108606E-01  5.000000E-01  3.134222E-01 -2.373817E-02  0.000000E+00  1.042795E-02  5.538656E-04  1.846065E-19  4.680053E-02  0.000000E+00
  1.509072E+00 -1.090993E-01  5.000000E-01  3.204819E-01 -2.336410E-02  0.000000E+00  1.001275E-02  5.208852E-04  4.883137E-19  7.537159E-02  0.000000E+00
  1.542314E+00 -1.074062E-01  5.000000E-01  3.275416E-01 -2.300454E-02  0.000000E+00  9.711126E-03  4.757376E-04  6.107450E-19  1.008093E-01  0.000000E+00
  1.575558E+00 -1.058467E-01  5.000000E-01  3.346018E-01 -2.267335E-02  0.000000E+00  9.519701E-03  4.219437E-04  3.321564E-19  1.224090E-01  0.000000E+00
  1.608800E+00 -1.044653E-01  5.000000E-01  3.416615E-01 -2.237996E-02  0.000000E+00  9.418810E-03  3.664236E-04 -1.093749E-19  1.393987E-01  0.000000E+00
  1.642044E+00 -1.032655E-01  5.000000E-01  3.487219E-01 -2.212514E-02  0.000000E+00  9.383164E-03  3.136577E-04  1.351887E-19  1.520332E-01  0.000000E+00
  1.675286E+00 -1.022454E-01  5.000000E-01  3.557816E-01 -2.190852E-02  0.000000E+00  9.392779E-03  2.633960E-04  1.604659E-19  1.615989E-01  0.000000E+00
  1.708526E+00 -1.014028E-01  5.000000E-01  3.628410E-01 -2.172956E-02  0.000000E+00  9.433494E-03  2.146009E-04  1.971971E-19  1.691672E-01  0.000000E+00
  1.741762E+00 -1.007351E-01  5.000000E-01  3.698996E-01 -2.158775E-02  0.000000E+00  9.495513E-03  1.666201E-04  3.070005E-19  1.752185E-01  0.000000E+00
  1.774995E+00 -1.002386E-01  5.000000E-01  3.769573E-01 -2.148231E-02  0.000000E+00  9.572599E-03  1.189528E-04  5.110000E-20  1.799124E-01  0.000000E+00
  1.808227E+00 -9.991134E-02  5.000000E-01  3.840150E-01 -2.141281E-02  0.000000E+00  9.661067E-03  7.132955E-05  9.751770E-20  1.833276E-01  0.000000E+00
  1.841453E+00 -9.975012E-02  5.000000E-01  3.910714E-01 -2.137857E-02  0.000000E+00  9.758727E-03  2.371164E-05  1.454096E-19  1.855471E-01  0.000000E+00
  1.874678E+00 -9.975196E-02  5.000000E-01  3.981276E-01 -2.137896E-02  0.000000E+00  9.864412E-03 -2.402528E-05  1.562666E-19  1.866895E-01  0.000000E+00
  1.907900E+00 -9.991401E-02  5.000000E-01  4.051830E-01 -2.141338E-02  0.000000E+00  9.977509E-03 -7.194417E-05  1.047914E-19  1.868487E-01  0.000000E+00
  1.941118E+00 -1.002331E-01  5.000000E-01  4.122377E-01 -2.148115E-02  0.000000E+00  1.009784E-02 -1.200856E-04 -2.602583E-20  1.860836E-01  0.000000E+00
  1.974334E+00 -1.007061E-01  5.000000E-01  4.192920E-01 -2.158160E-02  0.000000E+00  1.022580E-02 -1.686147E-04 -1.956143E-19  1.844416E-01  0.000000E+00
  2.007549E+00 -1.013306E-01  5.000000E-01  4.263460E-01 -2.171423E-02  0.000000E+00  1.036210E-02 -2.176110E-04 -1.479231E-19  1.819337E-01  0.000000E+00
  2.040760E+00 -1.021033E-01  5.000000E-01  4.333993E-01 -2.187832E-02  0.000000E+00  1.050754E-02 -2.670824E-04 -1.347535E-19  1.785431E-01  0.000000E+00
  2.073970E+00 -1.030210E-01  5.000000E-01  4.404522E-01 -2.207323E-02  0.000000E+00  1.066290E-02 -3.171602E-04 -1.758688E-20  1.742695E-01  0.000000E+00
  2.107177E+00 -1.040810E-01  5.000000E-01  4.475046E-01 -2.229833E-02  0.000000E+00  1.082839E-02 -3.675739E-04  1.271452E-19  1.690823E-01  0.000000E+00
  2.140379E+00 -1.052776E-01  5.000000E-01  4.545558E-01 -2.255246E-02  0.000000E+00  1.100346E-02 -4.177604E-04 -2.708404E-19  1.629502E-01  0.000000E+00
  2.173577E+00 -1.066042E-01  5.000000E-01  4.616063E-01 -2.283422E-02  0.000000E+00  1.118714E-02 -4.673110E-04 -6.320362E-19  1.558900E-01  0.000000E+00
  2.206768E+00 -1.080531E-01  5.000000E-01  4.686554E-01 -2.314193E-02  0.000000E+00  1.137841E-02 -5.159828E-04 -2.891732E-19  1.479565E-01  0.000000E+00
  2.239954E+00 -1.096167E-01  5.000000E-01  4.757033E-01 -2.347400E-02  0.000000E+00  1.157620E-02 -5.635761E-04 -9.880063E-20  1.392069E-01  0.000000E+00
  2.273134E+00 -1.112867E-01  5.000000E-01  4.827499E-01 -2.382865E-02  0.000000E+00  1.177935E-02 -6.098808E-04  1.041689E-20  1.296785E-01  0.000000E+00
  2.306309E+00 -1.130549E-01  5.000000E-01  4.897953E-01 -2.420418E-02  0.000000E+00  1.198671E-02 -6.546465E-04  7.104904E-19  1.193939E-01  0.000000E+00
  2.339476E+00 -1.149127E-01  5.000000E-01  4.968392E-01 -2.459874E-02  0.000000E+00  1.219722E-02 -6.975301E-04  1.405299E-19  1.083568E-01  0.000000E+00
  2.372638E+00 -1.168511E-01  5.000000E-01  5.038821E-01 -2.501040E-02  0.000000E+00  1.241097E-02 -7.387325E-04 -3.700966E-19  9.660500E-02  0.000000E+00
  2.405805E+00 -1.188638E-01  5.000000E-01  5.109259E-01 -2.543784E-02  0.000000E+00  1.262950E-02 -7.789080E-04  1.140725E-18  8.416471E-02  0.000000E+00
  2.438976E+00 -1.209456E-01  5.000000E-01  5.179706E-01 -2.587996E-02  0.000000E+00  1.285537E-02 -8.183306E-04  6.695916E-19  7.094461E-02  0.000000E+00
  2.472150E+00 -1.230904E-01  5.000000E-01  5.250160E-01 -2.633548E-02  0.000000E+00  1.309240E-02 -8.571502E-04 -4.655166E-19  5.678438E-02  0.000000E+00
  2.505329E+00 -1.252930E-01  5.000000E-01  5.320625E-01 -2.680325E-02  0.000000E+00  1.334662E-02 -8.957917E-04  9.171956E-19  4.151399E-02  0.000000E+00
  2.538512E+00 -1.275479E-01  5.000000E-01  5.391097E-01 -2.728214E-02  0.000000E+00  1.362607E-02 -9.347205E-04  6.974677E-19  2.490127E-02  0.000000E+00
  2.571700E+00 -1.298494E-01  5.000000E-01  5.461580E-01 -2.777092E-02  0.000000E+00  1.393987E-02 -9.747172E-04 -6.811967E-19  6.657778E-03  0.000000E+00
  2.604894E+00 -1.321929E-01  5.000000E-01  5.532074E-01 -2.826862E-02  0.000000E+00  1.429518E-02 -1.015854E-03  1.859257E-19 -1.358770E-02  0.000000E+00
  2.638090E+00 -1.345712E-01  5.000000E-01  5.602575E-01 -2.877371E-02  0.000000E+00  1.469165E-02 -1.054042E-03  6.004961E-19 -3.644546E-02  0.000000E+00
  2.671292E+00 -1.369616E-01  5.000000E-01  5.673087E-01 -2.928137E-02  0.000000E+00  1.512135E-02 -1.082340E-03  6.597723E-19 -6.242257E-02  0.000000E+00
  2.704497E+00 -1.393297E-01  5.000000E-01  5.743608E-01 -2.978430E-02  0.000000E+00  1.557532E-02 -1.096294E-03  1.613828E-18 -9.139010E-02  0.000000E+00
  2.737708E+00 -1.416418E-01  5.000000E-01  5.814140E-01 -3.027533E-02  0.000000E+00  1.604620E-02 -1.093763E-03  6.506627E-19 -1.228686E-01  0.000000E+00
  2.770923E+00 -1.438634E-01  5.000000E-01  5.884680E-01 -3.074715E-02  0.000000E+00  1.652758E-02 -1.072809E-03 -9.028029E-19 -1.564905E-01  0.000000E+00
  2.804143E+00 -1.459606E-01  5.000000E-01  5.955231E-01 -3.119255E-02  0.000000E+00  1.701435E-02 -1.031711E-03 -6.312106E-19 -1.920571E-01  0.000000E+00
  2.837367E+00 -1.478997E-01  5.000000E-01  6.025790E-01 -3.160435E-02  0.000000E+00  1.750210E-02 -9.686787E-04 -2.968436E-20 -2.294981E-01  0.000000E+00
  2.870594E+00 -1.496463E-01  5.000000E-01  6.096357E-01 -3.197530E-02  0.000000E+00  1.798581E-02 -8.818285E-04 -5.018100E-19 -2.687847E-01  0.000000E+00
  2.903823E+00 -1.511664E-01  5.000000E-01  6.166926E-01 -3.229812E-02  0.000000E+00  1.845798E-02 -7.689584E-04 -6.960480E-19 -3.098985E-01  0.000000E+00
  2.937051E+00 -1.524237E-01  5.000000E-01  6.237496E-01 -3.256514E-02  0.000000E+00  1.890915E-02 -6.285416E-04 -4.653218E-19 -3.527467E-01  0.000000E+00
  2.970283E+00 -1.533845E-01  5.000000E-01  6.308072E-01 -3.276919E-02  0.000000E+00  1.933052E-02 -4.597919E-04 -2.575363E-19 -3.971951E-01  0.000000E+00
  3.003515E+00 -1.540138E-01  5.000000E-01  6.378649E-01 -3.290284E-02  0.000000E+00  1.972183E-02 -2.622258E-04  1.053466E-18 -4.431316E-01  0.000000E+00
  3.036751E+00 -1.542775E-01  5.000000E-01  6.449232E-01 -3.295885E-02  0.000000E+00  2.010726E-02 -3.594575E-05  3.347812E-18 -4.903792E-01  0.000000E+00
  3.069988E+00 -1.541425E-01  5.000000E-01  6.519820E-01 -3.293017E-02  0.000000E+00  2.054657E-02  2.208622E-04  5.153319E-18 -5.386856E-01  0.000000E+00
  3.103226E+00 -1.535741E-01  5.000000E-01  6.590410E-01 -3.280946E-02  0.000000E+00  2.111635E-02  5.132494E-04  5.560061E-18 -5.876178E-01  0.000000E+00
  3.136469E+00 -1.525407E-01  5.000000E-01  6.661010E-01 -3.258999E-02  0.000000E+00  2.181390E-02  8.438202E-04  4.389743E-18 -6.365265E-01  0.000000E+00
  3.169712E+00 -1.510186E-01  5.000000E-01  6.731611E-01 -3.226674E-02  0.000000E+00  2.237839E-02  1.183587E-03  1.634773E-18 -6.836947E-01  0.000000E+00
  3.202960E+00 -1.490424E-01  5.000000E-01  6.802220E-01 -3.184703E-02  0.000000E+00  2.210958E-02  1.451175E-03 -1.671955E-18 -7.253813E-01  0.000000E+00
  3.236210E+00 -1.466683E-01  5.000000E-01  6.872835E-01 -3.134285E-02  0.000000E+00  2.008894E-02  1.531358E-03 -3.478217E-18 -7.509116E-01  0.000000E+00
  3.269464E+00 -1.439553E-01  5.000000E-01  6.943459E-01 -3.076667E-02  0.000000E+00  1.605967E-02  1.357223E-03 -2.369191E-18 -7.357238E-01  0.000000E+00
  3.302721E+00 -1.409615E-01  5.000000E-01  7.014089E-01 -3.013085E-02  0.000000E+00  1.111889E-02  1.013085E-03 -1.046665E-18 -6.505836E-01  0.000000E+00
  3.335981E+00 -1.377434E-01  5.000000E-01  7.084724E-01 -2.944741E-02  0.000000E+00  7.006968E-03  6.832832E-04 -1.197300E-18 -4.919803E-01  0.000000E+00
  3.369247E+00 -1.343561E-01  5.000000E-01  7.155373E-01 -2.872803E-02  0.000000E+00  4.682727E-03  4.919946E-04 -4.322501E-19 -3.035020E-01  0.000000E+00
  3.402518E+00 -1.308533E-01  5.000000E-01  7.226033E-01 -2.798413E-02  0.000000E+00  3.926411E-03  4.328583E-04  4.713722E-20 -1.527860E-01  0.000000E+00
  3.435792E+00 -1.272828E-01  5.000000E-01  7.296699E-01 -2.722584E-02  0.000000E+00  4.034912E-03  4.417268E-04  1.225117E-19 -7.728753E-02  0.000000E+00
  3.469073E+00 -1.236892E-01  5.000000E-01  7.367379E-01 -2.646265E-02  0.000000E+00  4.456247E-03  4.765762E-04 -3.545138E-20 -5.970640E-02  0.000000E+00
  3.502353E+00 -1.201122E-01  5.000000E-01  7.438057E-01 -2.570297E-02  0.000000E+00  4.913434E-03  5.179976E-04 -3.776868E-19 -5.879875E-02  0.000000E+00
  3.535630E+00 -1.165868E-01  5.000000E-01  7.508729E-01 -2.495428E-02  0.000000E+00  5.320911E-03  5.546026E-04  3.554186E-20 -4.935754E-02  0.000000E+00
  3.568904E+00 -1.131423E-01  5.000000E-01  7.579395E-01 -2.422274E-02  0.000000E+00  5.679369E-03  5.798820E-04  7.255974E-19 -3.069188E-02  0.000000E+00
  3.602176E+00 -1.098014E-01  5.000000E-01  7.650057E-01 -2.351321E-02  0.000000E+00  6.012167E-03  5.941171E-04  3.969920E-19 -1.200742E-02  0.000000E+00
  3.635446E+00 -1.065816E-01  5.000000E-01  7.720715E-01 -2.282942E-02  0.000000E+00  6.343533E-03  6.015453E-04  5.420014E-19  9.257702E-04  0.000000E+00
  3.668713E+00 -1.034957E-01  5.000000E-01  7.791365E-01 -2.217404E-02  0.000000E+00  6.694310E-03  6.060705E-04  1.199902E-18  8.115461E-03  0.000000E+00
  3.701976E+00 -1.005533E-01  5.000000E-01  7.862009E-01 -2.154915E-02  0.000000E+00  7.073298E-03  6.107260E-04  3.705539E-21  1.159679E-02  0.000000E+00
  3.735241E+00 -9.774856E-02  5.000000E-01  7.932655E-01 -2.095349E-02  0.000000E+00  7.466288E-03  6.212748E-04 -1.131321E-18  1.214739E-02  0.000000E+00
  3.768500E+00 -9.502062E-02  5.000000E-01  8.003289E-01 -2.037414E-02  0.000000E+00  7.841076E-03  6.434720E-04 -2.177007E-18  1.002227E-02  0.000000E+00
  3.801751E+00 -9.229400E-02  5.000000E-01  8.073904E-01 -1.979507E-02  0.000000E+00  8.164097E-03  6.777240E-04 -2.404063E-18  6.591934E-03  0.000000E+00
  3.834989E+00 -8.950388E-02  5.000000E-01  8.144495E-01 -1.920252E-02  0.000000E+00  8.409540E-03  7.204529E-04 -2.092632E-18  3.725232E-03  0.000000E+00
  3.868211E+00 -8.660297E-02  5.000000E-01  8.215050E-01 -1.858644E-02  0.000000E+00  8.561443E-03  7.673839E-04 -1.786612E-18  2.810065E-03  0.000000E+00
  3.901422E+00 -8.355211E-02  5.000000E-01  8.285582E-01 -1.793851E-02  0.000000E+00  8.613989E-03  8.144588E-04 -6.110190E-19  4.603456E-03  0.000000E+00
  3.934617E+00 -8.032634E-02  5.000000E-01  8.356080E-01 -1.725344E-02  0.000000E+00  8.570280E-03  8.577471E-04 -2.847594E-19  9.458375E-03  0.000000E+00
  3.967800E+00 -7.691016E-02  5.000000E-01  8.426552E-01 -1.652793E-02  0.000000E+00  8.438578E-03  8.940436E-04 -9.181229E-19  1.738759E-02  0.000000E+00
  4.000972E+00 -7.329660E-02  5.000000E-01  8.497001E-01 -1.576049E-02  0.000000E+00  8.229050E-03  9.211066E-04 -3.949610E-19  2.826538E-02  0.000000E+00
  4.034139E+00 -6.948413E-02  5.000000E-01  8.567440E-01 -1.495082E-02  0.000000E+00  7.950323E-03  9.381186E-04  6.340942E-20  4.183819E-02  0.000000E+00
  4.067311E+00 -6.546750E-02  5.000000E-01  8.637890E-01 -1.409778E-02  0.000000E+00  7.608071E-03  9.445455E-04 -1.112720E-18  5.783056E-02  0.000000E+00
  4.100488E+00 -6.124424E-02  5.000000E-01  8.708348E-01 -1.320087E-02  0.000000E+00  7.206291E-03  9.390751E-04 -1.128921E-18  7.612504E-02  0.000000E+00
  4.133669E+00 -5.681620E-02  5.000000E-01  8.778818E-01 -1.226046E-02  0.000000E+00  6.748300E-03  9.204775E-04  4.160284E-19  9.659504E-02  0.000000E+00
  4.166856E+00 -5.218610E-02  5.000000E-01  8.849299E-01 -1.127714E-02  0.000000E+00  6.239173E-03  8.881377E-04  1.236365E-18  1.190493E-01  0.000000E+00
  4.200049E+00 -4.736074E-02  5.000000E-01  8.919793E-01 -1.025235E-02  0.000000E+00  5.688841E-03  8.424157E-04  1.635022E-18  1.431857E-01  0.000000E+00
  4.233242E+00 -4.234815E-02  5.000000E-01  8.990286E-01 -9.187803E-03  0.000000E+00  5.115262E-03  7.840166E-04 -1.527394E-20  1.686769E-01  0.000000E+00
  4.266405E+00 -3.718240E-02  5.000000E-01  9.060715E-01 -8.090724E-03  0.000000E+00  4.545316E-03  7.136164E-04 -2.913873E-18  1.951889E-01  0.000000E+00
  4.299502E+00 -3.193934E-02  5.000000E-01  9.131007E-01 -6.977227E-03  0.000000E+00  4.010338E-03  6.341251E-04 -2.259525E-18  2.220875E-01  0.000000E+00
  4.332522E+00 -2.673001E-02  5.000000E-01  9.201132E-01 -5.870895E-03  0.000000E+00  3.537961E-03  5.517811E-04 -1.050837E-18  2.481383E-01  0.000000E+00
  4.365472E+00 -2.166265E-02  5.000000E-01  9.271110E-01 -4.794711E-03  0.000000E+00  3.147703E-03  4.732065E-04 -1.862094E-18  2.720302E-01  0.000000E+00
  4.398350E+00 -1.685049E-02  5.000000E-01  9.340935E-01 -3.772726E-03  0.000000E+00  2.853109E-03  4.026386E-04 -1.258738E-18  2.931273E-01  0.000000E+00
  4.431155E+00 -1.240872E-02  5.000000E-01  9.410605E-01 -2.829403E-03  0.000000E+00  2.664205E-03  3.414989E-04 -2.427244E-19  3.113222E-01  0.000000E+00
  4.463888E+00 -8.462770E-03  5.000000E-01  9.480121E-01 -1.991381E-03  0.000000E+00  2.585527E-03  2.886686E-04 -3.115644E-19  3.264119E-01  0.000000E+00
  4.496579E+00 -5.109621E-03  5.000000E-01  9.549550E-01 -1.279255E-03  0.000000E+00  2.610527E-03  2.408360E-04 -1.114563E-18  3.382644E-01  0.000000E+00
  4.529252E+00 -2.416883E-03  5.000000E-01  9.618939E-01 -7.073831E-04  0.000000E+00  2.713433E-03  1.941938E-04 -1.210189E-18  3.471619E-01  0.000000E+00
  4.561929E+00 -4.141854E-04  5.000000E-01  9.688337E-01 -2.820594E-04  0.000000E+00  2.836590E-03  1.442159E-04 -1.075825E-19  3.520979E-01  0.000000E+00
  4.594574E+00  8.712606E-04  5.000000E-01  9.757666E-01 -9.062268E-06  0.000000E+00  2.894241E-03  8.063180E-05  5.697508E-20  3.516049E-01  0.000000E+00
  4.627203E+00  1.421561E-03  5.000000E-01  9.826962E-01  1.078080E-04  0.000000E+00  2.837271E-03  4.077922E-06 -1.867662E-19  3.539649E-01  0.000000E+00
  4.659162E+00  1.235769E-03  5.000000E-01  9.894836E-01  6.835043E-05  0.000000E+00  2.685103E-03 -4.071066E-05  1.024362E-18  3.635977E-01  0.000000E+00
  4.689251E+00  4.044002E-04  5.000000E-01  9.958737E-01 -1.082119E-04  0.000000E+00  2.334168E-03 -4.530638E-05  4.621050E-18  3.173749E-01  0.000000E+00
  4.708680E+00 -4.657883E-04  5.000000E-01  1.000000E+00 -2.930186E-04  0.000000E+00  1.676588E-03 -9.195815E-05  4.045352E-18  1.635566E-01  0.000000E+00
    1    2
    2    3
    3    4
    4    5
    5    6
    6    7
    7    8
    8    9
    9   10
   10   11
   11   12
   12   13
   13   14
   14   15
   15   16
   16   17
   17   18
   18   19
   19   20
   20   21
   21   22
   22   23
   23   24
   24   25
   25   26
   26   27
   27   28
   28   29
   29   30
   30   31
   31   32
   32   33
   33   34
   34   35
   35   36
   36   37
   37   38
   38   39
   39   40
   40   41
   41   42
   42   43
   43   44
   44   45
   45   46
   46   47
   47   48
   48   49
   49   50
   50   51
   51   52
   52   53
   53   54
   54   55
   55   56
   56   57
   57   58
   58   59
   59   60
   60   61
   61   62
   62   63
   63   64
   64   65
   65   66
   66   67
   67   68
   68   69
   69   70
   70   71
   71   72
   72   73
   73   74
   74   75
   75   76
   76   77
   77   78
   78   79
   79   80
   80   81
   81   82
   82   83
   83   84
   84   85
   85   86
   86   87
   87   88
   88   89
   89   90
   90   91
   91   92
   92   93
   93   94
   94   95
   95   96
   96   97
   97   98
   98   99
   99  100
  100  101
  101  102
  102  103
  103  104
  104  105
  105  106
  106  107
  107  108
  108  109
  109  110
  110  111
  111  112
  112  113
  113  114
  114  115
  115  116
  116  117
  117  118
  118  119
  119  120
  120  121
  121  122
  122  123
  123  124
  124  125
  125  126
  126  127
  127  128
  128  129
  129  130
  130  131
  131  132
  132  133
  133  134
  134  135
  135  136
  136  137
  137  138
  138  139
  139  140
  140  141
  141  142
  142  143
  143  144
  144  145
  145  146
  146  147
  147  148
  148  149
  149  150
  151  152
  152  153
  153  154
  154  155
  155  156
  156  157
  157  158
  158  159
  159  160
  160  161
  161  162
  162  163
  163  164
  164  165
  165  166
  166  167
  167  168
  168  169
  169  170
  170  171
  171  172
  172  173
  173  174
  174  175
  175  176
  176  177
  177  178
  178  179
  179  180
  180  181
  181  182
  182  183
  183  184
  184  185
  185  186
  186  187
  187  188
  188  189
  189  190
  190  191
  191  192
  192  193
  193  194
  194  195
  195  196
  196  197
  197  198
  198  199
  199  200
  200  201
  201  202
  202  203
  203  204
  204  205
  205  206
  206  207
  207  208
  208  209
  209  210
  210  211
  211  212
  212  213
  213  214
  214  215
  215  216
  216  217
  217  218
  218  219
  219  220
  220  221
  221  222
  222  223
  223  224
  224  225
  225  226
  226  227
  227  228
  228  229
  229  230
  230  231
  231  232
  232  233
  233  234
  234  235
  235  236
  236  237
  237  238
  238  239
  239  240
  240  241
  241  242
  242  243
  243  244
  244  245
  245  246
  246  247
  247  248
  248  249
  249  250
  250  251
  251  252
  252  253
  253  254
  254  255
  255  256
  256  257
  257  258
  258  259
  259  260
  260  261
  261  262
  262  263
  263  264
  264  265
  265  266
  266  267
  267  268
  268  269
  269  270
  270  271
  271  272
  272  273
  273  274
  274  275
  275  276
  276  277
  277  278
  278  279
  279  280
  280  281
  281  282
  282  283
  283  284
  284  285
  285  286
  286  287
  287  288
  288  289
  289  290
  290  291
  291  292
  292  293
  293  294
  294  295
  295  296
  296  297
  297  298
  298  299
  299  300
