 Title = "ADflow Slice Data"
Variables =  "CoordinateX"  "CoordinateY"  "CoordinateZ"  "XoC"  "YoC"  "ZoC" "VelocityX" "VelocityY" "VelocityZ" "CoefPressure" "Mach" 
Zone T= "Slice_0001 None Absolute Regular z = 0.50000000"
 Nodes =          300  Elements=          298  ZONETYPE=FELINESEG
 DATAPACKING=POINT
  4.708680E+00 -5.661539E-04  5.000000E-01  1.000000E+00 -3.045523E-04  0.000000E+00  2.160217E-03 -1.405842E-04  6.143108E-18  1.700018E-01  0.000000E+00
  4.689187E+00  3.024610E-03  5.000000E-01  9.958601E-01  4.580377E-04  0.000000E+00  1.735879E-03 -2.849913E-04  2.612144E-18  1.100346E-01  0.000000E+00
  4.658673E+00  8.548300E-03  5.000000E-01  9.893797E-01  1.631134E-03  0.000000E+00  1.643550E-03 -3.158030E-04  3.083003E-18  1.295857E-01  0.000000E+00
  4.626256E+00  1.429354E-02  5.000000E-01  9.824952E-01  2.851281E-03  0.000000E+00  1.701625E-03 -2.977495E-04  8.393095E-19  1.149352E-01  0.000000E+00
  4.593146E+00  2.003623E-02  5.000000E-01  9.754635E-01  4.070888E-03  0.000000E+00  1.925303E-03 -3.246969E-04 -2.428174E-18  8.721128E-02  0.000000E+00
  4.560031E+00  2.565645E-02  5.000000E-01  9.684306E-01  5.264484E-03  0.000000E+00  2.301210E-03 -3.863190E-04 -3.153245E-18  6.501430E-02  0.000000E+00
  4.526891E+00  3.115920E-02  5.000000E-01  9.613923E-01  6.433134E-03  0.000000E+00  2.762241E-03 -4.543019E-04 -1.824399E-18  4.344992E-02  0.000000E+00
  4.493752E+00  3.653983E-02  5.000000E-01  9.543545E-01  7.575846E-03  0.000000E+00  3.261252E-03 -5.227758E-04  6.553626E-19  1.915412E-02  0.000000E+00
  4.460612E+00  4.179481E-02  5.000000E-01  9.473164E-01  8.691874E-03  0.000000E+00  3.771631E-03 -5.900703E-04  3.417530E-19 -6.524590E-03  0.000000E+00
  4.427470E+00  4.692108E-02  5.000000E-01  9.402779E-01  9.780568E-03  0.000000E+00  4.273984E-03 -6.517766E-04 -4.944359E-19 -3.269708E-02  0.000000E+00
  4.394325E+00  5.190982E-02  5.000000E-01  9.332387E-01  1.084006E-02  0.000000E+00  4.760123E-03 -7.057390E-04  6.980431E-19 -5.937253E-02  0.000000E+00
  4.361178E+00  5.675456E-02  5.000000E-01  9.261991E-01  1.186896E-02  0.000000E+00  5.233864E-03 -7.524286E-04  1.629221E-18 -8.651738E-02  0.000000E+00
  4.328027E+00  6.144639E-02  5.000000E-01  9.191586E-01  1.286539E-02  0.000000E+00  5.703984E-03 -7.926768E-04  7.190759E-19 -1.139052E-01  0.000000E+00
  4.294876E+00  6.597455E-02  5.000000E-01  9.121181E-01  1.382706E-02  0.000000E+00  6.177804E-03 -8.272742E-04 -7.761998E-20 -1.413807E-01  0.000000E+00
  4.261727E+00  7.033052E-02  5.000000E-01  9.050782E-01  1.475216E-02  0.000000E+00  6.659406E-03 -8.566384E-04  1.412495E-18 -1.691382E-01  0.000000E+00
  4.228582E+00  7.450606E-02  5.000000E-01  8.980388E-01  1.563894E-02  0.000000E+00  7.150619E-03 -8.801395E-04  1.084604E-18 -1.978041E-01  0.000000E+00
  4.195443E+00  7.849035E-02  5.000000E-01  8.910010E-01  1.648511E-02  0.000000E+00  7.651155E-03 -8.965454E-04 -1.887960E-19 -2.277478E-01  0.000000E+00
  4.162308E+00  8.227169E-02  5.000000E-01  8.839639E-01  1.728817E-02  0.000000E+00  8.154082E-03 -9.042535E-04  6.751064E-19 -2.580999E-01  0.000000E+00
  4.129179E+00  8.584114E-02  5.000000E-01  8.769281E-01  1.804623E-02  0.000000E+00  8.640522E-03 -9.007942E-04  1.159783E-18 -2.861982E-01  0.000000E+00
  4.096054E+00  8.918808E-02  5.000000E-01  8.698932E-01  1.875704E-02  0.000000E+00  9.079689E-03 -8.839178E-04  9.732198E-19 -3.087401E-01  0.000000E+00
  4.062934E+00  9.230469E-02  5.000000E-01  8.628593E-01  1.941893E-02  0.000000E+00  9.441227E-03 -8.530405E-04  1.445810E-19 -3.250433E-01  0.000000E+00
  4.029817E+00  9.518332E-02  5.000000E-01  8.558262E-01  2.003028E-02  0.000000E+00  9.723283E-03 -8.101168E-04 -3.062406E-20 -3.400133E-01  0.000000E+00
  3.996705E+00  9.781836E-02  5.000000E-01  8.487940E-01  2.058990E-02  0.000000E+00  9.984802E-03 -7.604919E-04  9.093797E-20 -3.631833E-01  0.000000E+00
  3.963594E+00  1.002079E-01  5.000000E-01  8.417620E-01  2.109739E-02  0.000000E+00  1.035371E-02 -7.120033E-04 -1.755935E-18 -4.022033E-01  0.000000E+00
  3.930486E+00  1.023538E-01  5.000000E-01  8.347306E-01  2.155311E-02  0.000000E+00  1.098116E-02 -6.720550E-04 -2.183497E-18 -4.552672E-01  0.000000E+00
  3.897377E+00  1.042607E-01  5.000000E-01  8.276991E-01  2.195809E-02  0.000000E+00  1.193578E-02 -6.429542E-04 -4.741256E-19 -5.101293E-01  0.000000E+00
  3.864269E+00  1.059406E-01  5.000000E-01  8.206677E-01  2.231486E-02  0.000000E+00  1.310529E-02 -6.182933E-04  4.304238E-19 -5.517795E-01  0.000000E+00
  3.831161E+00  1.074085E-01  5.000000E-01  8.136366E-01  2.262661E-02  0.000000E+00  1.420950E-02 -5.869051E-04  1.013534E-18 -5.720634E-01  0.000000E+00
  3.798054E+00  1.086882E-01  5.000000E-01  8.066053E-01  2.289838E-02  0.000000E+00  1.495937E-02 -5.426983E-04  9.545146E-19 -5.729377E-01  0.000000E+00
  3.764948E+00  1.098097E-01  5.000000E-01  7.995744E-01  2.313656E-02  0.000000E+00  1.523590E-02 -4.907062E-04  2.811205E-19 -5.625775E-01  0.000000E+00
  3.731842E+00  1.108112E-01  5.000000E-01  7.925435E-01  2.334926E-02  0.000000E+00  1.512666E-02 -4.434684E-04 -9.824504E-20 -5.496186E-01  0.000000E+00
  3.698737E+00  1.117397E-01  5.000000E-01  7.855130E-01  2.354644E-02  0.000000E+00  1.483017E-02 -4.090217E-04 -5.219019E-19 -5.393183E-01  0.000000E+00
  3.665634E+00  1.126295E-01  5.000000E-01  7.784827E-01  2.373542E-02  0.000000E+00  1.453335E-02 -3.847989E-04 -7.347273E-19 -5.329041E-01  0.000000E+00
  3.632534E+00  1.134876E-01  5.000000E-01  7.714529E-01  2.391767E-02  0.000000E+00  1.433681E-02 -3.663187E-04 -6.091254E-19 -5.296085E-01  0.000000E+00
  3.599434E+00  1.143168E-01  5.000000E-01  7.644234E-01  2.409377E-02  0.000000E+00  1.425500E-02 -3.523826E-04 -1.286423E-19 -5.283749E-01  0.000000E+00
  3.566334E+00  1.151204E-01  5.000000E-01  7.573938E-01  2.426442E-02  0.000000E+00  1.425747E-02 -3.417841E-04  3.506471E-19 -5.282364E-01  0.000000E+00
  3.533236E+00  1.159002E-01  5.000000E-01  7.503646E-01  2.443003E-02  0.000000E+00  1.430413E-02 -3.328730E-04  4.914517E-19 -5.285324E-01  0.000000E+00
  3.500138E+00  1.166570E-01  5.000000E-01  7.433353E-01  2.459075E-02  0.000000E+00  1.436425E-02 -3.247378E-04  7.735297E-19 -5.289697E-01  0.000000E+00
  3.467038E+00  1.173926E-01  5.000000E-01  7.363057E-01  2.474699E-02  0.000000E+00  1.442249E-02 -3.170304E-04  1.034972E-18 -5.294494E-01  0.000000E+00
  3.433936E+00  1.181080E-01  5.000000E-01  7.292757E-01  2.489892E-02  0.000000E+00  1.447557E-02 -3.093339E-04  1.240438E-18 -5.299122E-01  0.000000E+00
  3.400832E+00  1.188031E-01  5.000000E-01  7.222453E-01  2.504654E-02  0.000000E+00  1.452546E-02 -3.013741E-04  1.070000E-18 -5.303213E-01  0.000000E+00
  3.367728E+00  1.194774E-01  5.000000E-01  7.152146E-01  2.518975E-02  0.000000E+00  1.457490E-02 -2.928342E-04  6.996896E-19 -5.306173E-01  0.000000E+00
  3.334620E+00  1.201292E-01  5.000000E-01  7.081834E-01  2.532817E-02  0.000000E+00  1.462515E-02 -2.833504E-04  4.750095E-19 -5.307176E-01  0.000000E+00
  3.301512E+00  1.207560E-01  5.000000E-01  7.011520E-01  2.546129E-02  0.000000E+00  1.467533E-02 -2.725816E-04  4.596207E-19 -5.305495E-01  0.000000E+00
  3.268401E+00  1.213548E-01  5.000000E-01  6.941201E-01  2.558847E-02  0.000000E+00  1.472336E-02 -2.600907E-04  3.557140E-19 -5.300179E-01  0.000000E+00
  3.235290E+00  1.219216E-01  5.000000E-01  6.870881E-01  2.570883E-02  0.000000E+00  1.476671E-02 -2.454238E-04  3.698173E-19 -5.289932E-01  0.000000E+00
  3.202177E+00  1.224513E-01  5.000000E-01  6.800557E-01  2.582132E-02  0.000000E+00  1.480242E-02 -2.283237E-04  5.144762E-19 -5.273646E-01  0.000000E+00
  3.169063E+00  1.229390E-01  5.000000E-01  6.730231E-01  2.592491E-02  0.000000E+00  1.482799E-02 -2.086077E-04  7.821071E-19 -5.250629E-01  0.000000E+00
  3.135947E+00  1.233790E-01  5.000000E-01  6.659902E-01  2.601835E-02  0.000000E+00  1.484170E-02 -1.865861E-04  1.101486E-18 -5.221342E-01  0.000000E+00
  3.102831E+00  1.237674E-01  5.000000E-01  6.589571E-01  2.610083E-02  0.000000E+00  1.484282E-02 -1.638046E-04  1.141853E-18 -5.188211E-01  0.000000E+00
  3.069714E+00  1.241054E-01  5.000000E-01  6.519238E-01  2.617262E-02  0.000000E+00  1.483343E-02 -1.417093E-04  1.171110E-18 -5.154119E-01  0.000000E+00
  3.036593E+00  1.243956E-01  5.000000E-01  6.448898E-01  2.623425E-02  0.000000E+00  1.481838E-02 -1.206293E-04  1.097725E-18 -5.120822E-01  0.000000E+00
  3.003475E+00  1.246402E-01  5.000000E-01  6.378564E-01  2.628620E-02  0.000000E+00  1.480279E-02 -1.003269E-04  8.374581E-19 -5.088915E-01  0.000000E+00
  2.970356E+00  1.248401E-01  5.000000E-01  6.308226E-01  2.632866E-02  0.000000E+00  1.478966E-02 -8.088574E-05  4.911577E-19 -5.058739E-01  0.000000E+00
  2.937236E+00  1.249981E-01  5.000000E-01  6.237888E-01  2.636220E-02  0.000000E+00  1.478017E-02 -6.242168E-05  2.056420E-19 -5.030386E-01  0.000000E+00
  2.904117E+00  1.251156E-01  5.000000E-01  6.167550E-01  2.638715E-02  0.000000E+00  1.477450E-02 -4.478964E-05  7.091180E-20 -5.003573E-01  0.000000E+00
  2.870996E+00  1.251945E-01  5.000000E-01  6.097211E-01  2.640392E-02  0.000000E+00  1.477203E-02 -2.799977E-05 -2.818315E-22 -4.978145E-01  0.000000E+00
  2.837877E+00  1.252368E-01  5.000000E-01  6.026873E-01  2.641290E-02  0.000000E+00  1.477216E-02 -1.197548E-05 -3.524170E-20 -4.953864E-01  0.000000E+00
  2.804757E+00  1.252439E-01  5.000000E-01  5.956535E-01  2.641440E-02  0.000000E+00  1.477436E-02  3.294126E-06 -1.255132E-20 -4.930624E-01  0.000000E+00
  2.771639E+00  1.252177E-01  5.000000E-01  5.886200E-01  2.640885E-02  0.000000E+00  1.477852E-02  1.798313E-05  5.518001E-20 -4.908239E-01  0.000000E+00
  2.738522E+00  1.251589E-01  5.000000E-01  5.815867E-01  2.639637E-02  0.000000E+00  1.478460E-02  3.211898E-05  1.510424E-19 -4.886750E-01  0.000000E+00
  2.705406E+00  1.250695E-01  5.000000E-01  5.745537E-01  2.637737E-02  0.000000E+00  1.479277E-02  4.563121E-05  2.589797E-19 -4.866358E-01  0.000000E+00
  2.672292E+00  1.249503E-01  5.000000E-01  5.675211E-01  2.635206E-02  0.000000E+00  1.480351E-02  5.860393E-05  3.450393E-19 -4.847158E-01  0.000000E+00
  2.639177E+00  1.248029E-01  5.000000E-01  5.604885E-01  2.632075E-02  0.000000E+00  1.481716E-02  7.103858E-05  3.643378E-19 -4.829232E-01  0.000000E+00
  2.606068E+00  1.246284E-01  5.000000E-01  5.534568E-01  2.628370E-02  0.000000E+00  1.483403E-02  8.322390E-05  2.470720E-19 -4.812122E-01  0.000000E+00
  2.572958E+00  1.244270E-01  5.000000E-01  5.464251E-01  2.624091E-02  0.000000E+00  1.485372E-02  9.546398E-05  1.722322E-19 -4.795092E-01  0.000000E+00
  2.539852E+00  1.241985E-01  5.000000E-01  5.393941E-01  2.619240E-02  0.000000E+00  1.487507E-02  1.081502E-04  1.546991E-19 -4.777055E-01  0.000000E+00
  2.506749E+00  1.239413E-01  5.000000E-01  5.323639E-01  2.613777E-02  0.000000E+00  1.489608E-02  1.215449E-04  1.746490E-19 -4.757012E-01  0.000000E+00
  2.473650E+00  1.236540E-01  5.000000E-01  5.253345E-01  2.607676E-02  0.000000E+00  1.491408E-02  1.355482E-04  2.732558E-19 -4.734488E-01  0.000000E+00
  2.440554E+00  1.233353E-01  5.000000E-01  5.183056E-01  2.600907E-02  0.000000E+00  1.492678E-02  1.499487E-04  2.126229E-19 -4.709299E-01  0.000000E+00
  2.407460E+00  1.229848E-01  5.000000E-01  5.112774E-01  2.593463E-02  0.000000E+00  1.493291E-02  1.648060E-04  6.469511E-20 -4.681154E-01  0.000000E+00
  2.374373E+00  1.226007E-01  5.000000E-01  5.042504E-01  2.585306E-02  0.000000E+00  1.493196E-02  1.802246E-04  4.086278E-20 -4.650041E-01  0.000000E+00
  2.341286E+00  1.221818E-01  5.000000E-01  4.972236E-01  2.576409E-02  0.000000E+00  1.492365E-02  1.955317E-04  1.159054E-19 -4.617285E-01  0.000000E+00
  2.308194E+00  1.217292E-01  5.000000E-01  4.901958E-01  2.566798E-02  0.000000E+00  1.490931E-02  2.098630E-04  2.680956E-20 -4.584963E-01  0.000000E+00
  2.275097E+00  1.212456E-01  5.000000E-01  4.831667E-01  2.556528E-02  0.000000E+00  1.489250E-02  2.228215E-04 -4.979150E-20 -4.554971E-01  0.000000E+00
  2.241991E+00  1.207342E-01  5.000000E-01  4.761359E-01  2.545666E-02  0.000000E+00  1.487796E-02  2.343583E-04  1.315557E-19 -4.528773E-01  0.000000E+00
  2.208879E+00  1.201981E-01  5.000000E-01  4.691038E-01  2.534281E-02  0.000000E+00  1.487031E-02  2.446044E-04  2.476079E-19 -4.507318E-01  0.000000E+00
  2.175760E+00  1.196403E-01  5.000000E-01  4.620701E-01  2.522435E-02  0.000000E+00  1.487306E-02  2.537071E-04  3.446024E-20 -4.491142E-01  0.000000E+00
  2.142637E+00  1.190637E-01  5.000000E-01  4.550354E-01  2.510188E-02  0.000000E+00  1.488830E-02  2.617966E-04 -1.899080E-19 -4.480341E-01  0.000000E+00
  2.109507E+00  1.184707E-01  5.000000E-01  4.479994E-01  2.497595E-02  0.000000E+00  1.491667E-02  2.690390E-04  5.585857E-20 -4.474356E-01  0.000000E+00
  2.076374E+00  1.178641E-01  5.000000E-01  4.409628E-01  2.484712E-02  0.000000E+00  1.495775E-02  2.762053E-04  1.960497E-19 -4.471303E-01  0.000000E+00
  2.043241E+00  1.172428E-01  5.000000E-01  4.339262E-01  2.471517E-02  0.000000E+00  1.500924E-02  2.842195E-04  2.662484E-19 -4.468609E-01  0.000000E+00
  2.010106E+00  1.166049E-01  5.000000E-01  4.268892E-01  2.457969E-02  0.000000E+00  1.506675E-02  2.933128E-04  2.503391E-19 -4.464215E-01  0.000000E+00
  1.976970E+00  1.159483E-01  5.000000E-01  4.198519E-01  2.444025E-02  0.000000E+00  1.512541E-02  3.035263E-04 -7.877085E-20 -4.456464E-01  0.000000E+00
  1.943835E+00  1.152707E-01  5.000000E-01  4.128148E-01  2.429634E-02  0.000000E+00  1.518102E-02  3.148989E-04 -3.382213E-19 -4.444189E-01  0.000000E+00
  1.910699E+00  1.145692E-01  5.000000E-01  4.057776E-01  2.414738E-02  0.000000E+00  1.523035E-02  3.272097E-04 -5.061599E-19 -4.427016E-01  0.000000E+00
  1.877561E+00  1.138424E-01  5.000000E-01  3.987399E-01  2.399302E-02  0.000000E+00  1.527180E-02  3.403360E-04 -4.859103E-19 -4.404896E-01  0.000000E+00
  1.844424E+00  1.130879E-01  5.000000E-01  3.917024E-01  2.383277E-02  0.000000E+00  1.530499E-02  3.541891E-04 -2.796544E-19 -4.378053E-01  0.000000E+00
  1.811282E+00  1.123040E-01  5.000000E-01  3.846638E-01  2.366630E-02  0.000000E+00  1.533013E-02  3.684641E-04 -4.543540E-20 -4.347077E-01  0.000000E+00
  1.778139E+00  1.114902E-01  5.000000E-01  3.776250E-01  2.349346E-02  0.000000E+00  1.534815E-02  3.831919E-04 -1.663320E-19 -4.312224E-01  0.000000E+00
  1.744992E+00  1.106445E-01  5.000000E-01  3.705854E-01  2.331385E-02  0.000000E+00  1.535967E-02  3.983588E-04 -2.998975E-19 -4.273707E-01  0.000000E+00
  1.711843E+00  1.097662E-01  5.000000E-01  3.635455E-01  2.312734E-02  0.000000E+00  1.536479E-02  4.139604E-04 -2.985755E-19 -4.231564E-01  0.000000E+00
  1.678692E+00  1.088536E-01  5.000000E-01  3.565049E-01  2.293352E-02  0.000000E+00  1.536294E-02  4.299470E-04 -4.054415E-19 -4.185624E-01  0.000000E+00
  1.645539E+00  1.079060E-01  5.000000E-01  3.494640E-01  2.273228E-02  0.000000E+00  1.535301E-02  4.463685E-04 -4.101552E-19 -4.135304E-01  0.000000E+00
  1.612385E+00  1.069213E-01  5.000000E-01  3.424231E-01  2.252315E-02  0.000000E+00  1.533357E-02  4.634735E-04 -2.806329E-19 -4.079635E-01  0.000000E+00
  1.579236E+00  1.058976E-01  5.000000E-01  3.353830E-01  2.230574E-02  0.000000E+00  1.530270E-02  4.813655E-04 -2.757609E-19 -4.018027E-01  0.000000E+00
  1.546090E+00  1.048315E-01  5.000000E-01  3.283435E-01  2.207933E-02  0.000000E+00  1.525808E-02  4.992145E-04 -3.960553E-19 -3.951545E-01  0.000000E+00
  1.512946E+00  1.037241E-01  5.000000E-01  3.213046E-01  2.184413E-02  0.000000E+00  1.519870E-02  5.157445E-04 -2.889810E-19 -3.882459E-01  0.000000E+00
  1.479807E+00  1.025777E-01  5.000000E-01  3.142666E-01  2.160066E-02  0.000000E+00  1.512639E-02  5.306999E-04 -2.824696E-19 -3.812361E-01  0.000000E+00
  1.446672E+00  1.013943E-01  5.000000E-01  3.072296E-01  2.134933E-02  0.000000E+00  1.504387E-02  5.441565E-04 -3.135803E-19 -3.742314E-01  0.000000E+00
  1.413540E+00  1.001761E-01  5.000000E-01  3.001932E-01  2.109063E-02  0.000000E+00  1.495344E-02  5.562349E-04 -6.744227E-19 -3.672816E-01  0.000000E+00
  1.380413E+00  9.892510E-02  5.000000E-01  2.931579E-01  2.082494E-02  0.000000E+00  1.485667E-02  5.672465E-04 -5.918193E-19 -3.603783E-01  0.000000E+00
  1.347294E+00  9.764239E-02  5.000000E-01  2.861242E-01  2.055253E-02  0.000000E+00  1.475436E-02  5.774424E-04 -1.569610E-19 -3.535311E-01  0.000000E+00
  1.314179E+00  9.632860E-02  5.000000E-01  2.790914E-01  2.027351E-02  0.000000E+00  1.464736E-02  5.868822E-04 -4.354736E-19 -3.468477E-01  0.000000E+00
  1.281074E+00  9.498484E-02  5.000000E-01  2.720606E-01  1.998813E-02  0.000000E+00  1.453756E-02  5.957797E-04 -8.971558E-19 -3.405543E-01  0.000000E+00
  1.247974E+00  9.361087E-02  5.000000E-01  2.650310E-01  1.969633E-02  0.000000E+00  1.442712E-02  6.042150E-04 -1.263718E-18 -3.350016E-01  0.000000E+00
  1.214880E+00  9.220771E-02  5.000000E-01  2.580028E-01  1.939834E-02  0.000000E+00  1.431643E-02  6.122457E-04 -1.088164E-18 -3.304781E-01  0.000000E+00
  1.181795E+00  9.077535E-02  5.000000E-01  2.509763E-01  1.909414E-02  0.000000E+00  1.420000E-02  6.199445E-04 -6.060488E-19 -3.268651E-01  0.000000E+00
  1.148718E+00  8.931349E-02  5.000000E-01  2.439516E-01  1.878367E-02  0.000000E+00  1.406117E-02  6.265927E-04 -7.850422E-20 -3.232937E-01  0.000000E+00
  1.115646E+00  8.782250E-02  5.000000E-01  2.369279E-01  1.846703E-02  0.000000E+00  1.387061E-02  6.307826E-04 -6.615978E-21 -3.179017E-01  0.000000E+00
  1.082583E+00  8.630298E-02  5.000000E-01  2.299061E-01  1.814432E-02  0.000000E+00  1.359149E-02  6.306815E-04  2.200027E-19 -3.082550E-01  0.000000E+00
  1.049524E+00  8.475487E-02  5.000000E-01  2.228852E-01  1.781554E-02  0.000000E+00  1.319467E-02  6.242417E-04  8.036579E-19 -2.929233E-01  0.000000E+00
  1.016475E+00  8.317895E-02  5.000000E-01  2.158664E-01  1.748085E-02  0.000000E+00  1.268199E-02  6.104769E-04  8.691179E-19 -2.739633E-01  0.000000E+00
  9.834318E-01  8.157496E-02  5.000000E-01  2.088488E-01  1.714020E-02  0.000000E+00  1.210720E-02  5.912275E-04  5.392592E-19 -2.588283E-01  0.000000E+00
  9.503976E-01  7.994436E-02  5.000000E-01  2.018331E-01  1.679390E-02  0.000000E+00  1.158515E-02  5.731729E-04  4.534064E-19 -2.589634E-01  0.000000E+00
  9.173728E-01  7.828633E-02  5.000000E-01  1.948195E-01  1.644178E-02  0.000000E+00  1.128556E-02  5.675367E-04 -1.522397E-19 -2.837507E-01  0.000000E+00
  8.843598E-01  7.659946E-02  5.000000E-01  1.878083E-01  1.608353E-02  0.000000E+00  1.139670E-02  5.861126E-04 -5.193909E-19 -3.329667E-01  0.000000E+00
  8.513623E-01  7.488056E-02  5.000000E-01  1.808005E-01  1.571848E-02  0.000000E+00  1.203803E-02  6.351039E-04 -6.567166E-21 -3.946312E-01  0.000000E+00
  8.183794E-01  7.312547E-02  5.000000E-01  1.737957E-01  1.534574E-02  0.000000E+00  1.314477E-02  7.104758E-04  1.530560E-20 -4.518308E-01  0.000000E+00
  7.854121E-01  7.133011E-02  5.000000E-01  1.667943E-01  1.496445E-02  0.000000E+00  1.443992E-02  7.981524E-04 -1.638403E-19 -4.928625E-01  0.000000E+00
  7.524593E-01  6.949034E-02  5.000000E-01  1.597959E-01  1.457373E-02  0.000000E+00  1.556707E-02  8.803743E-04 -7.355183E-19 -5.159888E-01  0.000000E+00
  7.195226E-01  6.760259E-02  5.000000E-01  1.528010E-01  1.417281E-02  0.000000E+00  1.629188E-02  9.451737E-04 -5.872610E-19 -5.265246E-01  0.000000E+00
  6.866079E-01  6.566288E-02  5.000000E-01  1.458107E-01  1.376087E-02  0.000000E+00  1.660147E-02  9.911347E-04 -2.532945E-19 -5.310289E-01  0.000000E+00
  6.537221E-01  6.366612E-02  5.000000E-01  1.388265E-01  1.333680E-02  0.000000E+00  1.663943E-02  1.025057E-03 -6.019776E-19 -5.337645E-01  0.000000E+00
  6.208691E-01  6.160641E-02  5.000000E-01  1.318494E-01  1.289937E-02  0.000000E+00  1.657513E-02  1.055804E-03 -7.009281E-19 -5.364267E-01  0.000000E+00
  5.880524E-01  5.947781E-02  5.000000E-01  1.248799E-01  1.244731E-02  0.000000E+00  1.651644E-02  1.089416E-03 -1.288297E-18 -5.393651E-01  0.000000E+00
  5.552711E-01  5.727493E-02  5.000000E-01  1.179180E-01  1.197947E-02  0.000000E+00  1.649690E-02  1.127756E-03 -2.000281E-18 -5.426342E-01  0.000000E+00
  5.225283E-01  5.499396E-02  5.000000E-01  1.109642E-01  1.149505E-02  0.000000E+00  1.650595E-02  1.170106E-03 -1.690461E-18 -5.463941E-01  0.000000E+00
  4.898261E-01  5.263099E-02  5.000000E-01  1.040191E-01  1.099321E-02  0.000000E+00  1.652166E-02  1.214687E-03 -1.580280E-18 -5.509815E-01  0.000000E+00
  4.571624E-01  5.018351E-02  5.000000E-01  9.708209E-02  1.047343E-02  0.000000E+00  1.652849E-02  1.259515E-03 -1.953907E-18 -5.568726E-01  0.000000E+00
  4.245350E-01  4.765071E-02  5.000000E-01  9.015283E-02  9.935525E-03  0.000000E+00  1.652054E-02  1.302879E-03 -1.592090E-18 -5.646001E-01  0.000000E+00
  3.919369E-01  4.503427E-02  5.000000E-01  8.322981E-02  9.379856E-03  0.000000E+00  1.649706E-02  1.343661E-03 -4.834092E-19 -5.746069E-01  0.000000E+00
  3.593832E-01  4.233880E-02  5.000000E-01  7.631621E-02  8.807405E-03  0.000000E+00  1.645681E-02  1.382235E-03 -2.041306E-18 -5.870091E-01  0.000000E+00
  3.269046E-01  3.956721E-02  5.000000E-01  6.941854E-02  8.218788E-03  0.000000E+00  1.639229E-02  1.420684E-03 -1.351250E-17 -6.015201E-01  0.000000E+00
  2.945750E-01  3.671838E-02  5.000000E-01  6.255253E-02  7.613767E-03  0.000000E+00  1.628605E-02  1.460958E-03 -3.636929E-17 -6.178139E-01  0.000000E+00
  2.624265E-01  3.377969E-02  5.000000E-01  5.572497E-02  6.989661E-03  0.000000E+00  1.611263E-02  1.499900E-03 -4.683073E-17 -6.363896E-01  0.000000E+00
  2.304268E-01  3.074289E-02  5.000000E-01  4.892903E-02  6.344718E-03  0.000000E+00  1.585834E-02  1.531363E-03  6.032270E-17 -6.587904E-01  0.000000E+00
  1.986088E-01  2.761402E-02  5.000000E-01  4.217167E-02  5.680223E-03  0.000000E+00  1.554458E-02  1.551610E-03  4.997105E-16 -6.874276E-01  0.000000E+00
  1.669282E-01  2.439588E-02  5.000000E-01  3.544349E-02  4.996771E-03  0.000000E+00  1.522790E-02  1.551408E-03  1.390198E-15 -7.264407E-01  0.000000E+00
  1.350509E-01  2.112433E-02  5.000000E-01  2.867354E-02  4.301974E-03  0.000000E+00  1.502803E-02  1.547134E-03  1.934403E-15 -7.780881E-01  0.000000E+00
  1.043791E-01  1.795980E-02  5.000000E-01  2.215959E-02  3.629905E-03  0.000000E+00  1.511530E-02  1.616119E-03 -9.521803E-16 -8.387771E-01  0.000000E+00
  7.632629E-02  1.485380E-02  5.000000E-01  1.620187E-02  2.970267E-03  0.000000E+00  1.549950E-02  1.790214E-03 -1.165970E-14 -9.096893E-01  0.000000E+00
  5.118571E-02  1.180646E-02  5.000000E-01  1.086263E-02  2.323087E-03  0.000000E+00  1.609495E-02  2.072837E-03 -2.392628E-14 -9.937909E-01  0.000000E+00
  3.264831E-02  9.292148E-03  5.000000E-01  6.925739E-03  1.789109E-03  0.000000E+00  1.721651E-02  2.631453E-03  1.015415E-14 -1.078471E+00  0.000000E+00
  2.051015E-02  7.258361E-03  5.000000E-01  4.347893E-03  1.357182E-03  0.000000E+00  1.962520E-02  3.727178E-03  1.981890E-13 -1.154283E+00  0.000000E+00
  1.247723E-02  5.564887E-03  5.000000E-01  2.641898E-03  9.975301E-04  0.000000E+00  2.509562E-02  5.923300E-03  6.209646E-13 -1.228338E+00  0.000000E+00
  7.055255E-03  4.163156E-03  5.000000E-01  1.490404E-03  6.998368E-04  0.000000E+00  3.804761E-02  1.148670E-02  1.006301E-12 -1.292318E+00  0.000000E+00
  3.418635E-03  2.964065E-03  5.000000E-01  7.180754E-04  4.451794E-04  0.000000E+00  6.351992E-02  2.664154E-02  2.998167E-13 -1.285535E+00  0.000000E+00
  1.108798E-03  1.874197E-03  5.000000E-01  2.275226E-04  2.137182E-04  0.000000E+00  8.037893E-02  5.983918E-02 -2.267052E-12 -1.017741E+00  0.000000E+00
  3.747479E-05  8.678741E-04  5.000000E-01  0.000000E+00  0.000000E+00  0.000000E+00  2.731450E-02  1.060876E-01 -5.021277E-12  1.096326E-01  0.000000E+00
  3.747479E-05  8.678741E-04  5.000000E-01  0.000000E+00  0.000000E+00  0.000000E+00  2.731450E-02  1.060876E-01 -5.021277E-12  1.096326E-01  0.000000E+00
  2.534065E-04 -1.324614E-04  5.000000E-01  4.585858E-05 -2.124467E-04  0.000000E+00 -3.089779E-02  7.704602E-02 -4.673792E-12  1.164204E+00  0.000000E+00
  1.848580E-03 -1.170502E-03  5.000000E-01  3.846343E-04 -4.329010E-04  0.000000E+00 -2.164527E-02  1.315809E-02 -2.291386E-12  1.193301E+00  0.000000E+00
  4.867645E-03 -2.248239E-03  5.000000E-01  1.025809E-03 -6.617859E-04  0.000000E+00  6.988569E-05  2.095447E-04 -6.921608E-13  1.005206E+00  0.000000E+00
  9.380877E-03 -3.414792E-03  5.000000E-01  1.984309E-03 -9.095330E-04  0.000000E+00  1.098684E-02 -2.455533E-03  5.395905E-14  9.101473E-01  0.000000E+00
  1.589077E-02 -4.756883E-03  5.000000E-01  3.366850E-03 -1.194560E-03  0.000000E+00  1.473492E-02 -2.743936E-03  2.111656E-13  8.274224E-01  0.000000E+00
  2.547297E-02 -6.374294E-03  5.000000E-01  5.401873E-03 -1.538059E-03  0.000000E+00  1.500547E-02 -2.310855E-03  1.340117E-13  7.423690E-01  0.000000E+00
  3.989163E-02 -8.372624E-03  5.000000E-01  8.464043E-03 -1.962455E-03  0.000000E+00  1.404102E-02 -1.786386E-03  4.069709E-14  6.613399E-01  0.000000E+00
  6.092142E-02 -1.078823E-02  5.000000E-01  1.293025E-02 -2.475470E-03  0.000000E+00  1.302993E-02 -1.415919E-03 -2.724545E-15  5.919990E-01  0.000000E+00
  8.832839E-02 -1.358148E-02  5.000000E-01  1.875082E-02 -3.068687E-03  0.000000E+00  1.240714E-02 -1.233597E-03 -9.261810E-15  5.378909E-01  0.000000E+00
  1.189914E-01 -1.655277E-02  5.000000E-01  2.526288E-02 -3.699717E-03  0.000000E+00  1.219927E-02 -1.176350E-03 -4.600482E-15  4.960452E-01  0.000000E+00
  1.511926E-01 -1.964559E-02  5.000000E-01  3.210163E-02 -4.356555E-03  0.000000E+00  1.230294E-02 -1.188069E-03 -9.524642E-16  4.622599E-01  0.000000E+00
  1.838450E-01 -2.282066E-02  5.000000E-01  3.903620E-02 -5.030863E-03  0.000000E+00  1.258841E-02 -1.227720E-03  1.935376E-16  4.323091E-01  0.000000E+00
  2.165049E-01 -2.602199E-02  5.000000E-01  4.597236E-02 -5.710747E-03  0.000000E+00  1.293450E-02 -1.264113E-03  2.314685E-16  4.037394E-01  0.000000E+00
  2.491496E-01 -2.920757E-02  5.000000E-01  5.290529E-02 -6.387285E-03  0.000000E+00  1.326165E-02 -1.287629E-03  8.872372E-17  3.772752E-01  0.000000E+00
  2.819003E-01 -3.237416E-02  5.000000E-01  5.986073E-02 -7.059791E-03  0.000000E+00  1.353594E-02 -1.302548E-03  1.157611E-17  3.541483E-01  0.000000E+00
  3.147601E-01 -3.552460E-02  5.000000E-01  6.683936E-02 -7.728867E-03  0.000000E+00  1.375274E-02 -1.313669E-03 -6.935166E-18  3.340553E-01  0.000000E+00
  3.477303E-01 -3.866657E-02  5.000000E-01  7.384142E-02 -8.396145E-03  0.000000E+00  1.392207E-02 -1.323806E-03 -4.385673E-18  3.158839E-01  0.000000E+00
  3.807756E-01 -4.180648E-02  5.000000E-01  8.085941E-02 -9.062984E-03  0.000000E+00  1.405602E-02 -1.332552E-03 -3.800002E-19  2.985983E-01  0.000000E+00
  4.138291E-01 -4.493795E-02  5.000000E-01  8.787917E-02 -9.728031E-03  0.000000E+00  1.416136E-02 -1.336527E-03  1.238527E-18  2.815963E-01  0.000000E+00
  4.468689E-01 -4.804897E-02  5.000000E-01  9.489601E-02 -1.038874E-02  0.000000E+00  1.424165E-02 -1.334054E-03  4.604783E-19  2.649668E-01  0.000000E+00
  4.799091E-01 -5.113203E-02  5.000000E-01  1.019129E-01 -1.104350E-02  0.000000E+00  1.430056E-02 -1.326366E-03  9.029329E-19  2.491263E-01  0.000000E+00
  5.129612E-01 -5.418309E-02  5.000000E-01  1.089324E-01 -1.169147E-02  0.000000E+00  1.434243E-02 -1.315503E-03  1.350116E-18  2.342903E-01  0.000000E+00
  5.460360E-01 -5.720149E-02  5.000000E-01  1.159567E-01 -1.233251E-02  0.000000E+00  1.437211E-02 -1.303261E-03 -7.477501E-19  2.203921E-01  0.000000E+00
  5.791347E-01 -6.018807E-02  5.000000E-01  1.229860E-01 -1.296678E-02  0.000000E+00  1.439443E-02 -1.290742E-03 -5.795892E-19  2.072160E-01  0.000000E+00
  6.122565E-01 -6.314391E-02  5.000000E-01  1.300203E-01 -1.359453E-02  0.000000E+00  1.441398E-02 -1.278529E-03  1.994401E-19  1.945454E-01  0.000000E+00
  6.454013E-01 -6.607039E-02  5.000000E-01  1.370594E-01 -1.421604E-02  0.000000E+00  1.443520E-02 -1.267207E-03  2.288023E-19  1.822397E-01  0.000000E+00
  6.785693E-01 -6.896961E-02  5.000000E-01  1.441035E-01 -1.483176E-02  0.000000E+00  1.446201E-02 -1.257308E-03 -1.526166E-19  1.701939E-01  0.000000E+00
  7.117575E-01 -7.184370E-02  5.000000E-01  1.511518E-01 -1.544215E-02  0.000000E+00  1.449673E-02 -1.248698E-03  2.341967E-19  1.582651E-01  0.000000E+00
  7.449560E-01 -7.469245E-02  5.000000E-01  1.582024E-01 -1.604716E-02  0.000000E+00  1.453951E-02 -1.240457E-03  6.823781E-19  1.462957E-01  0.000000E+00
  7.781569E-01 -7.751323E-02  5.000000E-01  1.652534E-01 -1.664622E-02  0.000000E+00  1.458896E-02 -1.231533E-03  8.989544E-19  1.342094E-01  0.000000E+00
  8.113578E-01 -8.030233E-02  5.000000E-01  1.723045E-01 -1.723856E-02  0.000000E+00  1.464319E-02 -1.221237E-03  1.449149E-18  1.220359E-01  0.000000E+00
  8.445597E-01 -8.305568E-02  5.000000E-01  1.793558E-01 -1.782330E-02  0.000000E+00  1.470022E-02 -1.209217E-03  1.513845E-19  1.098548E-01  0.000000E+00
  8.777625E-01 -8.576919E-02  5.000000E-01  1.864072E-01 -1.839958E-02  0.000000E+00  1.475775E-02 -1.195030E-03 -4.763079E-20  9.772044E-02  0.000000E+00
  9.109638E-01 -8.843747E-02  5.000000E-01  1.934584E-01 -1.896626E-02  0.000000E+00  1.481308E-02 -1.178175E-03  1.293276E-18  8.567395E-02  0.000000E+00
  9.441676E-01 -9.105538E-02  5.000000E-01  2.005100E-01 -1.952224E-02  0.000000E+00  1.486373E-02 -1.158425E-03  1.087341E-18  7.379476E-02  0.000000E+00
  9.773746E-01 -9.361790E-02  5.000000E-01  2.075624E-01 -2.006646E-02  0.000000E+00  1.490744E-02 -1.135518E-03 -3.592703E-20  6.216193E-02  0.000000E+00
  1.010583E+00 -9.611894E-02  5.000000E-01  2.146150E-01 -2.059761E-02  0.000000E+00  1.494311E-02 -1.109701E-03 -8.046116E-19  5.088405E-02  0.000000E+00
  1.043798E+00 -9.855507E-02  5.000000E-01  2.216690E-01 -2.111499E-02  0.000000E+00  1.497121E-02 -1.081954E-03 -1.711186E-18  4.008799E-02  0.000000E+00
  1.077015E+00 -1.009244E-01  5.000000E-01  2.287237E-01 -2.161818E-02  0.000000E+00  1.499272E-02 -1.053003E-03 -2.279080E-19  2.980635E-02  0.000000E+00
  1.110238E+00 -1.032261E-01  5.000000E-01  2.357793E-01 -2.210699E-02  0.000000E+00  1.500827E-02 -1.023024E-03  2.998218E-19  1.998083E-02  0.000000E+00
  1.143462E+00 -1.054583E-01  5.000000E-01  2.428354E-01 -2.258107E-02  0.000000E+00  1.501845E-02 -9.922593E-04 -9.383090E-19  1.057276E-02  0.000000E+00
  1.176693E+00 -1.076212E-01  5.000000E-01  2.498927E-01 -2.304041E-02  0.000000E+00  1.502379E-02 -9.610329E-04 -2.134115E-19  1.581770E-03  0.000000E+00
  1.209925E+00 -1.097144E-01  5.000000E-01  2.569505E-01 -2.348495E-02  0.000000E+00  1.502410E-02 -9.292256E-04 -4.227723E-19 -7.016767E-03  0.000000E+00
  1.243158E+00 -1.117366E-01  5.000000E-01  2.640083E-01 -2.391442E-02  0.000000E+00  1.501916E-02 -8.969640E-04 -1.143359E-19 -1.520569E-02  0.000000E+00
  1.276395E+00 -1.136885E-01  5.000000E-01  2.710670E-01 -2.432895E-02  0.000000E+00  1.500886E-02 -8.645264E-04  8.974808E-19 -2.294963E-02  0.000000E+00
  1.309630E+00 -1.155700E-01  5.000000E-01  2.781253E-01 -2.472853E-02  0.000000E+00  1.499297E-02 -8.319308E-04  4.911780E-19 -3.025404E-02  0.000000E+00
  1.342868E+00 -1.173814E-01  5.000000E-01  2.851842E-01 -2.511323E-02  0.000000E+00  1.497195E-02 -7.996619E-04  2.106931E-19 -3.709188E-02  0.000000E+00
  1.376108E+00 -1.191250E-01  5.000000E-01  2.922436E-01 -2.548354E-02  0.000000E+00  1.494649E-02 -7.680103E-04 -2.732064E-19 -4.347908E-02  0.000000E+00
  1.409347E+00 -1.208018E-01  5.000000E-01  2.993027E-01 -2.583964E-02  0.000000E+00  1.491754E-02 -7.371391E-04 -5.225008E-19 -4.946483E-02  0.000000E+00
  1.442589E+00 -1.224145E-01  5.000000E-01  3.063625E-01 -2.618214E-02  0.000000E+00  1.488690E-02 -7.075245E-04  3.352053E-19 -5.507872E-02  0.000000E+00
  1.475831E+00 -1.239659E-01  5.000000E-01  3.134222E-01 -2.651163E-02  0.000000E+00  1.485678E-02 -6.794067E-04  3.193764E-19 -6.039316E-02  0.000000E+00
  1.509072E+00 -1.254592E-01  5.000000E-01  3.204819E-01 -2.682877E-02  0.000000E+00  1.482966E-02 -6.529551E-04  5.175485E-20 -6.550672E-02  0.000000E+00
  1.542314E+00 -1.268976E-01  5.000000E-01  3.275416E-01 -2.713424E-02  0.000000E+00  1.480829E-02 -6.285548E-04  3.680522E-19 -7.050444E-02  0.000000E+00
  1.575558E+00 -1.282857E-01  5.000000E-01  3.346018E-01 -2.742904E-02  0.000000E+00  1.479429E-02 -6.060339E-04 -5.177743E-20 -7.551752E-02  0.000000E+00
  1.608800E+00 -1.296256E-01  5.000000E-01  3.416615E-01 -2.771361E-02  0.000000E+00  1.478736E-02 -5.844637E-04 -5.150328E-19 -8.070318E-02  0.000000E+00
  1.642044E+00 -1.309181E-01  5.000000E-01  3.487219E-01 -2.798809E-02  0.000000E+00  1.478613E-02 -5.630891E-04 -8.819997E-19 -8.611657E-02  0.000000E+00
  1.675286E+00 -1.321621E-01  5.000000E-01  3.557816E-01 -2.825229E-02  0.000000E+00  1.478896E-02 -5.415074E-04 -6.803242E-19 -9.171106E-02  0.000000E+00
  1.708526E+00 -1.333568E-01  5.000000E-01  3.628410E-01 -2.850601E-02  0.000000E+00  1.479421E-02 -5.195177E-04  2.351835E-19 -9.739947E-02  0.000000E+00
  1.741762E+00 -1.345009E-01  5.000000E-01  3.698996E-01 -2.874901E-02  0.000000E+00  1.480019E-02 -4.968279E-04  5.777051E-19 -1.031229E-01  0.000000E+00
  1.774995E+00 -1.355925E-01  5.000000E-01  3.769573E-01 -2.898082E-02  0.000000E+00  1.480590E-02 -4.735305E-04  1.888871E-19 -1.088096E-01  0.000000E+00
  1.808227E+00 -1.366310E-01  5.000000E-01  3.840150E-01 -2.920139E-02  0.000000E+00  1.481073E-02 -4.497139E-04  2.417215E-19 -1.144155E-01  0.000000E+00
  1.841453E+00 -1.376149E-01  5.000000E-01  3.910714E-01 -2.941034E-02  0.000000E+00  1.481389E-02 -4.252126E-04 -1.259034E-19 -1.199399E-01  0.000000E+00
  1.874678E+00 -1.385429E-01  5.000000E-01  3.981276E-01 -2.960742E-02  0.000000E+00  1.481493E-02 -4.001068E-04 -1.475914E-19 -1.253550E-01  0.000000E+00
  1.907900E+00 -1.394139E-01  5.000000E-01  4.051830E-01 -2.979239E-02  0.000000E+00  1.481337E-02 -3.743901E-04  5.129736E-21 -1.306374E-01  0.000000E+00
  1.941118E+00 -1.402265E-01  5.000000E-01  4.122377E-01 -2.996498E-02  0.000000E+00  1.480879E-02 -3.480365E-04 -2.524107E-19 -1.357658E-01  0.000000E+00
  1.974334E+00 -1.409796E-01  5.000000E-01  4.192920E-01 -3.012491E-02  0.000000E+00  1.480113E-02 -3.212592E-04 -1.437254E-19 -1.406981E-01  0.000000E+00
  2.007549E+00 -1.416728E-01  5.000000E-01  4.263460E-01 -3.027213E-02  0.000000E+00  1.479029E-02 -2.941079E-04 -1.781795E-19 -1.454170E-01  0.000000E+00
  2.040760E+00 -1.423049E-01  5.000000E-01  4.333993E-01 -3.040638E-02  0.000000E+00  1.477595E-02 -2.664758E-04  1.100916E-19 -1.499255E-01  0.000000E+00
  2.073970E+00 -1.428750E-01  5.000000E-01  4.404522E-01 -3.052746E-02  0.000000E+00  1.475815E-02 -2.385165E-04  2.643423E-19 -1.541947E-01  0.000000E+00
  2.107177E+00 -1.433827E-01  5.000000E-01  4.475046E-01 -3.063528E-02  0.000000E+00  1.473692E-02 -2.102494E-04  1.012176E-19 -1.582092E-01  0.000000E+00
  2.140379E+00 -1.438268E-01  5.000000E-01  4.545558E-01 -3.072960E-02  0.000000E+00  1.471250E-02 -1.818239E-04 -5.392953E-20 -1.619447E-01  0.000000E+00
  2.173577E+00 -1.442076E-01  5.000000E-01  4.616063E-01 -3.081047E-02  0.000000E+00  1.468497E-02 -1.533390E-04 -1.587122E-19 -1.653873E-01  0.000000E+00
  2.206768E+00 -1.445244E-01  5.000000E-01  4.686553E-01 -3.087775E-02  0.000000E+00  1.465380E-02 -1.246912E-04 -1.278658E-19 -1.685420E-01  0.000000E+00
  2.239954E+00 -1.447768E-01  5.000000E-01  4.757033E-01 -3.093135E-02  0.000000E+00  1.461797E-02 -9.584244E-05 -9.926521E-20 -1.713926E-01  0.000000E+00
  2.273134E+00 -1.449638E-01  5.000000E-01  4.827499E-01 -3.097107E-02  0.000000E+00  1.457596E-02 -6.678971E-05 -2.749442E-20 -1.739006E-01  0.000000E+00
  2.306309E+00 -1.450851E-01  5.000000E-01  4.897953E-01 -3.099682E-02  0.000000E+00  1.452603E-02 -3.754049E-05 -3.290682E-20 -1.760107E-01  0.000000E+00
  2.339476E+00 -1.451396E-01  5.000000E-01  4.968392E-01 -3.100839E-02  0.000000E+00  1.446672E-02 -8.021958E-06 -8.182131E-20 -1.776770E-01  0.000000E+00
  2.372638E+00 -1.451260E-01  5.000000E-01  5.038821E-01 -3.100551E-02  0.000000E+00  1.439846E-02  2.117006E-05 -1.146081E-19 -1.788113E-01  0.000000E+00
  2.405805E+00 -1.450460E-01  5.000000E-01  5.109259E-01 -3.098852E-02  0.000000E+00  1.432389E-02  4.904795E-05 -9.472701E-20 -1.793485E-01  0.000000E+00
  2.438976E+00 -1.449029E-01  5.000000E-01  5.179706E-01 -3.095812E-02  0.000000E+00  1.424613E-02  7.531275E-05 -4.303160E-20 -1.793772E-01  0.000000E+00
  2.472150E+00 -1.446994E-01  5.000000E-01  5.250160E-01 -3.091490E-02  0.000000E+00  1.416829E-02  1.000122E-04  3.851976E-20 -1.790653E-01  0.000000E+00
  2.505329E+00 -1.444386E-01  5.000000E-01  5.320625E-01 -3.085952E-02  0.000000E+00  1.409378E-02  1.230888E-04  7.361508E-20 -1.785604E-01  0.000000E+00
  2.538512E+00 -1.441239E-01  5.000000E-01  5.391097E-01 -3.079269E-02  0.000000E+00  1.402582E-02  1.446591E-04 -6.933048E-20 -1.780073E-01  0.000000E+00
  2.571700E+00 -1.437581E-01  5.000000E-01  5.461580E-01 -3.071500E-02  0.000000E+00  1.396744E-02  1.646855E-04 -2.216114E-19 -1.775181E-01  0.000000E+00
  2.604894E+00 -1.433453E-01  5.000000E-01  5.532074E-01 -3.062733E-02  0.000000E+00  1.392048E-02  1.833275E-04 -1.138624E-19 -1.772086E-01  0.000000E+00
  2.638090E+00 -1.428880E-01  5.000000E-01  5.602575E-01 -3.053021E-02  0.000000E+00  1.388418E-02  2.014861E-04 -1.423785E-19 -1.772307E-01  0.000000E+00
  2.671292E+00 -1.423860E-01  5.000000E-01  5.673087E-01 -3.042360E-02  0.000000E+00  1.385573E-02  2.202336E-04 -1.761737E-19 -1.776702E-01  0.000000E+00
  2.704497E+00 -1.418367E-01  5.000000E-01  5.743608E-01 -3.030693E-02  0.000000E+00  1.383200E-02  2.400230E-04 -1.277910E-19 -1.784543E-01  0.000000E+00
  2.737708E+00 -1.412376E-01  5.000000E-01  5.814140E-01 -3.017970E-02  0.000000E+00  1.381045E-02  2.608710E-04 -2.899865E-19 -1.794223E-01  0.000000E+00
  2.770923E+00 -1.405860E-01  5.000000E-01  5.884680E-01 -3.004132E-02  0.000000E+00  1.378904E-02  2.827978E-04 -2.368759E-19 -1.804395E-01  0.000000E+00
  2.804143E+00 -1.398791E-01  5.000000E-01  5.955231E-01 -2.989120E-02  0.000000E+00  1.376636E-02  3.057069E-04 -8.423389E-20 -1.814041E-01  0.000000E+00
  2.837367E+00 -1.391145E-01  5.000000E-01  6.025790E-01 -2.972882E-02  0.000000E+00  1.374112E-02  3.296112E-04 -1.605291E-19 -1.822588E-01  0.000000E+00
  2.870594E+00 -1.382892E-01  5.000000E-01  6.096357E-01 -2.955354E-02  0.000000E+00  1.371174E-02  3.546166E-04 -1.383141E-19 -1.829596E-01  0.000000E+00
  2.903823E+00 -1.373999E-01  5.000000E-01  6.166926E-01 -2.936469E-02  0.000000E+00  1.367594E-02  3.810225E-04 -2.423225E-19 -1.834644E-01  0.000000E+00
  2.937051E+00 -1.364417E-01  5.000000E-01  6.237496E-01 -2.916117E-02  0.000000E+00  1.363146E-02  4.087735E-04 -3.181199E-19 -1.836623E-01  0.000000E+00
  2.970283E+00 -1.354109E-01  5.000000E-01  6.308072E-01 -2.894226E-02  0.000000E+00  1.357611E-02  4.375921E-04 -3.453135E-19 -1.834041E-01  0.000000E+00
  3.003515E+00 -1.343033E-01  5.000000E-01  6.378649E-01 -2.870703E-02  0.000000E+00  1.350723E-02  4.673701E-04 -4.518941E-19 -1.825683E-01  0.000000E+00
  3.036751E+00 -1.331148E-01  5.000000E-01  6.449232E-01 -2.845463E-02  0.000000E+00  1.342189E-02  4.977425E-04 -5.097882E-19 -1.810206E-01  0.000000E+00
  3.069988E+00 -1.318420E-01  5.000000E-01  6.519820E-01 -2.818432E-02  0.000000E+00  1.331666E-02  5.285371E-04 -6.137799E-19 -1.786608E-01  0.000000E+00
  3.103226E+00 -1.304800E-01  5.000000E-01  6.590410E-01 -2.789506E-02  0.000000E+00  1.318911E-02  5.593439E-04 -5.850783E-19 -1.753531E-01  0.000000E+00
  3.136469E+00 -1.290260E-01  5.000000E-01  6.661010E-01 -2.758628E-02  0.000000E+00  1.303898E-02  5.895944E-04 -4.072267E-19 -1.709757E-01  0.000000E+00
  3.169712E+00 -1.274768E-01  5.000000E-01  6.731611E-01 -2.725726E-02  0.000000E+00  1.286996E-02  6.178651E-04 -6.811663E-21 -1.654112E-01  0.000000E+00
  3.202960E+00 -1.258368E-01  5.000000E-01  6.802220E-01 -2.690896E-02  0.000000E+00  1.268912E-02  6.425326E-04 -1.712559E-19 -1.586500E-01  0.000000E+00
  3.236210E+00 -1.241127E-01  5.000000E-01  6.872835E-01 -2.654280E-02  0.000000E+00  1.250368E-02  6.632829E-04 -2.718768E-19 -1.509542E-01  0.000000E+00
  3.269464E+00 -1.223122E-01  5.000000E-01  6.943459E-01 -2.616042E-02  0.000000E+00  1.231957E-02  6.804556E-04  4.719184E-19 -1.427039E-01  0.000000E+00
  3.302721E+00 -1.204425E-01  5.000000E-01  7.014089E-01 -2.576333E-02  0.000000E+00  1.214094E-02  6.946481E-04  6.606099E-19 -1.342491E-01  0.000000E+00
  3.335981E+00 -1.185098E-01  5.000000E-01  7.084724E-01 -2.535289E-02  0.000000E+00  1.197108E-02  7.062078E-04  1.276528E-19 -1.257948E-01  0.000000E+00
  3.369247E+00 -1.165211E-01  5.000000E-01  7.155373E-01 -2.493053E-02  0.000000E+00  1.181299E-02  7.153090E-04 -3.919991E-19 -1.174280E-01  0.000000E+00
  3.402518E+00 -1.144841E-01  5.000000E-01  7.226033E-01 -2.449793E-02  0.000000E+00  1.166842E-02  7.224869E-04 -9.375342E-19 -1.092842E-01  0.000000E+00
  3.435792E+00 -1.124041E-01  5.000000E-01  7.296699E-01 -2.405618E-02  0.000000E+00  1.153832E-02  7.282020E-04 -1.612665E-18 -1.014978E-01  0.000000E+00
  3.469073E+00 -1.102871E-01  5.000000E-01  7.367379E-01 -2.360658E-02  0.000000E+00  1.142357E-02  7.328020E-04 -7.243030E-19 -9.414964E-02  0.000000E+00
  3.502353E+00 -1.081377E-01  5.000000E-01  7.438057E-01 -2.315011E-02  0.000000E+00  1.132494E-02  7.367055E-04  1.129218E-18 -8.732029E-02  0.000000E+00
  3.535630E+00 -1.059608E-01  5.000000E-01  7.508729E-01 -2.268778E-02  0.000000E+00  1.124353E-02  7.402679E-04  6.253683E-19 -8.107832E-02  0.000000E+00
  3.568904E+00 -1.037594E-01  5.000000E-01  7.579395E-01 -2.222026E-02  0.000000E+00  1.118101E-02  7.441936E-04  1.422604E-19 -7.550929E-02  0.000000E+00
  3.602176E+00 -1.015349E-01  5.000000E-01  7.650057E-01 -2.174783E-02  0.000000E+00  1.113995E-02  7.492454E-04  1.518607E-18 -7.067571E-02  0.000000E+00
  3.635446E+00 -9.928740E-02  5.000000E-01  7.720715E-01 -2.127052E-02  0.000000E+00  1.112277E-02  7.559437E-04  2.085763E-18 -6.663347E-02  0.000000E+00
  3.668713E+00 -9.701617E-02  5.000000E-01  7.791365E-01 -2.078817E-02  0.000000E+00  1.112948E-02  7.643491E-04  1.212851E-18 -6.338492E-02  0.000000E+00
  3.701976E+00 -9.472137E-02  5.000000E-01  7.862009E-01 -2.030081E-02  0.000000E+00  1.115313E-02  7.754363E-04  9.221629E-19 -6.092725E-02  0.000000E+00
  3.735241E+00 -9.239493E-02  5.000000E-01  7.932655E-01 -1.980673E-02  0.000000E+00  1.117453E-02  7.932492E-04  1.093483E-18 -5.942634E-02  0.000000E+00
  3.768500E+00 -9.000381E-02  5.000000E-01  8.003289E-01 -1.929891E-02  0.000000E+00  1.116861E-02  8.207257E-04  9.811084E-19 -5.852772E-02  0.000000E+00
  3.801751E+00 -8.751092E-02  5.000000E-01  8.073904E-01 -1.876948E-02  0.000000E+00  1.111579E-02  8.558896E-04  9.043532E-19 -5.702329E-02  0.000000E+00
  3.834989E+00 -8.488634E-02  5.000000E-01  8.144495E-01 -1.821209E-02  0.000000E+00  1.100566E-02  8.941415E-04  1.692972E-18 -5.364085E-02  0.000000E+00
  3.868211E+00 -8.211297E-02  5.000000E-01  8.215050E-01 -1.762309E-02  0.000000E+00  1.083562E-02  9.314394E-04  1.745589E-18 -4.770841E-02  0.000000E+00
  3.901422E+00 -7.917716E-02  5.000000E-01  8.285582E-01 -1.699960E-02  0.000000E+00  1.060945E-02  9.649320E-04  5.638263E-19 -3.912432E-02  0.000000E+00
  3.934617E+00 -7.607439E-02  5.000000E-01  8.356080E-01 -1.634065E-02  0.000000E+00  1.033561E-02  9.923468E-04  5.031974E-20 -2.804482E-02  0.000000E+00
  3.967800E+00 -7.280489E-02  5.000000E-01  8.426552E-01 -1.564629E-02  0.000000E+00  1.002356E-02  1.012369E-03 -1.332089E-20 -1.479717E-02  0.000000E+00
  4.000972E+00 -6.937308E-02  5.000000E-01  8.497001E-01 -1.491745E-02  0.000000E+00  9.681228E-03  1.024485E-03  1.415941E-19  2.949691E-04  0.000000E+00
  4.034139E+00 -6.578509E-02  5.000000E-01  8.567440E-01 -1.415545E-02  0.000000E+00  9.312450E-03  1.029280E-03  8.210876E-19  1.690870E-02  0.000000E+00
  4.067311E+00 -6.204088E-02  5.000000E-01  8.637890E-01 -1.336027E-02  0.000000E+00  8.916682E-03  1.027244E-03 -9.236283E-19  3.482981E-02  0.000000E+00
  4.100488E+00 -5.814070E-02  5.000000E-01  8.708348E-01 -1.253197E-02  0.000000E+00  8.490956E-03  1.017633E-03 -1.654655E-19  5.408594E-02  0.000000E+00
  4.133669E+00 -5.408655E-02  5.000000E-01  8.778818E-01 -1.167097E-02  0.000000E+00  8.030865E-03  9.993880E-04  9.523030E-19  7.474150E-02  0.000000E+00
  4.166856E+00 -4.987937E-02  5.000000E-01  8.849299E-01 -1.077747E-02  0.000000E+00  7.533091E-03  9.716290E-04  3.133218E-19  9.682821E-02  0.000000E+00
  4.200049E+00 -4.552199E-02  5.000000E-01  8.919793E-01 -9.852068E-03  0.000000E+00  6.998918E-03  9.340030E-04  3.221588E-18  1.202926E-01  0.000000E+00
  4.233242E+00 -4.101668E-02  5.000000E-01  8.990286E-01 -8.895250E-03  0.000000E+00  6.438423E-03  8.859274E-04  6.493790E-19  1.450691E-01  0.000000E+00
  4.266405E+00 -3.638707E-02  5.000000E-01  9.060715E-01 -7.912035E-03  0.000000E+00  5.872624E-03  8.261183E-04  2.655586E-19  1.710758E-01  0.000000E+00
  4.299502E+00 -3.169215E-02  5.000000E-01  9.131007E-01 -6.914950E-03  0.000000E+00  5.329504E-03  7.551377E-04  1.593556E-18  1.978567E-01  0.000000E+00
  4.332522E+00 -2.702069E-02  5.000000E-01  9.201132E-01 -5.922845E-03  0.000000E+00  4.835563E-03  6.774420E-04 -4.577908E-19  2.242480E-01  0.000000E+00
  4.365472E+00 -2.245815E-02  5.000000E-01  9.271110E-01 -4.953875E-03  0.000000E+00  4.410956E-03  5.988710E-04 -7.455558E-19  2.489190E-01  0.000000E+00
  4.398350E+00 -1.809447E-02  5.000000E-01  9.340935E-01 -4.027136E-03  0.000000E+00  4.070842E-03  5.235220E-04 -5.579738E-20  2.711338E-01  0.000000E+00
  4.431155E+00 -1.402206E-02  5.000000E-01  9.410605E-01 -3.162257E-03  0.000000E+00  3.826906E-03  4.531777E-04  1.423866E-18  2.906652E-01  0.000000E+00
  4.463888E+00 -1.034434E-02  5.000000E-01  9.480121E-01 -2.381199E-03  0.000000E+00  3.684707E-03  3.879321E-04  4.046874E-19  3.072165E-01  0.000000E+00
  4.496579E+00 -7.141911E-03  5.000000E-01  9.549550E-01 -1.701081E-03  0.000000E+00  3.638187E-03  3.266667E-04  3.292886E-19  3.205501E-01  0.000000E+00
  4.529252E+00 -4.472326E-03  5.000000E-01  9.618939E-01 -1.134127E-03  0.000000E+00  3.661349E-03  2.677385E-04  1.363872E-18  3.307189E-01  0.000000E+00
  4.561929E+00 -2.362321E-03  5.000000E-01  9.688337E-01 -6.860141E-04  0.000000E+00  3.694957E-03  2.071607E-04  5.684155E-19  3.367083E-01  0.000000E+00
  4.594574E+00 -8.415027E-04  5.000000E-01  9.757666E-01 -3.630296E-04  0.000000E+00  3.654113E-03  1.346633E-04 -2.270093E-19  3.379809E-01  0.000000E+00
  4.627203E+00  6.339744E-05  5.000000E-01  9.826962E-01 -1.708511E-04  0.000000E+00  3.496837E-03  5.265043E-05 -3.312077E-19  3.426889E-01  0.000000E+00
  4.659162E+00  3.235881E-04  5.000000E-01  9.894836E-01 -1.155930E-04  0.000000E+00  3.244455E-03  2.872670E-06  9.235549E-19  3.508930E-01  0.000000E+00
  4.689251E+00 -2.412933E-05  5.000000E-01  9.958737E-01 -1.894396E-04  0.000000E+00  2.799123E-03 -2.512557E-05  5.818017E-18  3.013224E-01  0.000000E+00
  4.708680E+00 -5.661539E-04  5.000000E-01  1.000000E+00 -3.045523E-04  0.000000E+00  2.160217E-03 -1.405842E-04  6.143108E-18  1.700018E-01  0.000000E+00
    1    2
    2    3
    3    4
    4    5
    5    6
    6    7
    7    8
    8    9
    9   10
   10   11
   11   12
   12   13
   13   14
   14   15
   15   16
   16   17
   17   18
   18   19
   19   20
   20   21
   21   22
   22   23
   23   24
   24   25
   25   26
   26   27
   27   28
   28   29
   29   30
   30   31
   31   32
   32   33
   33   34
   34   35
   35   36
   36   37
   37   38
   38   39
   39   40
   40   41
   41   42
   42   43
   43   44
   44   45
   45   46
   46   47
   47   48
   48   49
   49   50
   50   51
   51   52
   52   53
   53   54
   54   55
   55   56
   56   57
   57   58
   58   59
   59   60
   60   61
   61   62
   62   63
   63   64
   64   65
   65   66
   66   67
   67   68
   68   69
   69   70
   70   71
   71   72
   72   73
   73   74
   74   75
   75   76
   76   77
   77   78
   78   79
   79   80
   80   81
   81   82
   82   83
   83   84
   84   85
   85   86
   86   87
   87   88
   88   89
   89   90
   90   91
   91   92
   92   93
   93   94
   94   95
   95   96
   96   97
   97   98
   98   99
   99  100
  100  101
  101  102
  102  103
  103  104
  104  105
  105  106
  106  107
  107  108
  108  109
  109  110
  110  111
  111  112
  112  113
  113  114
  114  115
  115  116
  116  117
  117  118
  118  119
  119  120
  120  121
  121  122
  122  123
  123  124
  124  125
  125  126
  126  127
  127  128
  128  129
  129  130
  130  131
  131  132
  132  133
  133  134
  134  135
  135  136
  136  137
  137  138
  138  139
  139  140
  140  141
  141  142
  142  143
  143  144
  144  145
  145  146
  146  147
  147  148
  148  149
  149  150
  151  152
  152  153
  153  154
  154  155
  155  156
  156  157
  157  158
  158  159
  159  160
  160  161
  161  162
  162  163
  163  164
  164  165
  165  166
  166  167
  167  168
  168  169
  169  170
  170  171
  171  172
  172  173
  173  174
  174  175
  175  176
  176  177
  177  178
  178  179
  179  180
  180  181
  181  182
  182  183
  183  184
  184  185
  185  186
  186  187
  187  188
  188  189
  189  190
  190  191
  191  192
  192  193
  193  194
  194  195
  195  196
  196  197
  197  198
  198  199
  199  200
  200  201
  201  202
  202  203
  203  204
  204  205
  205  206
  206  207
  207  208
  208  209
  209  210
  210  211
  211  212
  212  213
  213  214
  214  215
  215  216
  216  217
  217  218
  218  219
  219  220
  220  221
  221  222
  222  223
  223  224
  224  225
  225  226
  226  227
  227  228
  228  229
  229  230
  230  231
  231  232
  232  233
  233  234
  234  235
  235  236
  236  237
  237  238
  238  239
  239  240
  240  241
  241  242
  242  243
  243  244
  244  245
  245  246
  246  247
  247  248
  248  249
  249  250
  250  251
  251  252
  252  253
  253  254
  254  255
  255  256
  256  257
  257  258
  258  259
  259  260
  260  261
  261  262
  262  263
  263  264
  264  265
  265  266
  266  267
  267  268
  268  269
  269  270
  270  271
  271  272
  272  273
  273  274
  274  275
  275  276
  276  277
  277  278
  278  279
  279  280
  280  281
  281  282
  282  283
  283  284
  284  285
  285  286
  286  287
  287  288
  288  289
  289  290
  290  291
  291  292
  292  293
  293  294
  294  295
  295  296
  296  297
  297  298
  298  299
  299  300
