 Title = "ADflow Slice Data"
Variables =  "CoordinateX"  "CoordinateY"  "CoordinateZ"  "XoC"  "YoC"  "ZoC" "VelocityX" "VelocityY" "VelocityZ" "CoefPressure" "Mach" 
Zone T= "Slice_0001 None Absolute Regular z = 0.50000000"
 Nodes =          300  Elements=          298  ZONETYPE=FELINESEG
 DATAPACKING=POINT
  4.708680E+00 -4.400560E-04  5.000000E-01  9.999999E-01 -3.234973E-04  0.000000E+00  2.467422E-03 -1.489056E-04  6.681662E-18  1.567350E-01  0.000000E+00
  4.689187E+00  2.682499E-03  5.000000E-01  9.958601E-01  3.396565E-04  0.000000E+00  1.995978E-03 -2.858300E-04  2.288590E-18  9.851046E-02  0.000000E+00
  4.658673E+00  7.500313E-03  5.000000E-01  9.893797E-01  1.362842E-03  0.000000E+00  1.917785E-03 -3.207824E-04 -8.985086E-21  1.194728E-01  0.000000E+00
  4.626256E+00  1.253157E-02  5.000000E-01  9.824952E-01  2.431357E-03  0.000000E+00  1.985009E-03 -3.053702E-04 -1.480467E-18  1.089353E-01  0.000000E+00
  4.593146E+00  1.758336E-02  5.000000E-01  9.754635E-01  3.504233E-03  0.000000E+00  2.183927E-03 -3.252246E-04 -4.939916E-19  8.541896E-02  0.000000E+00
  4.560031E+00  2.255178E-02  5.000000E-01  9.684306E-01  4.559403E-03  0.000000E+00  2.494896E-03 -3.713104E-04  1.614784E-18  6.701411E-02  0.000000E+00
  4.526891E+00  2.744215E-02  5.000000E-01  9.613923E-01  5.597999E-03  0.000000E+00  2.853821E-03 -4.184738E-04  2.742368E-18  4.959763E-02  0.000000E+00
  4.493752E+00  3.225130E-02  5.000000E-01  9.543545E-01  6.619343E-03  0.000000E+00  3.218993E-03 -4.627977E-04  2.141257E-18  3.013020E-02  0.000000E+00
  4.460612E+00  3.697721E-02  5.000000E-01  9.473164E-01  7.623010E-03  0.000000E+00  3.569578E-03 -5.041239E-04  1.905209E-18  9.823672E-03  0.000000E+00
  4.427470E+00  4.161823E-02  5.000000E-01  9.402779E-01  8.608649E-03  0.000000E+00  3.891816E-03 -5.395075E-04  1.441944E-18 -1.057990E-02  0.000000E+00
  4.394325E+00  4.616786E-02  5.000000E-01  9.332387E-01  9.574878E-03  0.000000E+00  4.181076E-03 -5.677011E-04 -7.240348E-19 -3.102734E-02  0.000000E+00
  4.361178E+00  5.062150E-02  5.000000E-01  9.261991E-01  1.052072E-02  0.000000E+00  4.440694E-03 -5.894314E-04 -1.487796E-19 -5.128975E-02  0.000000E+00
  4.328027E+00  5.497251E-02  5.000000E-01  9.191586E-01  1.144477E-02  0.000000E+00  4.674563E-03 -6.054568E-04  9.843797E-19 -7.124034E-02  0.000000E+00
  4.294876E+00  5.921259E-02  5.000000E-01  9.121181E-01  1.234526E-02  0.000000E+00  4.881893E-03 -6.160794E-04  1.096288E-18 -9.158252E-02  0.000000E+00
  4.261727E+00  6.333520E-02  5.000000E-01  9.050782E-01  1.322080E-02  0.000000E+00  5.057079E-03 -6.205445E-04  1.484355E-18 -1.136796E-01  0.000000E+00
  4.228582E+00  6.733405E-02  5.000000E-01  8.980388E-01  1.407006E-02  0.000000E+00  5.191019E-03 -6.165415E-04 -8.730486E-21 -1.375713E-01  0.000000E+00
  4.195443E+00  7.120043E-02  5.000000E-01  8.910010E-01  1.489118E-02  0.000000E+00  5.270112E-03 -6.019642E-04 -8.257900E-19 -1.594591E-01  0.000000E+00
  4.162308E+00  7.492482E-02  5.000000E-01  8.839639E-01  1.568215E-02  0.000000E+00  5.276151E-03 -5.774117E-04  7.882356E-20 -1.735223E-01  0.000000E+00
  4.129179E+00  7.849975E-02  5.000000E-01  8.769281E-01  1.644138E-02  0.000000E+00  5.205083E-03 -5.471991E-04 -9.682063E-20 -1.802819E-01  0.000000E+00
  4.096054E+00  8.191607E-02  5.000000E-01  8.698932E-01  1.716692E-02  0.000000E+00  5.117745E-03 -5.189830E-04 -9.298073E-19 -1.946685E-01  0.000000E+00
  4.062934E+00  8.516664E-02  5.000000E-01  8.628593E-01  1.785726E-02  0.000000E+00  5.204241E-03 -5.053311E-04 -4.144524E-19 -2.407741E-01  0.000000E+00
  4.029817E+00  8.824399E-02  5.000000E-01  8.558262E-01  1.851082E-02  0.000000E+00  5.800622E-03 -5.274736E-04  8.891054E-19 -3.306954E-01  0.000000E+00
  3.996705E+00  9.114181E-02  5.000000E-01  8.487940E-01  1.912624E-02  0.000000E+00  7.270992E-03 -6.112180E-04  2.247231E-19 -4.483210E-01  0.000000E+00
  3.963594E+00  9.385631E-02  5.000000E-01  8.417620E-01  1.970273E-02  0.000000E+00  9.688885E-03 -7.561718E-04 -6.206048E-19 -5.589239E-01  0.000000E+00
  3.930486E+00  9.638582E-02  5.000000E-01  8.347306E-01  2.023994E-02  0.000000E+00  1.258158E-02 -9.163579E-04  1.943529E-19 -6.347565E-01  0.000000E+00
  3.897377E+00  9.873042E-02  5.000000E-01  8.276991E-01  2.073787E-02  0.000000E+00  1.511028E-02 -1.025580E-03  6.265181E-19 -6.700641E-01  0.000000E+00
  3.864269E+00  1.008948E-01  5.000000E-01  8.206677E-01  2.119754E-02  0.000000E+00  1.664157E-02 -1.045750E-03  9.687515E-19 -6.757317E-01  0.000000E+00
  3.831161E+00  1.028851E-01  5.000000E-01  8.136366E-01  2.162023E-02  0.000000E+00  1.713268E-02 -9.909780E-04  1.878306E-18 -6.658878E-01  0.000000E+00
  3.798054E+00  1.047132E-01  5.000000E-01  8.066053E-01  2.200847E-02  0.000000E+00  1.696433E-02 -9.016695E-04  2.096526E-18 -6.501720E-01  0.000000E+00
  3.764948E+00  1.063945E-01  5.000000E-01  7.995744E-01  2.236553E-02  0.000000E+00  1.656203E-02 -8.117139E-04  1.064423E-18 -6.335334E-01  0.000000E+00
  3.731842E+00  1.079499E-01  5.000000E-01  7.925435E-01  2.269586E-02  0.000000E+00  1.618075E-02 -7.377935E-04 -3.671255E-19 -6.184588E-01  0.000000E+00
  3.698737E+00  1.094060E-01  5.000000E-01  7.855130E-01  2.300511E-02  0.000000E+00  1.590781E-02 -6.820792E-04 -1.010051E-18 -6.059210E-01  0.000000E+00
  3.665634E+00  1.107829E-01  5.000000E-01  7.784827E-01  2.329752E-02  0.000000E+00  1.574291E-02 -6.381044E-04 -7.340603E-19 -5.956285E-01  0.000000E+00
  3.632534E+00  1.120848E-01  5.000000E-01  7.714529E-01  2.357402E-02  0.000000E+00  1.565405E-02 -5.995573E-04 -4.291115E-19 -5.868487E-01  0.000000E+00
  3.599434E+00  1.133138E-01  5.000000E-01  7.644234E-01  2.383503E-02  0.000000E+00  1.560595E-02 -5.639784E-04 -1.715475E-20 -5.790019E-01  0.000000E+00
  3.566334E+00  1.144727E-01  5.000000E-01  7.573938E-01  2.408115E-02  0.000000E+00  1.557401E-02 -5.302715E-04  6.949853E-19 -5.716419E-01  0.000000E+00
  3.533236E+00  1.155634E-01  5.000000E-01  7.503646E-01  2.431279E-02  0.000000E+00  1.554491E-02 -4.976132E-04  1.245960E-18 -5.644783E-01  0.000000E+00
  3.500138E+00  1.165873E-01  5.000000E-01  7.433353E-01  2.453023E-02  0.000000E+00  1.551265E-02 -4.659327E-04  1.840985E-18 -5.574228E-01  0.000000E+00
  3.467038E+00  1.175471E-01  5.000000E-01  7.363057E-01  2.473408E-02  0.000000E+00  1.547610E-02 -4.354794E-04  2.267780E-18 -5.504862E-01  0.000000E+00
  3.433936E+00  1.184455E-01  5.000000E-01  7.292757E-01  2.492488E-02  0.000000E+00  1.543692E-02 -4.062198E-04  2.301105E-18 -5.436816E-01  0.000000E+00
  3.400832E+00  1.192847E-01  5.000000E-01  7.222453E-01  2.510310E-02  0.000000E+00  1.539709E-02 -3.781636E-04  2.143006E-18 -5.370338E-01  0.000000E+00
  3.367728E+00  1.200670E-01  5.000000E-01  7.152146E-01  2.526925E-02  0.000000E+00  1.535824E-02 -3.512520E-04  1.563909E-18 -5.305480E-01  0.000000E+00
  3.334620E+00  1.207944E-01  5.000000E-01  7.081834E-01  2.542373E-02  0.000000E+00  1.532127E-02 -3.253851E-04  9.761940E-19 -5.242109E-01  0.000000E+00
  3.301512E+00  1.214687E-01  5.000000E-01  7.011520E-01  2.556693E-02  0.000000E+00  1.528620E-02 -3.005083E-04  7.254145E-19 -5.180198E-01  0.000000E+00
  3.268401E+00  1.220917E-01  5.000000E-01  6.941201E-01  2.569923E-02  0.000000E+00  1.525279E-02 -2.764680E-04  4.255493E-19 -5.119540E-01  0.000000E+00
  3.235290E+00  1.226645E-01  5.000000E-01  6.870881E-01  2.582089E-02  0.000000E+00  1.522075E-02 -2.530605E-04  2.496829E-19 -5.059673E-01  0.000000E+00
  3.202177E+00  1.231882E-01  5.000000E-01  6.800557E-01  2.593210E-02  0.000000E+00  1.518936E-02 -2.302392E-04  3.740213E-19 -5.000301E-01  0.000000E+00
  3.169063E+00  1.236639E-01  5.000000E-01  6.730231E-01  2.603313E-02  0.000000E+00  1.515787E-02 -2.079284E-04  5.583553E-19 -4.941209E-01  0.000000E+00
  3.135947E+00  1.240922E-01  5.000000E-01  6.659902E-01  2.612410E-02  0.000000E+00  1.512575E-02 -1.859860E-04  8.516742E-19 -4.882175E-01  0.000000E+00
  3.102831E+00  1.244738E-01  5.000000E-01  6.589571E-01  2.620514E-02  0.000000E+00  1.509255E-02 -1.644593E-04  1.056823E-18 -4.823124E-01  0.000000E+00
  3.069714E+00  1.248095E-01  5.000000E-01  6.519238E-01  2.627642E-02  0.000000E+00  1.505794E-02 -1.434847E-04  1.068501E-18 -4.764163E-01  0.000000E+00
  3.036593E+00  1.251005E-01  5.000000E-01  6.448898E-01  2.633822E-02  0.000000E+00  1.502184E-02 -1.231019E-04  8.787202E-19 -4.705400E-01  0.000000E+00
  3.003475E+00  1.253479E-01  5.000000E-01  6.378564E-01  2.639077E-02  0.000000E+00  1.498461E-02 -1.030595E-04  6.677339E-19 -4.646557E-01  0.000000E+00
  2.970356E+00  1.255516E-01  5.000000E-01  6.308226E-01  2.643403E-02  0.000000E+00  1.494606E-02 -8.345674E-05  4.458902E-19 -4.587697E-01  0.000000E+00
  2.937236E+00  1.257133E-01  5.000000E-01  6.237888E-01  2.646837E-02  0.000000E+00  1.490601E-02 -6.444305E-05  2.442120E-19 -4.529006E-01  0.000000E+00
  2.904117E+00  1.258335E-01  5.000000E-01  6.167550E-01  2.649391E-02  0.000000E+00  1.486460E-02 -4.591305E-05  1.348807E-19 -4.470448E-01  0.000000E+00
  2.870996E+00  1.259134E-01  5.000000E-01  6.097211E-01  2.651087E-02  0.000000E+00  1.482185E-02 -2.791645E-05  5.312551E-20 -4.412124E-01  0.000000E+00
  2.837877E+00  1.259539E-01  5.000000E-01  6.026873E-01  2.651947E-02  0.000000E+00  1.477788E-02 -1.040738E-05  2.487345E-20 -4.353975E-01  0.000000E+00
  2.804757E+00  1.259556E-01  5.000000E-01  5.956535E-01  2.651984E-02  0.000000E+00  1.473258E-02  6.599758E-06  3.824328E-20 -4.295962E-01  0.000000E+00
  2.771639E+00  1.259198E-01  5.000000E-01  5.886200E-01  2.651224E-02  0.000000E+00  1.468588E-02  2.325915E-05  1.073131E-19 -4.237851E-01  0.000000E+00
  2.738522E+00  1.258464E-01  5.000000E-01  5.815867E-01  2.649663E-02  0.000000E+00  1.463742E-02  3.958106E-05  2.229514E-19 -4.179538E-01  0.000000E+00
  2.705406E+00  1.257363E-01  5.000000E-01  5.745537E-01  2.647327E-02  0.000000E+00  1.458674E-02  5.547806E-05  3.261000E-19 -4.121008E-01  0.000000E+00
  2.672292E+00  1.255901E-01  5.000000E-01  5.675211E-01  2.644221E-02  0.000000E+00  1.453358E-02  7.102014E-05  4.134577E-19 -4.062129E-01  0.000000E+00
  2.639177E+00  1.254083E-01  5.000000E-01  5.604885E-01  2.640361E-02  0.000000E+00  1.447759E-02  8.617991E-05  3.927707E-19 -4.002862E-01  0.000000E+00
  2.606068E+00  1.251916E-01  5.000000E-01  5.534568E-01  2.635758E-02  0.000000E+00  1.441841E-02  1.010659E-04  3.612254E-19 -3.942962E-01  0.000000E+00
  2.572958E+00  1.249398E-01  5.000000E-01  5.464251E-01  2.630410E-02  0.000000E+00  1.435523E-02  1.156005E-04  1.592983E-19 -3.882313E-01  0.000000E+00
  2.539852E+00  1.246540E-01  5.000000E-01  5.393941E-01  2.624341E-02  0.000000E+00  1.428701E-02  1.299049E-04  2.082269E-20 -3.820392E-01  0.000000E+00
  2.506749E+00  1.243335E-01  5.000000E-01  5.323639E-01  2.617534E-02  0.000000E+00  1.421210E-02  1.441919E-04  7.117644E-20 -3.756373E-01  0.000000E+00
  2.473650E+00  1.239781E-01  5.000000E-01  5.253345E-01  2.609986E-02  0.000000E+00  1.412773E-02  1.583486E-04  8.177972E-20 -3.689612E-01  0.000000E+00
  2.440554E+00  1.235873E-01  5.000000E-01  5.183056E-01  2.601686E-02  0.000000E+00  1.403056E-02  1.721421E-04  2.170711E-19 -3.619419E-01  0.000000E+00
  2.407460E+00  1.231618E-01  5.000000E-01  5.112774E-01  2.592649E-02  0.000000E+00  1.391740E-02  1.855832E-04  5.295485E-20 -3.544757E-01  0.000000E+00
  2.374373E+00  1.227008E-01  5.000000E-01  5.042504E-01  2.582859E-02  0.000000E+00  1.378541E-02  1.987074E-04 -9.303371E-20 -3.464870E-01  0.000000E+00
  2.341286E+00  1.222039E-01  5.000000E-01  4.972236E-01  2.572307E-02  0.000000E+00  1.363239E-02  2.108088E-04 -8.465156E-20 -3.380805E-01  0.000000E+00
  2.308194E+00  1.216734E-01  5.000000E-01  4.901958E-01  2.561039E-02  0.000000E+00  1.345879E-02  2.210317E-04  3.486376E-20 -3.295389E-01  0.000000E+00
  2.275097E+00  1.211128E-01  5.000000E-01  4.831667E-01  2.549135E-02  0.000000E+00  1.326860E-02  2.290089E-04  5.365544E-20 -3.212656E-01  0.000000E+00
  2.241991E+00  1.205265E-01  5.000000E-01  4.761359E-01  2.536683E-02  0.000000E+00  1.306787E-02  2.347515E-04 -2.973166E-19 -3.137291E-01  0.000000E+00
  2.208879E+00  1.199188E-01  5.000000E-01  4.691038E-01  2.523776E-02  0.000000E+00  1.286188E-02  2.384670E-04  5.058057E-21 -3.073137E-01  0.000000E+00
  2.175760E+00  1.192937E-01  5.000000E-01  4.620701E-01  2.510501E-02  0.000000E+00  1.265157E-02  2.403573E-04 -8.373354E-20 -3.020789E-01  0.000000E+00
  2.142637E+00  1.186555E-01  5.000000E-01  4.550354E-01  2.496947E-02  0.000000E+00  1.243070E-02  2.405062E-04 -5.331587E-19 -2.975075E-01  0.000000E+00
  2.109507E+00  1.180078E-01  5.000000E-01  4.479994E-01  2.483192E-02  0.000000E+00  1.218573E-02  2.388603E-04 -4.173111E-19 -2.924750E-01  0.000000E+00
  2.076374E+00  1.173547E-01  5.000000E-01  4.409628E-01  2.469321E-02  0.000000E+00  1.190083E-02  2.357481E-04 -4.082478E-19 -2.857078E-01  0.000000E+00
  2.043241E+00  1.166957E-01  5.000000E-01  4.339262E-01  2.455327E-02  0.000000E+00  1.156828E-02  2.316365E-04 -4.136398E-19 -2.770307E-01  0.000000E+00
  2.010106E+00  1.160291E-01  5.000000E-01  4.268892E-01  2.441169E-02  0.000000E+00  1.120301E-02  2.267491E-04 -3.229224E-19 -2.688614E-01  0.000000E+00
  1.976970E+00  1.153527E-01  5.000000E-01  4.198519E-01  2.426804E-02  0.000000E+00  1.085547E-02  2.222048E-04 -2.994011E-19 -2.665507E-01  0.000000E+00
  1.943835E+00  1.146642E-01  5.000000E-01  4.128148E-01  2.412183E-02  0.000000E+00  1.061423E-02  2.206149E-04 -6.832648E-19 -2.765444E-01  0.000000E+00
  1.910699E+00  1.139610E-01  5.000000E-01  4.057775E-01  2.397246E-02  0.000000E+00  1.059181E-02  2.252382E-04 -9.779471E-19 -3.026275E-01  0.000000E+00
  1.877561E+00  1.132413E-01  5.000000E-01  3.987399E-01  2.381964E-02  0.000000E+00  1.088714E-02  2.385703E-04 -1.191853E-18 -3.426389E-01  0.000000E+00
  1.844424E+00  1.125032E-01  5.000000E-01  3.917024E-01  2.366287E-02  0.000000E+00  1.152810E-02  2.607254E-04 -1.422054E-18 -3.887463E-01  0.000000E+00
  1.811282E+00  1.117451E-01  5.000000E-01  3.846638E-01  2.350186E-02  0.000000E+00  1.242607E-02  2.891083E-04 -1.430021E-18 -4.315338E-01  0.000000E+00
  1.778139E+00  1.109664E-01  5.000000E-01  3.776250E-01  2.333649E-02  0.000000E+00  1.339378E-02  3.196721E-04 -1.290438E-18 -4.646128E-01  0.000000E+00
  1.744992E+00  1.101654E-01  5.000000E-01  3.705854E-01  2.316639E-02  0.000000E+00  1.422936E-02  3.482547E-04 -1.212788E-18 -4.865289E-01  0.000000E+00
  1.711843E+00  1.093419E-01  5.000000E-01  3.635455E-01  2.299148E-02  0.000000E+00  1.481007E-02  3.722913E-04 -9.775933E-19 -4.994239E-01  0.000000E+00
  1.678692E+00  1.084939E-01  5.000000E-01  3.565049E-01  2.281139E-02  0.000000E+00  1.512840E-02  3.912633E-04 -4.301891E-19 -5.065403E-01  0.000000E+00
  1.645539E+00  1.076212E-01  5.000000E-01  3.494640E-01  2.262605E-02  0.000000E+00  1.525748E-02  4.065058E-04 -3.221204E-19 -5.105042E-01  0.000000E+00
  1.612385E+00  1.067218E-01  5.000000E-01  3.424230E-01  2.243504E-02  0.000000E+00  1.528967E-02  4.202471E-04 -7.789772E-19 -5.128798E-01  0.000000E+00
  1.579236E+00  1.057939E-01  5.000000E-01  3.353830E-01  2.223799E-02  0.000000E+00  1.529328E-02  4.343054E-04 -6.715118E-19 -5.144823E-01  0.000000E+00
  1.546090E+00  1.048344E-01  5.000000E-01  3.283435E-01  2.203422E-02  0.000000E+00  1.530129E-02  4.488496E-04  1.837855E-19 -5.158354E-01  0.000000E+00
  1.512946E+00  1.038446E-01  5.000000E-01  3.213046E-01  2.182400E-02  0.000000E+00  1.532231E-02  4.629887E-04 -7.743338E-20 -5.173320E-01  0.000000E+00
  1.479807E+00  1.028269E-01  5.000000E-01  3.142666E-01  2.160787E-02  0.000000E+00  1.535590E-02  4.765467E-04 -4.651238E-19 -5.191549E-01  0.000000E+00
  1.446672E+00  1.017833E-01  5.000000E-01  3.072296E-01  2.138622E-02  0.000000E+00  1.539980E-02  4.895808E-04  1.411252E-19 -5.213617E-01  0.000000E+00
  1.413540E+00  1.007156E-01  5.000000E-01  3.001932E-01  2.115948E-02  0.000000E+00  1.545243E-02  5.022034E-04  3.784593E-19 -5.239283E-01  0.000000E+00
  1.380413E+00  9.962534E-02  5.000000E-01  2.931579E-01  2.092793E-02  0.000000E+00  1.551295E-02  5.147630E-04 -1.612660E-20 -5.267642E-01  0.000000E+00
  1.347294E+00  9.851290E-02  5.000000E-01  2.861242E-01  2.069168E-02  0.000000E+00  1.558021E-02  5.275611E-04 -3.500704E-19 -5.297697E-01  0.000000E+00
  1.314179E+00  9.737807E-02  5.000000E-01  2.790914E-01  2.045067E-02  0.000000E+00  1.565253E-02  5.406719E-04 -3.052002E-19 -5.328697E-01  0.000000E+00
  1.281074E+00  9.622099E-02  5.000000E-01  2.720606E-01  2.020493E-02  0.000000E+00  1.572831E-02  5.542848E-04  2.057837E-19 -5.359933E-01  0.000000E+00
  1.247974E+00  9.504035E-02  5.000000E-01  2.650310E-01  1.995419E-02  0.000000E+00  1.580600E-02  5.684014E-04 -5.138648E-20 -5.391052E-01  0.000000E+00
  1.214880E+00  9.383600E-02  5.000000E-01  2.580028E-01  1.969842E-02  0.000000E+00  1.588459E-02  5.830528E-04 -7.361619E-19 -5.421791E-01  0.000000E+00
  1.181795E+00  9.260669E-02  5.000000E-01  2.509763E-01  1.943734E-02  0.000000E+00  1.596367E-02  5.985262E-04 -7.062551E-19 -5.451769E-01  0.000000E+00
  1.148718E+00  9.135078E-02  5.000000E-01  2.439516E-01  1.917062E-02  0.000000E+00  1.604268E-02  6.147312E-04 -3.115908E-19 -5.481121E-01  0.000000E+00
  1.115646E+00  9.006729E-02  5.000000E-01  2.369279E-01  1.889804E-02  0.000000E+00  1.612145E-02  6.315409E-04 -2.029775E-19 -5.510131E-01  0.000000E+00
  1.082583E+00  8.875535E-02  5.000000E-01  2.299061E-01  1.861941E-02  0.000000E+00  1.620053E-02  6.490860E-04  5.074447E-20 -5.538909E-01  0.000000E+00
  1.049524E+00  8.741338E-02  5.000000E-01  2.228852E-01  1.833441E-02  0.000000E+00  1.628063E-02  6.674414E-04  2.641701E-19 -5.567664E-01  0.000000E+00
  1.016475E+00  8.604056E-02  5.000000E-01  2.158664E-01  1.804286E-02  0.000000E+00  1.636257E-02  6.866787E-04  2.719838E-19 -5.596691E-01  0.000000E+00
  9.834318E-01  8.463497E-02  5.000000E-01  2.088488E-01  1.774435E-02  0.000000E+00  1.644690E-02  7.065200E-04  6.497958E-19 -5.626706E-01  0.000000E+00
  9.503976E-01  8.319716E-02  5.000000E-01  2.018331E-01  1.743899E-02  0.000000E+00  1.653456E-02  7.268127E-04  6.319431E-19 -5.658216E-01  0.000000E+00
  9.173728E-01  8.172638E-02  5.000000E-01  1.948195E-01  1.712663E-02  0.000000E+00  1.662685E-02  7.479591E-04 -1.978889E-19 -5.690928E-01  0.000000E+00
  8.843598E-01  8.022165E-02  5.000000E-01  1.878083E-01  1.680707E-02  0.000000E+00  1.672433E-02  7.705338E-04 -6.463888E-19 -5.724054E-01  0.000000E+00
  8.513623E-01  7.868039E-02  5.000000E-01  1.808005E-01  1.647974E-02  0.000000E+00  1.682648E-02  7.950921E-04 -4.795829E-19 -5.756689E-01  0.000000E+00
  8.183794E-01  7.709919E-02  5.000000E-01  1.737957E-01  1.614393E-02  0.000000E+00  1.693164E-02  8.217708E-04 -2.136865E-19 -5.788475E-01  0.000000E+00
  7.854121E-01  7.547474E-02  5.000000E-01  1.667943E-01  1.579894E-02  0.000000E+00  1.703824E-02  8.505258E-04  3.066624E-19 -5.819538E-01  0.000000E+00
  7.524593E-01  7.380367E-02  5.000000E-01  1.597959E-01  1.544405E-02  0.000000E+00  1.714551E-02  8.812880E-04  6.890979E-19 -5.850220E-01  0.000000E+00
  7.195226E-01  7.208305E-02  5.000000E-01  1.528009E-01  1.507863E-02  0.000000E+00  1.725356E-02  9.142746E-04  2.306636E-19 -5.880546E-01  0.000000E+00
  6.866079E-01  7.030930E-02  5.000000E-01  1.458107E-01  1.470193E-02  0.000000E+00  1.736272E-02  9.501537E-04 -1.648214E-19 -5.909923E-01  0.000000E+00
  6.537221E-01  6.847741E-02  5.000000E-01  1.388265E-01  1.431288E-02  0.000000E+00  1.747220E-02  9.896069E-04 -1.777777E-19 -5.937620E-01  0.000000E+00
  6.208691E-01  6.658119E-02  5.000000E-01  1.318494E-01  1.391017E-02  0.000000E+00  1.757970E-02  1.032945E-03 -6.670980E-19 -5.963423E-01  0.000000E+00
  5.880524E-01  6.461406E-02  5.000000E-01  1.248799E-01  1.349240E-02  0.000000E+00  1.768218E-02  1.079994E-03 -1.186305E-18 -5.988057E-01  0.000000E+00
  5.552711E-01  6.256975E-02  5.000000E-01  1.179180E-01  1.305824E-02  0.000000E+00  1.777727E-02  1.130258E-03 -1.389806E-18 -6.013158E-01  0.000000E+00
  5.225283E-01  6.044331E-02  5.000000E-01  1.109642E-01  1.260663E-02  0.000000E+00  1.786443E-02  1.183506E-03 -1.577079E-18 -6.040791E-01  0.000000E+00
  4.898261E-01  5.822931E-02  5.000000E-01  1.040191E-01  1.213643E-02  0.000000E+00  1.794416E-02  1.239435E-03 -2.390730E-18 -6.073842E-01  0.000000E+00
  4.571624E-01  5.592352E-02  5.000000E-01  9.708209E-02  1.164674E-02  0.000000E+00  1.801705E-02  1.297218E-03 -2.506984E-18 -6.116525E-01  0.000000E+00
  4.245350E-01  5.352329E-02  5.000000E-01  9.015283E-02  1.113699E-02  0.000000E+00  1.808344E-02  1.355605E-03 -1.779909E-18 -6.173985E-01  0.000000E+00
  3.919369E-01  5.102845E-02  5.000000E-01  8.322981E-02  1.060715E-02  0.000000E+00  1.814307E-02  1.413551E-03 -7.843718E-20 -6.250675E-01  0.000000E+00
  3.593832E-01  4.844153E-02  5.000000E-01  7.631620E-02  1.005775E-02  0.000000E+00  1.819439E-02  1.471917E-03 -3.210265E-19 -6.347402E-01  0.000000E+00
  3.269046E-01  4.576218E-02  5.000000E-01  6.941854E-02  9.488722E-03  0.000000E+00  1.823151E-02  1.534381E-03 -8.874999E-18 -6.460069E-01  0.000000E+00
  2.945750E-01  4.298345E-02  5.000000E-01  6.255253E-02  8.898588E-03  0.000000E+00  1.824009E-02  1.605446E-03 -3.057411E-17 -6.583404E-01  0.000000E+00
  2.624265E-01  4.008355E-02  5.000000E-01  5.572497E-02  8.282721E-03  0.000000E+00  1.819684E-02  1.683410E-03 -5.246969E-17 -6.721104E-01  0.000000E+00
  2.304268E-01  3.704490E-02  5.000000E-01  4.892903E-02  7.637387E-03  0.000000E+00  1.809121E-02  1.762444E-03  1.848250E-18 -6.888466E-01  0.000000E+00
  1.986088E-01  3.386344E-02  5.000000E-01  4.217166E-02  6.961723E-03  0.000000E+00  1.795298E-02  1.839306E-03  3.051758E-16 -7.109683E-01  0.000000E+00
  1.669282E-01  3.052955E-02  5.000000E-01  3.544349E-02  6.253686E-03  0.000000E+00  1.785183E-02  1.900009E-03  1.028955E-15 -7.428592E-01  0.000000E+00
  1.350509E-01  2.708060E-02  5.000000E-01  2.867354E-02  5.521214E-03  0.000000E+00  1.796624E-02  1.971329E-03  1.960611E-15 -7.859003E-01  0.000000E+00
  1.043791E-01  2.367315E-02  5.000000E-01  2.215959E-02  4.797555E-03  0.000000E+00  1.862007E-02  2.197510E-03  2.045175E-15 -8.322561E-01  0.000000E+00
  7.632629E-02  2.017936E-02  5.000000E-01  1.620187E-02  4.055560E-03  0.000000E+00  1.996343E-02  2.678043E-03  1.749032E-16 -8.802800E-01  0.000000E+00
  5.118571E-02  1.655817E-02  5.000000E-01  1.086263E-02  3.286508E-03  0.000000E+00  2.206677E-02  3.500260E-03 -1.377814E-15 -9.334979E-01  0.000000E+00
  3.264831E-02  1.338328E-02  5.000000E-01  6.925739E-03  2.612240E-03  0.000000E+00  2.551266E-02  5.143520E-03  5.533389E-15 -9.755743E-01  0.000000E+00
  2.051015E-02  1.063835E-02  5.000000E-01  4.347893E-03  2.029284E-03  0.000000E+00  3.058788E-02  8.122256E-03  2.694201E-14 -9.971069E-01  0.000000E+00
  1.247723E-02  8.230691E-03  5.000000E-01  2.641898E-03  1.517956E-03  0.000000E+00  3.720466E-02  1.275406E-02  5.248107E-14 -1.017493E+00  0.000000E+00
  7.055255E-03  6.164664E-03  5.000000E-01  1.490404E-03  1.079183E-03  0.000000E+00  4.709872E-02  2.106325E-02  5.544232E-14 -1.034332E+00  0.000000E+00
  3.418635E-03  4.348611E-03  5.000000E-01  7.180754E-04  6.934978E-04  0.000000E+00  6.130054E-02  3.870798E-02  2.403789E-14 -9.773614E-01  0.000000E+00
  1.108798E-03  2.663159E-03  5.000000E-01  2.275226E-04  3.355493E-04  0.000000E+00  6.338499E-02  6.918158E-02  1.882396E-14 -6.679384E-01  0.000000E+00
  3.747479E-05  1.083177E-03  5.000000E-01  0.000000E+00  0.000000E+00  0.000000E+00  2.202919E-02  9.517418E-02  9.390876E-14  1.828634E-01  0.000000E+00
  3.747479E-05  1.083177E-03  5.000000E-01  0.000000E+00  0.000000E+00  0.000000E+00  2.202919E-02  9.517418E-02  9.390876E-14  1.828634E-01  0.000000E+00
  2.534065E-04 -5.017445E-04  5.000000E-01  4.585858E-05 -3.365985E-04  0.000000E+00 -2.334501E-02  6.891624E-02  1.675600E-13  1.031970E+00  0.000000E+00
  1.848580E-03 -2.148205E-03  5.000000E-01  3.846343E-04 -6.862663E-04  0.000000E+00 -2.292574E-02  2.093714E-02  1.462282E-13  1.200769E+00  0.000000E+00
  4.867645E-03 -3.845310E-03  5.000000E-01  1.025809E-03 -1.046690E-03  0.000000E+00 -4.013243E-03  2.496792E-03  7.205203E-14  1.050700E+00  0.000000E+00
  9.380877E-03 -5.655266E-03  5.000000E-01  1.984309E-03 -1.431080E-03  0.000000E+00  8.725837E-03 -2.943326E-03  2.029914E-14  9.309858E-01  0.000000E+00
  1.589077E-02 -7.692407E-03  5.000000E-01  3.366850E-03 -1.863718E-03  0.000000E+00  1.433157E-02 -3.969273E-03  3.923261E-15  8.340319E-01  0.000000E+00
  2.547297E-02 -1.007350E-02  5.000000E-01  5.401873E-03 -2.369405E-03  0.000000E+00  1.567504E-02 -3.480137E-03  5.048203E-15  7.360050E-01  0.000000E+00
  3.989163E-02 -1.289532E-02  5.000000E-01  8.464043E-03 -2.968690E-03  0.000000E+00  1.505944E-02 -2.644743E-03  5.967912E-15  6.428469E-01  0.000000E+00
  6.092142E-02 -1.613192E-02  5.000000E-01  1.293025E-02 -3.656063E-03  0.000000E+00  1.399413E-02 -1.991066E-03  2.777639E-15  5.663003E-01  0.000000E+00
  8.832839E-02 -1.968215E-02  5.000000E-01  1.875082E-02 -4.410046E-03  0.000000E+00  1.321492E-02 -1.636355E-03 -2.605803E-16  5.103737E-01  0.000000E+00
  1.189914E-01 -2.329871E-02  5.000000E-01  2.526288E-02 -5.178113E-03  0.000000E+00  1.288572E-02 -1.487889E-03 -1.014531E-15  4.687534E-01  0.000000E+00
  1.511926E-01 -2.694121E-02  5.000000E-01  3.210163E-02 -5.951691E-03  0.000000E+00  1.292401E-02 -1.450906E-03 -5.762708E-16  4.347441E-01  0.000000E+00
  1.838450E-01 -3.058595E-02  5.000000E-01  3.903620E-02 -6.725745E-03  0.000000E+00  1.318051E-02 -1.458810E-03 -1.338325E-16  4.033130E-01  0.000000E+00
  2.165049E-01 -3.417829E-02  5.000000E-01  4.597235E-02 -7.488669E-03  0.000000E+00  1.351240E-02 -1.465936E-03  2.956139E-17  3.723742E-01  0.000000E+00
  2.491496E-01 -3.767606E-02  5.000000E-01  5.290529E-02 -8.231509E-03  0.000000E+00  1.382926E-02 -1.459409E-03  3.790595E-17  3.436568E-01  0.000000E+00
  2.819003E-01 -4.108231E-02  5.000000E-01  5.986073E-02 -8.954913E-03  0.000000E+00  1.409376E-02 -1.445005E-03  1.492704E-17  3.190078E-01  0.000000E+00
  3.147601E-01 -4.440675E-02  5.000000E-01  6.683936E-02 -9.660943E-03  0.000000E+00  1.429991E-02 -1.428418E-03  2.146534E-18  2.980498E-01  0.000000E+00
  3.477303E-01 -4.766287E-02  5.000000E-01  7.384142E-02 -1.035246E-02  0.000000E+00  1.445690E-02 -1.412420E-03 -1.356785E-18  2.793634E-01  0.000000E+00
  3.807756E-01 -5.086156E-02  5.000000E-01  8.085941E-02 -1.103178E-02  0.000000E+00  1.457572E-02 -1.395832E-03 -1.066070E-18  2.616963E-01  0.000000E+00
  4.138291E-01 -5.399826E-02  5.000000E-01  8.787917E-02 -1.169794E-02  0.000000E+00  1.466141E-02 -1.374127E-03  2.442311E-19  2.443986E-01  0.000000E+00
  4.468689E-01 -5.706111E-02  5.000000E-01  9.489601E-02 -1.234842E-02  0.000000E+00  1.471604E-02 -1.345198E-03  7.161339E-19  2.276808E-01  0.000000E+00
  4.799091E-01 -6.004296E-02  5.000000E-01  1.019129E-01 -1.298169E-02  0.000000E+00  1.474249E-02 -1.310577E-03  3.200015E-19  2.121316E-01  0.000000E+00
  5.129612E-01 -6.294071E-02  5.000000E-01  1.089324E-01 -1.359710E-02  0.000000E+00  1.474462E-02 -1.272729E-03 -5.764595E-19  1.980754E-01  0.000000E+00
  5.460360E-01 -6.575514E-02  5.000000E-01  1.159567E-01 -1.419482E-02  0.000000E+00  1.472691E-02 -1.233780E-03 -1.421393E-18  1.854845E-01  0.000000E+00
  5.791347E-01 -6.848890E-02  5.000000E-01  1.229860E-01 -1.477540E-02  0.000000E+00  1.469379E-02 -1.195033E-03 -8.362443E-19  1.741506E-01  0.000000E+00
  6.122565E-01 -7.114521E-02  5.000000E-01  1.300203E-01 -1.533953E-02  0.000000E+00  1.464938E-02 -1.157218E-03 -6.987938E-19  1.638699E-01  0.000000E+00
  6.454013E-01 -7.372793E-02  5.000000E-01  1.370594E-01 -1.588804E-02  0.000000E+00  1.459764E-02 -1.121110E-03 -1.099592E-18  1.545358E-01  0.000000E+00
  6.785693E-01 -7.624232E-02  5.000000E-01  1.441035E-01 -1.642203E-02  0.000000E+00  1.454191E-02 -1.087491E-03 -3.687861E-19  1.460881E-01  0.000000E+00
  7.117575E-01 -7.869450E-02  5.000000E-01  1.511518E-01 -1.694282E-02  0.000000E+00  1.448376E-02 -1.056520E-03 -5.738979E-19  1.384246E-01  0.000000E+00
  7.449560E-01 -8.108925E-02  5.000000E-01  1.582024E-01 -1.745140E-02  0.000000E+00  1.442261E-02 -1.027689E-03 -1.026763E-18  1.314196E-01  0.000000E+00
  7.781569E-01 -8.343017E-02  5.000000E-01  1.652534E-01 -1.794856E-02  0.000000E+00  1.435683E-02 -1.000590E-03  6.022111E-20  1.250195E-01  0.000000E+00
  8.113578E-01 -8.572133E-02  5.000000E-01  1.723045E-01 -1.843514E-02  0.000000E+00  1.428551E-02 -9.754624E-04 -1.837775E-19  1.192556E-01  0.000000E+00
  8.445597E-01 -8.796850E-02  5.000000E-01  1.793558E-01 -1.891239E-02  0.000000E+00  1.420977E-02 -9.531791E-04 -1.133477E-18  1.141666E-01  0.000000E+00
  8.777625E-01 -9.017980E-02  5.000000E-01  1.864072E-01 -1.938201E-02  0.000000E+00  1.413333E-02 -9.348046E-04 -7.113979E-19  1.096966E-01  0.000000E+00
  9.109638E-01 -9.236473E-02  5.000000E-01  1.934584E-01 -1.984604E-02  0.000000E+00  1.406274E-02 -9.215953E-04  1.956994E-19  1.056805E-01  0.000000E+00
  9.441676E-01 -9.453575E-02  5.000000E-01  2.005100E-01 -2.030711E-02  0.000000E+00  1.400686E-02 -9.152252E-04  1.555697E-18  1.018767E-01  0.000000E+00
  9.773746E-01 -9.670818E-02  5.000000E-01  2.075624E-01 -2.076848E-02  0.000000E+00  1.397445E-02 -9.170888E-04  5.105064E-19  9.794318E-02  0.000000E+00
  1.010583E+00 -9.889851E-02  5.000000E-01  2.146150E-01 -2.123365E-02  0.000000E+00  1.397037E-02 -9.266662E-04 -5.937008E-19  9.340117E-02  0.000000E+00
  1.043798E+00 -1.011187E-01  5.000000E-01  2.216690E-01 -2.170517E-02  0.000000E+00  1.399317E-02 -9.405198E-04  1.047329E-19  8.770456E-02  0.000000E+00
  1.077015E+00 -1.033683E-01  5.000000E-01  2.287236E-01 -2.218293E-02  0.000000E+00  1.403861E-02 -9.555925E-04 -3.932769E-19  8.067375E-02  0.000000E+00
  1.110238E+00 -1.056455E-01  5.000000E-01  2.357793E-01 -2.266654E-02  0.000000E+00  1.410342E-02 -9.709179E-04 -6.637885E-19  7.253641E-02  0.000000E+00
  1.143462E+00 -1.079467E-01  5.000000E-01  2.428354E-01 -2.315528E-02  0.000000E+00  1.418522E-02 -9.861054E-04 -1.456608E-19  6.353334E-02  0.000000E+00
  1.176693E+00 -1.102692E-01  5.000000E-01  2.498927E-01 -2.364852E-02  0.000000E+00  1.428223E-02 -1.000838E-03 -1.975393E-19  5.377060E-02  0.000000E+00
  1.209925E+00 -1.126085E-01  5.000000E-01  2.569505E-01 -2.414531E-02  0.000000E+00  1.439257E-02 -1.014317E-03 -1.289923E-20  4.320547E-02  0.000000E+00
  1.243158E+00 -1.149578E-01  5.000000E-01  2.640083E-01 -2.464425E-02  0.000000E+00  1.451465E-02 -1.025925E-03  6.176982E-19  3.180892E-02  0.000000E+00
  1.276395E+00 -1.173111E-01  5.000000E-01  2.710670E-01 -2.514403E-02  0.000000E+00  1.464711E-02 -1.035128E-03  9.946959E-19  1.959899E-02  0.000000E+00
  1.309630E+00 -1.196599E-01  5.000000E-01  2.781253E-01 -2.564287E-02  0.000000E+00  1.478829E-02 -1.041077E-03 -2.244036E-19  6.591977E-03  0.000000E+00
  1.342868E+00 -1.219952E-01  5.000000E-01  2.851842E-01 -2.613882E-02  0.000000E+00  1.493670E-02 -1.043344E-03  5.024090E-19 -7.129690E-03  0.000000E+00
  1.376108E+00 -1.243081E-01  5.000000E-01  2.922436E-01 -2.663002E-02  0.000000E+00  1.509025E-02 -1.041250E-03  1.220026E-18 -2.149756E-02  0.000000E+00
  1.409347E+00 -1.265871E-01  5.000000E-01  2.993027E-01 -2.711404E-02  0.000000E+00  1.524584E-02 -1.033939E-03 -6.847599E-19 -3.644061E-02  0.000000E+00
  1.442589E+00 -1.288215E-01  5.000000E-01  3.063625E-01 -2.758856E-02  0.000000E+00  1.539945E-02 -1.020850E-03 -1.471223E-18 -5.181983E-02  0.000000E+00
  1.475831E+00 -1.309994E-01  5.000000E-01  3.134222E-01 -2.805109E-02  0.000000E+00  1.554554E-02 -1.001188E-03 -1.270223E-18 -6.747738E-02  0.000000E+00
  1.509072E+00 -1.331083E-01  5.000000E-01  3.204819E-01 -2.849898E-02  0.000000E+00  1.567767E-02 -9.741671E-04 -8.927278E-20 -8.320793E-02  0.000000E+00
  1.542314E+00 -1.351355E-01  5.000000E-01  3.275416E-01 -2.892951E-02  0.000000E+00  1.579028E-02 -9.395692E-04  2.225619E-19 -9.872928E-02  0.000000E+00
  1.575558E+00 -1.370695E-01  5.000000E-01  3.346018E-01 -2.934023E-02  0.000000E+00  1.588086E-02 -8.982212E-04 -6.225107E-19 -1.137182E-01  0.000000E+00
  1.608800E+00 -1.389007E-01  5.000000E-01  3.416615E-01 -2.972914E-02  0.000000E+00  1.595167E-02 -8.527414E-04 -3.524774E-19 -1.278335E-01  0.000000E+00
  1.642044E+00 -1.406283E-01  5.000000E-01  3.487219E-01 -3.009604E-02  0.000000E+00  1.600721E-02 -8.054128E-04  6.739954E-19 -1.409624E-01  0.000000E+00
  1.675286E+00 -1.422510E-01  5.000000E-01  3.557816E-01 -3.044065E-02  0.000000E+00  1.605066E-02 -7.566387E-04  6.783731E-19 -1.532937E-01  0.000000E+00
  1.708526E+00 -1.437674E-01  5.000000E-01  3.628410E-01 -3.076269E-02  0.000000E+00  1.608399E-02 -7.064754E-04 -1.602332E-19 -1.650249E-01  0.000000E+00
  1.741762E+00 -1.451759E-01  5.000000E-01  3.698996E-01 -3.106184E-02  0.000000E+00  1.610784E-02 -6.547688E-04 -6.534254E-19 -1.762675E-01  0.000000E+00
  1.774995E+00 -1.464742E-01  5.000000E-01  3.769573E-01 -3.133756E-02  0.000000E+00  1.612243E-02 -6.017513E-04 -5.852742E-19 -1.869917E-01  0.000000E+00
  1.808227E+00 -1.476615E-01  5.000000E-01  3.840150E-01 -3.158971E-02  0.000000E+00  1.612736E-02 -5.476224E-04 -1.759082E-19 -1.971188E-01  0.000000E+00
  1.841453E+00 -1.487357E-01  5.000000E-01  3.910714E-01 -3.181785E-02  0.000000E+00  1.612140E-02 -4.922809E-04  1.107459E-19 -2.065868E-01  0.000000E+00
  1.874678E+00 -1.496954E-01  5.000000E-01  3.981276E-01 -3.202166E-02  0.000000E+00  1.610318E-02 -4.359104E-04  3.913517E-20 -2.152990E-01  0.000000E+00
  1.907900E+00 -1.505391E-01  5.000000E-01  4.051830E-01 -3.220085E-02  0.000000E+00  1.607086E-02 -3.786023E-04  7.477818E-20 -2.231599E-01  0.000000E+00
  1.941118E+00 -1.512653E-01  5.000000E-01  4.122377E-01 -3.235507E-02  0.000000E+00  1.602199E-02 -3.204369E-04 -1.022845E-19 -2.300636E-01  0.000000E+00
  1.974334E+00 -1.518723E-01  5.000000E-01  4.192920E-01 -3.248399E-02  0.000000E+00  1.595381E-02 -2.617835E-04 -2.382331E-19 -2.358621E-01  0.000000E+00
  2.007549E+00 -1.523598E-01  5.000000E-01  4.263460E-01 -3.258751E-02  0.000000E+00  1.586281E-02 -2.028623E-04 -2.199407E-19 -2.404098E-01  0.000000E+00
  2.040760E+00 -1.527262E-01  5.000000E-01  4.333993E-01 -3.266533E-02  0.000000E+00  1.574527E-02 -1.437593E-04 -2.655542E-19 -2.435629E-01  0.000000E+00
  2.073970E+00 -1.529704E-01  5.000000E-01  4.404522E-01 -3.271719E-02  0.000000E+00  1.559926E-02 -8.497905E-05 -2.072622E-19 -2.451423E-01  0.000000E+00
  2.107177E+00 -1.530920E-01  5.000000E-01  4.475046E-01 -3.274301E-02  0.000000E+00  1.542646E-02 -2.765186E-05 -1.392861E-19 -2.449735E-01  0.000000E+00
  2.140379E+00 -1.530930E-01  5.000000E-01  4.545558E-01 -3.274323E-02  0.000000E+00  1.523296E-02  2.627590E-05 -1.497611E-19 -2.429381E-01  0.000000E+00
  2.173577E+00 -1.529810E-01  5.000000E-01  4.616063E-01 -3.271944E-02  0.000000E+00  1.502633E-02  7.567793E-05 -1.616306E-19 -2.391725E-01  0.000000E+00
  2.206768E+00 -1.527624E-01  5.000000E-01  4.686553E-01 -3.267302E-02  0.000000E+00  1.481297E-02  1.205938E-04 -1.705595E-19 -2.340458E-01  0.000000E+00
  2.239954E+00 -1.524444E-01  5.000000E-01  4.757033E-01 -3.260548E-02  0.000000E+00  1.459771E-02  1.611841E-04 -2.206916E-19 -2.279378E-01  0.000000E+00
  2.273134E+00 -1.520334E-01  5.000000E-01  4.827499E-01 -3.251820E-02  0.000000E+00  1.438359E-02  1.976211E-04 -2.969462E-19 -2.211459E-01  0.000000E+00
  2.306309E+00 -1.515365E-01  5.000000E-01  4.897953E-01 -3.241266E-02  0.000000E+00  1.417226E-02  2.300887E-04 -8.605489E-20 -2.138667E-01  0.000000E+00
  2.339476E+00 -1.509601E-01  5.000000E-01  4.968392E-01 -3.229026E-02  0.000000E+00  1.396474E-02  2.588662E-04  1.085705E-19 -2.062419E-01  0.000000E+00
  2.372638E+00 -1.503106E-01  5.000000E-01  5.038821E-01 -3.215231E-02  0.000000E+00  1.376353E-02  2.836258E-04  3.276177E-20 -1.983385E-01  0.000000E+00
  2.405805E+00 -1.495967E-01  5.000000E-01  5.109259E-01 -3.200071E-02  0.000000E+00  1.357313E-02  3.037317E-04 -1.580841E-19 -1.902404E-01  0.000000E+00
  2.438976E+00 -1.488297E-01  5.000000E-01  5.179706E-01 -3.183781E-02  0.000000E+00  1.339861E-02  3.192470E-04 -4.182212E-19 -1.821895E-01  0.000000E+00
  2.472150E+00 -1.480197E-01  5.000000E-01  5.250160E-01 -3.166579E-02  0.000000E+00  1.324559E-02  3.305720E-04 -2.308895E-19 -1.745095E-01  0.000000E+00
  2.505329E+00 -1.471775E-01  5.000000E-01  5.320624E-01 -3.148693E-02  0.000000E+00  1.312083E-02  3.380108E-04  1.802143E-19 -1.675019E-01  0.000000E+00
  2.538512E+00 -1.463140E-01  5.000000E-01  5.391097E-01 -3.130355E-02  0.000000E+00  1.303169E-02  3.419987E-04  5.491166E-20 -1.614711E-01  0.000000E+00
  2.571700E+00 -1.454396E-01  5.000000E-01  5.461580E-01 -3.111783E-02  0.000000E+00  1.298521E-02  3.427298E-04 -1.179872E-19 -1.566979E-01  0.000000E+00
  2.604894E+00 -1.445657E-01  5.000000E-01  5.532074E-01 -3.093224E-02  0.000000E+00  1.298526E-02  3.407007E-04 -9.104708E-20 -1.534704E-01  0.000000E+00
  2.638090E+00 -1.437018E-01  5.000000E-01  5.602575E-01 -3.074877E-02  0.000000E+00  1.302791E-02  3.385818E-04 -8.288943E-21 -1.521928E-01  0.000000E+00
  2.671292E+00 -1.428448E-01  5.000000E-01  5.673087E-01 -3.056676E-02  0.000000E+00  1.310210E-02  3.400385E-04  2.432008E-19 -1.531048E-01  0.000000E+00
  2.704497E+00 -1.419827E-01  5.000000E-01  5.743608E-01 -3.038368E-02  0.000000E+00  1.319574E-02  3.466433E-04  2.937806E-19 -1.558939E-01  0.000000E+00
  2.737708E+00 -1.411039E-01  5.000000E-01  5.814140E-01 -3.019705E-02  0.000000E+00  1.329869E-02  3.583989E-04  3.558519E-21 -1.599383E-01  0.000000E+00
  2.770923E+00 -1.401964E-01  5.000000E-01  5.884680E-01 -3.000431E-02  0.000000E+00  1.340257E-02  3.752199E-04 -1.888050E-19 -1.646995E-01  0.000000E+00
  2.804143E+00 -1.392480E-01  5.000000E-01  5.955230E-01 -2.980290E-02  0.000000E+00  1.350085E-02  3.969393E-04 -4.757753E-19 -1.697956E-01  0.000000E+00
  2.837367E+00 -1.382471E-01  5.000000E-01  6.025790E-01 -2.959032E-02  0.000000E+00  1.358802E-02  4.235028E-04 -4.692848E-19 -1.749717E-01  0.000000E+00
  2.870594E+00 -1.371812E-01  5.000000E-01  6.096357E-01 -2.936396E-02  0.000000E+00  1.365888E-02  4.549241E-04 -1.479876E-20 -1.800085E-01  0.000000E+00
  2.903823E+00 -1.360381E-01  5.000000E-01  6.166926E-01 -2.912119E-02  0.000000E+00  1.370761E-02  4.913514E-04 -5.895571E-20 -1.846711E-01  0.000000E+00
  2.937051E+00 -1.348033E-01  5.000000E-01  6.237496E-01 -2.885896E-02  0.000000E+00  1.372812E-02  5.324832E-04 -9.961800E-20 -1.886255E-01  0.000000E+00
  2.970283E+00 -1.334643E-01  5.000000E-01  6.308072E-01 -2.857459E-02  0.000000E+00  1.371366E-02  5.776530E-04  1.886146E-19 -1.914712E-01  0.000000E+00
  3.003515E+00 -1.320077E-01  5.000000E-01  6.378649E-01 -2.826524E-02  0.000000E+00  1.365586E-02  6.261594E-04  5.759162E-19 -1.928159E-01  0.000000E+00
  3.036751E+00 -1.304203E-01  5.000000E-01  6.449232E-01 -2.792811E-02  0.000000E+00  1.354505E-02  6.767897E-04  3.814744E-19 -1.922415E-01  0.000000E+00
  3.069988E+00 -1.286897E-01  5.000000E-01  6.519820E-01 -2.756058E-02  0.000000E+00  1.337108E-02  7.282931E-04 -3.170083E-19 -1.893561E-01  0.000000E+00
  3.103226E+00 -1.268023E-01  5.000000E-01  6.590410E-01 -2.715972E-02  0.000000E+00  1.312713E-02  7.790933E-04 -7.622722E-20 -1.837568E-01  0.000000E+00
  3.136469E+00 -1.247463E-01  5.000000E-01  6.661010E-01 -2.672308E-02  0.000000E+00  1.281448E-02  8.269776E-04  6.916431E-19 -1.751128E-01  0.000000E+00
  3.169712E+00 -1.225124E-01  5.000000E-01  6.731611E-01 -2.624867E-02  0.000000E+00  1.244818E-02  8.671370E-04  2.510723E-20 -1.630924E-01  0.000000E+00
  3.202960E+00 -1.201145E-01  5.000000E-01  6.802220E-01 -2.573940E-02  0.000000E+00  1.205296E-02  8.952013E-04 -6.197135E-19 -1.478226E-01  0.000000E+00
  3.236210E+00 -1.175744E-01  5.000000E-01  6.872835E-01 -2.519996E-02  0.000000E+00  1.165193E-02  9.112369E-04  3.139270E-19 -1.303063E-01  0.000000E+00
  3.269464E+00 -1.149155E-01  5.000000E-01  6.943459E-01 -2.463527E-02  0.000000E+00  1.126258E-02  9.172464E-04  1.349070E-19 -1.118039E-01  0.000000E+00
  3.302721E+00 -1.121602E-01  5.000000E-01  7.014089E-01 -2.405010E-02  0.000000E+00  1.089653E-02  9.154368E-04  5.619006E-20 -9.329811E-02  0.000000E+00
  3.335981E+00 -1.093299E-01  5.000000E-01  7.084724E-01 -2.344903E-02  0.000000E+00  1.056101E-02  9.075397E-04  1.064342E-18 -7.531965E-02  0.000000E+00
  3.369247E+00 -1.064459E-01  5.000000E-01  7.155373E-01 -2.283653E-02  0.000000E+00  1.026040E-02  8.948806E-04  3.559460E-19 -5.808149E-02  0.000000E+00
  3.402518E+00 -1.035295E-01  5.000000E-01  7.226033E-01 -2.221717E-02  0.000000E+00  9.996537E-03  8.788181E-04  1.935141E-19 -4.176146E-02  0.000000E+00
  3.435792E+00 -1.005987E-01  5.000000E-01  7.296699E-01 -2.159474E-02  0.000000E+00  9.769657E-03  8.604282E-04  1.032856E-18 -2.652299E-02  0.000000E+00
  3.469073E+00 -9.767104E-02  5.000000E-01  7.367379E-01 -2.097297E-02  0.000000E+00  9.579475E-03  8.405311E-04  3.543269E-19 -1.247538E-02  0.000000E+00
  3.502353E+00 -9.476172E-02  5.000000E-01  7.438057E-01 -2.035510E-02  0.000000E+00  9.425427E-03  8.198690E-04 -8.017746E-20  2.857035E-04  0.000000E+00
  3.535630E+00 -9.188476E-02  5.000000E-01  7.508729E-01 -1.974411E-02  0.000000E+00  9.307238E-03  7.990288E-04  8.785503E-19  1.169539E-02  0.000000E+00
  3.568904E+00 -8.905144E-02  5.000000E-01  7.579395E-01 -1.914238E-02  0.000000E+00  9.225163E-03  7.787764E-04  1.774553E-18  2.169150E-02  0.000000E+00
  3.602176E+00 -8.627002E-02  5.000000E-01  7.650057E-01 -1.855167E-02  0.000000E+00  9.180277E-03  7.598424E-04  3.719900E-19  3.023806E-02  0.000000E+00
  3.635446E+00 -8.354680E-02  5.000000E-01  7.720714E-01 -1.797333E-02  0.000000E+00  9.173631E-03  7.426712E-04 -1.168727E-18  3.730031E-02  0.000000E+00
  3.668713E+00 -8.088615E-02  5.000000E-01  7.791365E-01 -1.740827E-02  0.000000E+00  9.204474E-03  7.272626E-04 -7.686966E-19  4.288777E-02  0.000000E+00
  3.701976E+00 -7.829240E-02  5.000000E-01  7.862009E-01 -1.685742E-02  0.000000E+00  9.266806E-03  7.143404E-04 -2.942248E-19  4.701220E-02  0.000000E+00
  3.735241E+00 -7.576107E-02  5.000000E-01  7.932655E-01 -1.631983E-02  0.000000E+00  9.344964E-03  7.073488E-04 -6.864136E-19  4.949311E-02  0.000000E+00
  3.768500E+00 -7.326109E-02  5.000000E-01  8.003289E-01 -1.578890E-02  0.000000E+00  9.417961E-03  7.092722E-04 -1.370635E-18  5.056922E-02  0.000000E+00
  3.801751E+00 -7.075527E-02  5.000000E-01  8.073904E-01 -1.525672E-02  0.000000E+00  9.468167E-03  7.192832E-04 -1.072014E-18  5.124229E-02  0.000000E+00
  3.834989E+00 -6.821219E-02  5.000000E-01  8.144495E-01 -1.471663E-02  0.000000E+00  9.484311E-03  7.343676E-04 -5.394555E-19  5.258470E-02  0.000000E+00
  3.868211E+00 -6.561146E-02  5.000000E-01  8.215050E-01 -1.416430E-02  0.000000E+00  9.460684E-03  7.517928E-04  8.234209E-19  5.519174E-02  0.000000E+00
  3.901422E+00 -6.293559E-02  5.000000E-01  8.285582E-01 -1.359601E-02  0.000000E+00  9.396263E-03  7.695473E-04  1.205366E-18  5.925045E-02  0.000000E+00
  3.934617E+00 -6.017522E-02  5.000000E-01  8.356079E-01 -1.300978E-02  0.000000E+00  9.293854E-03  7.858445E-04  6.495028E-19  6.479871E-02  0.000000E+00
  3.967800E+00 -5.732528E-02  5.000000E-01  8.426552E-01 -1.240452E-02  0.000000E+00  9.157679E-03  7.994402E-04  3.501320E-19  7.175843E-02  0.000000E+00
  4.000972E+00 -5.438464E-02  5.000000E-01  8.497001E-01 -1.178000E-02  0.000000E+00  8.991617E-03  8.096147E-04 -2.128288E-19  8.004513E-02  0.000000E+00
  4.034139E+00 -5.135399E-02  5.000000E-01  8.567440E-01 -1.113636E-02  0.000000E+00  8.797213E-03  8.165434E-04  9.466679E-20  8.953862E-02  0.000000E+00
  4.067311E+00 -4.822902E-02  5.000000E-01  8.637890E-01 -1.047270E-02  0.000000E+00  8.573179E-03  8.204079E-04  4.952317E-19  1.001652E-01  0.000000E+00
  4.100488E+00 -4.500610E-02  5.000000E-01  8.708348E-01 -9.788230E-03  0.000000E+00  8.316561E-03  8.204540E-04 -8.296666E-20  1.120248E-01  0.000000E+00
  4.133669E+00 -4.168350E-02  5.000000E-01  8.778818E-01 -9.082592E-03  0.000000E+00  8.023233E-03  8.157023E-04 -3.596434E-19  1.252356E-01  0.000000E+00
  4.166856E+00 -3.825895E-02  5.000000E-01  8.849299E-01 -8.355301E-03  0.000000E+00  7.689644E-03  8.052746E-04  4.116896E-19  1.398899E-01  0.000000E+00
  4.200049E+00 -3.473212E-02  5.000000E-01  8.919793E-01 -7.606289E-03  0.000000E+00  7.315537E-03  7.885821E-04  1.119722E-18  1.560151E-01  0.000000E+00
  4.233242E+00 -3.110245E-02  5.000000E-01  8.990285E-01 -6.835436E-03  0.000000E+00  6.907600E-03  7.644349E-04  2.072101E-19  1.736366E-01  0.000000E+00
  4.266405E+00 -2.738766E-02  5.000000E-01  9.060715E-01 -6.046505E-03  0.000000E+00  6.481829E-03  7.303621E-04 -3.302711E-19  1.927723E-01  0.000000E+00
  4.299502E+00 -2.363539E-02  5.000000E-01  9.131007E-01 -5.249617E-03  0.000000E+00  6.060897E-03  6.848982E-04 -4.873593E-19  2.131057E-01  0.000000E+00
  4.332522E+00 -1.991848E-02  5.000000E-01  9.201132E-01 -4.460236E-03  0.000000E+00  5.667636E-03  6.301435E-04 -1.831863E-18  2.336656E-01  0.000000E+00
  4.365472E+00 -1.630679E-02  5.000000E-01  9.271110E-01 -3.693202E-03  0.000000E+00  5.321242E-03  5.700964E-04 -1.192952E-18  2.532781E-01  0.000000E+00
  4.398350E+00 -1.287362E-02  5.000000E-01  9.340935E-01 -2.964081E-03  0.000000E+00  5.038117E-03  5.077595E-04  3.672126E-19  2.712161E-01  0.000000E+00
  4.431155E+00 -9.694135E-03  5.000000E-01  9.410605E-01 -2.288836E-03  0.000000E+00  4.832381E-03  4.444731E-04  1.103949E-19  2.871487E-01  0.000000E+00
  4.463888E+00 -6.852552E-03  5.000000E-01  9.480121E-01 -1.685354E-03  0.000000E+00  4.712109E-03  3.806866E-04  4.632747E-19  3.006652E-01  0.000000E+00
  4.496579E+00 -4.413970E-03  5.000000E-01  9.549550E-01 -1.167459E-03  0.000000E+00  4.672580E-03  3.164578E-04  1.739672E-18  3.114270E-01  0.000000E+00
  4.529252E+00 -2.424050E-03  5.000000E-01  9.618938E-01 -7.448489E-04  0.000000E+00  4.685722E-03  2.518586E-04  1.360939E-18  3.194055E-01  0.000000E+00
  4.561929E+00 -9.027234E-04  5.000000E-01  9.688337E-01 -4.217565E-04  0.000000E+00  4.683376E-03  1.849345E-04  1.234099E-18  3.235925E-01  0.000000E+00
  4.594574E+00  1.279433E-04  5.000000E-01  9.757666E-01 -2.028682E-04  0.000000E+00  4.565483E-03  1.077094E-04  1.162620E-18  3.234480E-01  0.000000E+00
  4.627203E+00  6.476860E-04  5.000000E-01  9.826962E-01 -9.248767E-05  0.000000E+00  4.281570E-03  2.422892E-05  2.699929E-19  3.267694E-01  0.000000E+00
  4.659162E+00  6.390299E-04  5.000000E-01  9.894836E-01 -9.432602E-05  0.000000E+00  3.865620E-03 -2.374261E-05  1.220517E-18  3.335390E-01  0.000000E+00
  4.689251E+00  1.421346E-04  5.000000E-01  9.958737E-01 -1.998544E-04  0.000000E+00  3.244298E-03 -4.579719E-05  6.248237E-18  2.846115E-01  0.000000E+00
  4.708680E+00 -4.400560E-04  5.000000E-01  9.999999E-01 -3.234973E-04  0.000000E+00  2.467422E-03 -1.489056E-04  6.681662E-18  1.567350E-01  0.000000E+00
    1    2
    2    3
    3    4
    4    5
    5    6
    6    7
    7    8
    8    9
    9   10
   10   11
   11   12
   12   13
   13   14
   14   15
   15   16
   16   17
   17   18
   18   19
   19   20
   20   21
   21   22
   22   23
   23   24
   24   25
   25   26
   26   27
   27   28
   28   29
   29   30
   30   31
   31   32
   32   33
   33   34
   34   35
   35   36
   36   37
   37   38
   38   39
   39   40
   40   41
   41   42
   42   43
   43   44
   44   45
   45   46
   46   47
   47   48
   48   49
   49   50
   50   51
   51   52
   52   53
   53   54
   54   55
   55   56
   56   57
   57   58
   58   59
   59   60
   60   61
   61   62
   62   63
   63   64
   64   65
   65   66
   66   67
   67   68
   68   69
   69   70
   70   71
   71   72
   72   73
   73   74
   74   75
   75   76
   76   77
   77   78
   78   79
   79   80
   80   81
   81   82
   82   83
   83   84
   84   85
   85   86
   86   87
   87   88
   88   89
   89   90
   90   91
   91   92
   92   93
   93   94
   94   95
   95   96
   96   97
   97   98
   98   99
   99  100
  100  101
  101  102
  102  103
  103  104
  104  105
  105  106
  106  107
  107  108
  108  109
  109  110
  110  111
  111  112
  112  113
  113  114
  114  115
  115  116
  116  117
  117  118
  118  119
  119  120
  120  121
  121  122
  122  123
  123  124
  124  125
  125  126
  126  127
  127  128
  128  129
  129  130
  130  131
  131  132
  132  133
  133  134
  134  135
  135  136
  136  137
  137  138
  138  139
  139  140
  140  141
  141  142
  142  143
  143  144
  144  145
  145  146
  146  147
  147  148
  148  149
  149  150
  151  152
  152  153
  153  154
  154  155
  155  156
  156  157
  157  158
  158  159
  159  160
  160  161
  161  162
  162  163
  163  164
  164  165
  165  166
  166  167
  167  168
  168  169
  169  170
  170  171
  171  172
  172  173
  173  174
  174  175
  175  176
  176  177
  177  178
  178  179
  179  180
  180  181
  181  182
  182  183
  183  184
  184  185
  185  186
  186  187
  187  188
  188  189
  189  190
  190  191
  191  192
  192  193
  193  194
  194  195
  195  196
  196  197
  197  198
  198  199
  199  200
  200  201
  201  202
  202  203
  203  204
  204  205
  205  206
  206  207
  207  208
  208  209
  209  210
  210  211
  211  212
  212  213
  213  214
  214  215
  215  216
  216  217
  217  218
  218  219
  219  220
  220  221
  221  222
  222  223
  223  224
  224  225
  225  226
  226  227
  227  228
  228  229
  229  230
  230  231
  231  232
  232  233
  233  234
  234  235
  235  236
  236  237
  237  238
  238  239
  239  240
  240  241
  241  242
  242  243
  243  244
  244  245
  245  246
  246  247
  247  248
  248  249
  249  250
  250  251
  251  252
  252  253
  253  254
  254  255
  255  256
  256  257
  257  258
  258  259
  259  260
  260  261
  261  262
  262  263
  263  264
  264  265
  265  266
  266  267
  267  268
  268  269
  269  270
  270  271
  271  272
  272  273
  273  274
  274  275
  275  276
  276  277
  277  278
  278  279
  279  280
  280  281
  281  282
  282  283
  283  284
  284  285
  285  286
  286  287
  287  288
  288  289
  289  290
  290  291
  291  292
  292  293
  293  294
  294  295
  295  296
  296  297
  297  298
  298  299
  299  300
