 Title = "ADflow Slice Data"
Variables =  "CoordinateX"  "CoordinateY"  "CoordinateZ"  "XoC"  "YoC"  "ZoC" "VelocityX" "VelocityY" "VelocityZ" "CoefPressure" "Mach" 
Zone T= "Slice_0001 None Absolute Regular z = 0.50000000"
 Nodes =          300  Elements=          298  ZONETYPE=FELINESEG
 DATAPACKING=POINT
  4.708680E+00  6.733478E-05  5.000000E-01  9.999999E-01 -4.367980E-04  0.000000E+00  2.882069E-03 -2.614475E-04  4.658182E-18  1.244413E-01  0.000000E+00
  4.689187E+00  3.178487E-03  5.000000E-01  9.958601E-01  2.239343E-04  0.000000E+00  2.138381E-03 -3.006677E-04  1.001052E-18  4.560939E-02  0.000000E+00
  4.658673E+00  7.962748E-03  5.000000E-01  9.893796E-01  1.239994E-03  0.000000E+00  1.913254E-03 -3.164217E-04 -1.551641E-18  6.390028E-02  0.000000E+00
  4.626256E+00  1.294548E-02  5.000000E-01  9.824952E-01  2.298204E-03  0.000000E+00  1.871702E-03 -2.880155E-04 -1.854928E-18  6.249225E-02  0.000000E+00
  4.593146E+00  1.794228E-02  5.000000E-01  9.754634E-01  3.359401E-03  0.000000E+00  1.929969E-03 -2.841834E-04 -5.460629E-19  4.626917E-02  0.000000E+00
  4.560031E+00  2.285679E-02  5.000000E-01  9.684306E-01  4.403121E-03  0.000000E+00  2.064079E-03 -3.036602E-04 -1.911333E-18  3.323198E-02  0.000000E+00
  4.526891E+00  2.769965E-02  5.000000E-01  9.613923E-01  5.431626E-03  0.000000E+00  2.223046E-03 -3.233852E-04 -4.123315E-18  2.151133E-02  0.000000E+00
  4.493752E+00  3.247230E-02  5.000000E-01  9.543544E-01  6.445219E-03  0.000000E+00  2.372468E-03 -3.391483E-04 -1.992719E-18  8.231768E-03  0.000000E+00
  4.460612E+00  3.717768E-02  5.000000E-01  9.473164E-01  7.444527E-03  0.000000E+00  2.495804E-03 -3.516808E-04 -6.574542E-19 -5.648864E-03  0.000000E+00
  4.427470E+00  4.181805E-02  5.000000E-01  9.402778E-01  8.430027E-03  0.000000E+00  2.582734E-03 -3.590342E-04 -1.331172E-18 -1.947140E-02  0.000000E+00
  4.394325E+00  4.639213E-02  5.000000E-01  9.332387E-01  9.401449E-03  0.000000E+00  2.630260E-03 -3.603933E-04 -1.995055E-18 -3.338943E-02  0.000000E+00
  4.361178E+00  5.089916E-02  5.000000E-01  9.261990E-01  1.035863E-02  0.000000E+00  2.642139E-03 -3.565101E-04 -5.638929E-19 -4.751060E-02  0.000000E+00
  4.328027E+00  5.533683E-02  5.000000E-01  9.191586E-01  1.130108E-02  0.000000E+00  2.623337E-03 -3.481815E-04  3.349298E-18 -6.169811E-02  0.000000E+00
  4.294876E+00  5.970112E-02  5.000000E-01  9.121180E-01  1.222795E-02  0.000000E+00  2.575128E-03 -3.358849E-04  2.157878E-18 -7.579449E-02  0.000000E+00
  4.261727E+00  6.398866E-02  5.000000E-01  9.050782E-01  1.313852E-02  0.000000E+00  2.493920E-03 -3.197087E-04  1.539997E-18 -9.014683E-02  0.000000E+00
  4.228582E+00  6.819615E-02  5.000000E-01  8.980388E-01  1.403209E-02  0.000000E+00  2.374296E-03 -2.991368E-04  2.820202E-18 -1.059852E-01  0.000000E+00
  4.195443E+00  7.231809E-02  5.000000E-01  8.910009E-01  1.490749E-02  0.000000E+00  2.213736E-03 -2.732843E-04  9.443307E-19 -1.244095E-01  0.000000E+00
  4.162308E+00  7.634849E-02  5.000000E-01  8.839639E-01  1.576344E-02  0.000000E+00  2.012920E-03 -2.415243E-04 -1.226671E-18 -1.440835E-01  0.000000E+00
  4.129179E+00  8.028191E-02  5.000000E-01  8.769280E-01  1.659881E-02  0.000000E+00  1.770593E-03 -2.047395E-04 -2.210389E-18 -1.606655E-01  0.000000E+00
  4.096054E+00  8.411149E-02  5.000000E-01  8.698932E-01  1.741211E-02  0.000000E+00  1.489595E-03 -1.668433E-04 -7.265085E-19 -1.719196E-01  0.000000E+00
  4.062934E+00  8.783114E-02  5.000000E-01  8.628592E-01  1.820208E-02  0.000000E+00  1.216662E-03 -1.355930E-04 -2.541669E-19 -1.863193E-01  0.000000E+00
  4.029817E+00  9.143389E-02  5.000000E-01  8.558262E-01  1.896721E-02  0.000000E+00  1.108422E-03 -1.246310E-04 -1.434764E-18 -2.243986E-01  0.000000E+00
  3.996705E+00  9.491291E-02  5.000000E-01  8.487939E-01  1.970607E-02  0.000000E+00  1.477584E-03 -1.589909E-04 -8.964463E-19 -3.051430E-01  0.000000E+00
  3.963594E+00  9.826244E-02  5.000000E-01  8.417620E-01  2.041743E-02  0.000000E+00  2.749786E-03 -2.733238E-04 -4.984006E-19 -4.275650E-01  0.000000E+00
  3.930486E+00  1.014772E-01  5.000000E-01  8.347306E-01  2.110016E-02  0.000000E+00  5.256687E-03 -4.920226E-04 -3.049645E-19 -5.665346E-01  0.000000E+00
  3.897377E+00  1.045524E-01  5.000000E-01  8.276990E-01  2.175327E-02  0.000000E+00  8.846967E-03 -7.907261E-04  9.788410E-19 -6.875054E-01  0.000000E+00
  3.864269E+00  1.074855E-01  5.000000E-01  8.206677E-01  2.237618E-02  0.000000E+00  1.268526E-02 -1.086213E-03  2.822030E-18 -7.670738E-01  0.000000E+00
  3.831161E+00  1.102736E-01  5.000000E-01  8.136365E-01  2.296830E-02  0.000000E+00  1.567290E-02 -1.282892E-03  2.918174E-18 -8.030803E-01  0.000000E+00
  3.798054E+00  1.129171E-01  5.000000E-01  8.066053E-01  2.352971E-02  0.000000E+00  1.722273E-02 -1.340360E-03  2.897027E-18 -8.085163E-01  0.000000E+00
  3.764948E+00  1.154175E-01  5.000000E-01  7.995743E-01  2.406073E-02  0.000000E+00  1.754412E-02 -1.292079E-03  2.529634E-18 -7.986887E-01  0.000000E+00
  3.731842E+00  1.177792E-01  5.000000E-01  7.925435E-01  2.456231E-02  0.000000E+00  1.723050E-02 -1.198290E-03  1.287804E-18 -7.838559E-01  0.000000E+00
  3.698737E+00  1.200101E-01  5.000000E-01  7.855129E-01  2.503610E-02  0.000000E+00  1.678214E-02 -1.101242E-03 -5.604456E-19 -7.687409E-01  0.000000E+00
  3.665634E+00  1.221154E-01  5.000000E-01  7.784827E-01  2.548320E-02  0.000000E+00  1.643724E-02 -1.015523E-03 -1.060323E-18 -7.546134E-01  0.000000E+00
  3.632534E+00  1.240943E-01  5.000000E-01  7.714529E-01  2.590348E-02  0.000000E+00  1.623234E-02 -9.405081E-04 -5.325384E-19 -7.413473E-01  0.000000E+00
  3.599434E+00  1.259459E-01  5.000000E-01  7.644234E-01  2.629672E-02  0.000000E+00  1.611663E-02 -8.719598E-04 -6.509546E-19 -7.285775E-01  0.000000E+00
  3.566334E+00  1.276711E-01  5.000000E-01  7.573938E-01  2.666310E-02  0.000000E+00  1.603150E-02 -8.063574E-04  1.986525E-19 -7.160216E-01  0.000000E+00
  3.533236E+00  1.292709E-01  5.000000E-01  7.503645E-01  2.700285E-02  0.000000E+00  1.594066E-02 -7.419246E-04  1.467049E-18 -7.035441E-01  0.000000E+00
  3.500138E+00  1.307472E-01  5.000000E-01  7.433353E-01  2.731638E-02  0.000000E+00  1.583011E-02 -6.787976E-04  1.686213E-18 -6.911858E-01  0.000000E+00
  3.467038E+00  1.321044E-01  5.000000E-01  7.363056E-01  2.760463E-02  0.000000E+00  1.569968E-02 -6.179801E-04  1.751912E-18 -6.790827E-01  0.000000E+00
  3.433936E+00  1.333480E-01  5.000000E-01  7.292757E-01  2.786874E-02  0.000000E+00  1.555497E-02 -5.603567E-04  2.483247E-18 -6.673884E-01  0.000000E+00
  3.400832E+00  1.344844E-01  5.000000E-01  7.222452E-01  2.811007E-02  0.000000E+00  1.540202E-02 -5.067622E-04  2.344339E-18 -6.562815E-01  0.000000E+00
  3.367728E+00  1.355214E-01  5.000000E-01  7.152146E-01  2.833032E-02  0.000000E+00  1.524598E-02 -4.578487E-04  1.630482E-18 -6.459383E-01  0.000000E+00
  3.334620E+00  1.364679E-01  5.000000E-01  7.081834E-01  2.853132E-02  0.000000E+00  1.509123E-02 -4.141225E-04  8.788516E-19 -6.365295E-01  0.000000E+00
  3.301512E+00  1.373336E-01  5.000000E-01  7.011520E-01  2.871519E-02  0.000000E+00  1.494171E-02 -3.760449E-04  1.787920E-19 -6.282353E-01  0.000000E+00
  3.268401E+00  1.381297E-01  5.000000E-01  6.941201E-01  2.888425E-02  0.000000E+00  1.480171E-02 -3.439081E-04 -8.259507E-20 -6.212226E-01  0.000000E+00
  3.235290E+00  1.388677E-01  5.000000E-01  6.870880E-01  2.904098E-02  0.000000E+00  1.467582E-02 -3.178653E-04 -2.807140E-19 -6.156383E-01  0.000000E+00
  3.202177E+00  1.395595E-01  5.000000E-01  6.800557E-01  2.918791E-02  0.000000E+00  1.456830E-02 -2.981047E-04 -1.731073E-19 -6.116244E-01  0.000000E+00
  3.169063E+00  1.402182E-01  5.000000E-01  6.730230E-01  2.932780E-02  0.000000E+00  1.448278E-02 -2.846483E-04 -1.181282E-19 -6.092666E-01  0.000000E+00
  3.135947E+00  1.408565E-01  5.000000E-01  6.659902E-01  2.946337E-02  0.000000E+00  1.442228E-02 -2.768276E-04 -1.990625E-19 -6.084931E-01  0.000000E+00
  3.102831E+00  1.414852E-01  5.000000E-01  6.589570E-01  2.959688E-02  0.000000E+00  1.438842E-02 -2.729472E-04 -2.870890E-19 -6.090216E-01  0.000000E+00
  3.069714E+00  1.421090E-01  5.000000E-01  6.519238E-01  2.972935E-02  0.000000E+00  1.437933E-02 -2.715727E-04 -3.141912E-19 -6.105349E-01  0.000000E+00
  3.036593E+00  1.427320E-01  5.000000E-01  6.448898E-01  2.986168E-02  0.000000E+00  1.438998E-02 -2.722992E-04 -2.508635E-19 -6.128209E-01  0.000000E+00
  3.003475E+00  1.433583E-01  5.000000E-01  6.378564E-01  2.999468E-02  0.000000E+00  1.441541E-02 -2.747767E-04 -1.586488E-19 -6.157127E-01  0.000000E+00
  2.970356E+00  1.439904E-01  5.000000E-01  6.308226E-01  3.012893E-02  0.000000E+00  1.445162E-02 -2.789809E-04  1.104815E-19 -6.191296E-01  0.000000E+00
  2.937236E+00  1.446327E-01  5.000000E-01  6.237887E-01  3.026534E-02  0.000000E+00  1.449651E-02 -2.849793E-04  1.451598E-19 -6.230372E-01  0.000000E+00
  2.904117E+00  1.452884E-01  5.000000E-01  6.167550E-01  3.040458E-02  0.000000E+00  1.454982E-02 -2.926693E-04  6.763801E-20 -6.274007E-01  0.000000E+00
  2.870996E+00  1.459608E-01  5.000000E-01  6.097210E-01  3.054740E-02  0.000000E+00  1.461195E-02 -3.021021E-04 -5.340227E-21 -6.322064E-01  0.000000E+00
  2.837877E+00  1.466536E-01  5.000000E-01  6.026873E-01  3.069451E-02  0.000000E+00  1.468380E-02 -3.132658E-04 -2.533514E-19 -6.374321E-01  0.000000E+00
  2.804757E+00  1.473696E-01  5.000000E-01  5.956534E-01  3.084658E-02  0.000000E+00  1.476623E-02 -3.262111E-04 -2.706889E-19 -6.430600E-01  0.000000E+00
  2.771639E+00  1.481125E-01  5.000000E-01  5.886200E-01  3.100435E-02  0.000000E+00  1.486034E-02 -3.408543E-04 -2.895545E-19 -6.490594E-01  0.000000E+00
  2.738522E+00  1.488844E-01  5.000000E-01  5.815867E-01  3.116829E-02  0.000000E+00  1.496711E-02 -3.572541E-04 -4.902808E-19 -6.554202E-01  0.000000E+00
  2.705406E+00  1.496889E-01  5.000000E-01  5.745537E-01  3.133914E-02  0.000000E+00  1.508752E-02 -3.755708E-04 -5.126029E-19 -6.621480E-01  0.000000E+00
  2.672292E+00  1.505284E-01  5.000000E-01  5.675211E-01  3.151743E-02  0.000000E+00  1.522243E-02 -3.958512E-04 -3.421499E-19 -6.692260E-01  0.000000E+00
  2.639177E+00  1.514061E-01  5.000000E-01  5.604884E-01  3.170383E-02  0.000000E+00  1.537188E-02 -4.180993E-04 -1.239426E-19 -6.765757E-01  0.000000E+00
  2.606068E+00  1.523245E-01  5.000000E-01  5.534568E-01  3.189888E-02  0.000000E+00  1.553564E-02 -4.409252E-04 -3.582595E-20 -6.838790E-01  0.000000E+00
  2.572958E+00  1.532808E-01  5.000000E-01  5.464250E-01  3.210197E-02  0.000000E+00  1.571177E-02 -4.612895E-04  7.847874E-20 -6.905723E-01  0.000000E+00
  2.539852E+00  1.542642E-01  5.000000E-01  5.393941E-01  3.231083E-02  0.000000E+00  1.589364E-02 -4.765944E-04  1.463870E-19 -6.961357E-01  0.000000E+00
  2.506749E+00  1.552617E-01  5.000000E-01  5.323638E-01  3.252267E-02  0.000000E+00  1.607098E-02 -4.857999E-04  1.724466E-19 -7.002864E-01  0.000000E+00
  2.473650E+00  1.562608E-01  5.000000E-01  5.253345E-01  3.273486E-02  0.000000E+00  1.623469E-02 -4.885286E-04  3.161128E-19 -7.029172E-01  0.000000E+00
  2.440554E+00  1.572490E-01  5.000000E-01  5.183056E-01  3.294472E-02  0.000000E+00  1.637936E-02 -4.846346E-04  4.979966E-19 -7.040195E-01  0.000000E+00
  2.407460E+00  1.582146E-01  5.000000E-01  5.112774E-01  3.314980E-02  0.000000E+00  1.650346E-02 -4.738441E-04  2.436751E-19 -7.036004E-01  0.000000E+00
  2.374373E+00  1.591446E-01  5.000000E-01  5.042504E-01  3.334731E-02  0.000000E+00  1.660727E-02 -4.559312E-04  1.442297E-19 -7.016864E-01  0.000000E+00
  2.341286E+00  1.600267E-01  5.000000E-01  4.972236E-01  3.353464E-02  0.000000E+00  1.669073E-02 -4.315222E-04  1.182604E-19 -6.984022E-01  0.000000E+00
  2.308194E+00  1.608508E-01  5.000000E-01  4.901958E-01  3.370966E-02  0.000000E+00  1.675403E-02 -4.015364E-04 -2.015274E-19 -6.939067E-01  0.000000E+00
  2.275097E+00  1.616082E-01  5.000000E-01  4.831666E-01  3.387050E-02  0.000000E+00  1.679818E-02 -3.664953E-04 -2.435101E-19 -6.883081E-01  0.000000E+00
  2.241991E+00  1.622903E-01  5.000000E-01  4.761359E-01  3.401537E-02  0.000000E+00  1.682379E-02 -3.265909E-04 -4.677202E-19 -6.816491E-01  0.000000E+00
  2.208879E+00  1.628887E-01  5.000000E-01  4.691037E-01  3.414246E-02  0.000000E+00  1.683019E-02 -2.818214E-04 -5.742513E-19 -6.739088E-01  0.000000E+00
  2.175760E+00  1.633944E-01  5.000000E-01  4.620701E-01  3.424986E-02  0.000000E+00  1.681515E-02 -2.321592E-04 -3.110149E-19 -6.650259E-01  0.000000E+00
  2.142637E+00  1.637985E-01  5.000000E-01  4.550354E-01  3.433567E-02  0.000000E+00  1.677581E-02 -1.776046E-04 -2.382641E-19 -6.549409E-01  0.000000E+00
  2.109507E+00  1.640913E-01  5.000000E-01  4.479994E-01  3.439786E-02  0.000000E+00  1.670971E-02 -1.185047E-04 -3.774362E-19 -6.437007E-01  0.000000E+00
  2.076374E+00  1.642638E-01  5.000000E-01  4.409628E-01  3.443449E-02  0.000000E+00  1.661451E-02 -5.728692E-05 -3.931770E-19 -6.316976E-01  0.000000E+00
  2.043241E+00  1.643144E-01  5.000000E-01  4.339262E-01  3.444524E-02  0.000000E+00  1.649025E-02  1.334110E-06 -3.267017E-19 -6.196910E-01  0.000000E+00
  2.010106E+00  1.642527E-01  5.000000E-01  4.268892E-01  3.443214E-02  0.000000E+00  1.634456E-02  5.434688E-05 -3.672289E-19 -6.083424E-01  0.000000E+00
  1.976970E+00  1.640886E-01  5.000000E-01  4.198518E-01  3.439729E-02  0.000000E+00  1.619029E-02  1.015500E-04 -4.374938E-19 -5.980027E-01  0.000000E+00
  1.943835E+00  1.638318E-01  5.000000E-01  4.128148E-01  3.434274E-02  0.000000E+00  1.603844E-02  1.432288E-04 -4.803562E-19 -5.888764E-01  0.000000E+00
  1.910699E+00  1.634916E-01  5.000000E-01  4.057775E-01  3.427051E-02  0.000000E+00  1.589592E-02  1.794095E-04 -4.647294E-19 -5.811120E-01  0.000000E+00
  1.877561E+00  1.630788E-01  5.000000E-01  3.987399E-01  3.418283E-02  0.000000E+00  1.576672E-02  2.102111E-04 -5.384175E-19 -5.748124E-01  0.000000E+00
  1.844424E+00  1.626032E-01  5.000000E-01  3.917024E-01  3.408182E-02  0.000000E+00  1.565342E-02  2.357579E-04 -4.697088E-19 -5.700712E-01  0.000000E+00
  1.811282E+00  1.620757E-01  5.000000E-01  3.846638E-01  3.396980E-02  0.000000E+00  1.555828E-02  2.559087E-04 -3.160691E-19 -5.670042E-01  0.000000E+00
  1.778139E+00  1.615082E-01  5.000000E-01  3.776250E-01  3.384928E-02  0.000000E+00  1.548464E-02  2.708553E-04 -2.640633E-19 -5.656844E-01  0.000000E+00
  1.744992E+00  1.609115E-01  5.000000E-01  3.705854E-01  3.372256E-02  0.000000E+00  1.543628E-02  2.807221E-04 -1.562376E-19 -5.661756E-01  0.000000E+00
  1.711843E+00  1.602980E-01  5.000000E-01  3.635455E-01  3.359225E-02  0.000000E+00  1.541722E-02  2.856166E-04 -4.083026E-19 -5.685228E-01  0.000000E+00
  1.678692E+00  1.596787E-01  5.000000E-01  3.565048E-01  3.346072E-02  0.000000E+00  1.543121E-02  2.855512E-04 -6.068689E-19 -5.727509E-01  0.000000E+00
  1.645539E+00  1.590663E-01  5.000000E-01  3.494640E-01  3.333068E-02  0.000000E+00  1.548144E-02  2.805833E-04 -3.701108E-19 -5.788334E-01  0.000000E+00
  1.612385E+00  1.584721E-01  5.000000E-01  3.424230E-01  3.320448E-02  0.000000E+00  1.556967E-02  2.709204E-04 -1.891259E-19 -5.866479E-01  0.000000E+00
  1.579236E+00  1.579075E-01  5.000000E-01  3.353830E-01  3.308457E-02  0.000000E+00  1.569549E-02  2.570212E-04 -3.330485E-19 -5.959163E-01  0.000000E+00
  1.546090E+00  1.573814E-01  5.000000E-01  3.283435E-01  3.297284E-02  0.000000E+00  1.585674E-02  2.409404E-04 -4.284826E-19 -6.060527E-01  0.000000E+00
  1.512946E+00  1.568956E-01  5.000000E-01  3.213046E-01  3.286966E-02  0.000000E+00  1.604757E-02  2.257407E-04 -3.422301E-19 -6.162891E-01  0.000000E+00
  1.479807E+00  1.564445E-01  5.000000E-01  3.142666E-01  3.277386E-02  0.000000E+00  1.625674E-02  2.132040E-04 -1.396223E-19 -6.260246E-01  0.000000E+00
  1.446672E+00  1.560217E-01  5.000000E-01  3.072296E-01  3.268407E-02  0.000000E+00  1.647111E-02  2.035702E-04  2.505938E-20 -6.349477E-01  0.000000E+00
  1.413540E+00  1.556206E-01  5.000000E-01  3.001932E-01  3.259889E-02  0.000000E+00  1.668107E-02  1.970080E-04  6.731215E-20 -6.429067E-01  0.000000E+00
  1.380413E+00  1.552342E-01  5.000000E-01  2.931578E-01  3.251683E-02  0.000000E+00  1.688214E-02  1.940093E-04  6.738498E-20 -6.498251E-01  0.000000E+00
  1.347294E+00  1.548544E-01  5.000000E-01  2.861242E-01  3.243617E-02  0.000000E+00  1.707339E-02  1.950059E-04  8.808233E-20 -6.556852E-01  0.000000E+00
  1.314179E+00  1.544727E-01  5.000000E-01  2.790914E-01  3.235512E-02  0.000000E+00  1.725558E-02  2.001231E-04  1.000854E-19 -6.605199E-01  0.000000E+00
  1.281074E+00  1.540815E-01  5.000000E-01  2.720606E-01  3.227202E-02  0.000000E+00  1.743048E-02  2.095903E-04  4.601313E-20 -6.643643E-01  0.000000E+00
  1.247974E+00  1.536717E-01  5.000000E-01  2.650310E-01  3.218499E-02  0.000000E+00  1.759968E-02  2.233333E-04  1.316090E-19 -6.672875E-01  0.000000E+00
  1.214880E+00  1.532365E-01  5.000000E-01  2.580028E-01  3.209256E-02  0.000000E+00  1.776510E-02  2.412678E-04  2.515841E-19 -6.693597E-01  0.000000E+00
  1.181795E+00  1.527680E-01  5.000000E-01  2.509763E-01  3.199306E-02  0.000000E+00  1.792935E-02  2.636149E-04  6.997046E-20 -6.706278E-01  0.000000E+00
  1.148718E+00  1.522587E-01  5.000000E-01  2.439516E-01  3.188490E-02  0.000000E+00  1.809476E-02  2.900700E-04 -2.653854E-19 -6.711986E-01  0.000000E+00
  1.115646E+00  1.517025E-01  5.000000E-01  2.369279E-01  3.176678E-02  0.000000E+00  1.826423E-02  3.202556E-04 -2.073924E-19 -6.711955E-01  0.000000E+00
  1.082583E+00  1.510939E-01  5.000000E-01  2.299060E-01  3.163753E-02  0.000000E+00  1.844122E-02  3.541239E-04 -8.180566E-21 -6.707056E-01  0.000000E+00
  1.049524E+00  1.504274E-01  5.000000E-01  2.228852E-01  3.149598E-02  0.000000E+00  1.862790E-02  3.915117E-04  1.173133E-20 -6.697654E-01  0.000000E+00
  1.016475E+00  1.496987E-01  5.000000E-01  2.158664E-01  3.134122E-02  0.000000E+00  1.882484E-02  4.328143E-04  6.949881E-20 -6.682073E-01  0.000000E+00
  9.834318E-01  1.489022E-01  5.000000E-01  2.088488E-01  3.117207E-02  0.000000E+00  1.903338E-02  4.822915E-04  3.729451E-19 -6.653169E-01  0.000000E+00
  9.503976E-01  1.480199E-01  5.000000E-01  2.018331E-01  3.098469E-02  0.000000E+00  1.925146E-02  5.473506E-04  4.583732E-19 -6.599830E-01  0.000000E+00
  9.173728E-01  1.470200E-01  5.000000E-01  1.948195E-01  3.077234E-02  0.000000E+00  1.946446E-02  6.307175E-04  2.262534E-19 -6.515570E-01  0.000000E+00
  8.843598E-01  1.458756E-01  5.000000E-01  1.878083E-01  3.052929E-02  0.000000E+00  1.965268E-02  7.300317E-04 -5.225064E-20 -6.400441E-01  0.000000E+00
  8.513623E-01  1.445632E-01  5.000000E-01  1.808005E-01  3.025058E-02  0.000000E+00  1.980446E-02  8.424056E-04  7.613885E-20 -6.257397E-01  0.000000E+00
  8.183794E-01  1.430640E-01  5.000000E-01  1.737957E-01  2.993217E-02  0.000000E+00  1.991775E-02  9.647810E-04  5.266419E-19 -6.091084E-01  0.000000E+00
  7.854121E-01  1.413634E-01  5.000000E-01  1.667943E-01  2.957101E-02  0.000000E+00  1.999781E-02  1.094396E-03  3.253226E-19 -5.906404E-01  0.000000E+00
  7.524593E-01  1.394509E-01  5.000000E-01  1.597959E-01  2.916484E-02  0.000000E+00  2.005292E-02  1.229019E-03  1.627898E-19 -5.707623E-01  0.000000E+00
  7.195226E-01  1.373194E-01  5.000000E-01  1.528009E-01  2.871217E-02  0.000000E+00  2.009128E-02  1.367356E-03 -9.114678E-19 -5.497555E-01  0.000000E+00
  6.866079E-01  1.349635E-01  5.000000E-01  1.458107E-01  2.821184E-02  0.000000E+00  2.011892E-02  1.509194E-03 -1.436844E-18 -5.277117E-01  0.000000E+00
  6.537221E-01  1.323778E-01  5.000000E-01  1.388265E-01  2.766270E-02  0.000000E+00  2.013805E-02  1.654605E-03 -5.597474E-20 -5.045947E-01  0.000000E+00
  6.208691E-01  1.295566E-01  5.000000E-01  1.318494E-01  2.706354E-02  0.000000E+00  2.014695E-02  1.803233E-03 -6.020911E-19 -4.803283E-01  0.000000E+00
  5.880524E-01  1.264945E-01  5.000000E-01  1.248799E-01  2.641322E-02  0.000000E+00  2.014141E-02  1.954036E-03 -1.060298E-18 -4.548641E-01  0.000000E+00
  5.552711E-01  1.231868E-01  5.000000E-01  1.179180E-01  2.571074E-02  0.000000E+00  2.011703E-02  2.105522E-03 -3.820222E-19 -4.282069E-01  0.000000E+00
  5.225283E-01  1.196307E-01  5.000000E-01  1.109642E-01  2.495553E-02  0.000000E+00  2.007162E-02  2.256767E-03 -1.336648E-18 -4.003926E-01  0.000000E+00
  4.898261E-01  1.158227E-01  5.000000E-01  1.040191E-01  2.414680E-02  0.000000E+00  2.000504E-02  2.406968E-03 -1.767637E-18 -3.716251E-01  0.000000E+00
  4.571624E-01  1.117602E-01  5.000000E-01  9.708208E-02  2.328401E-02  0.000000E+00  1.991861E-02  2.554813E-03  1.545553E-19 -3.424478E-01  0.000000E+00
  4.245350E-01  1.074420E-01  5.000000E-01  9.015283E-02  2.236694E-02  0.000000E+00  1.981463E-02  2.698672E-03  1.209109E-18 -3.137416E-01  0.000000E+00
  3.919369E-01  1.028695E-01  5.000000E-01  8.322981E-02  2.139584E-02  0.000000E+00  1.969541E-02  2.837517E-03 -6.248457E-19 -2.863787E-01  0.000000E+00
  3.593832E-01  9.804747E-02  5.000000E-01  7.631620E-02  2.037177E-02  0.000000E+00  1.956171E-02  2.973428E-03  6.801631E-19 -2.603900E-01  0.000000E+00
  3.269046E-01  9.297647E-02  5.000000E-01  6.941854E-02  1.929482E-02  0.000000E+00  1.940859E-02  3.112743E-03  1.149833E-18 -2.341434E-01  0.000000E+00
  2.945750E-01  8.764778E-02  5.000000E-01  6.255252E-02  1.816313E-02  0.000000E+00  1.921914E-02  3.262522E-03 -1.964028E-18 -2.044373E-01  0.000000E+00
  2.624265E-01  8.202694E-02  5.000000E-01  5.572497E-02  1.696941E-02  0.000000E+00  1.896204E-02  3.418789E-03 -4.734200E-18 -1.685402E-01  0.000000E+00
  2.304268E-01  7.607824E-02  5.000000E-01  4.892903E-02  1.570605E-02  0.000000E+00  1.861671E-02  3.570989E-03 -1.160280E-17 -1.262703E-01  0.000000E+00
  1.986088E-01  6.978336E-02  5.000000E-01  4.217166E-02  1.436917E-02  0.000000E+00  1.820635E-02  3.715748E-03 -2.322568E-17 -8.150040E-02  0.000000E+00
  1.669282E-01  6.310541E-02  5.000000E-01  3.544349E-02  1.295094E-02  0.000000E+00  1.779605E-02  3.834720E-03 -2.901228E-17 -4.466914E-02  0.000000E+00
  1.350509E-01  5.605773E-02  5.000000E-01  2.867354E-02  1.145418E-02  0.000000E+00  1.756829E-02  3.981987E-03 -1.735307E-18 -2.157634E-02  0.000000E+00
  1.043791E-01  4.893436E-02  5.000000E-01  2.215959E-02  9.941356E-03  0.000000E+00  1.785568E-02  4.420643E-03  1.018237E-16  4.500123E-03  0.000000E+00
  7.632629E-02  4.158075E-02  5.000000E-01  1.620187E-02  8.379631E-03  0.000000E+00  1.877936E-02  5.329649E-03  2.758206E-16  4.514429E-02  0.000000E+00
  5.118571E-02  3.391191E-02  5.000000E-01  1.086263E-02  6.750959E-03  0.000000E+00  2.022406E-02  6.796676E-03  3.982435E-16  9.789219E-02  0.000000E+00
  3.264831E-02  2.716088E-02  5.000000E-01  6.925739E-03  5.317204E-03  0.000000E+00  2.209337E-02  9.332189E-03  3.383486E-16  1.913430E-01  0.000000E+00
  2.051015E-02  2.140406E-02  5.000000E-01  4.347893E-03  4.094599E-03  0.000000E+00  2.359134E-02  1.292756E-02  1.868694E-16  3.405816E-01  0.000000E+00
  1.247723E-02  1.642420E-02  5.000000E-01  2.641898E-03  3.036999E-03  0.000000E+00  2.334039E-02  1.627322E-02  2.027342E-16  5.079070E-01  0.000000E+00
  7.055255E-03  1.219090E-02  5.000000E-01  1.490404E-03  2.137948E-03  0.000000E+00  2.037189E-02  1.800254E-02  4.359827E-16  6.761651E-01  0.000000E+00
  3.418635E-03  8.517159E-03  5.000000E-01  7.180754E-04  1.357737E-03  0.000000E+00  1.408957E-02  1.651370E-02  5.993138E-16  8.637379E-01  0.000000E+00
  1.108798E-03  5.172580E-03  5.000000E-01  2.275226E-04  6.474306E-04  0.000000E+00  5.564597E-03  8.830083E-03  4.395134E-16  1.068184E+00  0.000000E+00
  3.747479E-05  2.124060E-03  5.000000E-01  0.000000E+00  0.000000E+00  0.000000E+00  1.268683E-03 -7.083867E-03  1.013822E-16  1.187148E+00  0.000000E+00
  3.747479E-05  2.124060E-03  5.000000E-01  0.000000E+00  0.000000E+00  0.000000E+00  1.268683E-03 -7.083867E-03  1.013822E-16  1.187148E+00  0.000000E+00
  2.534065E-04 -8.103222E-04  5.000000E-01  4.585858E-05 -6.231907E-04  0.000000E+00  8.920505E-03 -2.346635E-02  5.186016E-17  1.050156E+00  0.000000E+00
  1.848580E-03 -3.707497E-03  5.000000E-01  3.846343E-04 -1.238479E-03  0.000000E+00  2.306617E-02 -2.886421E-02  3.812555E-16  7.064466E-01  0.000000E+00
  4.867645E-03 -6.522329E-03  5.000000E-01  1.025809E-03 -1.836280E-03  0.000000E+00  3.204619E-02 -2.470773E-02  5.891533E-16  3.972131E-01  0.000000E+00
  9.380877E-03 -9.341857E-03  5.000000E-01  1.984309E-03 -2.435079E-03  0.000000E+00  3.401448E-02 -1.836222E-02  4.907457E-16  2.103746E-01  0.000000E+00
  1.589077E-02 -1.229291E-02  5.000000E-01  3.366850E-03 -3.061810E-03  0.000000E+00  3.201086E-02 -1.256813E-02  4.183508E-16  9.124988E-02  0.000000E+00
  2.547297E-02 -1.542092E-02  5.000000E-01  5.401873E-03 -3.726122E-03  0.000000E+00  2.793674E-02 -7.782193E-03  5.414254E-16  5.568968E-03  0.000000E+00
  3.989163E-02 -1.862669E-02  5.000000E-01  8.464043E-03 -4.406950E-03  0.000000E+00  2.319003E-02 -4.310805E-03  6.488661E-16 -4.119431E-02  0.000000E+00
  6.092142E-02 -2.158524E-02  5.000000E-01  1.293025E-02 -5.035272E-03  0.000000E+00  1.916693E-02 -2.287234E-03  5.363783E-16 -3.431953E-02  0.000000E+00
  8.832839E-02 -2.413860E-02  5.000000E-01  1.875082E-02 -5.577544E-03  0.000000E+00  1.653125E-02 -1.362417E-03  2.917006E-16  1.551685E-02  0.000000E+00
  1.189914E-01 -2.630654E-02  5.000000E-01  2.526288E-02 -6.037961E-03  0.000000E+00  1.510278E-02 -9.969710E-04  9.579280E-17  7.371288E-02  0.000000E+00
  1.511926E-01 -2.829414E-02  5.000000E-01  3.210162E-02 -6.460078E-03  0.000000E+00  1.448009E-02 -8.738814E-04  5.606841E-18  1.152184E-01  0.000000E+00
  1.838450E-01 -3.023769E-02  5.000000E-01  3.903620E-02 -6.872840E-03  0.000000E+00  1.429927E-02 -8.385223E-04 -1.480092E-17  1.328534E-01  0.000000E+00
  2.165049E-01 -3.213517E-02  5.000000E-01  4.597235E-02 -7.275819E-03  0.000000E+00  1.429321E-02 -8.129775E-04 -1.033685E-17  1.331307E-01  0.000000E+00
  2.491496E-01 -3.395202E-02  5.000000E-01  5.290529E-02 -7.661673E-03  0.000000E+00  1.431985E-02 -7.824755E-04 -3.916648E-18  1.288395E-01  0.000000E+00
  2.819003E-01 -3.570432E-02  5.000000E-01  5.986073E-02 -8.033819E-03  0.000000E+00  1.432975E-02 -7.588133E-04 -6.576731E-19  1.283587E-01  0.000000E+00
  3.147601E-01 -3.742666E-02  5.000000E-01  6.683936E-02 -8.399600E-03  0.000000E+00  1.431532E-02 -7.494793E-04  4.404794E-19  1.320925E-01  0.000000E+00
  3.477303E-01 -3.915563E-02  5.000000E-01  7.384141E-02 -8.766791E-03  0.000000E+00  1.428465E-02 -7.554289E-04 -1.117295E-19  1.368091E-01  0.000000E+00
  3.807756E-01 -4.092419E-02  5.000000E-01  8.085941E-02 -9.142391E-03  0.000000E+00  1.424558E-02 -7.718587E-04 -5.814561E-19  1.397232E-01  0.000000E+00
  4.138291E-01 -4.274337E-02  5.000000E-01  8.787916E-02 -9.528739E-03  0.000000E+00  1.419846E-02 -7.904311E-04  2.599399E-19  1.398817E-01  0.000000E+00
  4.468689E-01 -4.460856E-02  5.000000E-01  9.489601E-02 -9.924859E-03  0.000000E+00  1.414234E-02 -8.071434E-04 -3.645692E-19  1.381359E-01  0.000000E+00
  4.799091E-01 -4.651836E-02  5.000000E-01  1.019129E-01 -1.033045E-02  0.000000E+00  1.407992E-02 -8.232838E-04 -8.979653E-19  1.358491E-01  0.000000E+00
  5.129612E-01 -4.847664E-02  5.000000E-01  1.089324E-01 -1.074635E-02  0.000000E+00  1.401670E-02 -8.414047E-04 -8.798329E-19  1.336987E-01  0.000000E+00
  5.460360E-01 -5.049185E-02  5.000000E-01  1.159567E-01 -1.117433E-02  0.000000E+00  1.395975E-02 -8.635403E-04 -1.281591E-18  1.315905E-01  0.000000E+00
  5.791347E-01 -5.257448E-02  5.000000E-01  1.229860E-01 -1.161662E-02  0.000000E+00  1.391652E-02 -8.906462E-04 -1.508257E-18  1.290644E-01  0.000000E+00
  6.122565E-01 -5.473444E-02  5.000000E-01  1.300203E-01 -1.207535E-02  0.000000E+00  1.389439E-02 -9.229733E-04 -1.232626E-18  1.256722E-01  0.000000E+00
  6.454013E-01 -5.698078E-02  5.000000E-01  1.370594E-01 -1.255242E-02  0.000000E+00  1.390082E-02 -9.608731E-04 -1.755798E-19  1.211311E-01  0.000000E+00
  6.785693E-01 -5.932231E-02  5.000000E-01  1.441035E-01 -1.304970E-02  0.000000E+00  1.394274E-02 -1.004708E-03  6.744766E-19  1.152325E-01  0.000000E+00
  7.117575E-01 -6.176636E-02  5.000000E-01  1.511518E-01 -1.356876E-02  0.000000E+00  1.402509E-02 -1.053975E-03  1.420187E-18  1.076982E-01  0.000000E+00
  7.449560E-01 -6.431522E-02  5.000000E-01  1.582024E-01 -1.411007E-02  0.000000E+00  1.415015E-02 -1.107072E-03  4.309107E-19  9.820058E-02  0.000000E+00
  7.781569E-01 -6.696523E-02  5.000000E-01  1.652534E-01 -1.467287E-02  0.000000E+00  1.431830E-02 -1.162048E-03 -3.431971E-19  8.650546E-02  0.000000E+00
  8.113578E-01 -6.970810E-02  5.000000E-01  1.723045E-01 -1.525538E-02  0.000000E+00  1.452868E-02 -1.217068E-03 -5.321858E-20  7.252359E-02  0.000000E+00
  8.445597E-01 -7.253155E-02  5.000000E-01  1.793558E-01 -1.585502E-02  0.000000E+00  1.477843E-02 -1.270113E-03 -2.869746E-20  5.624844E-02  0.000000E+00
  8.777625E-01 -7.541913E-02  5.000000E-01  1.864072E-01 -1.646827E-02  0.000000E+00  1.506029E-02 -1.318105E-03  1.506195E-19  3.767840E-02  0.000000E+00
  9.109638E-01 -7.834775E-02  5.000000E-01  1.934584E-01 -1.709024E-02  0.000000E+00  1.536110E-02 -1.356762E-03  8.156066E-19  1.688797E-02  0.000000E+00
  9.441676E-01 -8.128906E-02  5.000000E-01  2.005100E-01 -1.771490E-02  0.000000E+00  1.566272E-02 -1.381066E-03 -9.278504E-20 -5.829644E-03  0.000000E+00
  9.773746E-01 -8.420891E-02  5.000000E-01  2.075624E-01 -1.833500E-02  0.000000E+00  1.594520E-02 -1.385587E-03 -9.488676E-19 -2.997688E-02  0.000000E+00
  1.010583E+00 -8.706600E-02  5.000000E-01  2.146150E-01 -1.894178E-02  0.000000E+00  1.619584E-02 -1.369397E-03 -5.326813E-19 -5.464942E-02  0.000000E+00
  1.043798E+00 -8.982989E-02  5.000000E-01  2.216690E-01 -1.952876E-02  0.000000E+00  1.641645E-02 -1.339255E-03 -1.200264E-18 -7.864011E-02  0.000000E+00
  1.077015E+00 -9.249016E-02  5.000000E-01  2.287236E-01 -2.009373E-02  0.000000E+00  1.661546E-02 -1.301170E-03 -1.253184E-18 -1.014688E-01  0.000000E+00
  1.110238E+00 -9.503840E-02  5.000000E-01  2.357793E-01 -2.063492E-02  0.000000E+00  1.679938E-02 -1.256091E-03  3.314609E-19 -1.235742E-01  0.000000E+00
  1.143462E+00 -9.746433E-02  5.000000E-01  2.428354E-01 -2.115012E-02  0.000000E+00  1.697336E-02 -1.204097E-03  1.415266E-18 -1.454844E-01  0.000000E+00
  1.176693E+00 -9.975867E-02  5.000000E-01  2.498927E-01 -2.163739E-02  0.000000E+00  1.714084E-02 -1.145187E-03  8.690828E-19 -1.674810E-01  0.000000E+00
  1.209925E+00 -1.019108E-01  5.000000E-01  2.569505E-01 -2.209444E-02  0.000000E+00  1.730195E-02 -1.078542E-03 -5.747771E-19 -1.896404E-01  0.000000E+00
  1.243158E+00 -1.039079E-01  5.000000E-01  2.640083E-01 -2.251858E-02  0.000000E+00  1.745417E-02 -1.003590E-03 -1.403522E-18 -2.118095E-01  0.000000E+00
  1.276395E+00 -1.057386E-01  5.000000E-01  2.710670E-01 -2.290738E-02  0.000000E+00  1.759197E-02 -9.199276E-04 -9.386064E-19 -2.336849E-01  0.000000E+00
  1.309630E+00 -1.073900E-01  5.000000E-01  2.781253E-01 -2.325809E-02  0.000000E+00  1.770552E-02 -8.267854E-04 -5.812162E-19 -2.548881E-01  0.000000E+00
  1.342868E+00 -1.088486E-01  5.000000E-01  2.851842E-01 -2.356787E-02  0.000000E+00  1.778105E-02 -7.242120E-04 -3.755538E-19 -2.748310E-01  0.000000E+00
  1.376108E+00 -1.101034E-01  5.000000E-01  2.922435E-01 -2.383435E-02  0.000000E+00  1.779893E-02 -6.122827E-04 -2.987920E-19 -2.927501E-01  0.000000E+00
  1.409347E+00 -1.111410E-01  5.000000E-01  2.993027E-01 -2.405471E-02  0.000000E+00  1.773391E-02 -4.914599E-04 -2.294114E-19 -3.076528E-01  0.000000E+00
  1.442589E+00 -1.119504E-01  5.000000E-01  3.063625E-01 -2.422661E-02  0.000000E+00  1.755867E-02 -3.635511E-04 -2.480593E-19 -3.182639E-01  0.000000E+00
  1.475831E+00 -1.125210E-01  5.000000E-01  3.134222E-01 -2.434779E-02  0.000000E+00  1.724897E-02 -2.311501E-04 -4.124432E-19 -3.231990E-01  0.000000E+00
  1.509072E+00 -1.128432E-01  5.000000E-01  3.204819E-01 -2.441622E-02  0.000000E+00  1.679277E-02 -9.779007E-05 -4.134966E-19 -3.211692E-01  0.000000E+00
  1.542314E+00 -1.129082E-01  5.000000E-01  3.275416E-01 -2.443003E-02  0.000000E+00  1.619942E-02  3.194562E-05 -4.786490E-19 -3.113066E-01  0.000000E+00
  1.575558E+00 -1.127105E-01  5.000000E-01  3.346018E-01 -2.438803E-02  0.000000E+00  1.550470E-02  1.514485E-04 -5.453001E-19 -2.934643E-01  0.000000E+00
  1.608800E+00 -1.122556E-01  5.000000E-01  3.416615E-01 -2.429143E-02  0.000000E+00  1.476569E-02  2.518407E-04 -2.034613E-19 -2.683919E-01  0.000000E+00
  1.642044E+00 -1.115741E-01  5.000000E-01  3.487219E-01 -2.414669E-02  0.000000E+00  1.403735E-02  3.287799E-04  1.871241E-19 -2.382486E-01  0.000000E+00
  1.675286E+00 -1.106986E-01  5.000000E-01  3.557815E-01 -2.396076E-02  0.000000E+00  1.335417E-02  3.845046E-04  4.349804E-19 -2.061146E-01  0.000000E+00
  1.708526E+00 -1.096617E-01  5.000000E-01  3.628410E-01 -2.374054E-02  0.000000E+00  1.273159E-02  4.223166E-04  5.369231E-19 -1.744690E-01  0.000000E+00
  1.741762E+00 -1.084959E-01  5.000000E-01  3.698995E-01 -2.349297E-02  0.000000E+00  1.217173E-02  4.451789E-04  1.834454E-19 -1.445544E-01  0.000000E+00
  1.774995E+00 -1.072328E-01  5.000000E-01  3.769573E-01 -2.322472E-02  0.000000E+00  1.167133E-02  4.552091E-04  5.322051E-20 -1.165368E-01  0.000000E+00
  1.808227E+00 -1.059058E-01  5.000000E-01  3.840150E-01 -2.294289E-02  0.000000E+00  1.122670E-02  4.540770E-04  3.228403E-19 -9.016494E-02  0.000000E+00
  1.841453E+00 -1.045474E-01  5.000000E-01  3.910714E-01 -2.265439E-02  0.000000E+00  1.083539E-02  4.432947E-04  3.104442E-19 -6.530425E-02  0.000000E+00
  1.874678E+00 -1.031902E-01  5.000000E-01  3.981276E-01 -2.236617E-02  0.000000E+00  1.049700E-02  4.239212E-04 -2.274097E-19 -4.204113E-02  0.000000E+00
  1.907900E+00 -1.018676E-01  5.000000E-01  4.051830E-01 -2.208527E-02  0.000000E+00  1.021320E-02  3.968769E-04 -3.734790E-19 -2.063352E-02  0.000000E+00
  1.941118E+00 -1.006125E-01  5.000000E-01  4.122377E-01 -2.181872E-02  0.000000E+00  9.988464E-03  3.629003E-04 -4.002396E-19 -1.375020E-03  0.000000E+00
  1.974334E+00 -9.945789E-02  5.000000E-01  4.192919E-01 -2.157351E-02  0.000000E+00  9.830999E-03  3.223446E-04 -2.557721E-19  1.548109E-02  0.000000E+00
  2.007549E+00 -9.843799E-02  5.000000E-01  4.263460E-01 -2.135691E-02  0.000000E+00  9.752008E-03  2.752569E-04 -1.724368E-19  2.963608E-02  0.000000E+00
  2.040760E+00 -9.758622E-02  5.000000E-01  4.333992E-01 -2.117601E-02  0.000000E+00  9.763245E-03  2.210397E-04 -4.677008E-19  4.070279E-02  0.000000E+00
  2.073970E+00 -9.693605E-02  5.000000E-01  4.404522E-01 -2.103793E-02  0.000000E+00  9.873033E-03  1.585400E-04 -1.210712E-19  4.828138E-02  0.000000E+00
  2.107177E+00 -9.652074E-02  5.000000E-01  4.475046E-01 -2.094973E-02  0.000000E+00  1.007830E-02  9.015606E-05  9.089491E-20  5.166888E-02  0.000000E+00
  2.140379E+00 -9.634376E-02  5.000000E-01  4.545558E-01 -2.091214E-02  0.000000E+00  1.036198E-02  2.262225E-05  2.001855E-20  5.014521E-02  0.000000E+00
  2.173577E+00 -9.637695E-02  5.000000E-01  4.616063E-01 -2.091919E-02  0.000000E+00  1.070286E-02 -3.959590E-05  6.785268E-20  4.403904E-02  0.000000E+00
  2.206768E+00 -9.658922E-02  5.000000E-01  4.686553E-01 -2.096427E-02  0.000000E+00  1.108298E-02 -9.563778E-05  1.251040E-19  3.448249E-02  0.000000E+00
  2.239954E+00 -9.694979E-02  5.000000E-01  4.757033E-01 -2.104085E-02  0.000000E+00  1.148747E-02 -1.448767E-04  7.848034E-20  2.240212E-02  0.000000E+00
  2.273134E+00 -9.742721E-02  5.000000E-01  4.827498E-01 -2.114224E-02  0.000000E+00  1.190409E-02 -1.863371E-04  4.835423E-20  8.303963E-03  0.000000E+00
  2.306309E+00 -9.799043E-02  5.000000E-01  4.897953E-01 -2.126186E-02  0.000000E+00  1.232297E-02 -2.187718E-04  7.409237E-20 -7.542279E-03  0.000000E+00
  2.339476E+00 -9.860788E-02  5.000000E-01  4.968391E-01 -2.139299E-02  0.000000E+00  1.273619E-02 -2.407346E-04  1.634289E-20 -2.491247E-02  0.000000E+00
  2.372638E+00 -9.924770E-02  5.000000E-01  5.038821E-01 -2.152887E-02  0.000000E+00  1.313805E-02 -2.513680E-04 -3.182913E-19 -4.347853E-02  0.000000E+00
  2.405805E+00 -9.988088E-02  5.000000E-01  5.109259E-01 -2.166334E-02  0.000000E+00  1.352412E-02 -2.503106E-04 -3.704271E-19 -6.285022E-02  0.000000E+00
  2.438976E+00 -1.004800E-01  5.000000E-01  5.179706E-01 -2.179058E-02  0.000000E+00  1.388874E-02 -2.367511E-04 -2.283682E-19 -8.269978E-02  0.000000E+00
  2.472150E+00 -1.010169E-01  5.000000E-01  5.250160E-01 -2.190460E-02  0.000000E+00  1.422306E-02 -2.097030E-04 -1.690305E-19 -1.026880E-01  0.000000E+00
  2.505329E+00 -1.014637E-01  5.000000E-01  5.320624E-01 -2.199950E-02  0.000000E+00  1.451381E-02 -1.685015E-04  1.546160E-20 -1.223471E-01  0.000000E+00
  2.538512E+00 -1.017930E-01  5.000000E-01  5.391097E-01 -2.206942E-02  0.000000E+00  1.474295E-02 -1.126650E-04 -5.955385E-20 -1.410560E-01  0.000000E+00
  2.571700E+00 -1.019764E-01  5.000000E-01  5.461579E-01 -2.210838E-02  0.000000E+00  1.489061E-02 -4.237571E-05 -6.649983E-20 -1.579989E-01  0.000000E+00
  2.604894E+00 -1.019872E-01  5.000000E-01  5.532074E-01 -2.211067E-02  0.000000E+00  1.494086E-02  4.087764E-05  6.257955E-20 -1.722420E-01  0.000000E+00
  2.638090E+00 -1.017989E-01  5.000000E-01  5.602574E-01 -2.207068E-02  0.000000E+00  1.489215E-02  1.306775E-04  4.779697E-20 -1.826213E-01  0.000000E+00
  2.671292E+00 -1.014070E-01  5.000000E-01  5.673087E-01 -2.198745E-02  0.000000E+00  1.475907E-02  2.179126E-04  1.156864E-19 -1.882372E-01  0.000000E+00
  2.704497E+00 -1.008208E-01  5.000000E-01  5.743608E-01 -2.186295E-02  0.000000E+00  1.456122E-02  2.980560E-04  2.129232E-19 -1.892712E-01  0.000000E+00
  2.737708E+00 -1.000503E-01  5.000000E-01  5.814140E-01 -2.169933E-02  0.000000E+00  1.431719E-02  3.703794E-04 -9.550208E-20 -1.866358E-01  0.000000E+00
  2.770923E+00 -9.910535E-02  5.000000E-01  5.884680E-01 -2.149864E-02  0.000000E+00  1.404321E-02  4.349670E-04 -9.357513E-20 -1.812857E-01  0.000000E+00
  2.804143E+00 -9.799547E-02  5.000000E-01  5.955230E-01 -2.126293E-02  0.000000E+00  1.375231E-02  4.920544E-04  1.609879E-19 -1.739391E-01  0.000000E+00
  2.837367E+00 -9.673067E-02  5.000000E-01  6.025790E-01 -2.099432E-02  0.000000E+00  1.345373E-02  5.421079E-04 -6.547072E-20 -1.650851E-01  0.000000E+00
  2.870594E+00 -9.532038E-02  5.000000E-01  6.096356E-01 -2.069480E-02  0.000000E+00  1.315346E-02  5.857121E-04 -2.341832E-19 -1.550595E-01  0.000000E+00
  2.903823E+00 -9.377398E-02  5.000000E-01  6.166926E-01 -2.036639E-02  0.000000E+00  1.285496E-02  6.235992E-04 -4.578897E-19 -1.441345E-01  0.000000E+00
  2.937051E+00 -9.209897E-02  5.000000E-01  6.237495E-01 -2.001066E-02  0.000000E+00  1.256070E-02  6.562018E-04 -4.349701E-19 -1.325091E-01  0.000000E+00
  2.970283E+00 -9.030431E-02  5.000000E-01  6.308072E-01 -1.962951E-02  0.000000E+00  1.227298E-02  6.837965E-04  1.268373E-18 -1.203471E-01  0.000000E+00
  3.003515E+00 -8.839839E-02  5.000000E-01  6.378649E-01 -1.922474E-02  0.000000E+00  1.199386E-02  7.068610E-04  1.157048E-18 -1.078282E-01  0.000000E+00
  3.036751E+00 -8.638950E-02  5.000000E-01  6.449232E-01 -1.879811E-02  0.000000E+00  1.172571E-02  7.257449E-04  3.296327E-19 -9.510276E-02  0.000000E+00
  3.069988E+00 -8.428678E-02  5.000000E-01  6.519820E-01 -1.835154E-02  0.000000E+00  1.147049E-02  7.409746E-04  1.190918E-19 -8.233567E-02  0.000000E+00
  3.103226E+00 -8.209791E-02  5.000000E-01  6.590409E-01 -1.788668E-02  0.000000E+00  1.122976E-02  7.528651E-04 -8.020941E-19 -6.964237E-02  0.000000E+00
  3.136469E+00 -7.983231E-02  5.000000E-01  6.661010E-01 -1.740552E-02  0.000000E+00  1.100358E-02  7.618964E-04 -8.317938E-19 -5.712327E-02  0.000000E+00
  3.169712E+00 -7.749719E-02  5.000000E-01  6.731610E-01 -1.690960E-02  0.000000E+00  1.078922E-02  7.692243E-04  2.062065E-19 -4.491874E-02  0.000000E+00
  3.202960E+00 -7.509475E-02  5.000000E-01  6.802220E-01 -1.639938E-02  0.000000E+00  1.058252E-02  7.757397E-04  6.598441E-19 -3.304828E-02  0.000000E+00
  3.236210E+00 -7.262531E-02  5.000000E-01  6.872834E-01 -1.587493E-02  0.000000E+00  1.037997E-02  7.814609E-04 -6.362823E-19 -2.134898E-02  0.000000E+00
  3.269464E+00 -7.009033E-02  5.000000E-01  6.943459E-01 -1.533656E-02  0.000000E+00  1.017901E-02  7.860908E-04 -8.440749E-19 -9.641738E-03  0.000000E+00
  3.302721E+00 -6.749129E-02  5.000000E-01  7.014089E-01 -1.478459E-02  0.000000E+00  9.977796E-03  7.894847E-04  5.837491E-20  2.153902E-03  0.000000E+00
  3.335981E+00 -6.482968E-02  5.000000E-01  7.084724E-01 -1.421933E-02  0.000000E+00  9.775448E-03  7.913966E-04 -8.252780E-20  1.408061E-02  0.000000E+00
  3.369247E+00 -6.210781E-02  5.000000E-01  7.155373E-01 -1.364127E-02  0.000000E+00  9.572096E-03  7.915448E-04 -1.189568E-19  2.617454E-02  0.000000E+00
  3.402518E+00 -5.932991E-02  5.000000E-01  7.226032E-01 -1.305131E-02  0.000000E+00  9.367982E-03  7.899607E-04  4.902804E-19  3.840308E-02  0.000000E+00
  3.435792E+00 -5.649872E-02  5.000000E-01  7.296699E-01 -1.245004E-02  0.000000E+00  9.163391E-03  7.866858E-04  2.168158E-19  5.073592E-02  0.000000E+00
  3.469073E+00 -5.361839E-02  5.000000E-01  7.367378E-01 -1.183833E-02  0.000000E+00  8.958705E-03  7.817064E-04  3.307503E-19  6.318059E-02  0.000000E+00
  3.502353E+00 -5.069315E-02  5.000000E-01  7.438057E-01 -1.121708E-02  0.000000E+00  8.753918E-03  7.750453E-04  2.391381E-20  7.573575E-02  0.000000E+00
  3.535630E+00 -4.772789E-02  5.000000E-01  7.508728E-01 -1.058733E-02  0.000000E+00  8.548392E-03  7.666393E-04  2.468673E-19  8.840406E-02  0.000000E+00
  3.568904E+00 -4.472697E-02  5.000000E-01  7.579395E-01 -9.950007E-03  0.000000E+00  8.340482E-03  7.565334E-04  1.338748E-18  1.011738E-01  0.000000E+00
  3.602176E+00 -4.169397E-02  5.000000E-01  7.650057E-01 -9.305873E-03  0.000000E+00  8.127888E-03  7.446888E-04  1.187279E-18  1.140593E-01  0.000000E+00
  3.635446E+00 -3.863247E-02  5.000000E-01  7.720714E-01 -8.655686E-03  0.000000E+00  7.908471E-03  7.309643E-04  5.477265E-19  1.271064E-01  0.000000E+00
  3.668713E+00 -3.554610E-02  5.000000E-01  7.791365E-01 -8.000215E-03  0.000000E+00  7.681488E-03  7.152480E-04 -3.823496E-19  1.403749E-01  0.000000E+00
  3.701976E+00 -3.243987E-02  5.000000E-01  7.862008E-01 -7.340529E-03  0.000000E+00  7.448642E-03  6.974919E-04  2.425010E-19  1.538646E-01  0.000000E+00
  3.735241E+00 -2.931827E-02  5.000000E-01  7.932655E-01 -6.677577E-03  0.000000E+00  7.215810E-03  6.765852E-04  8.226042E-19  1.676454E-01  0.000000E+00
  3.768500E+00 -2.620382E-02  5.000000E-01  8.003288E-01 -6.016145E-03  0.000000E+00  6.992027E-03  6.513308E-04  6.397268E-19  1.816965E-01  0.000000E+00
  3.801751E+00 -2.312537E-02  5.000000E-01  8.073904E-01 -5.362358E-03  0.000000E+00  6.785183E-03  6.224271E-04  3.706938E-19  1.955982E-01  0.000000E+00
  3.834989E+00 -2.010799E-02  5.000000E-01  8.144494E-01 -4.721541E-03  0.000000E+00  6.600577E-03  5.911726E-04 -1.067764E-18  2.089004E-01  0.000000E+00
  3.868211E+00 -1.717641E-02  5.000000E-01  8.215050E-01 -4.098946E-03  0.000000E+00  6.441117E-03  5.587330E-04 -1.085329E-18  2.213483E-01  0.000000E+00
  3.901422E+00 -1.434869E-02  5.000000E-01  8.285582E-01 -3.498407E-03  0.000000E+00  6.307788E-03  5.260548E-04 -9.170514E-19  2.328480E-01  0.000000E+00
  3.934617E+00 -1.164140E-02  5.000000E-01  8.356079E-01 -2.923446E-03  0.000000E+00  6.200280E-03  4.936164E-04 -3.607598E-19  2.434060E-01  0.000000E+00
  3.967800E+00 -9.067209E-03  5.000000E-01  8.426552E-01 -2.376750E-03  0.000000E+00  6.117000E-03  4.616911E-04  1.393153E-18  2.530218E-01  0.000000E+00
  4.000972E+00 -6.635890E-03  5.000000E-01  8.497000E-01 -1.860398E-03  0.000000E+00  6.055233E-03  4.304719E-04  1.346044E-18  2.617220E-01  0.000000E+00
  4.034139E+00 -4.353718E-03  5.000000E-01  8.567440E-01 -1.375721E-03  0.000000E+00  6.011021E-03  4.003559E-04  2.011269E-19  2.695385E-01  0.000000E+00
  4.067311E+00 -2.220005E-03  5.000000E-01  8.637889E-01 -9.225727E-04  0.000000E+00  5.979356E-03  3.716561E-04 -1.971849E-19  2.765485E-01  0.000000E+00
  4.100488E+00 -2.319147E-04  5.000000E-01  8.708348E-01 -5.003512E-04  0.000000E+00  5.954843E-03  3.442588E-04 -1.456531E-18  2.829284E-01  0.000000E+00
  4.133669E+00  1.614163E-03  5.000000E-01  8.778817E-01 -1.082897E-04  0.000000E+00  5.931942E-03  3.179854E-04 -1.374844E-18  2.888553E-01  0.000000E+00
  4.166856E+00  3.323764E-03  5.000000E-01  8.849299E-01  2.547876E-04  0.000000E+00  5.905551E-03  2.927307E-04  2.984155E-19  2.944923E-01  0.000000E+00
  4.200049E+00  4.902329E-03  5.000000E-01  8.919793E-01  5.900360E-04  0.000000E+00  5.871944E-03  2.684574E-04  1.279569E-19  2.999764E-01  0.000000E+00
  4.233242E+00  6.356528E-03  5.000000E-01  8.990285E-01  8.988720E-04  0.000000E+00  5.830190E-03  2.445037E-04  1.774679E-19  3.054596E-01  0.000000E+00
  4.266405E+00  7.683255E-03  5.000000E-01  9.060715E-01  1.180636E-03  0.000000E+00  5.783397E-03  2.188781E-04  3.341449E-19  3.111163E-01  0.000000E+00
  4.299502E+00  8.862893E-03  5.000000E-01  9.131006E-01  1.431162E-03  0.000000E+00  5.738211E-03  1.892439E-04 -4.238594E-20  3.169612E-01  0.000000E+00
  4.332522E+00  9.861931E-03  5.000000E-01  9.201132E-01  1.643333E-03  0.000000E+00  5.702667E-03  1.546788E-04 -8.203156E-20  3.226448E-01  0.000000E+00
  4.365472E+00  1.064975E-02  5.000000E-01  9.271109E-01  1.810647E-03  0.000000E+00  5.685330E-03  1.153378E-04 -2.286756E-19  3.276743E-01  0.000000E+00
  4.398350E+00  1.119547E-02  5.000000E-01  9.340935E-01  1.926544E-03  0.000000E+00  5.696321E-03  7.101726E-05 -2.135434E-19  3.317298E-01  0.000000E+00
  4.431155E+00  1.146821E-02  5.000000E-01  9.410604E-01  1.984468E-03  0.000000E+00  5.747250E-03  2.074658E-05  1.235838E-21  3.346128E-01  0.000000E+00
  4.463888E+00  1.143242E-02  5.000000E-01  9.480121E-01  1.976867E-03  0.000000E+00  5.847027E-03 -3.638019E-05 -4.065312E-20  3.359881E-01  0.000000E+00
  4.496579E+00  1.106243E-02  5.000000E-01  9.549550E-01  1.898289E-03  0.000000E+00  5.992803E-03 -1.003506E-04 -7.373263E-20  3.356075E-01  0.000000E+00
  4.529252E+00  1.034368E-02  5.000000E-01  9.618938E-01  1.745645E-03  0.000000E+00  6.152850E-03 -1.685286E-04  2.150540E-19  3.335492E-01  0.000000E+00
  4.561929E+00  9.275302E-03  5.000000E-01  9.688337E-01  1.518748E-03  0.000000E+00  6.238449E-03 -2.354965E-04  7.115912E-20  3.287879E-01  0.000000E+00
  4.594574E+00  7.857479E-03  5.000000E-01  9.757665E-01  1.217637E-03  0.000000E+00  6.105697E-03 -2.984179E-04 -1.396630E-19  3.202006E-01  0.000000E+00
  4.627203E+00  6.086517E-03  5.000000E-01  9.826962E-01  8.415283E-04  0.000000E+00  5.666628E-03 -3.479269E-04  8.725954E-20  3.153377E-01  0.000000E+00
  4.659162E+00  4.002403E-03  5.000000E-01  9.894835E-01  3.989137E-04  0.000000E+00  4.977064E-03 -3.448626E-04  7.827717E-19  3.165789E-01  0.000000E+00
  4.689251E+00  1.715928E-03  5.000000E-01  9.958737E-01 -8.667735E-05  0.000000E+00  4.015508E-03 -2.885549E-04  4.490317E-18  2.659052E-01  0.000000E+00
  4.708680E+00  6.733478E-05  5.000000E-01  9.999999E-01 -4.367980E-04  0.000000E+00  2.882069E-03 -2.614475E-04  4.658182E-18  1.244413E-01  0.000000E+00
    1    2
    2    3
    3    4
    4    5
    5    6
    6    7
    7    8
    8    9
    9   10
   10   11
   11   12
   12   13
   13   14
   14   15
   15   16
   16   17
   17   18
   18   19
   19   20
   20   21
   21   22
   22   23
   23   24
   24   25
   25   26
   26   27
   27   28
   28   29
   29   30
   30   31
   31   32
   32   33
   33   34
   34   35
   35   36
   36   37
   37   38
   38   39
   39   40
   40   41
   41   42
   42   43
   43   44
   44   45
   45   46
   46   47
   47   48
   48   49
   49   50
   50   51
   51   52
   52   53
   53   54
   54   55
   55   56
   56   57
   57   58
   58   59
   59   60
   60   61
   61   62
   62   63
   63   64
   64   65
   65   66
   66   67
   67   68
   68   69
   69   70
   70   71
   71   72
   72   73
   73   74
   74   75
   75   76
   76   77
   77   78
   78   79
   79   80
   80   81
   81   82
   82   83
   83   84
   84   85
   85   86
   86   87
   87   88
   88   89
   89   90
   90   91
   91   92
   92   93
   93   94
   94   95
   95   96
   96   97
   97   98
   98   99
   99  100
  100  101
  101  102
  102  103
  103  104
  104  105
  105  106
  106  107
  107  108
  108  109
  109  110
  110  111
  111  112
  112  113
  113  114
  114  115
  115  116
  116  117
  117  118
  118  119
  119  120
  120  121
  121  122
  122  123
  123  124
  124  125
  125  126
  126  127
  127  128
  128  129
  129  130
  130  131
  131  132
  132  133
  133  134
  134  135
  135  136
  136  137
  137  138
  138  139
  139  140
  140  141
  141  142
  142  143
  143  144
  144  145
  145  146
  146  147
  147  148
  148  149
  149  150
  151  152
  152  153
  153  154
  154  155
  155  156
  156  157
  157  158
  158  159
  159  160
  160  161
  161  162
  162  163
  163  164
  164  165
  165  166
  166  167
  167  168
  168  169
  169  170
  170  171
  171  172
  172  173
  173  174
  174  175
  175  176
  176  177
  177  178
  178  179
  179  180
  180  181
  181  182
  182  183
  183  184
  184  185
  185  186
  186  187
  187  188
  188  189
  189  190
  190  191
  191  192
  192  193
  193  194
  194  195
  195  196
  196  197
  197  198
  198  199
  199  200
  200  201
  201  202
  202  203
  203  204
  204  205
  205  206
  206  207
  207  208
  208  209
  209  210
  210  211
  211  212
  212  213
  213  214
  214  215
  215  216
  216  217
  217  218
  218  219
  219  220
  220  221
  221  222
  222  223
  223  224
  224  225
  225  226
  226  227
  227  228
  228  229
  229  230
  230  231
  231  232
  232  233
  233  234
  234  235
  235  236
  236  237
  237  238
  238  239
  239  240
  240  241
  241  242
  242  243
  243  244
  244  245
  245  246
  246  247
  247  248
  248  249
  249  250
  250  251
  251  252
  252  253
  253  254
  254  255
  255  256
  256  257
  257  258
  258  259
  259  260
  260  261
  261  262
  262  263
  263  264
  264  265
  265  266
  266  267
  267  268
  268  269
  269  270
  270  271
  271  272
  272  273
  273  274
  274  275
  275  276
  276  277
  277  278
  278  279
  279  280
  280  281
  281  282
  282  283
  283  284
  284  285
  285  286
  286  287
  287  288
  288  289
  289  290
  290  291
  291  292
  292  293
  293  294
  294  295
  295  296
  296  297
  297  298
  298  299
  299  300
