 Title = "ADflow Slice Data"
Variables =  "CoordinateX"  "CoordinateY"  "CoordinateZ"  "XoC"  "YoC"  "ZoC" "VelocityX" "VelocityY" "VelocityZ" "CoefPressure" "Mach" 
Zone T= "Slice_0001 None Absolute Regular z = 0.50000000"
 Nodes =          300  Elements=          298  ZONETYPE=FELINESEG
 DATAPACKING=POINT
  4.708680E+00 -4.812564E-04  5.000000E-01  9.999999E-01 -3.362626E-04  0.000000E+00  2.378980E-03 -1.462500E-04  5.666554E-18  1.680529E-01  0.000000E+00
  4.689187E+00  2.668083E-03  5.000000E-01  9.958601E-01  3.325796E-04  0.000000E+00  2.011441E-03 -2.954912E-04  1.035660E-18  1.174136E-01  0.000000E+00
  4.658673E+00  7.569186E-03  5.000000E-01  9.893797E-01  1.373454E-03  0.000000E+00  2.004588E-03 -3.407402E-04  2.015441E-19  1.376683E-01  0.000000E+00
  4.626256E+00  1.273098E-02  5.000000E-01  9.824952E-01  2.469691E-03  0.000000E+00  2.136033E-03 -3.374778E-04  2.062026E-18  1.239787E-01  0.000000E+00
  4.593146E+00  1.794807E-02  5.000000E-01  9.754634E-01  3.577673E-03  0.000000E+00  2.409429E-03 -3.722540E-04  1.142441E-18  9.788209E-02  0.000000E+00
  4.560031E+00  2.310396E-02  5.000000E-01  9.684306E-01  4.672657E-03  0.000000E+00  2.807128E-03 -4.343955E-04  8.473425E-20  7.685304E-02  0.000000E+00
  4.526891E+00  2.819611E-02  5.000000E-01  9.613923E-01  5.754105E-03  0.000000E+00  3.263854E-03 -4.986871E-04  2.064058E-18  5.632921E-02  0.000000E+00
  4.493752E+00  3.321472E-02  5.000000E-01  9.543545E-01  6.819935E-03  0.000000E+00  3.738520E-03 -5.612340E-04 -3.456867E-19  3.340914E-02  0.000000E+00
  4.460612E+00  3.815234E-02  5.000000E-01  9.473164E-01  7.868564E-03  0.000000E+00  4.211468E-03 -6.215083E-04 -1.761058E-19  9.367780E-03  0.000000E+00
  4.427470E+00  4.300277E-02  5.000000E-01  9.402779E-01  8.898676E-03  0.000000E+00  4.670055E-03 -6.763286E-04  2.814518E-19 -1.504929E-02  0.000000E+00
  4.394325E+00  4.775524E-02  5.000000E-01  9.332387E-01  9.907985E-03  0.000000E+00  5.111327E-03 -7.244620E-04 -1.125098E-18 -3.985874E-02  0.000000E+00
  4.361178E+00  5.240159E-02  5.000000E-01  9.261991E-01  1.089475E-02  0.000000E+00  5.541579E-03 -7.667464E-04 -5.492013E-19 -6.504937E-02  0.000000E+00
  4.328027E+00  5.693179E-02  5.000000E-01  9.191586E-01  1.185686E-02  0.000000E+00  5.969681E-03 -8.040217E-04 -2.538097E-19 -9.059847E-02  0.000000E+00
  4.294876E+00  6.133436E-02  5.000000E-01  9.121180E-01  1.279186E-02  0.000000E+00  6.402020E-03 -8.368819E-04  1.323076E-18 -1.166984E-01  0.000000E+00
  4.261727E+00  6.560003E-02  5.000000E-01  9.050782E-01  1.369778E-02  0.000000E+00  6.841530E-03 -8.653854E-04  2.219000E-18 -1.436184E-01  0.000000E+00
  4.228582E+00  6.972000E-02  5.000000E-01  8.980388E-01  1.457276E-02  0.000000E+00  7.288168E-03 -8.885590E-04  2.370326E-18 -1.712172E-01  0.000000E+00
  4.195443E+00  7.368306E-02  5.000000E-01  8.910010E-01  1.541442E-02  0.000000E+00  7.738917E-03 -9.051577E-04  1.690012E-18 -1.984296E-01  0.000000E+00
  4.162308E+00  7.747730E-02  5.000000E-01  8.839639E-01  1.622022E-02  0.000000E+00  8.187618E-03 -9.145195E-04  1.044187E-18 -2.238863E-01  0.000000E+00
  4.129179E+00  8.109327E-02  5.000000E-01  8.769281E-01  1.698816E-02  0.000000E+00  8.630230E-03 -9.165075E-04  9.745337E-19 -2.476064E-01  0.000000E+00
  4.096054E+00  8.451989E-02  5.000000E-01  8.698932E-01  1.771589E-02  0.000000E+00  9.077523E-03 -9.121802E-04  1.097546E-18 -2.724488E-01  0.000000E+00
  4.062934E+00  8.774855E-02  5.000000E-01  8.628593E-01  1.840158E-02  0.000000E+00  9.569996E-03 -9.044011E-04  5.136585E-19 -3.034010E-01  0.000000E+00
  4.029817E+00  9.077059E-02  5.000000E-01  8.558262E-01  1.904339E-02  0.000000E+00  1.017803E-02 -8.971951E-04 -1.098237E-18 -3.438684E-01  0.000000E+00
  3.996705E+00  9.357895E-02  5.000000E-01  8.487939E-01  1.963981E-02  0.000000E+00  1.097002E-02 -8.940252E-04 -1.603315E-18 -3.916339E-01  0.000000E+00
  3.963594E+00  9.616978E-02  5.000000E-01  8.417620E-01  2.019004E-02  0.000000E+00  1.194962E-02 -8.933882E-04 -1.085793E-18 -4.384057E-01  0.000000E+00
  3.930486E+00  9.854209E-02  5.000000E-01  8.347306E-01  2.069386E-02  0.000000E+00  1.300808E-02 -8.864969E-04 -6.359403E-19 -4.740563E-01  0.000000E+00
  3.897377E+00  1.006974E-01  5.000000E-01  8.276991E-01  2.115159E-02  0.000000E+00  1.394215E-02 -8.615313E-04 -1.294534E-19 -4.920695E-01  0.000000E+00
  3.864269E+00  1.026430E-01  5.000000E-01  8.206677E-01  2.156480E-02  0.000000E+00  1.454500E-02 -8.106650E-04  3.448457E-19 -4.918145E-01  0.000000E+00
  3.831161E+00  1.043887E-01  5.000000E-01  8.136366E-01  2.193554E-02  0.000000E+00  1.470989E-02 -7.361355E-04  3.273035E-19 -4.770815E-01  0.000000E+00
  3.798054E+00  1.059514E-01  5.000000E-01  8.066053E-01  2.226743E-02  0.000000E+00  1.446439E-02 -6.491784E-04  3.944196E-19 -4.531920E-01  0.000000E+00
  3.764948E+00  1.073533E-01  5.000000E-01  7.995744E-01  2.256515E-02  0.000000E+00  1.392800E-02 -5.635495E-04  1.394659E-19 -4.251985E-01  0.000000E+00
  3.731842E+00  1.086233E-01  5.000000E-01  7.925435E-01  2.283486E-02  0.000000E+00  1.324640E-02 -4.904340E-04 -3.793882E-19 -3.978762E-01  0.000000E+00
  3.698737E+00  1.097978E-01  5.000000E-01  7.855129E-01  2.308431E-02  0.000000E+00  1.255351E-02 -4.337517E-04 -8.272781E-19 -3.759225E-01  0.000000E+00
  3.665634E+00  1.109040E-01  5.000000E-01  7.784827E-01  2.331924E-02  0.000000E+00  1.196302E-02 -3.901733E-04 -7.042788E-19 -3.637237E-01  0.000000E+00
  3.632534E+00  1.119477E-01  5.000000E-01  7.714529E-01  2.354089E-02  0.000000E+00  1.156756E-02 -3.563401E-04 -5.688458E-19 -3.648172E-01  0.000000E+00
  3.599434E+00  1.129317E-01  5.000000E-01  7.644234E-01  2.374985E-02  0.000000E+00  1.143886E-02 -3.319302E-04 -2.211915E-19 -3.801561E-01  0.000000E+00
  3.566334E+00  1.138594E-01  5.000000E-01  7.573938E-01  2.394689E-02  0.000000E+00  1.161660E-02 -3.167743E-04  3.389515E-19 -4.064679E-01  0.000000E+00
  3.533236E+00  1.147337E-01  5.000000E-01  7.503646E-01  2.413257E-02  0.000000E+00  1.207983E-02 -3.093403E-04  4.867677E-19 -4.371718E-01  0.000000E+00
  3.500138E+00  1.155566E-01  5.000000E-01  7.433353E-01  2.430732E-02  0.000000E+00  1.273020E-02 -3.066476E-04  7.499413E-19 -4.653897E-01  0.000000E+00
  3.467038E+00  1.163314E-01  5.000000E-01  7.363057E-01  2.447188E-02  0.000000E+00  1.341793E-02 -3.048112E-04  9.843720E-19 -4.867029E-01  0.000000E+00
  3.433936E+00  1.170614E-01  5.000000E-01  7.292757E-01  2.462692E-02  0.000000E+00  1.400181E-02 -3.003027E-04  1.173798E-18 -5.000126E-01  0.000000E+00
  3.400832E+00  1.177492E-01  5.000000E-01  7.222452E-01  2.477298E-02  0.000000E+00  1.440278E-02 -2.915704E-04  1.140579E-18 -5.066199E-01  0.000000E+00
  3.367728E+00  1.183975E-01  5.000000E-01  7.152146E-01  2.491067E-02  0.000000E+00  1.461855E-02 -2.790815E-04  8.612713E-19 -5.086415E-01  0.000000E+00
  3.334620E+00  1.190083E-01  5.000000E-01  7.081834E-01  2.504038E-02  0.000000E+00  1.469751E-02 -2.643287E-04  5.209934E-19 -5.079408E-01  0.000000E+00
  3.301512E+00  1.195833E-01  5.000000E-01  7.011520E-01  2.516250E-02  0.000000E+00  1.470011E-02 -2.488122E-04  2.120608E-19 -5.058143E-01  0.000000E+00
  3.268401E+00  1.201242E-01  5.000000E-01  6.941201E-01  2.527738E-02  0.000000E+00  1.467322E-02 -2.333714E-04  1.573237E-19 -5.030325E-01  0.000000E+00
  3.235290E+00  1.206319E-01  5.000000E-01  6.870881E-01  2.538520E-02  0.000000E+00  1.464279E-02 -2.182404E-04  5.799054E-20 -4.999951E-01  0.000000E+00
  3.202177E+00  1.211067E-01  5.000000E-01  6.800557E-01  2.548604E-02  0.000000E+00  1.461800E-02 -2.034561E-04  1.114713E-19 -4.969016E-01  0.000000E+00
  3.169063E+00  1.215493E-01  5.000000E-01  6.730231E-01  2.558002E-02  0.000000E+00  1.459930E-02 -1.888898E-04  3.638200E-19 -4.938257E-01  0.000000E+00
  3.135947E+00  1.219593E-01  5.000000E-01  6.659902E-01  2.566711E-02  0.000000E+00  1.458431E-02 -1.744228E-04  4.900629E-19 -4.907774E-01  0.000000E+00
  3.102831E+00  1.223371E-01  5.000000E-01  6.589570E-01  2.574734E-02  0.000000E+00  1.457049E-02 -1.603473E-04  4.988511E-19 -4.877772E-01  0.000000E+00
  3.069714E+00  1.226839E-01  5.000000E-01  6.519238E-01  2.582099E-02  0.000000E+00  1.455642E-02 -1.470186E-04  5.709388E-19 -4.848591E-01  0.000000E+00
  3.036593E+00  1.230017E-01  5.000000E-01  6.448898E-01  2.588849E-02  0.000000E+00  1.454197E-02 -1.344957E-04  5.948635E-19 -4.820421E-01  0.000000E+00
  3.003475E+00  1.232923E-01  5.000000E-01  6.378564E-01  2.595020E-02  0.000000E+00  1.452781E-02 -1.225128E-04  3.365911E-19 -4.793073E-01  0.000000E+00
  2.970356E+00  1.235561E-01  5.000000E-01  6.308226E-01  2.600621E-02  0.000000E+00  1.451425E-02 -1.111421E-04  2.423719E-19 -4.766701E-01  0.000000E+00
  2.937236E+00  1.237952E-01  5.000000E-01  6.237888E-01  2.605700E-02  0.000000E+00  1.450146E-02 -1.005058E-04  2.252959E-19 -4.741579E-01  0.000000E+00
  2.904117E+00  1.240109E-01  5.000000E-01  6.167550E-01  2.610281E-02  0.000000E+00  1.448997E-02 -9.048434E-05  5.105564E-20 -4.717755E-01  0.000000E+00
  2.870996E+00  1.242046E-01  5.000000E-01  6.097211E-01  2.614394E-02  0.000000E+00  1.448011E-02 -8.110661E-05 -3.873616E-20 -4.695405E-01  0.000000E+00
  2.837877E+00  1.243776E-01  5.000000E-01  6.026873E-01  2.618070E-02  0.000000E+00  1.447236E-02 -7.231216E-05 -3.159344E-20 -4.674547E-01  0.000000E+00
  2.804757E+00  1.245312E-01  5.000000E-01  5.956534E-01  2.621332E-02  0.000000E+00  1.446710E-02 -6.409788E-05 -4.927130E-21 -4.655237E-01  0.000000E+00
  2.771639E+00  1.246669E-01  5.000000E-01  5.886200E-01  2.624213E-02  0.000000E+00  1.446489E-02 -5.630158E-05  9.542486E-21 -4.637383E-01  0.000000E+00
  2.738522E+00  1.247848E-01  5.000000E-01  5.815867E-01  2.626717E-02  0.000000E+00  1.446622E-02 -4.889874E-05  2.435484E-20 -4.621107E-01  0.000000E+00
  2.705406E+00  1.248865E-01  5.000000E-01  5.745537E-01  2.628877E-02  0.000000E+00  1.447169E-02 -4.195765E-05  1.151838E-19 -4.606724E-01  0.000000E+00
  2.672292E+00  1.249726E-01  5.000000E-01  5.675211E-01  2.630705E-02  0.000000E+00  1.448221E-02 -3.539994E-05  1.871315E-19 -4.594477E-01  0.000000E+00
  2.639177E+00  1.250440E-01  5.000000E-01  5.604885E-01  2.632221E-02  0.000000E+00  1.449847E-02 -2.920308E-05  1.862740E-19 -4.584501E-01  0.000000E+00
  2.606068E+00  1.251016E-01  5.000000E-01  5.534568E-01  2.633444E-02  0.000000E+00  1.452106E-02 -2.286142E-05  1.662517E-19 -4.575945E-01  0.000000E+00
  2.572958E+00  1.251439E-01  5.000000E-01  5.464251E-01  2.634343E-02  0.000000E+00  1.454940E-02 -1.556485E-05  1.376876E-19 -4.567033E-01  0.000000E+00
  2.539852E+00  1.251682E-01  5.000000E-01  5.393941E-01  2.634859E-02  0.000000E+00  1.458100E-02 -6.548427E-06  1.475589E-19 -4.555488E-01  0.000000E+00
  2.506749E+00  1.251694E-01  5.000000E-01  5.323638E-01  2.634886E-02  0.000000E+00  1.461117E-02  4.540241E-06  1.711275E-19 -4.539200E-01  0.000000E+00
  2.473650E+00  1.251433E-01  5.000000E-01  5.253345E-01  2.634331E-02  0.000000E+00  1.463360E-02  1.764640E-05  1.877240E-19 -4.516415E-01  0.000000E+00
  2.440554E+00  1.250852E-01  5.000000E-01  5.183056E-01  2.633097E-02  0.000000E+00  1.464118E-02  3.258551E-05  2.123206E-19 -4.485302E-01  0.000000E+00
  2.407460E+00  1.249917E-01  5.000000E-01  5.112774E-01  2.631110E-02  0.000000E+00  1.462629E-02  4.939712E-05  2.314278E-19 -4.443379E-01  0.000000E+00
  2.374373E+00  1.248576E-01  5.000000E-01  5.042504E-01  2.628262E-02  0.000000E+00  1.458034E-02  6.810417E-05  2.252038E-19 -4.387859E-01  0.000000E+00
  2.341286E+00  1.246784E-01  5.000000E-01  4.972236E-01  2.624458E-02  0.000000E+00  1.449384E-02  8.788682E-05  1.938413E-19 -4.317114E-01  0.000000E+00
  2.308194E+00  1.244522E-01  5.000000E-01  4.901958E-01  2.619654E-02  0.000000E+00  1.435964E-02  1.076445E-04  1.927818E-19 -4.231227E-01  0.000000E+00
  2.275097E+00  1.241785E-01  5.000000E-01  4.831667E-01  2.613841E-02  0.000000E+00  1.417681E-02  1.266727E-04  1.886906E-19 -4.133141E-01  0.000000E+00
  2.241991E+00  1.238572E-01  5.000000E-01  4.761359E-01  2.607018E-02  0.000000E+00  1.395392E-02  1.446345E-04  2.547026E-20 -4.031114E-01  0.000000E+00
  2.208879E+00  1.234886E-01  5.000000E-01  4.691037E-01  2.599189E-02  0.000000E+00  1.371137E-02  1.615522E-04 -1.153921E-19 -3.940624E-01  0.000000E+00
  2.175760E+00  1.230725E-01  5.000000E-01  4.620701E-01  2.590351E-02  0.000000E+00  1.348195E-02  1.778466E-04 -6.008057E-20 -3.883420E-01  0.000000E+00
  2.142637E+00  1.226089E-01  5.000000E-01  4.550354E-01  2.580506E-02  0.000000E+00  1.330822E-02  1.944072E-04 -3.419715E-19 -3.881521E-01  0.000000E+00
  2.109507E+00  1.220975E-01  5.000000E-01  4.479994E-01  2.569645E-02  0.000000E+00  1.323505E-02  2.124413E-04 -4.801625E-19 -3.947044E-01  0.000000E+00
  2.076374E+00  1.215383E-01  5.000000E-01  4.409628E-01  2.557768E-02  0.000000E+00  1.329620E-02  2.330975E-04 -2.129531E-19 -4.073096E-01  0.000000E+00
  2.043241E+00  1.209305E-01  5.000000E-01  4.339262E-01  2.544861E-02  0.000000E+00  1.349750E-02  2.565942E-04 -6.705790E-20 -4.233132E-01  0.000000E+00
  2.010106E+00  1.202756E-01  5.000000E-01  4.268892E-01  2.530953E-02  0.000000E+00  1.380572E-02  2.821589E-04 -1.974663E-20 -4.390342E-01  0.000000E+00
  1.976970E+00  1.195750E-01  5.000000E-01  4.198519E-01  2.516074E-02  0.000000E+00  1.415381E-02  3.086079E-04 -1.729091E-20 -4.512331E-01  0.000000E+00
  1.943835E+00  1.188298E-01  5.000000E-01  4.128148E-01  2.500248E-02  0.000000E+00  1.446347E-02  3.344122E-04 -1.997270E-19 -4.583105E-01  0.000000E+00
  1.910699E+00  1.180407E-01  5.000000E-01  4.057775E-01  2.483488E-02  0.000000E+00  1.467505E-02  3.579867E-04 -3.740506E-19 -4.605425E-01  0.000000E+00
  1.877561E+00  1.172095E-01  5.000000E-01  3.987399E-01  2.465836E-02  0.000000E+00  1.476816E-02  3.785040E-04 -4.656158E-19 -4.594191E-01  0.000000E+00
  1.844424E+00  1.163373E-01  5.000000E-01  3.917024E-01  2.447313E-02  0.000000E+00  1.476103E-02  3.959965E-04 -7.454196E-19 -4.567708E-01  0.000000E+00
  1.811282E+00  1.154261E-01  5.000000E-01  3.846638E-01  2.427960E-02  0.000000E+00  1.469385E-02  4.109184E-04 -9.980616E-19 -4.541375E-01  0.000000E+00
  1.778139E+00  1.144784E-01  5.000000E-01  3.776250E-01  2.407835E-02  0.000000E+00  1.460944E-02  4.242998E-04 -1.297231E-18 -4.524406E-01  0.000000E+00
  1.744992E+00  1.134959E-01  5.000000E-01  3.705854E-01  2.386968E-02  0.000000E+00  1.453922E-02  4.370031E-04 -8.523648E-19 -4.520538E-01  0.000000E+00
  1.711843E+00  1.124812E-01  5.000000E-01  3.635455E-01  2.365418E-02  0.000000E+00  1.449894E-02  4.495726E-04 -8.750577E-20 -4.529718E-01  0.000000E+00
  1.678692E+00  1.114357E-01  5.000000E-01  3.565049E-01  2.343214E-02  0.000000E+00  1.449131E-02  4.621842E-04  1.043636E-19 -4.550022E-01  0.000000E+00
  1.645539E+00  1.103622E-01  5.000000E-01  3.494640E-01  2.320416E-02  0.000000E+00  1.451140E-02  4.748895E-04  1.903034E-19 -4.578840E-01  0.000000E+00
  1.612385E+00  1.092616E-01  5.000000E-01  3.424230E-01  2.297043E-02  0.000000E+00  1.455177E-02  4.878453E-04 -1.010994E-19 -4.613509E-01  0.000000E+00
  1.579236E+00  1.081353E-01  5.000000E-01  3.353830E-01  2.273123E-02  0.000000E+00  1.460535E-02  5.011330E-04 -2.549466E-19 -4.652007E-01  0.000000E+00
  1.546090E+00  1.069828E-01  5.000000E-01  3.283435E-01  2.248645E-02  0.000000E+00  1.466668E-02  5.142918E-04 -2.544286E-19 -4.693638E-01  0.000000E+00
  1.512946E+00  1.058065E-01  5.000000E-01  3.213046E-01  2.223664E-02  0.000000E+00  1.473286E-02  5.266332E-04 -6.398854E-19 -4.738559E-01  0.000000E+00
  1.479807E+00  1.046091E-01  5.000000E-01  3.142666E-01  2.198235E-02  0.000000E+00  1.480387E-02  5.381700E-04 -6.410807E-19 -4.786512E-01  0.000000E+00
  1.446672E+00  1.033928E-01  5.000000E-01  3.072296E-01  2.172404E-02  0.000000E+00  1.488046E-02  5.490060E-04 -1.603655E-19 -4.837168E-01  0.000000E+00
  1.413540E+00  1.021598E-01  5.000000E-01  3.001932E-01  2.146218E-02  0.000000E+00  1.496314E-02  5.592658E-04  4.965151E-20 -4.890028E-01  0.000000E+00
  1.380413E+00  1.009119E-01  5.000000E-01  2.931579E-01  2.119716E-02  0.000000E+00  1.505187E-02  5.692717E-04  5.729394E-20 -4.944271E-01  0.000000E+00
  1.347294E+00  9.965001E-02  5.000000E-01  2.861242E-01  2.092916E-02  0.000000E+00  1.514571E-02  5.792836E-04 -3.066470E-20 -4.999108E-01  0.000000E+00
  1.314179E+00  9.837425E-02  5.000000E-01  2.790914E-01  2.065822E-02  0.000000E+00  1.524313E-02  5.893433E-04 -1.352749E-19 -5.054020E-01  0.000000E+00
  1.281074E+00  9.708532E-02  5.000000E-01  2.720606E-01  2.038448E-02  0.000000E+00  1.534286E-02  5.996136E-04 -2.228997E-19 -5.108516E-01  0.000000E+00
  1.247974E+00  9.578240E-02  5.000000E-01  2.650310E-01  2.010777E-02  0.000000E+00  1.544377E-02  6.100841E-04 -3.724934E-19 -5.162444E-01  0.000000E+00
  1.214880E+00  9.446592E-02  5.000000E-01  2.580028E-01  1.982818E-02  0.000000E+00  1.554537E-02  6.207792E-04 -5.206908E-19 -5.215727E-01  0.000000E+00
  1.181795E+00  9.313521E-02  5.000000E-01  2.509763E-01  1.954557E-02  0.000000E+00  1.564787E-02  6.319768E-04 -4.737980E-19 -5.268162E-01  0.000000E+00
  1.148718E+00  9.178927E-02  5.000000E-01  2.439516E-01  1.925973E-02  0.000000E+00  1.575137E-02  6.435857E-04 -2.652190E-19 -5.320063E-01  0.000000E+00
  1.115646E+00  9.042781E-02  5.000000E-01  2.369279E-01  1.897059E-02  0.000000E+00  1.585647E-02  6.554768E-04 -5.712513E-19 -5.371902E-01  0.000000E+00
  1.082583E+00  8.905074E-02  5.000000E-01  2.299061E-01  1.867813E-02  0.000000E+00  1.596444E-02  6.677667E-04 -6.220526E-19 -5.423975E-01  0.000000E+00
  1.049524E+00  8.765735E-02  5.000000E-01  2.228852E-01  1.838221E-02  0.000000E+00  1.607655E-02  6.804996E-04 -2.477602E-19 -5.476592E-01  0.000000E+00
  1.016475E+00  8.624776E-02  5.000000E-01  2.158664E-01  1.808285E-02  0.000000E+00  1.619383E-02  6.937547E-04  1.797097E-20 -5.529834E-01  0.000000E+00
  9.834318E-01  8.482106E-02  5.000000E-01  2.088488E-01  1.777985E-02  0.000000E+00  1.631681E-02  7.077350E-04 -8.573319E-20 -5.583287E-01  0.000000E+00
  9.503976E-01  8.337686E-02  5.000000E-01  2.018331E-01  1.747314E-02  0.000000E+00  1.644553E-02  7.232156E-04 -1.390698E-19 -5.635510E-01  0.000000E+00
  9.173728E-01  8.191133E-02  5.000000E-01  1.948195E-01  1.716190E-02  0.000000E+00  1.657864E-02  7.411109E-04 -3.268257E-20 -5.684570E-01  0.000000E+00
  8.843598E-01  8.042010E-02  5.000000E-01  1.878083E-01  1.684520E-02  0.000000E+00  1.671304E-02  7.619594E-04 -7.786414E-20 -5.728862E-01  0.000000E+00
  8.513623E-01  7.889724E-02  5.000000E-01  1.808005E-01  1.652178E-02  0.000000E+00  1.684514E-02  7.861533E-04  2.054603E-19 -5.767283E-01  0.000000E+00
  8.183794E-01  7.733616E-02  5.000000E-01  1.737957E-01  1.619024E-02  0.000000E+00  1.697160E-02  8.136501E-04 -1.341039E-19 -5.799754E-01  0.000000E+00
  7.854121E-01  7.573071E-02  5.000000E-01  1.667943E-01  1.584929E-02  0.000000E+00  1.709053E-02  8.442238E-04 -4.902650E-19 -5.826966E-01  0.000000E+00
  7.524593E-01  7.407504E-02  5.000000E-01  1.597959E-01  1.549766E-02  0.000000E+00  1.720181E-02  8.776248E-04  2.889139E-20 -5.849970E-01  0.000000E+00
  7.195226E-01  7.236415E-02  5.000000E-01  1.528009E-01  1.513431E-02  0.000000E+00  1.730669E-02  9.138778E-04  8.920501E-20 -5.869559E-01  0.000000E+00
  6.866079E-01  7.059289E-02  5.000000E-01  1.458107E-01  1.475814E-02  0.000000E+00  1.740672E-02  9.534302E-04 -4.498640E-19 -5.885940E-01  0.000000E+00
  6.537221E-01  6.875521E-02  5.000000E-01  1.388265E-01  1.436786E-02  0.000000E+00  1.750228E-02  9.967303E-04 -1.240274E-18 -5.899155E-01  0.000000E+00
  6.208691E-01  6.684440E-02  5.000000E-01  1.318494E-01  1.396205E-02  0.000000E+00  1.759217E-02  1.043873E-03 -1.290588E-18 -5.909693E-01  0.000000E+00
  5.880524E-01  6.485377E-02  5.000000E-01  1.248799E-01  1.353929E-02  0.000000E+00  1.767437E-02  1.094510E-03 -1.277931E-19 -5.918863E-01  0.000000E+00
  5.552711E-01  6.277728E-02  5.000000E-01  1.179180E-01  1.309830E-02  0.000000E+00  1.774739E-02  1.148022E-03 -1.140790E-18 -5.928750E-01  0.000000E+00
  5.225283E-01  6.061038E-02  5.000000E-01  1.109642E-01  1.263810E-02  0.000000E+00  1.781133E-02  1.204060E-03 -2.244038E-18 -5.941755E-01  0.000000E+00
  4.898261E-01  5.834834E-02  5.000000E-01  1.040191E-01  1.215770E-02  0.000000E+00  1.786717E-02  1.262246E-03 -2.517936E-18 -5.960960E-01  0.000000E+00
  4.571624E-01  5.598765E-02  5.000000E-01  9.708209E-02  1.165634E-02  0.000000E+00  1.791581E-02  1.321747E-03 -2.705168E-18 -5.990615E-01  0.000000E+00
  4.245350E-01  5.352634E-02  5.000000E-01  9.015283E-02  1.113362E-02  0.000000E+00  1.795779E-02  1.381389E-03 -1.984692E-18 -6.035808E-01  0.000000E+00
  3.919369E-01  5.096472E-02  5.000000E-01  8.322981E-02  1.058960E-02  0.000000E+00  1.799289E-02  1.440210E-03 -1.349543E-18 -6.100978E-01  0.000000E+00
  3.593832E-01  4.830572E-02  5.000000E-01  7.631620E-02  1.002489E-02  0.000000E+00  1.801938E-02  1.498938E-03 -9.140618E-19 -6.187210E-01  0.000000E+00
  3.269046E-01  4.554983E-02  5.000000E-01  6.941854E-02  9.439609E-03  0.000000E+00  1.803095E-02  1.560722E-03 -6.678192E-18 -6.291081E-01  0.000000E+00
  2.945750E-01  4.269216E-02  5.000000E-01  6.255253E-02  8.832710E-03  0.000000E+00  1.801303E-02  1.629284E-03 -2.443286E-17 -6.408062E-01  0.000000E+00
  2.624265E-01  3.971415E-02  5.000000E-01  5.572497E-02  8.200253E-03  0.000000E+00  1.794294E-02  1.702781E-03 -4.258391E-17 -6.541690E-01  0.000000E+00
  2.304268E-01  3.660025E-02  5.000000E-01  4.892903E-02  7.538938E-03  0.000000E+00  1.781061E-02  1.775917E-03 -4.028645E-18 -6.705967E-01  0.000000E+00
  1.986088E-01  3.334759E-02  5.000000E-01  4.217166E-02  6.848153E-03  0.000000E+00  1.764503E-02  1.846239E-03  2.314896E-16 -6.923049E-01  0.000000E+00
  1.669282E-01  2.994699E-02  5.000000E-01  3.544349E-02  6.125948E-03  0.000000E+00  1.751624E-02  1.902875E-03  8.111798E-16 -7.233154E-01  0.000000E+00
  1.350509E-01  2.642632E-02  5.000000E-01  2.867354E-02  5.378246E-03  0.000000E+00  1.759279E-02  1.971356E-03  1.548277E-15 -7.650911E-01  0.000000E+00
  1.043791E-01  2.294403E-02  5.000000E-01  2.215959E-02  4.638692E-03  0.000000E+00  1.816587E-02  2.178981E-03  1.460387E-15 -8.110980E-01  0.000000E+00
  7.632629E-02  1.940789E-02  5.000000E-01  1.620187E-02  3.887704E-03  0.000000E+00  1.937146E-02  2.612634E-03 -5.969157E-16 -8.604886E-01  0.000000E+00
  5.118571E-02  1.578716E-02  5.000000E-01  1.086263E-02  3.118750E-03  0.000000E+00  2.127268E-02  3.346386E-03 -2.393118E-15 -9.168251E-01  0.000000E+00
  3.264831E-02  1.265549E-02  5.000000E-01  6.925739E-03  2.453659E-03  0.000000E+00  2.437327E-02  4.782620E-03  5.545203E-15 -9.654997E-01  0.000000E+00
  2.051015E-02  1.000302E-02  5.000000E-01  4.347893E-03  1.890341E-03  0.000000E+00  2.900060E-02  7.362273E-03  3.336322E-14 -9.978204E-01  0.000000E+00
  1.247723E-02  7.715058E-03  5.000000E-01  2.641898E-03  1.404433E-03  0.000000E+00  3.541167E-02  1.145859E-02  7.340401E-14 -1.030810E+00  0.000000E+00
  7.055255E-03  5.773778E-03  5.000000E-01  1.490404E-03  9.921529E-04  0.000000E+00  4.595277E-02  1.921971E-02  8.759578E-14 -1.061333E+00  0.000000E+00
  3.418635E-03  4.085142E-03  5.000000E-01  7.180754E-04  6.335282E-04  0.000000E+00  6.281025E-02  3.675792E-02  3.119231E-14 -1.020189E+00  0.000000E+00
  1.108798E-03  2.535626E-03  5.000000E-01  2.275226E-04  3.044490E-04  0.000000E+00  6.867559E-02  6.928220E-02 -3.955426E-14 -7.246097E-01  0.000000E+00
  3.747479E-05  1.102084E-03  5.000000E-01  0.000000E+00  0.000000E+00  0.000000E+00  2.373990E-02  1.029385E-01 -8.854387E-15  1.853839E-01  0.000000E+00
  3.747479E-05  1.102084E-03  5.000000E-01  0.000000E+00  0.000000E+00  0.000000E+00  2.373990E-02  1.029385E-01 -8.854387E-15  1.853839E-01  0.000000E+00
  2.534065E-04 -3.126836E-04  5.000000E-01  4.585858E-05 -3.004619E-04  0.000000E+00 -2.577080E-02  7.414136E-02  8.257098E-14  1.074667E+00  0.000000E+00
  1.848580E-03 -1.757032E-03  5.000000E-01  3.846343E-04 -6.072061E-04  0.000000E+00 -2.245710E-02  1.836184E-02  9.386024E-14  1.194840E+00  0.000000E+00
  4.867645E-03 -3.219898E-03  5.000000E-01  1.025809E-03 -9.178827E-04  0.000000E+00 -1.791688E-03  1.221162E-03  3.993298E-14  1.020160E+00  0.000000E+00
  9.380877E-03 -4.755356E-03  5.000000E-01  1.984309E-03 -1.243976E-03  0.000000E+00  1.056832E-02 -3.034864E-03  1.057959E-14  9.011197E-01  0.000000E+00
  1.589077E-02 -6.456311E-03  5.000000E-01  3.366850E-03 -1.605217E-03  0.000000E+00  1.534170E-02 -3.528860E-03  9.182722E-15  8.070768E-01  0.000000E+00
  2.547297E-02 -8.407807E-03  5.000000E-01  5.401873E-03 -2.019667E-03  0.000000E+00  1.605112E-02 -2.896166E-03  1.212899E-14  7.140529E-01  0.000000E+00
  3.989163E-02 -1.066657E-02  5.000000E-01  8.464043E-03 -2.499373E-03  0.000000E+00  1.508906E-02 -2.098552E-03  8.719064E-15  6.278255E-01  0.000000E+00
  6.092142E-02 -1.318577E-02  5.000000E-01  1.293025E-02 -3.034388E-03  0.000000E+00  1.386207E-02 -1.522964E-03  2.590986E-15  5.588494E-01  0.000000E+00
  8.832839E-02 -1.589585E-02  5.000000E-01  1.875082E-02 -3.609943E-03  0.000000E+00  1.299126E-02 -1.225971E-03 -8.332456E-16  5.101939E-01  0.000000E+00
  1.189914E-01 -1.864656E-02  5.000000E-01  2.526288E-02 -4.194127E-03  0.000000E+00  1.258296E-02 -1.109654E-03 -1.185223E-15  4.754111E-01  0.000000E+00
  1.511926E-01 -2.144149E-02  5.000000E-01  3.210163E-02 -4.787702E-03  0.000000E+00  1.253930E-02 -1.088519E-03 -5.317316E-16  4.478420E-01  0.000000E+00
  1.838450E-01 -2.428282E-02  5.000000E-01  3.903620E-02 -5.391130E-03  0.000000E+00  1.271236E-02 -1.106193E-03 -8.069681E-17  4.226655E-01  0.000000E+00
  2.165049E-01 -2.713200E-02  5.000000E-01  4.597235E-02 -5.996226E-03  0.000000E+00  1.296501E-02 -1.125241E-03  4.567152E-17  3.979428E-01  0.000000E+00
  2.491496E-01 -2.995481E-02  5.000000E-01  5.290529E-02 -6.595721E-03  0.000000E+00  1.321054E-02 -1.135661E-03  3.717854E-17  3.751807E-01  0.000000E+00
  2.819003E-01 -3.275587E-02  5.000000E-01  5.986073E-02 -7.190597E-03  0.000000E+00  1.341272E-02 -1.142560E-03  1.323927E-17  3.559412E-01  0.000000E+00
  3.147601E-01 -3.554700E-02  5.000000E-01  6.683936E-02 -7.783365E-03  0.000000E+00  1.356570E-02 -1.150559E-03  2.673120E-18  3.397863E-01  0.000000E+00
  3.477303E-01 -3.834344E-02  5.000000E-01  7.384141E-02 -8.377260E-03  0.000000E+00  1.367849E-02 -1.161675E-03  7.261241E-19  3.253885E-01  0.000000E+00
  3.807756E-01 -4.115816E-02  5.000000E-01  8.085941E-02 -8.975037E-03  0.000000E+00  1.376239E-02 -1.174635E-03  2.917277E-19  3.116153E-01  0.000000E+00
  4.138291E-01 -4.398993E-02  5.000000E-01  8.787917E-02 -9.576436E-03  0.000000E+00  1.382373E-02 -1.185415E-03 -3.543393E-19  2.978701E-01  0.000000E+00
  4.468689E-01 -4.683031E-02  5.000000E-01  9.489601E-02 -1.017966E-02  0.000000E+00  1.386594E-02 -1.192061E-03 -3.656469E-19  2.842855E-01  0.000000E+00
  4.799091E-01 -4.967482E-02  5.000000E-01  1.019129E-01 -1.078377E-02  0.000000E+00  1.389286E-02 -1.195692E-03  1.455542E-18  2.712967E-01  0.000000E+00
  5.129612E-01 -5.252246E-02  5.000000E-01  1.089324E-01 -1.138854E-02  0.000000E+00  1.390906E-02 -1.198226E-03  1.685659E-18  2.590941E-01  0.000000E+00
  5.460360E-01 -5.537553E-02  5.000000E-01  1.159567E-01 -1.199446E-02  0.000000E+00  1.391970E-02 -1.201297E-03  1.105851E-18  2.475652E-01  0.000000E+00
  5.791347E-01 -5.823760E-02  5.000000E-01  1.229860E-01 -1.260229E-02  0.000000E+00  1.393000E-02 -1.205837E-03  5.397352E-19  2.364487E-01  0.000000E+00
  6.122565E-01 -6.111217E-02  5.000000E-01  1.300203E-01 -1.321278E-02  0.000000E+00  1.394499E-02 -1.212274E-03 -3.894762E-20  2.254894E-01  0.000000E+00
  6.454013E-01 -6.400261E-02  5.000000E-01  1.370594E-01 -1.382664E-02  0.000000E+00  1.396963E-02 -1.221050E-03  7.540318E-19  2.145101E-01  0.000000E+00
  6.785693E-01 -6.691260E-02  5.000000E-01  1.441035E-01 -1.444465E-02  0.000000E+00  1.400846E-02 -1.232557E-03  5.691326E-19  2.033647E-01  0.000000E+00
  7.117575E-01 -6.984528E-02  5.000000E-01  1.511518E-01 -1.506748E-02  0.000000E+00  1.406455E-02 -1.246514E-03 -6.986526E-19  1.918640E-01  0.000000E+00
  7.449560E-01 -7.280066E-02  5.000000E-01  1.582024E-01 -1.569513E-02  0.000000E+00  1.413900E-02 -1.261814E-03 -6.971382E-19  1.798001E-01  0.000000E+00
  7.781569E-01 -7.577537E-02  5.000000E-01  1.652534E-01 -1.632688E-02  0.000000E+00  1.423132E-02 -1.277110E-03 -8.464289E-19  1.670466E-01  0.000000E+00
  8.113578E-01 -7.876386E-02  5.000000E-01  1.723045E-01 -1.696156E-02  0.000000E+00  1.434015E-02 -1.291242E-03 -1.654663E-20  1.535866E-01  0.000000E+00
  8.445597E-01 -8.175887E-02  5.000000E-01  1.793558E-01 -1.759763E-02  0.000000E+00  1.446296E-02 -1.303128E-03  8.538801E-19  1.394642E-01  0.000000E+00
  8.777625E-01 -8.475144E-02  5.000000E-01  1.864072E-01 -1.823318E-02  0.000000E+00  1.459510E-02 -1.311246E-03  1.086113E-19  1.247240E-01  0.000000E+00
  9.109638E-01 -8.772935E-02  5.000000E-01  1.934584E-01 -1.886561E-02  0.000000E+00  1.472932E-02 -1.313634E-03 -3.618279E-21  1.094485E-01  0.000000E+00
  9.441676E-01 -9.067847E-02  5.000000E-01  2.005100E-01 -1.949193E-02  0.000000E+00  1.485658E-02 -1.308277E-03 -1.340896E-18  9.383615E-02  0.000000E+00
  9.773746E-01 -9.358239E-02  5.000000E-01  2.075624E-01 -2.010865E-02  0.000000E+00  1.496756E-02 -1.293112E-03 -1.284769E-18  7.816533E-02  0.000000E+00
  1.010583E+00 -9.642128E-02  5.000000E-01  2.146150E-01 -2.071156E-02  0.000000E+00  1.505675E-02 -1.268309E-03  3.349658E-19  6.288627E-02  0.000000E+00
  1.043798E+00 -9.918190E-02  5.000000E-01  2.216690E-01 -2.129785E-02  0.000000E+00  1.512542E-02 -1.237614E-03  5.550005E-19  4.856837E-02  0.000000E+00
  1.077015E+00 -1.018613E-01  5.000000E-01  2.287236E-01 -2.186689E-02  0.000000E+00  1.517772E-02 -1.204271E-03  2.020209E-19  3.540219E-02  0.000000E+00
  1.110238E+00 -1.044583E-01  5.000000E-01  2.357793E-01 -2.241843E-02  0.000000E+00  1.521668E-02 -1.169099E-03  3.731782E-19  2.314371E-02  0.000000E+00
  1.143462E+00 -1.069712E-01  5.000000E-01  2.428354E-01 -2.295212E-02  0.000000E+00  1.524475E-02 -1.132576E-03  3.995003E-19  1.155170E-02  0.000000E+00
  1.176693E+00 -1.094002E-01  5.000000E-01  2.498927E-01 -2.346796E-02  0.000000E+00  1.526391E-02 -1.095215E-03  3.751386E-20  5.261247E-04  0.000000E+00
  1.209925E+00 -1.117448E-01  5.000000E-01  2.569505E-01 -2.396591E-02  0.000000E+00  1.527497E-02 -1.057041E-03 -5.008784E-19 -9.974471E-03  0.000000E+00
  1.243158E+00 -1.140043E-01  5.000000E-01  2.640083E-01 -2.444576E-02  0.000000E+00  1.527837E-02 -1.018315E-03 -3.382347E-19 -1.991984E-02  0.000000E+00
  1.276395E+00 -1.161796E-01  5.000000E-01  2.710670E-01 -2.490775E-02  0.000000E+00  1.527444E-02 -9.794468E-04  1.008478E-19 -2.926864E-02  0.000000E+00
  1.309630E+00 -1.182713E-01  5.000000E-01  2.781253E-01 -2.535196E-02  0.000000E+00  1.526327E-02 -9.405687E-04  5.305969E-19 -3.803761E-02  0.000000E+00
  1.342868E+00 -1.202804E-01  5.000000E-01  2.851842E-01 -2.577865E-02  0.000000E+00  1.524574E-02 -9.023012E-04  5.977669E-19 -4.622091E-02  0.000000E+00
  1.376108E+00 -1.222102E-01  5.000000E-01  2.922436E-01 -2.618849E-02  0.000000E+00  1.522310E-02 -8.650663E-04  7.106364E-19 -5.386216E-02  0.000000E+00
  1.409347E+00 -1.240626E-01  5.000000E-01  2.993027E-01 -2.658191E-02  0.000000E+00  1.519717E-02 -8.291618E-04  4.971082E-19 -6.104366E-02  0.000000E+00
  1.442589E+00 -1.258418E-01  5.000000E-01  3.063625E-01 -2.695976E-02  0.000000E+00  1.517116E-02 -7.952272E-04 -2.746713E-19 -6.783548E-02  0.000000E+00
  1.475831E+00 -1.275520E-01  5.000000E-01  3.134222E-01 -2.732296E-02  0.000000E+00  1.514919E-02 -7.636635E-04  2.382338E-19 -7.436517E-02  0.000000E+00
  1.509072E+00 -1.291977E-01  5.000000E-01  3.204819E-01 -2.767247E-02  0.000000E+00  1.513602E-02 -7.347972E-04  1.605154E-19 -8.080507E-02  0.000000E+00
  1.542314E+00 -1.307839E-01  5.000000E-01  3.275416E-01 -2.800935E-02  0.000000E+00  1.513647E-02 -7.091330E-04 -1.255493E-19 -8.732838E-02  0.000000E+00
  1.575558E+00 -1.323170E-01  5.000000E-01  3.346018E-01 -2.833494E-02  0.000000E+00  1.515293E-02 -6.861528E-04 -4.078296E-19 -9.417990E-02  0.000000E+00
  1.608800E+00 -1.337993E-01  5.000000E-01  3.416615E-01 -2.864975E-02  0.000000E+00  1.518369E-02 -6.637930E-04 -6.080495E-19 -1.016445E-01  0.000000E+00
  1.642044E+00 -1.352285E-01  5.000000E-01  3.487219E-01 -2.895327E-02  0.000000E+00  1.522497E-02 -6.403168E-04 -2.264968E-19 -1.097989E-01  0.000000E+00
  1.675286E+00 -1.366003E-01  5.000000E-01  3.557816E-01 -2.924460E-02  0.000000E+00  1.527292E-02 -6.150071E-04  1.533191E-19 -1.184871E-01  0.000000E+00
  1.708526E+00 -1.379102E-01  5.000000E-01  3.628410E-01 -2.952280E-02  0.000000E+00  1.532395E-02 -5.875205E-04 -3.718833E-19 -1.274896E-01  0.000000E+00
  1.741762E+00 -1.391537E-01  5.000000E-01  3.698996E-01 -2.978688E-02  0.000000E+00  1.537466E-02 -5.574405E-04 -5.258521E-19 -1.366436E-01  0.000000E+00
  1.774995E+00 -1.403249E-01  5.000000E-01  3.769573E-01 -3.003561E-02  0.000000E+00  1.542255E-02 -5.247860E-04  5.608741E-20 -1.458007E-01  0.000000E+00
  1.808227E+00 -1.414199E-01  5.000000E-01  3.840150E-01 -3.026818E-02  0.000000E+00  1.546564E-02 -4.895903E-04  1.567720E-19 -1.548514E-01  0.000000E+00
  1.841453E+00 -1.424335E-01  5.000000E-01  3.910714E-01 -3.048343E-02  0.000000E+00  1.550170E-02 -4.516301E-04  2.089148E-19 -1.637234E-01  0.000000E+00
  1.874678E+00 -1.433607E-01  5.000000E-01  3.981276E-01 -3.068034E-02  0.000000E+00  1.552863E-02 -4.109638E-04  2.554931E-19 -1.722988E-01  0.000000E+00
  1.907900E+00 -1.441967E-01  5.000000E-01  4.051830E-01 -3.085790E-02  0.000000E+00  1.554379E-02 -3.675725E-04  1.456444E-19 -1.804413E-01  0.000000E+00
  1.941118E+00 -1.449366E-01  5.000000E-01  4.122377E-01 -3.101502E-02  0.000000E+00  1.554368E-02 -3.214351E-04 -2.069709E-19 -1.879918E-01  0.000000E+00
  1.974334E+00 -1.455752E-01  5.000000E-01  4.192920E-01 -3.115064E-02  0.000000E+00  1.552400E-02 -2.728222E-04 -4.333750E-19 -1.947408E-01  0.000000E+00
  2.007549E+00 -1.461086E-01  5.000000E-01  4.263460E-01 -3.126392E-02  0.000000E+00  1.547922E-02 -2.218829E-04 -3.570720E-19 -2.004712E-01  0.000000E+00
  2.040760E+00 -1.465318E-01  5.000000E-01  4.333993E-01 -3.135381E-02  0.000000E+00  1.540335E-02 -1.686657E-04 -1.470711E-19 -2.049528E-01  0.000000E+00
  2.073970E+00 -1.468402E-01  5.000000E-01  4.404522E-01 -3.141930E-02  0.000000E+00  1.529244E-02 -1.137177E-04 -1.026124E-19 -2.079071E-01  0.000000E+00
  2.107177E+00 -1.470297E-01  5.000000E-01  4.475046E-01 -3.145955E-02  0.000000E+00  1.514738E-02 -5.866853E-05 -1.365455E-19 -2.090329E-01  0.000000E+00
  2.140379E+00 -1.471008E-01  5.000000E-01  4.545558E-01 -3.147466E-02  0.000000E+00  1.497513E-02 -6.390130E-06 -1.295063E-19 -2.080904E-01  0.000000E+00
  2.173577E+00 -1.470614E-01  5.000000E-01  4.616063E-01 -3.146629E-02  0.000000E+00  1.478466E-02  4.140173E-05 -1.283462E-19 -2.051927E-01  0.000000E+00
  2.206768E+00 -1.469187E-01  5.000000E-01  4.686553E-01 -3.143597E-02  0.000000E+00  1.458353E-02  8.461486E-05 -1.085269E-19 -2.007694E-01  0.000000E+00
  2.239954E+00 -1.466802E-01  5.000000E-01  4.757033E-01 -3.138532E-02  0.000000E+00  1.437754E-02  1.233660E-04 -1.288856E-19 -1.952619E-01  0.000000E+00
  2.273134E+00 -1.463531E-01  5.000000E-01  4.827499E-01 -3.131585E-02  0.000000E+00  1.417046E-02  1.578021E-04 -1.948703E-19 -1.889999E-01  0.000000E+00
  2.306309E+00 -1.459450E-01  5.000000E-01  4.897953E-01 -3.122918E-02  0.000000E+00  1.396451E-02  1.880924E-04  6.757142E-20 -1.821878E-01  0.000000E+00
  2.339476E+00 -1.454632E-01  5.000000E-01  4.968392E-01 -3.112687E-02  0.000000E+00  1.376115E-02  2.145044E-04  2.083438E-19 -1.749666E-01  0.000000E+00
  2.372638E+00 -1.449147E-01  5.000000E-01  5.038821E-01 -3.101037E-02  0.000000E+00  1.356313E-02  2.367110E-04 -3.101211E-21 -1.674057E-01  0.000000E+00
  2.405805E+00 -1.443091E-01  5.000000E-01  5.109259E-01 -3.088176E-02  0.000000E+00  1.337497E-02  2.540799E-04 -2.186923E-19 -1.595945E-01  0.000000E+00
  2.438976E+00 -1.436581E-01  5.000000E-01  5.179706E-01 -3.074351E-02  0.000000E+00  1.320164E-02  2.666577E-04 -1.436287E-19 -1.517768E-01  0.000000E+00
  2.472150E+00 -1.429728E-01  5.000000E-01  5.250160E-01 -3.059796E-02  0.000000E+00  1.304845E-02  2.748126E-04  2.107188E-19 -1.442697E-01  0.000000E+00
  2.505329E+00 -1.422644E-01  5.000000E-01  5.320624E-01 -3.044753E-02  0.000000E+00  1.292161E-02  2.788049E-04  2.268555E-20 -1.373603E-01  0.000000E+00
  2.538512E+00 -1.415448E-01  5.000000E-01  5.391097E-01 -3.029469E-02  0.000000E+00  1.282779E-02  2.790084E-04 -6.460719E-20 -1.313321E-01  0.000000E+00
  2.571700E+00 -1.408247E-01  5.000000E-01  5.461580E-01 -3.014176E-02  0.000000E+00  1.277332E-02  2.755571E-04 -9.666516E-20 -1.264424E-01  0.000000E+00
  2.604894E+00 -1.401164E-01  5.000000E-01  5.532074E-01 -2.999135E-02  0.000000E+00  1.276173E-02  2.688606E-04 -2.817687E-19 -1.229543E-01  0.000000E+00
  2.638090E+00 -1.394301E-01  5.000000E-01  5.602575E-01 -2.984557E-02  0.000000E+00  1.278987E-02  2.612806E-04 -2.820962E-19 -1.212374E-01  0.000000E+00
  2.671292E+00 -1.387645E-01  5.000000E-01  5.673087E-01 -2.970422E-02  0.000000E+00  1.284850E-02  2.560700E-04 -1.329095E-19 -1.215181E-01  0.000000E+00
  2.704497E+00 -1.381107E-01  5.000000E-01  5.743608E-01 -2.956538E-02  0.000000E+00  1.292775E-02  2.546432E-04  2.398620E-19 -1.235419E-01  0.000000E+00
  2.737708E+00 -1.374600E-01  5.000000E-01  5.814140E-01 -2.942718E-02  0.000000E+00  1.301953E-02  2.570373E-04  3.272059E-19 -1.267967E-01  0.000000E+00
  2.770923E+00 -1.368031E-01  5.000000E-01  5.884680E-01 -2.928766E-02  0.000000E+00  1.311745E-02  2.632292E-04  1.592358E-19 -1.308625E-01  0.000000E+00
  2.804143E+00 -1.361307E-01  5.000000E-01  5.955230E-01 -2.914487E-02  0.000000E+00  1.321675E-02  2.731318E-04  4.956980E-20 -1.354658E-01  0.000000E+00
  2.837367E+00 -1.354340E-01  5.000000E-01  6.025790E-01 -2.899690E-02  0.000000E+00  1.331365E-02  2.867918E-04  1.010182E-19 -1.404491E-01  0.000000E+00
  2.870594E+00 -1.347034E-01  5.000000E-01  6.096357E-01 -2.884174E-02  0.000000E+00  1.340462E-02  3.043631E-04  3.745586E-20 -1.456870E-01  0.000000E+00
  2.903823E+00 -1.339293E-01  5.000000E-01  6.166926E-01 -2.867735E-02  0.000000E+00  1.348564E-02  3.261921E-04 -1.252660E-19 -1.510446E-01  0.000000E+00
  2.937051E+00 -1.331002E-01  5.000000E-01  6.237496E-01 -2.850126E-02  0.000000E+00  1.355260E-02  3.522623E-04 -2.548414E-19 -1.563018E-01  0.000000E+00
  2.970283E+00 -1.322060E-01  5.000000E-01  6.308072E-01 -2.831137E-02  0.000000E+00  1.360104E-02  3.823002E-04  1.231262E-19 -1.611845E-01  0.000000E+00
  3.003515E+00 -1.312362E-01  5.000000E-01  6.378649E-01 -2.810540E-02  0.000000E+00  1.362534E-02  4.161298E-04  7.720823E-19 -1.654311E-01  0.000000E+00
  3.036751E+00 -1.301802E-01  5.000000E-01  6.449232E-01 -2.788112E-02  0.000000E+00  1.361889E-02  4.532295E-04  9.431848E-19 -1.687493E-01  0.000000E+00
  3.069988E+00 -1.290281E-01  5.000000E-01  6.519820E-01 -2.763646E-02  0.000000E+00  1.357413E-02  4.931736E-04  5.486819E-19 -1.708585E-01  0.000000E+00
  3.103226E+00 -1.277688E-01  5.000000E-01  6.590409E-01 -2.736901E-02  0.000000E+00  1.348486E-02  5.352062E-04 -4.765496E-19 -1.714295E-01  0.000000E+00
  3.136469E+00 -1.263931E-01  5.000000E-01  6.661010E-01 -2.707684E-02  0.000000E+00  1.334897E-02  5.781205E-04 -5.316346E-19 -1.701466E-01  0.000000E+00
  3.169712E+00 -1.248923E-01  5.000000E-01  6.731611E-01 -2.675812E-02  0.000000E+00  1.317204E-02  6.189528E-04 -4.870091E-19 -1.666796E-01  0.000000E+00
  3.202960E+00 -1.232711E-01  5.000000E-01  6.802220E-01 -2.641380E-02  0.000000E+00  1.296608E-02  6.545224E-04 -9.071948E-19 -1.609343E-01  0.000000E+00
  3.236210E+00 -1.215383E-01  5.000000E-01  6.872835E-01 -2.604580E-02  0.000000E+00  1.274349E-02  6.840745E-04 -2.320114E-19 -1.533337E-01  0.000000E+00
  3.269464E+00 -1.197041E-01  5.000000E-01  6.943459E-01 -2.565627E-02  0.000000E+00  1.251471E-02  7.080592E-04 -2.021427E-19 -1.445184E-01  0.000000E+00
  3.302721E+00 -1.177784E-01  5.000000E-01  7.014089E-01 -2.524730E-02  0.000000E+00  1.228750E-02  7.272745E-04 -9.485074E-19 -1.350617E-01  0.000000E+00
  3.335981E+00 -1.157704E-01  5.000000E-01  7.084724E-01 -2.482084E-02  0.000000E+00  1.206775E-02  7.422791E-04 -9.885240E-19 -1.253187E-01  0.000000E+00
  3.369247E+00 -1.136895E-01  5.000000E-01  7.155373E-01 -2.437891E-02  0.000000E+00  1.186020E-02  7.534513E-04  5.741346E-20 -1.154683E-01  0.000000E+00
  3.402518E+00 -1.115465E-01  5.000000E-01  7.226033E-01 -2.392380E-02  0.000000E+00  1.166775E-02  7.615080E-04  6.817388E-19 -1.057046E-01  0.000000E+00
  3.435792E+00 -1.093495E-01  5.000000E-01  7.296699E-01 -2.345721E-02  0.000000E+00  1.149208E-02  7.670715E-04  1.235089E-18 -9.620860E-02  0.000000E+00
  3.469073E+00 -1.071073E-01  5.000000E-01  7.367379E-01 -2.298102E-02  0.000000E+00  1.133452E-02  7.706309E-04  1.947690E-18 -8.710447E-02  0.000000E+00
  3.502353E+00 -1.048274E-01  5.000000E-01  7.438057E-01 -2.249681E-02  0.000000E+00  1.119609E-02  7.727281E-04  1.073142E-18 -7.851044E-02  0.000000E+00
  3.535630E+00 -1.025170E-01  5.000000E-01  7.508729E-01 -2.200614E-02  0.000000E+00  1.107802E-02  7.738268E-04 -6.951187E-20 -7.052407E-02  0.000000E+00
  3.568904E+00 -1.001819E-01  5.000000E-01  7.579395E-01 -2.151023E-02  0.000000E+00  1.098198E-02  7.747088E-04 -3.657283E-19 -6.325086E-02  0.000000E+00
  3.602176E+00 -9.782584E-02  5.000000E-01  7.650057E-01 -2.100986E-02  0.000000E+00  1.091043E-02  7.761901E-04 -4.277706E-19 -5.676742E-02  0.000000E+00
  3.635446E+00 -9.545134E-02  5.000000E-01  7.720714E-01 -2.050557E-02  0.000000E+00  1.086565E-02  7.788292E-04  3.515730E-19 -5.113989E-02  0.000000E+00
  3.668713E+00 -9.305989E-02  5.000000E-01  7.791365E-01 -1.999769E-02  0.000000E+00  1.084762E-02  7.827190E-04  6.628208E-19 -4.638066E-02  0.000000E+00
  3.701976E+00 -9.065381E-02  5.000000E-01  7.862009E-01 -1.948670E-02  0.000000E+00  1.084977E-02  7.887980E-04  9.019516E-19 -4.249725E-02  0.000000E+00
  3.735241E+00 -8.822725E-02  5.000000E-01  7.932655E-01 -1.897135E-02  0.000000E+00  1.085402E-02  8.009208E-04  1.244690E-18 -3.966609E-02  0.000000E+00
  3.768500E+00 -8.574962E-02  5.000000E-01  8.003289E-01 -1.844517E-02  0.000000E+00  1.083679E-02  8.219188E-04  5.387873E-19 -3.756948E-02  0.000000E+00
  3.801751E+00 -8.318613E-02  5.000000E-01  8.073904E-01 -1.790074E-02  0.000000E+00  1.077972E-02  8.500005E-04  6.188202E-20 -3.507318E-02  0.000000E+00
  3.834989E+00 -8.050884E-02  5.000000E-01  8.144495E-01 -1.733215E-02  0.000000E+00  1.067302E-02  8.809539E-04  5.823413E-19 -3.099061E-02  0.000000E+00
  3.868211E+00 -7.770211E-02  5.000000E-01  8.215050E-01 -1.673607E-02  0.000000E+00  1.051408E-02  9.111347E-04  1.684453E-18 -2.471054E-02  0.000000E+00
  3.901422E+00 -7.475352E-02  5.000000E-01  8.285582E-01 -1.610986E-02  0.000000E+00  1.030601E-02  9.380248E-04  1.473524E-18 -1.615034E-02  0.000000E+00
  3.934617E+00 -7.165938E-02  5.000000E-01  8.356079E-01 -1.545275E-02  0.000000E+00  1.005612E-02  9.596263E-04  1.217629E-18 -5.449438E-03  0.000000E+00
  3.967800E+00 -6.842048E-02  5.000000E-01  8.426552E-01 -1.476488E-02  0.000000E+00  9.772647E-03  9.747983E-04  3.543192E-19  7.109027E-03  0.000000E+00
  4.000972E+00 -6.504155E-02  5.000000E-01  8.497001E-01 -1.404728E-02  0.000000E+00  9.462472E-03  9.831133E-04 -6.425394E-19  2.125255E-02  0.000000E+00
  4.034139E+00 -6.152893E-02  5.000000E-01  8.567440E-01 -1.330129E-02  0.000000E+00  9.128845E-03  9.851494E-04 -4.824414E-19  3.670630E-02  0.000000E+00
  4.067311E+00 -5.788316E-02  5.000000E-01  8.637890E-01 -1.252702E-02  0.000000E+00  8.771148E-03  9.814071E-04  6.443367E-19  5.328996E-02  0.000000E+00
  4.100488E+00 -5.410517E-02  5.000000E-01  8.708348E-01 -1.172466E-02  0.000000E+00  8.386648E-03  9.712616E-04  2.863074E-19  7.104311E-02  0.000000E+00
  4.133669E+00 -5.019771E-02  5.000000E-01  8.778818E-01 -1.089482E-02  0.000000E+00  7.971338E-03  9.538175E-04 -4.126385E-19  9.003528E-02  0.000000E+00
  4.166856E+00 -4.616268E-02  5.000000E-01  8.849299E-01 -1.003787E-02  0.000000E+00  7.522156E-03  9.283497E-04  1.051890E-18  1.103054E-01  0.000000E+00
  4.200049E+00 -4.200395E-02  5.000000E-01  8.919793E-01 -9.154662E-03  0.000000E+00  7.040106E-03  8.945850E-04  2.796382E-18  1.318165E-01  0.000000E+00
  4.233242E+00 -3.772511E-02  5.000000E-01  8.990285E-01 -8.245941E-03  0.000000E+00  6.534083E-03  8.519190E-04  4.932002E-19  1.545262E-01  0.000000E+00
  4.266405E+00 -3.334988E-02  5.000000E-01  9.060715E-01 -7.316750E-03  0.000000E+00  6.022952E-03  7.988706E-04 -2.574124E-18  1.783818E-01  0.000000E+00
  4.299502E+00 -2.893468E-02  5.000000E-01  9.131007E-01 -6.379070E-03  0.000000E+00  5.532065E-03  7.354271E-04 -1.166582E-18  2.029799E-01  0.000000E+00
  4.332522E+00 -2.456296E-02  5.000000E-01  9.201132E-01 -5.450624E-03  0.000000E+00  5.085669E-03  6.651486E-04 -1.091672E-18  2.272510E-01  0.000000E+00
  4.365472E+00 -2.031438E-02  5.000000E-01  9.271110E-01 -4.548330E-03  0.000000E+00  4.702589E-03  5.930052E-04 -6.063593E-19  2.499600E-01  0.000000E+00
  4.398350E+00 -1.627191E-02  5.000000E-01  9.340935E-01 -3.689809E-03  0.000000E+00  4.397466E-03  5.224566E-04  5.270380E-20  2.704057E-01  0.000000E+00
  4.431155E+00 -1.251993E-02  5.000000E-01  9.410605E-01 -2.892981E-03  0.000000E+00  4.181955E-03  4.548947E-04 -2.577450E-20  2.883404E-01  0.000000E+00
  4.463888E+00 -9.151668E-03  5.000000E-01  9.480121E-01 -2.177645E-03  0.000000E+00  4.061890E-03  3.903614E-04  2.474589E-19  3.034451E-01  0.000000E+00
  4.496579E+00 -6.238311E-03  5.000000E-01  9.549550E-01 -1.558920E-03  0.000000E+00  4.031553E-03  3.281013E-04 -1.609700E-19  3.154589E-01  0.000000E+00
  4.529252E+00 -3.828998E-03  5.000000E-01  9.618938E-01 -1.047241E-03  0.000000E+00  4.064430E-03  2.670791E-04 -2.362080E-19  3.243725E-01  0.000000E+00
  4.561929E+00 -1.944082E-03  5.000000E-01  9.688337E-01 -6.469309E-04  0.000000E+00  4.098498E-03  2.039522E-04 -6.512688E-19  3.291911E-01  0.000000E+00
  4.594574E+00 -6.054553E-04  5.000000E-01  9.757666E-01 -3.626394E-04  0.000000E+00  4.043923E-03  1.296703E-04 -8.667056E-19  3.296020E-01  0.000000E+00
  4.627203E+00  1.689365E-04  5.000000E-01  9.826962E-01 -1.981776E-04  0.000000E+00  3.853562E-03  4.818023E-05 -4.942720E-19  3.333508E-01  0.000000E+00
  4.659162E+00  3.620331E-04  5.000000E-01  9.894836E-01 -1.571687E-04  0.000000E+00  3.545787E-03 -2.842936E-07  9.606110E-19  3.392623E-01  0.000000E+00
  4.689251E+00  1.776529E-05  5.000000E-01  9.958737E-01 -2.302827E-04  0.000000E+00  3.035934E-03 -2.986283E-05  5.854680E-18  2.893701E-01  0.000000E+00
  4.708680E+00 -4.812564E-04  5.000000E-01  9.999999E-01 -3.362626E-04  0.000000E+00  2.378980E-03 -1.462500E-04  5.666554E-18  1.680529E-01  0.000000E+00
    1    2
    2    3
    3    4
    4    5
    5    6
    6    7
    7    8
    8    9
    9   10
   10   11
   11   12
   12   13
   13   14
   14   15
   15   16
   16   17
   17   18
   18   19
   19   20
   20   21
   21   22
   22   23
   23   24
   24   25
   25   26
   26   27
   27   28
   28   29
   29   30
   30   31
   31   32
   32   33
   33   34
   34   35
   35   36
   36   37
   37   38
   38   39
   39   40
   40   41
   41   42
   42   43
   43   44
   44   45
   45   46
   46   47
   47   48
   48   49
   49   50
   50   51
   51   52
   52   53
   53   54
   54   55
   55   56
   56   57
   57   58
   58   59
   59   60
   60   61
   61   62
   62   63
   63   64
   64   65
   65   66
   66   67
   67   68
   68   69
   69   70
   70   71
   71   72
   72   73
   73   74
   74   75
   75   76
   76   77
   77   78
   78   79
   79   80
   80   81
   81   82
   82   83
   83   84
   84   85
   85   86
   86   87
   87   88
   88   89
   89   90
   90   91
   91   92
   92   93
   93   94
   94   95
   95   96
   96   97
   97   98
   98   99
   99  100
  100  101
  101  102
  102  103
  103  104
  104  105
  105  106
  106  107
  107  108
  108  109
  109  110
  110  111
  111  112
  112  113
  113  114
  114  115
  115  116
  116  117
  117  118
  118  119
  119  120
  120  121
  121  122
  122  123
  123  124
  124  125
  125  126
  126  127
  127  128
  128  129
  129  130
  130  131
  131  132
  132  133
  133  134
  134  135
  135  136
  136  137
  137  138
  138  139
  139  140
  140  141
  141  142
  142  143
  143  144
  144  145
  145  146
  146  147
  147  148
  148  149
  149  150
  151  152
  152  153
  153  154
  154  155
  155  156
  156  157
  157  158
  158  159
  159  160
  160  161
  161  162
  162  163
  163  164
  164  165
  165  166
  166  167
  167  168
  168  169
  169  170
  170  171
  171  172
  172  173
  173  174
  174  175
  175  176
  176  177
  177  178
  178  179
  179  180
  180  181
  181  182
  182  183
  183  184
  184  185
  185  186
  186  187
  187  188
  188  189
  189  190
  190  191
  191  192
  192  193
  193  194
  194  195
  195  196
  196  197
  197  198
  198  199
  199  200
  200  201
  201  202
  202  203
  203  204
  204  205
  205  206
  206  207
  207  208
  208  209
  209  210
  210  211
  211  212
  212  213
  213  214
  214  215
  215  216
  216  217
  217  218
  218  219
  219  220
  220  221
  221  222
  222  223
  223  224
  224  225
  225  226
  226  227
  227  228
  228  229
  229  230
  230  231
  231  232
  232  233
  233  234
  234  235
  235  236
  236  237
  237  238
  238  239
  239  240
  240  241
  241  242
  242  243
  243  244
  244  245
  245  246
  246  247
  247  248
  248  249
  249  250
  250  251
  251  252
  252  253
  253  254
  254  255
  255  256
  256  257
  257  258
  258  259
  259  260
  260  261
  261  262
  262  263
  263  264
  264  265
  265  266
  266  267
  267  268
  268  269
  269  270
  270  271
  271  272
  272  273
  273  274
  274  275
  275  276
  276  277
  277  278
  278  279
  279  280
  280  281
  281  282
  282  283
  283  284
  284  285
  285  286
  286  287
  287  288
  288  289
  289  290
  290  291
  291  292
  292  293
  293  294
  294  295
  295  296
  296  297
  297  298
  298  299
  299  300
