 Title = "ADflow Slice Data"
Variables =  "CoordinateX"  "CoordinateY"  "CoordinateZ"  "XoC"  "YoC"  "ZoC" "VelocityX" "VelocityY" "VelocityZ" "CoefPressure" "Mach" 
Zone T= "Slice_0001 None Absolute Regular z = 0.50000000"
 Nodes =          300  Elements=          298  ZONETYPE=FELINESEG
 DATAPACKING=POINT
  4.708680E+00 -5.419270E-04  5.000000E-01  1.000000E+00 -2.972818E-04  0.000000E+00  2.122137E-03 -1.425854E-04  5.954007E-18  1.692862E-01  0.000000E+00
  4.689187E+00  3.132011E-03  5.000000E-01  9.958601E-01  4.829723E-04  0.000000E+00  1.666952E-03 -2.778158E-04  2.054220E-18  1.051558E-01  0.000000E+00
  4.658673E+00  8.770249E-03  5.000000E-01  9.893797E-01  1.680396E-03  0.000000E+00  1.539097E-03 -3.027153E-04  1.762278E-18  1.241028E-01  0.000000E+00
  4.626256E+00  1.461990E-02  5.000000E-01  9.824952E-01  2.922719E-03  0.000000E+00  1.564427E-03 -2.786623E-04  1.715374E-19  1.097203E-01  0.000000E+00
  4.593146E+00  2.045435E-02  5.000000E-01  9.754635E-01  4.161811E-03  0.000000E+00  1.756223E-03 -3.001502E-04 -2.307728E-18  8.210817E-02  0.000000E+00
  4.560031E+00  2.615401E-02  5.000000E-01  9.684306E-01  5.372278E-03  0.000000E+00  2.101135E-03 -3.574200E-04 -3.324624E-18  6.010344E-02  0.000000E+00
  4.526891E+00  3.172604E-02  5.000000E-01  9.613924E-01  6.555641E-03  0.000000E+00  2.532612E-03 -4.216142E-04 -2.236945E-18  3.878065E-02  0.000000E+00
  4.493752E+00  3.716738E-02  5.000000E-01  9.543545E-01  7.711249E-03  0.000000E+00  3.002905E-03 -4.865044E-04  1.016304E-18  1.465812E-02  0.000000E+00
  4.460612E+00  4.247589E-02  5.000000E-01  9.473164E-01  8.838644E-03  0.000000E+00  3.483901E-03 -5.502259E-04  1.246221E-18 -1.080026E-02  0.000000E+00
  4.427470E+00  4.764958E-02  5.000000E-01  9.402779E-01  9.937409E-03  0.000000E+00  3.953597E-03 -6.080976E-04 -1.291279E-18 -3.652050E-02  0.000000E+00
  4.394325E+00  5.268057E-02  5.000000E-01  9.332387E-01  1.100587E-02  0.000000E+00  4.399842E-03 -6.576395E-04 -1.669692E-18 -6.264438E-02  0.000000E+00
  4.361178E+00  5.756314E-02  5.000000E-01  9.261991E-01  1.204281E-02  0.000000E+00  4.821722E-03 -6.988400E-04  1.016756E-18 -8.983635E-02  0.000000E+00
  4.328027E+00  6.228904E-02  5.000000E-01  9.191586E-01  1.304647E-02  0.000000E+00  5.222802E-03 -7.316043E-04  1.920076E-18 -1.185487E-01  0.000000E+00
  4.294876E+00  6.684805E-02  5.000000E-01  9.121181E-01  1.401469E-02  0.000000E+00  5.602869E-03 -7.552740E-04  1.803679E-19 -1.477090E-01  0.000000E+00
  4.261727E+00  7.123210E-02  5.000000E-01  9.050782E-01  1.494576E-02  0.000000E+00  5.953124E-03 -7.690588E-04  4.405782E-19 -1.741676E-01  0.000000E+00
  4.228582E+00  7.543336E-02  5.000000E-01  8.980388E-01  1.583800E-02  0.000000E+00  6.260254E-03 -7.728140E-04  6.716522E-19 -1.953776E-01  0.000000E+00
  4.195443E+00  7.944132E-02  5.000000E-01  8.910010E-01  1.668919E-02  0.000000E+00  6.528333E-03 -7.689146E-04 -3.477570E-19 -2.145923E-01  0.000000E+00
  4.162308E+00  8.324454E-02  5.000000E-01  8.839639E-01  1.749690E-02  0.000000E+00  6.818713E-03 -7.637655E-04  4.003704E-19 -2.434188E-01  0.000000E+00
  4.129179E+00  8.683430E-02  5.000000E-01  8.769281E-01  1.825928E-02  0.000000E+00  7.284070E-03 -7.689489E-04  1.839922E-18 -2.952739E-01  0.000000E+00
  4.096054E+00  9.020014E-02  5.000000E-01  8.698932E-01  1.897410E-02  0.000000E+00  8.144153E-03 -7.997986E-04  1.492203E-18 -3.725976E-01  0.000000E+00
  4.062934E+00  9.333435E-02  5.000000E-01  8.628593E-01  1.963973E-02  0.000000E+00  9.564057E-03 -8.655355E-04 -3.764371E-19 -4.609852E-01  0.000000E+00
  4.029817E+00  9.622934E-02  5.000000E-01  8.558262E-01  2.025456E-02  0.000000E+00  1.146900E-02 -9.522829E-04 -2.990632E-18 -5.380350E-01  0.000000E+00
  3.996705E+00  9.887953E-02  5.000000E-01  8.487940E-01  2.081739E-02  0.000000E+00  1.347748E-02 -1.022311E-03 -5.498032E-18 -5.883452E-01  0.000000E+00
  3.963594E+00  1.012830E-01  5.000000E-01  8.417620E-01  2.132784E-02  0.000000E+00  1.509349E-02 -1.037919E-03 -6.383872E-18 -6.103356E-01  0.000000E+00
  3.930486E+00  1.034416E-01  5.000000E-01  8.347306E-01  2.178626E-02  0.000000E+00  1.601789E-02 -9.874546E-04 -5.658723E-18 -6.117117E-01  0.000000E+00
  3.897377E+00  1.053600E-01  5.000000E-01  8.276991E-01  2.219369E-02  0.000000E+00  1.628307E-02 -8.895505E-04 -4.047420E-18 -6.013538E-01  0.000000E+00
  3.864269E+00  1.070501E-01  5.000000E-01  8.206677E-01  2.255263E-02  0.000000E+00  1.612549E-02 -7.732227E-04 -2.094540E-18 -5.850125E-01  0.000000E+00
  3.831161E+00  1.085270E-01  5.000000E-01  8.136366E-01  2.286627E-02  0.000000E+00  1.578602E-02 -6.606035E-04 -1.580753E-19 -5.656573E-01  0.000000E+00
  3.798054E+00  1.098143E-01  5.000000E-01  8.066053E-01  2.313966E-02  0.000000E+00  1.540809E-02 -5.633866E-04  1.117650E-18 -5.452477E-01  0.000000E+00
  3.764948E+00  1.109419E-01  5.000000E-01  7.995744E-01  2.337914E-02  0.000000E+00  1.504628E-02 -4.864681E-04  1.256877E-18 -5.257338E-01  0.000000E+00
  3.731842E+00  1.119480E-01  5.000000E-01  7.925435E-01  2.359282E-02  0.000000E+00  1.471352E-02 -4.322042E-04  5.404664E-19 -5.091807E-01  0.000000E+00
  3.698737E+00  1.128794E-01  5.000000E-01  7.855130E-01  2.379063E-02  0.000000E+00  1.442179E-02 -3.980795E-04 -3.780293E-19 -4.968362E-01  0.000000E+00
  3.665634E+00  1.137700E-01  5.000000E-01  7.784827E-01  2.397977E-02  0.000000E+00  1.419194E-02 -3.752248E-04 -6.567576E-19 -4.884532E-01  0.000000E+00
  3.632534E+00  1.146256E-01  5.000000E-01  7.714529E-01  2.416148E-02  0.000000E+00  1.403586E-02 -3.566693E-04 -6.964430E-19 -4.832131E-01  0.000000E+00
  3.599434E+00  1.154480E-01  5.000000E-01  7.644234E-01  2.433613E-02  0.000000E+00  1.394890E-02 -3.409250E-04 -1.984059E-19 -4.804537E-01  0.000000E+00
  3.566334E+00  1.162395E-01  5.000000E-01  7.573938E-01  2.450423E-02  0.000000E+00  1.391852E-02 -3.274530E-04  2.569272E-19 -4.795079E-01  0.000000E+00
  3.533236E+00  1.170016E-01  5.000000E-01  7.503646E-01  2.466606E-02  0.000000E+00  1.393010E-02 -3.153668E-04  4.785536E-19 -4.797730E-01  0.000000E+00
  3.500138E+00  1.177342E-01  5.000000E-01  7.433353E-01  2.482167E-02  0.000000E+00  1.396989E-02 -3.042241E-04  8.029075E-19 -4.808233E-01  0.000000E+00
  3.467038E+00  1.184391E-01  5.000000E-01  7.363057E-01  2.497137E-02  0.000000E+00  1.402752E-02 -2.938213E-04  9.415362E-19 -4.823319E-01  0.000000E+00
  3.433936E+00  1.191169E-01  5.000000E-01  7.292757E-01  2.511531E-02  0.000000E+00  1.409609E-02 -2.836873E-04  1.019812E-18 -4.839889E-01  0.000000E+00
  3.400832E+00  1.197674E-01  5.000000E-01  7.222453E-01  2.525347E-02  0.000000E+00  1.417023E-02 -2.734284E-04  1.182404E-18 -4.855242E-01  0.000000E+00
  3.367728E+00  1.203904E-01  5.000000E-01  7.152146E-01  2.538577E-02  0.000000E+00  1.424515E-02 -2.626293E-04  9.154952E-19 -4.866771E-01  0.000000E+00
  3.334620E+00  1.209841E-01  5.000000E-01  7.081834E-01  2.551187E-02  0.000000E+00  1.431590E-02 -2.508836E-04  6.319438E-19 -4.872044E-01  0.000000E+00
  3.301512E+00  1.215467E-01  5.000000E-01  7.011520E-01  2.563134E-02  0.000000E+00  1.437699E-02 -2.378575E-04  7.817135E-19 -4.869268E-01  0.000000E+00
  3.268401E+00  1.220756E-01  5.000000E-01  6.941201E-01  2.574366E-02  0.000000E+00  1.442310E-02 -2.231648E-04  6.383332E-19 -4.857044E-01  0.000000E+00
  3.235290E+00  1.225673E-01  5.000000E-01  6.870881E-01  2.584809E-02  0.000000E+00  1.444970E-02 -2.064449E-04  2.825669E-19 -4.834249E-01  0.000000E+00
  3.202177E+00  1.230176E-01  5.000000E-01  6.800557E-01  2.594373E-02  0.000000E+00  1.445312E-02 -1.875641E-04  3.683929E-19 -4.800554E-01  0.000000E+00
  3.169063E+00  1.234227E-01  5.000000E-01  6.730231E-01  2.602976E-02  0.000000E+00  1.443144E-02 -1.664851E-04  6.950676E-19 -4.756613E-01  0.000000E+00
  3.135947E+00  1.237777E-01  5.000000E-01  6.659902E-01  2.610516E-02  0.000000E+00  1.438500E-02 -1.436288E-04  8.829755E-19 -4.704712E-01  0.000000E+00
  3.102831E+00  1.240798E-01  5.000000E-01  6.589571E-01  2.616931E-02  0.000000E+00  1.431668E-02 -1.205245E-04  9.426678E-19 -4.649501E-01  0.000000E+00
  3.069714E+00  1.243308E-01  5.000000E-01  6.519238E-01  2.622263E-02  0.000000E+00  1.423351E-02 -9.854462E-05  9.508112E-19 -4.596501E-01  0.000000E+00
  3.036593E+00  1.245339E-01  5.000000E-01  6.448898E-01  2.626574E-02  0.000000E+00  1.414630E-02 -7.798063E-05  8.225634E-19 -4.550449E-01  0.000000E+00
  3.003475E+00  1.246915E-01  5.000000E-01  6.378564E-01  2.629923E-02  0.000000E+00  1.406698E-02 -5.856665E-05  6.274031E-19 -4.514861E-01  0.000000E+00
  2.970356E+00  1.248052E-01  5.000000E-01  6.308226E-01  2.632336E-02  0.000000E+00  1.400570E-02 -4.031362E-05  4.236518E-19 -4.492360E-01  0.000000E+00
  2.937236E+00  1.248777E-01  5.000000E-01  6.237888E-01  2.633876E-02  0.000000E+00  1.396995E-02 -2.323806E-05  2.199414E-19 -4.484076E-01  0.000000E+00
  2.904117E+00  1.249110E-01  5.000000E-01  6.167550E-01  2.634583E-02  0.000000E+00  1.396404E-02 -7.095991E-06  1.056569E-19 -4.489071E-01  0.000000E+00
  2.870996E+00  1.249070E-01  5.000000E-01  6.097211E-01  2.634499E-02  0.000000E+00  1.398815E-02  8.208714E-06  5.343244E-20 -4.504749E-01  0.000000E+00
  2.837877E+00  1.248679E-01  5.000000E-01  6.026873E-01  2.633669E-02  0.000000E+00  1.403853E-02  2.283233E-05  2.593775E-20 -4.527042E-01  0.000000E+00
  2.804757E+00  1.247953E-01  5.000000E-01  5.956535E-01  2.632126E-02  0.000000E+00  1.410790E-02  3.683618E-05  3.091470E-20 -4.551413E-01  0.000000E+00
  2.771639E+00  1.246911E-01  5.000000E-01  5.886200E-01  2.629914E-02  0.000000E+00  1.418703E-02  5.039907E-05  3.809537E-20 -4.573599E-01  0.000000E+00
  2.738522E+00  1.245561E-01  5.000000E-01  5.815867E-01  2.627047E-02  0.000000E+00  1.426645E-02  6.352669E-05  3.673133E-20 -4.590695E-01  0.000000E+00
  2.705406E+00  1.243922E-01  5.000000E-01  5.745537E-01  2.623567E-02  0.000000E+00  1.433845E-02  7.611168E-05  1.014999E-19 -4.601462E-01  0.000000E+00
  2.672292E+00  1.242005E-01  5.000000E-01  5.675211E-01  2.619495E-02  0.000000E+00  1.439866E-02  8.818724E-05  2.187739E-19 -4.606026E-01  0.000000E+00
  2.639177E+00  1.239824E-01  5.000000E-01  5.604885E-01  2.614863E-02  0.000000E+00  1.444600E-02  9.971380E-05  3.105364E-19 -4.605583E-01  0.000000E+00
  2.606068E+00  1.237392E-01  5.000000E-01  5.534568E-01  2.609697E-02  0.000000E+00  1.448224E-02  1.109179E-04  1.682102E-19 -4.601403E-01  0.000000E+00
  2.572958E+00  1.234709E-01  5.000000E-01  5.464251E-01  2.604000E-02  0.000000E+00  1.451029E-02  1.220189E-04 -1.931388E-20 -4.594611E-01  0.000000E+00
  2.539852E+00  1.231781E-01  5.000000E-01  5.393941E-01  2.597780E-02  0.000000E+00  1.453308E-02  1.333524E-04 -5.189518E-20 -4.585712E-01  0.000000E+00
  2.506749E+00  1.228592E-01  5.000000E-01  5.323639E-01  2.591008E-02  0.000000E+00  1.455235E-02  1.451749E-04 -8.212003E-20 -4.574799E-01  0.000000E+00
  2.473650E+00  1.225134E-01  5.000000E-01  5.253345E-01  2.583664E-02  0.000000E+00  1.456828E-02  1.573994E-04 -8.089030E-20 -4.562021E-01  0.000000E+00
  2.440554E+00  1.221396E-01  5.000000E-01  5.183056E-01  2.575727E-02  0.000000E+00  1.458021E-02  1.698280E-04 -1.386987E-19 -4.547441E-01  0.000000E+00
  2.407460E+00  1.217381E-01  5.000000E-01  5.112774E-01  2.567200E-02  0.000000E+00  1.458754E-02  1.825233E-04 -2.392786E-19 -4.530788E-01  0.000000E+00
  2.374373E+00  1.213075E-01  5.000000E-01  5.042504E-01  2.558054E-02  0.000000E+00  1.458974E-02  1.955889E-04 -2.185519E-19 -4.511977E-01  0.000000E+00
  2.341286E+00  1.208468E-01  5.000000E-01  4.972236E-01  2.548270E-02  0.000000E+00  1.458631E-02  2.083725E-04  3.356205E-20 -4.492256E-01  0.000000E+00
  2.308194E+00  1.203578E-01  5.000000E-01  4.901958E-01  2.537884E-02  0.000000E+00  1.457834E-02  2.200395E-04  2.835771E-19 -4.473668E-01  0.000000E+00
  2.275097E+00  1.198434E-01  5.000000E-01  4.831667E-01  2.526961E-02  0.000000E+00  1.456933E-02  2.302139E-04  1.853042E-19 -4.458136E-01  0.000000E+00
  2.241991E+00  1.193073E-01  5.000000E-01  4.761359E-01  2.515575E-02  0.000000E+00  1.456408E-02  2.388610E-04  4.324392E-20 -4.447191E-01  0.000000E+00
  2.208879E+00  1.187531E-01  5.000000E-01  4.691038E-01  2.503804E-02  0.000000E+00  1.456747E-02  2.461202E-04 -5.968901E-20 -4.441854E-01  0.000000E+00
  2.175760E+00  1.181840E-01  5.000000E-01  4.620701E-01  2.491718E-02  0.000000E+00  1.458334E-02  2.521439E-04 -2.808185E-19 -4.442703E-01  0.000000E+00
  2.142637E+00  1.176033E-01  5.000000E-01  4.550354E-01  2.479387E-02  0.000000E+00  1.461401E-02  2.570625E-04 -2.076308E-19 -4.449825E-01  0.000000E+00
  2.109507E+00  1.170140E-01  5.000000E-01  4.479994E-01  2.466871E-02  0.000000E+00  1.466020E-02  2.610446E-04 -3.158086E-21 -4.462551E-01  0.000000E+00
  2.076374E+00  1.164190E-01  5.000000E-01  4.409628E-01  2.454234E-02  0.000000E+00  1.472135E-02  2.649115E-04 -2.313528E-19 -4.478718E-01  0.000000E+00
  2.043241E+00  1.158173E-01  5.000000E-01  4.339262E-01  2.441456E-02  0.000000E+00  1.479484E-02  2.696948E-04 -2.563863E-19 -4.495342E-01  0.000000E+00
  2.010106E+00  1.152067E-01  5.000000E-01  4.268892E-01  2.428489E-02  0.000000E+00  1.487558E-02  2.756898E-04 -2.102622E-19 -4.509995E-01  0.000000E+00
  1.976970E+00  1.145848E-01  5.000000E-01  4.198519E-01  2.415281E-02  0.000000E+00  1.495793E-02  2.829370E-04 -2.862345E-19 -4.520792E-01  0.000000E+00
  1.943835E+00  1.139489E-01  5.000000E-01  4.128148E-01  2.401776E-02  0.000000E+00  1.503702E-02  2.914724E-04 -1.028237E-19 -4.526459E-01  0.000000E+00
  1.910699E+00  1.132959E-01  5.000000E-01  4.057776E-01  2.387908E-02  0.000000E+00  1.510930E-02  3.010844E-04 -6.023110E-20 -4.526609E-01  0.000000E+00
  1.877561E+00  1.126239E-01  5.000000E-01  3.987399E-01  2.373636E-02  0.000000E+00  1.517308E-02  3.116615E-04  3.287423E-20 -4.521252E-01  0.000000E+00
  1.844424E+00  1.119302E-01  5.000000E-01  3.917024E-01  2.358904E-02  0.000000E+00  1.522817E-02  3.231270E-04 -9.564939E-20 -4.510699E-01  0.000000E+00
  1.811282E+00  1.112130E-01  5.000000E-01  3.846638E-01  2.343672E-02  0.000000E+00  1.527508E-02  3.351922E-04 -3.713012E-19 -4.495644E-01  0.000000E+00
  1.778139E+00  1.104712E-01  5.000000E-01  3.776250E-01  2.327918E-02  0.000000E+00  1.531511E-02  3.478988E-04 -2.857950E-19 -4.476444E-01  0.000000E+00
  1.744992E+00  1.097027E-01  5.000000E-01  3.705854E-01  2.311596E-02  0.000000E+00  1.534932E-02  3.612456E-04 -3.013312E-19 -4.453420E-01  0.000000E+00
  1.711843E+00  1.089064E-01  5.000000E-01  3.635455E-01  2.294686E-02  0.000000E+00  1.537827E-02  3.752441E-04 -4.943968E-19 -4.426729E-01  0.000000E+00
  1.678692E+00  1.080803E-01  5.000000E-01  3.565049E-01  2.277141E-02  0.000000E+00  1.540190E-02  3.898632E-04 -3.575372E-19 -4.396340E-01  0.000000E+00
  1.645539E+00  1.072235E-01  5.000000E-01  3.494640E-01  2.258944E-02  0.000000E+00  1.541967E-02  4.051760E-04  2.159607E-19 -4.361832E-01  0.000000E+00
  1.612385E+00  1.063335E-01  5.000000E-01  3.424231E-01  2.240043E-02  0.000000E+00  1.543060E-02  4.214574E-04  3.870607E-19 -4.322362E-01  0.000000E+00
  1.579236E+00  1.054082E-01  5.000000E-01  3.353830E-01  2.220392E-02  0.000000E+00  1.543310E-02  4.388807E-04  4.537889E-19 -4.277273E-01  0.000000E+00
  1.546090E+00  1.044438E-01  5.000000E-01  3.283435E-01  2.199910E-02  0.000000E+00  1.542494E-02  4.569059E-04  6.037648E-19 -4.227051E-01  0.000000E+00
  1.512946E+00  1.034399E-01  5.000000E-01  3.213046E-01  2.178591E-02  0.000000E+00  1.540467E-02  4.746323E-04  5.380756E-19 -4.173009E-01  0.000000E+00
  1.479807E+00  1.023969E-01  5.000000E-01  3.142666E-01  2.156440E-02  0.000000E+00  1.537285E-02  4.919113E-04  3.034356E-19 -4.115941E-01  0.000000E+00
  1.446672E+00  1.013146E-01  5.000000E-01  3.072296E-01  2.133455E-02  0.000000E+00  1.533066E-02  5.087232E-04 -2.445677E-19 -4.056450E-01  0.000000E+00
  1.413540E+00  1.001934E-01  5.000000E-01  3.001932E-01  2.109642E-02  0.000000E+00  1.527916E-02  5.250685E-04 -1.725151E-19 -3.994901E-01  0.000000E+00
  1.380413E+00  9.903313E-02  5.000000E-01  2.931579E-01  2.085001E-02  0.000000E+00  1.521927E-02  5.411503E-04  6.066455E-19 -3.931374E-01  0.000000E+00
  1.347294E+00  9.783339E-02  5.000000E-01  2.861242E-01  2.059522E-02  0.000000E+00  1.515161E-02  5.571228E-04  5.450271E-19 -3.866249E-01  0.000000E+00
  1.314179E+00  9.659325E-02  5.000000E-01  2.790915E-01  2.033184E-02  0.000000E+00  1.507706E-02  5.729480E-04  5.764933E-21 -3.800692E-01  0.000000E+00
  1.281074E+00  9.531246E-02  5.000000E-01  2.720606E-01  2.005983E-02  0.000000E+00  1.499735E-02  5.887368E-04  1.690879E-22 -3.736515E-01  0.000000E+00
  1.247974E+00  9.398963E-02  5.000000E-01  2.650310E-01  1.977890E-02  0.000000E+00  1.491402E-02  6.044397E-04  4.438642E-19 -3.676086E-01  0.000000E+00
  1.214880E+00  9.262481E-02  5.000000E-01  2.580028E-01  1.948904E-02  0.000000E+00  1.482662E-02  6.199641E-04  6.145190E-19 -3.620858E-01  0.000000E+00
  1.181795E+00  9.121720E-02  5.000000E-01  2.509763E-01  1.919010E-02  0.000000E+00  1.472913E-02  6.352354E-04  2.965102E-19 -3.568974E-01  0.000000E+00
  1.148718E+00  8.976590E-02  5.000000E-01  2.439516E-01  1.888188E-02  0.000000E+00  1.460550E-02  6.494037E-04 -1.640747E-19 -3.513256E-01  0.000000E+00
  1.115646E+00  8.827083E-02  5.000000E-01  2.369279E-01  1.856437E-02  0.000000E+00  1.442845E-02  6.609971E-04 -7.444899E-20 -3.439342E-01  0.000000E+00
  1.082583E+00  8.673231E-02  5.000000E-01  2.299061E-01  1.823762E-02  0.000000E+00  1.416362E-02  6.681985E-04  4.651449E-19 -3.327975E-01  0.000000E+00
  1.049524E+00  8.515008E-02  5.000000E-01  2.228852E-01  1.790160E-02  0.000000E+00  1.378182E-02  6.689431E-04  4.967566E-19 -3.165538E-01  0.000000E+00
  1.016475E+00  8.352492E-02  5.000000E-01  2.158664E-01  1.755645E-02  0.000000E+00  1.327845E-02  6.618913E-04  6.226627E-19 -2.962654E-01  0.000000E+00
  9.834318E-01  8.185673E-02  5.000000E-01  2.088488E-01  1.720217E-02  0.000000E+00  1.269272E-02  6.475181E-04  1.487399E-19 -2.773079E-01  0.000000E+00
  9.503976E-01  8.014930E-02  5.000000E-01  2.018331E-01  1.683955E-02  0.000000E+00  1.211732E-02  6.302682E-04 -5.969293E-19 -2.691509E-01  0.000000E+00
  9.173728E-01  7.840599E-02  5.000000E-01  1.948195E-01  1.646931E-02  0.000000E+00  1.169538E-02  6.196573E-04 -7.015687E-19 -2.813832E-01  0.000000E+00
  8.843598E-01  7.662917E-02  5.000000E-01  1.878083E-01  1.609196E-02  0.000000E+00  1.159752E-02  6.275481E-04 -6.170312E-19 -3.172984E-01  0.000000E+00
  8.513623E-01  7.481889E-02  5.000000E-01  1.808005E-01  1.570750E-02  0.000000E+00  1.196114E-02  6.626250E-04 -5.031476E-19 -3.699339E-01  0.000000E+00
  8.183794E-01  7.297366E-02  5.000000E-01  1.737957E-01  1.531562E-02  0.000000E+00  1.279414E-02  7.250756E-04 -6.380614E-20 -4.251733E-01  0.000000E+00
  7.854121E-01  7.109153E-02  5.000000E-01  1.667943E-01  1.491590E-02  0.000000E+00  1.391682E-02  8.049805E-04  1.412379E-18 -4.700667E-01  0.000000E+00
  7.524593E-01  6.917009E-02  5.000000E-01  1.597959E-01  1.450784E-02  0.000000E+00  1.502472E-02  8.861848E-04  2.170628E-18 -4.992774E-01  0.000000E+00
  7.195226E-01  6.720701E-02  5.000000E-01  1.528010E-01  1.409093E-02  0.000000E+00  1.585204E-02  9.546963E-04  3.985154E-19 -5.150871E-01  0.000000E+00
  6.866079E-01  6.519930E-02  5.000000E-01  1.458107E-01  1.366454E-02  0.000000E+00  1.630351E-02  1.005228E-03 -8.173773E-19 -5.230164E-01  0.000000E+00
  6.537221E-01  6.314257E-02  5.000000E-01  1.388265E-01  1.322774E-02  0.000000E+00  1.645268E-02  1.041391E-03 -1.049776E-18 -5.277652E-01  0.000000E+00
  6.208691E-01  6.103138E-02  5.000000E-01  1.318494E-01  1.277938E-02  0.000000E+00  1.644474E-02  1.070983E-03 -1.053359E-18 -5.318298E-01  0.000000E+00
  5.880524E-01  5.886008E-02  5.000000E-01  1.248799E-01  1.231824E-02  0.000000E+00  1.640062E-02  1.100833E-03 -7.548000E-19 -5.360857E-01  0.000000E+00
  5.552711E-01  5.662345E-02  5.000000E-01  1.179180E-01  1.184324E-02  0.000000E+00  1.637872E-02  1.134291E-03 -1.668334E-18 -5.407650E-01  0.000000E+00
  5.225283E-01  5.431772E-02  5.000000E-01  1.109642E-01  1.135356E-02  0.000000E+00  1.638674E-02  1.171821E-03 -2.359191E-18 -5.460122E-01  0.000000E+00
  4.898261E-01  5.193897E-02  5.000000E-01  1.040191E-01  1.084837E-02  0.000000E+00  1.640968E-02  1.212175E-03 -2.337764E-18 -5.520960E-01  0.000000E+00
  4.571624E-01  4.948457E-02  5.000000E-01  9.708209E-02  1.032712E-02  0.000000E+00  1.643102E-02  1.253391E-03 -2.429254E-18 -5.594382E-01  0.000000E+00
  4.245350E-01  4.695359E-02  5.000000E-01  9.015283E-02  9.789598E-03  0.000000E+00  1.644106E-02  1.293563E-03 -1.356416E-18 -5.685396E-01  0.000000E+00
  3.919369E-01  4.434748E-02  5.000000E-01  8.322981E-02  9.236126E-03  0.000000E+00  1.643585E-02  1.331377E-03 -4.098007E-19 -5.798243E-01  0.000000E+00
  3.593832E-01  4.167066E-02  5.000000E-01  7.631621E-02  8.667634E-03  0.000000E+00  1.641241E-02  1.367088E-03 -2.630430E-18 -5.933938E-01  0.000000E+00
  3.269046E-01  3.892573E-02  5.000000E-01  6.941854E-02  8.084678E-03  0.000000E+00  1.636268E-02  1.402736E-03 -1.355693E-17 -6.089512E-01  0.000000E+00
  2.945750E-01  3.611122E-02  5.000000E-01  6.255253E-02  7.486946E-03  0.000000E+00  1.626906E-02  1.440284E-03 -3.816741E-17 -6.261648E-01  0.000000E+00
  2.624265E-01  3.321416E-02  5.000000E-01  5.572497E-02  6.871681E-03  0.000000E+00  1.610594E-02  1.476639E-03 -4.825177E-17 -6.455275E-01  0.000000E+00
  2.304268E-01  3.022596E-02  5.000000E-01  4.892903E-02  6.237061E-03  0.000000E+00  1.585938E-02  1.505722E-03  6.605902E-17 -6.685722E-01  0.000000E+00
  1.986088E-01  2.715215E-02  5.000000E-01  4.217167E-02  5.584260E-03  0.000000E+00  1.555043E-02  1.523777E-03  5.218615E-16 -6.977019E-01  0.000000E+00
  1.669282E-01  2.399507E-02  5.000000E-01  3.544349E-02  4.913774E-03  0.000000E+00  1.523516E-02  1.521482E-03  1.431071E-15 -7.370521E-01  0.000000E+00
  1.350509E-01  2.079044E-02  5.000000E-01  2.867354E-02  4.233188E-03  0.000000E+00  1.503277E-02  1.514926E-03  1.954035E-15 -7.889029E-01  0.000000E+00
  1.043791E-01  1.769486E-02  5.000000E-01  2.215959E-02  3.575764E-03  0.000000E+00  1.511322E-02  1.580837E-03 -1.097837E-15 -8.497088E-01  0.000000E+00
  7.632629E-02  1.465577E-02  5.000000E-01  1.620187E-02  2.930336E-03  0.000000E+00  1.548580E-02  1.750928E-03 -1.223605E-14 -9.206030E-01  0.000000E+00
  5.118571E-02  1.167072E-02  5.000000E-01  1.086263E-02  2.296384E-03  0.000000E+00  1.606545E-02  2.028947E-03 -2.497322E-14 -1.004432E+00  0.000000E+00
  3.264831E-02  9.203003E-03  5.000000E-01  6.925739E-03  1.772302E-03  0.000000E+00  1.717543E-02  2.582094E-03  1.020925E-14 -1.088599E+00  0.000000E+00
  2.051015E-02  7.199707E-03  5.000000E-01  4.347893E-03  1.346851E-03  0.000000E+00  1.959843E-02  3.673607E-03  2.048706E-13 -1.163716E+00  0.000000E+00
  1.247723E-02  5.526067E-03  5.000000E-01  2.641898E-03  9.914111E-04  0.000000E+00  2.513109E-02  5.871658E-03  6.432495E-13 -1.236854E+00  0.000000E+00
  7.055255E-03  4.137332E-03  5.000000E-01  1.490404E-03  6.964778E-04  0.000000E+00  3.819523E-02  1.144328E-02  1.045254E-12 -1.299680E+00  0.000000E+00
  3.418635E-03  2.946659E-03  5.000000E-01  7.180754E-04  4.436082E-04  0.000000E+00  6.377322E-02  2.660307E-02  3.258366E-13 -1.291759E+00  0.000000E+00
  1.108798E-03  1.861930E-03  5.000000E-01  2.275226E-04  2.132384E-04  0.000000E+00  8.058515E-02  5.980637E-02 -2.295356E-12 -1.023154E+00  0.000000E+00
  3.747479E-05  8.578666E-04  5.000000E-01  0.000000E+00  0.000000E+00  0.000000E+00  2.736201E-02  1.061691E-01 -5.095520E-12  1.048835E-01  0.000000E+00
  3.747479E-05  8.578666E-04  5.000000E-01  0.000000E+00  0.000000E+00  0.000000E+00  2.736201E-02  1.061691E-01 -5.095520E-12  1.048835E-01  0.000000E+00
  2.534065E-04 -1.429976E-04  5.000000E-01  4.585858E-05 -2.125590E-04  0.000000E+00 -3.104904E-02  7.726913E-02 -4.737594E-12  1.161499E+00  0.000000E+00
  1.848580E-03 -1.184324E-03  5.000000E-01  3.846343E-04 -4.337111E-04  0.000000E+00 -2.191054E-02  1.333999E-02 -2.320590E-12  1.193601E+00  0.000000E+00
  4.867645E-03 -2.267933E-03  5.000000E-01  1.025809E-03 -6.638429E-04  0.000000E+00 -1.363326E-04  2.766294E-04 -7.012331E-13  1.007075E+00  0.000000E+00
  9.380877E-03 -3.442785E-03  5.000000E-01  1.984309E-03 -9.133527E-04  0.000000E+00  1.086512E-02 -2.445703E-03  5.437400E-14  9.122198E-01  0.000000E+00
  1.589077E-02 -4.796141E-03  5.000000E-01  3.366850E-03 -1.200772E-03  0.000000E+00  1.467274E-02 -2.756458E-03  2.142393E-13  8.293490E-01  0.000000E+00
  2.547297E-02 -6.429054E-03  5.000000E-01  5.401873E-03 -1.547563E-03  0.000000E+00  1.497788E-02 -2.329833E-03  1.364244E-13  7.440446E-01  0.000000E+00
  3.989163E-02 -8.449050E-03  5.000000E-01  8.464043E-03 -1.976560E-03  0.000000E+00  1.403187E-02 -1.805463E-03  4.166690E-14  6.626855E-01  0.000000E+00
  6.092142E-02 -1.089386E-02  5.000000E-01  1.293025E-02 -2.495778E-03  0.000000E+00  1.303062E-02 -1.433301E-03 -2.688939E-15  5.929402E-01  0.000000E+00
  8.832839E-02 -1.372187E-02  5.000000E-01  1.875082E-02 -3.096378E-03  0.000000E+00  1.241381E-02 -1.249243E-03 -9.470980E-15  5.383937E-01  0.000000E+00
  1.189914E-01 -1.672824E-02  5.000000E-01  2.526288E-02 -3.734857E-03  0.000000E+00  1.221034E-02 -1.190627E-03 -4.732343E-15  4.961392E-01  0.000000E+00
  1.511926E-01 -1.985386E-02  5.000000E-01  3.210163E-02 -4.398662E-03  0.000000E+00  1.231760E-02 -1.201274E-03 -9.877732E-16  4.620128E-01  0.000000E+00
  1.838450E-01 -2.305819E-02  5.000000E-01  3.903620E-02 -5.079182E-03  0.000000E+00  1.260613E-02 -1.240009E-03  1.956994E-16  4.317876E-01  0.000000E+00
  2.165049E-01 -2.628503E-02  5.000000E-01  4.597236E-02 -5.764484E-03  0.000000E+00  1.295484E-02 -1.275533E-03  2.376372E-16  4.029914E-01  0.000000E+00
  2.491496E-01 -2.949270E-02  5.000000E-01  5.290529E-02 -6.445715E-03  0.000000E+00  1.328421E-02 -1.298143E-03  9.104664E-17  3.763279E-01  0.000000E+00
  2.819003E-01 -3.267822E-02  5.000000E-01  5.986074E-02 -7.122241E-03  0.000000E+00  1.356032E-02 -1.312059E-03  1.340916E-17  3.530172E-01  0.000000E+00
  3.147601E-01 -3.584444E-02  5.000000E-01  6.683936E-02 -7.794669E-03  0.000000E+00  1.377854E-02 -1.322068E-03 -5.304987E-18  3.327560E-01  0.000000E+00
  3.477303E-01 -3.899902E-02  5.000000E-01  7.384142E-02 -8.464622E-03  0.000000E+00  1.394891E-02 -1.330988E-03 -5.401483E-18  3.144351E-01  0.000000E+00
  3.807756E-01 -4.214825E-02  5.000000E-01  8.085941E-02 -9.133443E-03  0.000000E+00  1.408352E-02 -1.338432E-03 -1.849742E-18  2.970212E-01  0.000000E+00
  4.138291E-01 -4.528577E-02  5.000000E-01  8.787917E-02 -9.799774E-03  0.000000E+00  1.418915E-02 -1.341039E-03  9.541307E-19  2.799128E-01  0.000000E+00
  4.468689E-01 -4.839957E-02  5.000000E-01  9.489601E-02 -1.046107E-02  0.000000E+00  1.426933E-02 -1.337144E-03  8.778206E-19  2.631988E-01  0.000000E+00
  4.799091E-01 -5.148217E-02  5.000000E-01  1.019129E-01 -1.111574E-02  0.000000E+00  1.432770E-02 -1.327980E-03 -2.340235E-20  2.472959E-01  0.000000E+00
  5.129612E-01 -5.452953E-02  5.000000E-01  1.089324E-01 -1.176292E-02  0.000000E+00  1.436858E-02 -1.315593E-03  3.669302E-19  2.324214E-01  0.000000E+00
  5.460360E-01 -5.754101E-02  5.000000E-01  1.159567E-01 -1.240249E-02  0.000000E+00  1.439677E-02 -1.301780E-03  1.094145E-18  2.185121E-01  0.000000E+00
  5.791347E-01 -6.051743E-02  5.000000E-01  1.229860E-01 -1.303461E-02  0.000000E+00  1.441705E-02 -1.287655E-03  2.525304E-19  2.053558E-01  0.000000E+00
  6.122565E-01 -6.345994E-02  5.000000E-01  1.300203E-01 -1.365952E-02  0.000000E+00  1.443396E-02 -1.273812E-03 -7.256114E-19  1.927392E-01  0.000000E+00
  6.454013E-01 -6.636996E-02  5.000000E-01  1.370594E-01 -1.427754E-02  0.000000E+00  1.445190E-02 -1.260853E-03 -1.488041E-18  1.805250E-01  0.000000E+00
  6.785693E-01 -6.924975E-02  5.000000E-01  1.441035E-01 -1.488913E-02  0.000000E+00  1.447474E-02 -1.249329E-03 -1.401777E-18  1.686112E-01  0.000000E+00
  7.117575E-01 -7.210163E-02  5.000000E-01  1.511518E-01 -1.549480E-02  0.000000E+00  1.450479E-02 -1.239136E-03 -1.465689E-20  1.568581E-01  0.000000E+00
  7.449560E-01 -7.492565E-02  5.000000E-01  1.582024E-01 -1.609456E-02  0.000000E+00  1.454216E-02 -1.229391E-03  3.226865E-19  1.451103E-01  0.000000E+00
  7.781569E-01 -7.771959E-02  5.000000E-01  1.652534E-01 -1.668792E-02  0.000000E+00  1.458548E-02 -1.219090E-03 -5.340112E-19  1.332923E-01  0.000000E+00
  8.113578E-01 -8.048022E-02  5.000000E-01  1.723045E-01 -1.727421E-02  0.000000E+00  1.463292E-02 -1.207609E-03 -3.545136E-19  1.214330E-01  0.000000E+00
  8.445597E-01 -8.320408E-02  5.000000E-01  1.793558E-01 -1.785269E-02  0.000000E+00  1.468273E-02 -1.194678E-03  3.476137E-19  1.096086E-01  0.000000E+00
  8.777625E-01 -8.588781E-02  5.000000E-01  1.864072E-01 -1.842265E-02  0.000000E+00  1.473299E-02 -1.179955E-03 -1.563475E-19  9.786613E-02  0.000000E+00
  9.109638E-01 -8.852692E-02  5.000000E-01  1.934584E-01 -1.898313E-02  0.000000E+00  1.478161E-02 -1.163060E-03  6.035614E-19  8.623328E-02  0.000000E+00
  9.441676E-01 -9.111731E-02  5.000000E-01  2.005100E-01 -1.953327E-02  0.000000E+00  1.482684E-02 -1.143896E-03  5.103945E-19  7.476861E-02  0.000000E+00
  9.773746E-01 -9.365512E-02  5.000000E-01  2.075624E-01 -2.007224E-02  0.000000E+00  1.486717E-02 -1.122305E-03 -7.041202E-19  6.352335E-02  0.000000E+00
  1.010583E+00 -9.613552E-02  5.000000E-01  2.146150E-01 -2.059901E-02  0.000000E+00  1.490183E-02 -1.098457E-03  2.455799E-19  5.256677E-02  0.000000E+00
  1.043798E+00 -9.855585E-02  5.000000E-01  2.216690E-01 -2.111303E-02  0.000000E+00  1.493109E-02 -1.072989E-03  1.459132E-18  4.198117E-02  0.000000E+00
  1.077015E+00 -1.009140E-01  5.000000E-01  2.287237E-01 -2.161385E-02  0.000000E+00  1.495550E-02 -1.046338E-03  1.092474E-18  3.178737E-02  0.000000E+00
  1.110238E+00 -1.032088E-01  5.000000E-01  2.357793E-01 -2.210121E-02  0.000000E+00  1.497534E-02 -1.018591E-03  9.126631E-19  2.195048E-02  0.000000E+00
  1.143462E+00 -1.054382E-01  5.000000E-01  2.428354E-01 -2.257467E-02  0.000000E+00  1.499092E-02 -9.899409E-04  1.420494E-18  1.245576E-02  0.000000E+00
  1.176693E+00 -1.076018E-01  5.000000E-01  2.498927E-01 -2.303416E-02  0.000000E+00  1.500255E-02 -9.606686E-04  1.237406E-18  3.315445E-03  0.000000E+00
  1.209925E+00 -1.096987E-01  5.000000E-01  2.569505E-01 -2.347949E-02  0.000000E+00  1.500985E-02 -9.306109E-04  2.060576E-18 -5.490962E-03  0.000000E+00
  1.243158E+00 -1.117272E-01  5.000000E-01  2.640083E-01 -2.391030E-02  0.000000E+00  1.501241E-02 -8.998520E-04  2.204633E-18 -1.394397E-02  0.000000E+00
  1.276395E+00 -1.136874E-01  5.000000E-01  2.710670E-01 -2.432660E-02  0.000000E+00  1.500995E-02 -8.686286E-04 -1.623003E-19 -2.200348E-02  0.000000E+00
  1.309630E+00 -1.155785E-01  5.000000E-01  2.781253E-01 -2.472822E-02  0.000000E+00  1.500205E-02 -8.369185E-04 -7.402552E-19 -2.966685E-02  0.000000E+00
  1.342868E+00 -1.174001E-01  5.000000E-01  2.851842E-01 -2.511510E-02  0.000000E+00  1.498895E-02 -8.051699E-04  3.728877E-19 -3.689587E-02  0.000000E+00
  1.376108E+00 -1.191539E-01  5.000000E-01  2.922436E-01 -2.548756E-02  0.000000E+00  1.497104E-02 -7.736394E-04  5.908906E-19 -4.369288E-02  0.000000E+00
  1.409347E+00 -1.208400E-01  5.000000E-01  2.993027E-01 -2.584563E-02  0.000000E+00  1.494889E-02 -7.424579E-04  2.966809E-19 -5.009101E-02  0.000000E+00
  1.442589E+00 -1.224602E-01  5.000000E-01  3.063625E-01 -2.618973E-02  0.000000E+00  1.492380E-02 -7.120736E-04 -4.141912E-19 -5.610083E-02  0.000000E+00
  1.475831E+00 -1.240166E-01  5.000000E-01  3.134222E-01 -2.652027E-02  0.000000E+00  1.489732E-02 -6.827022E-04 -6.806804E-19 -6.177203E-02  0.000000E+00
  1.509072E+00 -1.255114E-01  5.000000E-01  3.204819E-01 -2.683773E-02  0.000000E+00  1.487124E-02 -6.544946E-04  1.413264E-19 -6.717619E-02  0.000000E+00
  1.542314E+00 -1.269470E-01  5.000000E-01  3.275416E-01 -2.714260E-02  0.000000E+00  1.484773E-02 -6.278390E-04  2.101451E-20 -7.236889E-02  0.000000E+00
  1.575558E+00 -1.283271E-01  5.000000E-01  3.346018E-01 -2.743572E-02  0.000000E+00  1.482832E-02 -6.027063E-04 -5.498763E-19 -7.744684E-02  0.000000E+00
  1.608800E+00 -1.296538E-01  5.000000E-01  3.416615E-01 -2.771747E-02  0.000000E+00  1.481326E-02 -5.785385E-04 -5.399667E-19 -8.253150E-02  0.000000E+00
  1.642044E+00 -1.309283E-01  5.000000E-01  3.487219E-01 -2.798814E-02  0.000000E+00  1.480206E-02 -5.548845E-04 -9.881840E-19 -8.767786E-02  0.000000E+00
  1.675286E+00 -1.321506E-01  5.000000E-01  3.557816E-01 -2.824774E-02  0.000000E+00  1.479380E-02 -5.314242E-04 -9.362994E-19 -9.287977E-02  0.000000E+00
  1.708526E+00 -1.333209E-01  5.000000E-01  3.628410E-01 -2.849627E-02  0.000000E+00  1.478745E-02 -5.079861E-04 -3.280862E-19 -9.809372E-02  0.000000E+00
  1.741762E+00 -1.344387E-01  5.000000E-01  3.698996E-01 -2.873368E-02  0.000000E+00  1.478183E-02 -4.842996E-04 -2.775235E-20 -1.032917E-01  0.000000E+00
  1.774995E+00 -1.355030E-01  5.000000E-01  3.769573E-01 -2.895970E-02  0.000000E+00  1.477633E-02 -4.604722E-04 -4.172592E-19 -1.084217E-01  0.000000E+00
  1.808227E+00 -1.365143E-01  5.000000E-01  3.840150E-01 -2.917448E-02  0.000000E+00  1.477067E-02 -4.366034E-04 -5.710552E-19 -1.134544E-01  0.000000E+00
  1.841453E+00 -1.374719E-01  5.000000E-01  3.910714E-01 -2.937784E-02  0.000000E+00  1.476438E-02 -4.125380E-04 -2.660171E-19 -1.184053E-01  0.000000E+00
  1.874678E+00 -1.383755E-01  5.000000E-01  3.981276E-01 -2.956974E-02  0.000000E+00  1.475732E-02 -3.883628E-04 -9.907744E-20 -1.232666E-01  0.000000E+00
  1.907900E+00 -1.392249E-01  5.000000E-01  4.051830E-01 -2.975015E-02  0.000000E+00  1.474948E-02 -3.640780E-04 -6.214144E-20 -1.280395E-01  0.000000E+00
  1.941118E+00 -1.400199E-01  5.000000E-01  4.122377E-01 -2.991898E-02  0.000000E+00  1.474109E-02 -3.396649E-04 -1.860645E-19 -1.327317E-01  0.000000E+00
  1.974334E+00 -1.407601E-01  5.000000E-01  4.192920E-01 -3.007617E-02  0.000000E+00  1.473304E-02 -3.153425E-04  4.466537E-21 -1.373355E-01  0.000000E+00
  2.007549E+00 -1.414461E-01  5.000000E-01  4.263460E-01 -3.022187E-02  0.000000E+00  1.472654E-02 -2.911661E-04  3.570242E-19 -1.418758E-01  0.000000E+00
  2.040760E+00 -1.420779E-01  5.000000E-01  4.333993E-01 -3.035603E-02  0.000000E+00  1.472266E-02 -2.670353E-04  2.039964E-19 -1.464069E-01  0.000000E+00
  2.073970E+00 -1.426552E-01  5.000000E-01  4.404522E-01 -3.047866E-02  0.000000E+00  1.472250E-02 -2.430597E-04  2.027787E-19 -1.509566E-01  0.000000E+00
  2.107177E+00 -1.431788E-01  5.000000E-01  4.475046E-01 -3.058985E-02  0.000000E+00  1.472592E-02 -2.188428E-04  1.479557E-19 -1.555836E-01  0.000000E+00
  2.140379E+00 -1.436467E-01  5.000000E-01  4.545558E-01 -3.068921E-02  0.000000E+00  1.473149E-02 -1.937431E-04 -8.749340E-20 -1.603253E-01  0.000000E+00
  2.173577E+00 -1.440566E-01  5.000000E-01  4.616063E-01 -3.077626E-02  0.000000E+00  1.473706E-02 -1.673571E-04 -1.545842E-19 -1.651374E-01  0.000000E+00
  2.206768E+00 -1.444050E-01  5.000000E-01  4.686554E-01 -3.085027E-02  0.000000E+00  1.474007E-02 -1.394829E-04 -8.591054E-20 -1.699141E-01  0.000000E+00
  2.239954E+00 -1.446891E-01  5.000000E-01  4.757033E-01 -3.091059E-02  0.000000E+00  1.473767E-02 -1.100576E-04 -4.670445E-21 -1.745230E-01  0.000000E+00
  2.273134E+00 -1.449050E-01  5.000000E-01  4.827499E-01 -3.095646E-02  0.000000E+00  1.472673E-02 -7.907228E-05 -3.435739E-20 -1.788319E-01  0.000000E+00
  2.306309E+00 -1.450497E-01  5.000000E-01  4.897953E-01 -3.098718E-02  0.000000E+00  1.470414E-02 -4.654614E-05 -5.649476E-20 -1.827111E-01  0.000000E+00
  2.339476E+00 -1.451194E-01  5.000000E-01  4.968392E-01 -3.100199E-02  0.000000E+00  1.466713E-02 -1.243575E-05 -9.960942E-20 -1.860479E-01  0.000000E+00
  2.372638E+00 -1.451102E-01  5.000000E-01  5.038821E-01 -3.100003E-02  0.000000E+00  1.461497E-02  2.260755E-05 -8.090574E-20 -1.886836E-01  0.000000E+00
  2.405805E+00 -1.450208E-01  5.000000E-01  5.109259E-01 -3.098105E-02  0.000000E+00  1.454907E-02  5.751616E-05 -5.640392E-20 -1.904738E-01  0.000000E+00
  2.438976E+00 -1.448520E-01  5.000000E-01  5.179706E-01 -3.094519E-02  0.000000E+00  1.447108E-02  9.190156E-05 -1.292174E-19 -1.914193E-01  0.000000E+00
  2.472150E+00 -1.446036E-01  5.000000E-01  5.250160E-01 -3.089244E-02  0.000000E+00  1.438212E-02  1.257085E-04 -1.843514E-19 -1.915937E-01  0.000000E+00
  2.505329E+00 -1.442761E-01  5.000000E-01  5.320625E-01 -3.082288E-02  0.000000E+00  1.428282E-02  1.587507E-04 -1.373797E-19 -1.910427E-01  0.000000E+00
  2.538512E+00 -1.438701E-01  5.000000E-01  5.391097E-01 -3.073665E-02  0.000000E+00  1.417302E-02  1.909954E-04 -1.232520E-19 -1.897959E-01  0.000000E+00
  2.571700E+00 -1.433856E-01  5.000000E-01  5.461580E-01 -3.063376E-02  0.000000E+00  1.405252E-02  2.222581E-04  2.052797E-20 -1.878367E-01  0.000000E+00
  2.604894E+00 -1.428240E-01  5.000000E-01  5.532074E-01 -3.051450E-02  0.000000E+00  1.392160E-02  2.523785E-04  4.777386E-20 -1.851500E-01  0.000000E+00
  2.638090E+00 -1.421858E-01  5.000000E-01  5.602575E-01 -3.037896E-02  0.000000E+00  1.378215E-02  2.808250E-04  7.662258E-21 -1.817151E-01  0.000000E+00
  2.671292E+00 -1.414747E-01  5.000000E-01  5.673087E-01 -3.022793E-02  0.000000E+00  1.363794E-02  3.066973E-04 -4.738311E-20 -1.775368E-01  0.000000E+00
  2.704497E+00 -1.406960E-01  5.000000E-01  5.743608E-01 -3.006257E-02  0.000000E+00  1.349311E-02  3.296687E-04 -1.980166E-19 -1.727558E-01  0.000000E+00
  2.737708E+00 -1.398557E-01  5.000000E-01  5.814140E-01 -2.988410E-02  0.000000E+00  1.335124E-02  3.498778E-04 -1.034376E-19 -1.675948E-01  0.000000E+00
  2.770923E+00 -1.389591E-01  5.000000E-01  5.884680E-01 -2.969369E-02  0.000000E+00  1.321524E-02  3.675704E-04 -4.485459E-19 -1.622664E-01  0.000000E+00
  2.804143E+00 -1.380116E-01  5.000000E-01  5.955231E-01 -2.949247E-02  0.000000E+00  1.308746E-02  3.828761E-04 -1.060710E-18 -1.569192E-01  0.000000E+00
  2.837367E+00 -1.370190E-01  5.000000E-01  6.025790E-01 -2.928166E-02  0.000000E+00  1.296941E-02  3.960105E-04 -1.371196E-19 -1.516665E-01  0.000000E+00
  2.870594E+00 -1.359863E-01  5.000000E-01  6.096357E-01 -2.906235E-02  0.000000E+00  1.286175E-02  4.072592E-04  5.761532E-19 -1.465981E-01  0.000000E+00
  2.903823E+00 -1.349186E-01  5.000000E-01  6.166926E-01 -2.883558E-02  0.000000E+00  1.276428E-02  4.170755E-04  2.249900E-19 -1.418040E-01  0.000000E+00
  2.937051E+00 -1.338186E-01  5.000000E-01  6.237496E-01 -2.860197E-02  0.000000E+00  1.267703E-02  4.256006E-04  1.653023E-19 -1.373236E-01  0.000000E+00
  2.970283E+00 -1.326910E-01  5.000000E-01  6.308072E-01 -2.836249E-02  0.000000E+00  1.260081E-02  4.328122E-04  1.860085E-19 -1.331780E-01  0.000000E+00
  3.003515E+00 -1.315394E-01  5.000000E-01  6.378649E-01 -2.811793E-02  0.000000E+00  1.253722E-02  4.389108E-04  7.692848E-20 -1.294328E-01  0.000000E+00
  3.036751E+00 -1.303677E-01  5.000000E-01  6.449232E-01 -2.786908E-02  0.000000E+00  1.248911E-02  4.439541E-04  2.989001E-19 -1.261611E-01  0.000000E+00
  3.069988E+00 -1.291803E-01  5.000000E-01  6.519820E-01 -2.761690E-02  0.000000E+00  1.245974E-02  4.482317E-04  5.233646E-19 -1.234965E-01  0.000000E+00
  3.103226E+00 -1.279800E-01  5.000000E-01  6.590410E-01 -2.736200E-02  0.000000E+00  1.245230E-02  4.517927E-04  1.710586E-19 -1.215524E-01  0.000000E+00
  3.136469E+00 -1.267718E-01  5.000000E-01  6.661010E-01 -2.710541E-02  0.000000E+00  1.246774E-02  4.550703E-04 -7.269210E-20 -1.204567E-01  0.000000E+00
  3.169712E+00 -1.255573E-01  5.000000E-01  6.731611E-01 -2.684747E-02  0.000000E+00  1.250190E-02  4.599812E-04  5.050619E-20 -1.204246E-01  0.000000E+00
  3.202960E+00 -1.243297E-01  5.000000E-01  6.802220E-01 -2.658677E-02  0.000000E+00  1.254712E-02  4.684527E-04  3.161279E-19 -1.214845E-01  0.000000E+00
  3.236210E+00 -1.230785E-01  5.000000E-01  6.872835E-01 -2.632105E-02  0.000000E+00  1.259584E-02  4.809275E-04  4.835301E-19 -1.233191E-01  0.000000E+00
  3.269464E+00 -1.217942E-01  5.000000E-01  6.943459E-01 -2.604828E-02  0.000000E+00  1.264144E-02  4.971474E-04  5.076480E-19 -1.255129E-01  0.000000E+00
  3.302721E+00 -1.204667E-01  5.000000E-01  7.014089E-01 -2.576635E-02  0.000000E+00  1.267810E-02  5.169341E-04  3.940073E-19 -1.277565E-01  0.000000E+00
  3.335981E+00 -1.190859E-01  5.000000E-01  7.084724E-01 -2.547311E-02  0.000000E+00  1.270176E-02  5.398082E-04  5.542890E-19 -1.298020E-01  0.000000E+00
  3.369247E+00 -1.176431E-01  5.000000E-01  7.155373E-01 -2.516669E-02  0.000000E+00  1.271046E-02  5.650666E-04  8.403472E-19 -1.314328E-01  0.000000E+00
  3.402518E+00 -1.161317E-01  5.000000E-01  7.226033E-01 -2.484570E-02  0.000000E+00  1.270283E-02  5.924050E-04  9.364892E-19 -1.325570E-01  0.000000E+00
  3.435792E+00 -1.145435E-01  5.000000E-01  7.296699E-01 -2.450842E-02  0.000000E+00  1.267810E-02  6.214534E-04  5.099425E-19 -1.331131E-01  0.000000E+00
  3.469073E+00 -1.128730E-01  5.000000E-01  7.367379E-01 -2.415363E-02  0.000000E+00  1.263646E-02  6.517327E-04 -9.237901E-20 -1.330095E-01  0.000000E+00
  3.502353E+00 -1.111142E-01  5.000000E-01  7.438057E-01 -2.378013E-02  0.000000E+00  1.257855E-02  6.828638E-04 -3.574729E-19 -1.321857E-01  0.000000E+00
  3.535630E+00 -1.092632E-01  5.000000E-01  7.508729E-01 -2.338702E-02  0.000000E+00  1.250560E-02  7.144192E-04  2.274771E-19 -1.306043E-01  0.000000E+00
  3.568904E+00 -1.073158E-01  5.000000E-01  7.579395E-01 -2.297343E-02  0.000000E+00  1.241906E-02  7.463804E-04  8.801560E-19 -1.282797E-01  0.000000E+00
  3.602176E+00 -1.052672E-01  5.000000E-01  7.650057E-01 -2.253836E-02  0.000000E+00  1.232088E-02  7.787951E-04  4.006519E-19 -1.252226E-01  0.000000E+00
  3.635446E+00 -1.031131E-01  5.000000E-01  7.720715E-01 -2.208088E-02  0.000000E+00  1.221274E-02  8.114975E-04  4.154140E-19 -1.214392E-01  0.000000E+00
  3.668713E+00 -1.008492E-01  5.000000E-01  7.791365E-01 -2.160009E-02  0.000000E+00  1.209477E-02  8.439543E-04  1.173473E-18 -1.168920E-01  0.000000E+00
  3.701976E+00 -9.847366E-02  5.000000E-01  7.862009E-01 -2.109557E-02  0.000000E+00  1.196258E-02  8.763816E-04  9.846107E-19 -1.115640E-01  0.000000E+00
  3.735241E+00 -9.597880E-02  5.000000E-01  7.932655E-01 -2.056573E-02  0.000000E+00  1.180472E-02  9.106231E-04  2.659251E-19 -1.055443E-01  0.000000E+00
  3.768500E+00 -9.334522E-02  5.000000E-01  8.003289E-01 -2.000642E-02  0.000000E+00  1.160836E-02  9.471282E-04  1.592089E-18 -9.857319E-02  0.000000E+00
  3.801751E+00 -9.055428E-02  5.000000E-01  8.073904E-01 -1.941369E-02  0.000000E+00  1.136625E-02  9.834748E-04  2.803920E-18 -8.996068E-02  0.000000E+00
  3.834989E+00 -8.759299E-02  5.000000E-01  8.144495E-01 -1.878479E-02  0.000000E+00  1.107843E-02  1.016047E-03  2.210520E-18 -7.908974E-02  0.000000E+00
  3.868211E+00 -8.445931E-02  5.000000E-01  8.215050E-01 -1.811927E-02  0.000000E+00  1.075015E-02  1.042268E-03  1.668028E-18 -6.581898E-02  0.000000E+00
  3.901422E+00 -8.115243E-02  5.000000E-01  8.285582E-01 -1.741697E-02  0.000000E+00  1.038986E-02  1.060915E-03  7.620770E-19 -5.040752E-02  0.000000E+00
  3.934617E+00 -7.767872E-02  5.000000E-01  8.356080E-01 -1.667924E-02  0.000000E+00  1.000778E-02  1.071278E-03 -3.583209E-19 -3.322856E-02  0.000000E+00
  3.967800E+00 -7.404723E-02  5.000000E-01  8.426552E-01 -1.590800E-02  0.000000E+00  9.612788E-03  1.073385E-03  2.397682E-19 -1.472134E-02  0.000000E+00
  4.000972E+00 -7.026947E-02  5.000000E-01  8.497001E-01 -1.510570E-02  0.000000E+00  9.210724E-03  1.067759E-03  1.951773E-18  4.756642E-03  0.000000E+00
  4.034139E+00 -6.635700E-02  5.000000E-01  8.567440E-01 -1.427479E-02  0.000000E+00  8.802675E-03  1.055664E-03  2.154148E-18  2.490604E-02  0.000000E+00
  4.067311E+00 -6.231385E-02  5.000000E-01  8.637890E-01 -1.341612E-02  0.000000E+00  8.385313E-03  1.038009E-03  1.496952E-18  4.557102E-02  0.000000E+00
  4.100488E+00 -5.814328E-02  5.000000E-01  8.708348E-01 -1.253039E-02  0.000000E+00  7.953152E-03  1.014361E-03  1.002236E-18  6.684917E-02  0.000000E+00
  4.133669E+00 -5.384945E-02  5.000000E-01  8.778818E-01 -1.161849E-02  0.000000E+00  7.499713E-03  9.839035E-04  3.590107E-19  8.887387E-02  0.000000E+00
  4.166856E+00 -4.943469E-02  5.000000E-01  8.849299E-01 -1.068090E-02  0.000000E+00  7.019962E-03  9.459659E-04 -6.663031E-20  1.117409E-01  0.000000E+00
  4.200049E+00 -4.490262E-02  5.000000E-01  8.919793E-01 -9.718402E-03  0.000000E+00  6.513554E-03  9.003653E-04 -1.303490E-19  1.354594E-01  0.000000E+00
  4.233242E+00 -4.025580E-02  5.000000E-01  8.990286E-01 -8.731532E-03  0.000000E+00  5.988611E-03  8.467032E-04 -1.015974E-18  1.600262E-01  0.000000E+00
  4.266405E+00 -3.551781E-02  5.000000E-01  9.060715E-01 -7.725299E-03  0.000000E+00  5.463641E-03  7.838939E-04 -5.899587E-19  1.854251E-01  0.000000E+00
  4.299502E+00 -3.074697E-02  5.000000E-01  9.131007E-01 -6.712091E-03  0.000000E+00  4.963844E-03  7.124880E-04  3.823984E-19  2.112873E-01  0.000000E+00
  4.332522E+00 -2.603070E-02  5.000000E-01  9.201132E-01 -5.710471E-03  0.000000E+00  4.513222E-03  6.364930E-04 -1.033729E-18  2.365669E-01  0.000000E+00
  4.365472E+00 -2.145257E-02  5.000000E-01  9.271110E-01 -4.738188E-03  0.000000E+00  4.130057E-03  5.610439E-04 -7.025921E-19  2.600517E-01  0.000000E+00
  4.398350E+00 -1.710016E-02  5.000000E-01  9.340935E-01 -3.813844E-03  0.000000E+00  3.828346E-03  4.896019E-04  2.428405E-18  2.810949E-01  0.000000E+00
  4.431155E+00 -1.306329E-02  5.000000E-01  9.410605E-01 -2.956511E-03  0.000000E+00  3.619284E-03  4.234412E-04  2.057374E-18  2.995184E-01  0.000000E+00
  4.463888E+00 -9.442466E-03  5.000000E-01  9.480121E-01 -2.187537E-03  0.000000E+00  3.508603E-03  3.622083E-04 -1.092859E-18  3.150483E-01  0.000000E+00
  4.496579E+00 -6.315510E-03  5.000000E-01  9.549550E-01 -1.523449E-03  0.000000E+00  3.490904E-03  3.043883E-04 -1.285737E-18  3.274636E-01  0.000000E+00
  4.529252E+00 -3.737412E-03  5.000000E-01  9.618939E-01 -9.759242E-04  0.000000E+00  3.540987E-03  2.481221E-04 -2.186643E-18  3.368354E-01  0.000000E+00
  4.561929E+00 -1.732753E-03  5.000000E-01  9.688337E-01 -5.501838E-04  0.000000E+00  3.600116E-03  1.895379E-04 -3.032286E-18  3.421208E-01  0.000000E+00
  4.594574E+00 -3.291139E-04  5.000000E-01  9.757666E-01 -2.520855E-04  0.000000E+00  3.582755E-03  1.185675E-04 -1.077424E-18  3.426437E-01  0.000000E+00
  4.627203E+00  4.481943E-04  5.000000E-01  9.826962E-01 -8.700432E-05  0.000000E+00  3.445142E-03  3.750580E-05 -1.196909E-19  3.465900E-01  0.000000E+00
  4.659162E+00  5.741267E-04  5.000000E-01  9.894836E-01 -6.025939E-05  0.000000E+00  3.207840E-03 -1.141138E-05  1.157643E-18  3.544872E-01  0.000000E+00
  4.689251E+00  9.169426E-05  5.000000E-01  9.958737E-01 -1.627162E-04  0.000000E+00  2.771031E-03 -3.608247E-05  5.904307E-18  3.044578E-01  0.000000E+00
  4.708680E+00 -5.419270E-04  5.000000E-01  1.000000E+00 -2.972818E-04  0.000000E+00  2.122137E-03 -1.425854E-04  5.954007E-18  1.692862E-01  0.000000E+00
    1    2
    2    3
    3    4
    4    5
    5    6
    6    7
    7    8
    8    9
    9   10
   10   11
   11   12
   12   13
   13   14
   14   15
   15   16
   16   17
   17   18
   18   19
   19   20
   20   21
   21   22
   22   23
   23   24
   24   25
   25   26
   26   27
   27   28
   28   29
   29   30
   30   31
   31   32
   32   33
   33   34
   34   35
   35   36
   36   37
   37   38
   38   39
   39   40
   40   41
   41   42
   42   43
   43   44
   44   45
   45   46
   46   47
   47   48
   48   49
   49   50
   50   51
   51   52
   52   53
   53   54
   54   55
   55   56
   56   57
   57   58
   58   59
   59   60
   60   61
   61   62
   62   63
   63   64
   64   65
   65   66
   66   67
   67   68
   68   69
   69   70
   70   71
   71   72
   72   73
   73   74
   74   75
   75   76
   76   77
   77   78
   78   79
   79   80
   80   81
   81   82
   82   83
   83   84
   84   85
   85   86
   86   87
   87   88
   88   89
   89   90
   90   91
   91   92
   92   93
   93   94
   94   95
   95   96
   96   97
   97   98
   98   99
   99  100
  100  101
  101  102
  102  103
  103  104
  104  105
  105  106
  106  107
  107  108
  108  109
  109  110
  110  111
  111  112
  112  113
  113  114
  114  115
  115  116
  116  117
  117  118
  118  119
  119  120
  120  121
  121  122
  122  123
  123  124
  124  125
  125  126
  126  127
  127  128
  128  129
  129  130
  130  131
  131  132
  132  133
  133  134
  134  135
  135  136
  136  137
  137  138
  138  139
  139  140
  140  141
  141  142
  142  143
  143  144
  144  145
  145  146
  146  147
  147  148
  148  149
  149  150
  151  152
  152  153
  153  154
  154  155
  155  156
  156  157
  157  158
  158  159
  159  160
  160  161
  161  162
  162  163
  163  164
  164  165
  165  166
  166  167
  167  168
  168  169
  169  170
  170  171
  171  172
  172  173
  173  174
  174  175
  175  176
  176  177
  177  178
  178  179
  179  180
  180  181
  181  182
  182  183
  183  184
  184  185
  185  186
  186  187
  187  188
  188  189
  189  190
  190  191
  191  192
  192  193
  193  194
  194  195
  195  196
  196  197
  197  198
  198  199
  199  200
  200  201
  201  202
  202  203
  203  204
  204  205
  205  206
  206  207
  207  208
  208  209
  209  210
  210  211
  211  212
  212  213
  213  214
  214  215
  215  216
  216  217
  217  218
  218  219
  219  220
  220  221
  221  222
  222  223
  223  224
  224  225
  225  226
  226  227
  227  228
  228  229
  229  230
  230  231
  231  232
  232  233
  233  234
  234  235
  235  236
  236  237
  237  238
  238  239
  239  240
  240  241
  241  242
  242  243
  243  244
  244  245
  245  246
  246  247
  247  248
  248  249
  249  250
  250  251
  251  252
  252  253
  253  254
  254  255
  255  256
  256  257
  257  258
  258  259
  259  260
  260  261
  261  262
  262  263
  263  264
  264  265
  265  266
  266  267
  267  268
  268  269
  269  270
  270  271
  271  272
  272  273
  273  274
  274  275
  275  276
  276  277
  277  278
  278  279
  279  280
  280  281
  281  282
  282  283
  283  284
  284  285
  285  286
  286  287
  287  288
  288  289
  289  290
  290  291
  291  292
  292  293
  293  294
  294  295
  295  296
  296  297
  297  298
  298  299
  299  300
