 Title = "ADflow Slice Data"
Variables =  "CoordinateX"  "CoordinateY"  "CoordinateZ"  "XoC"  "YoC"  "ZoC" "VelocityX" "VelocityY" "VelocityZ" "CoefPressure" "Mach" 
Zone T= "Slice_0001 None Absolute Regular z = 0.50000000"
 Nodes =          300  Elements=          298  ZONETYPE=FELINESEG
 DATAPACKING=POINT
  4.708680E+00 -5.286873E-04  5.000000E-01  9.999999E-01 -3.194806E-04  0.000000E+00  2.149485E-03 -1.286219E-04  5.437435E-18  1.732601E-01  0.000000E+00
  4.689187E+00  2.842965E-03  5.000000E-01  9.958601E-01  3.965754E-04  0.000000E+00  1.711682E-03 -2.649432E-04  4.544614E-19  1.157924E-01  0.000000E+00
  4.658673E+00  8.123589E-03  5.000000E-01  9.893797E-01  1.518050E-03  0.000000E+00  1.590801E-03 -2.957930E-04 -4.148854E-19  1.358207E-01  0.000000E+00
  4.626256E+00  1.371750E-02  5.000000E-01  9.824952E-01  2.706059E-03  0.000000E+00  1.612288E-03 -2.768688E-04  1.256208E-18  1.222041E-01  0.000000E+00
  4.593146E+00  1.939386E-02  5.000000E-01  9.754635E-01  3.911579E-03  0.000000E+00  1.791848E-03 -3.003582E-04 -8.729446E-20  9.546167E-02  0.000000E+00
  4.560031E+00  2.501682E-02  5.000000E-01  9.684306E-01  5.105758E-03  0.000000E+00  2.120152E-03 -3.580033E-04 -2.026701E-18  7.387978E-02  0.000000E+00
  4.526891E+00  3.057580E-02  5.000000E-01  9.613923E-01  6.286349E-03  0.000000E+00  2.537800E-03 -4.234870E-04  1.164995E-18  5.258299E-02  0.000000E+00
  4.493752E+00  3.605377E-02  5.000000E-01  9.543545E-01  7.449734E-03  0.000000E+00  3.003650E-03 -4.918185E-04  2.585468E-18  2.822054E-02  0.000000E+00
  4.460612E+00  4.143728E-02  5.000000E-01  9.473164E-01  8.593060E-03  0.000000E+00  3.494032E-03 -5.614343E-04  1.757835E-18  2.125173E-03  0.000000E+00
  4.427470E+00  4.671508E-02  5.000000E-01  9.402779E-01  9.713934E-03  0.000000E+00  3.989924E-03 -6.276417E-04  7.178647E-19 -2.478391E-02  0.000000E+00
  4.394325E+00  5.187146E-02  5.000000E-01  9.332387E-01  1.080902E-02  0.000000E+00  4.481452E-03 -6.877481E-04 -5.271221E-19 -5.252677E-02  0.000000E+00
  4.361178E+00  5.689405E-02  5.000000E-01  9.261991E-01  1.187570E-02  0.000000E+00  4.969759E-03 -7.415808E-04  7.254507E-19 -8.127103E-02  0.000000E+00
  4.328027E+00  6.176881E-02  5.000000E-01  9.191586E-01  1.291098E-02  0.000000E+00  5.461175E-03 -7.892956E-04  2.569807E-19 -1.110872E-01  0.000000E+00
  4.294876E+00  6.648042E-02  5.000000E-01  9.121181E-01  1.391161E-02  0.000000E+00  5.961055E-03 -8.309482E-04  2.151160E-19 -1.417028E-01  0.000000E+00
  4.261727E+00  7.101631E-02  5.000000E-01  9.050782E-01  1.487492E-02  0.000000E+00  6.470801E-03 -8.662815E-04  9.088375E-19 -1.722792E-01  0.000000E+00
  4.228582E+00  7.536465E-02  5.000000E-01  8.980388E-01  1.579840E-02  0.000000E+00  6.988602E-03 -8.944432E-04  1.241154E-18 -2.019931E-01  0.000000E+00
  4.195443E+00  7.951131E-02  5.000000E-01  8.910010E-01  1.667905E-02  0.000000E+00  7.515418E-03 -9.150560E-04  1.540313E-18 -2.313243E-01  0.000000E+00
  4.162308E+00  8.344158E-02  5.000000E-01  8.839639E-01  1.751374E-02  0.000000E+00  8.065820E-03 -9.291962E-04  1.548490E-18 -2.631434E-01  0.000000E+00
  4.129179E+00  8.714387E-02  5.000000E-01  8.769281E-01  1.830002E-02  0.000000E+00  8.678477E-03 -9.391450E-04  1.688699E-18 -3.013952E-01  0.000000E+00
  4.096054E+00  9.060516E-02  5.000000E-01  8.698932E-01  1.903511E-02  0.000000E+00  9.408765E-03 -9.476939E-04  8.600851E-19 -3.473192E-01  0.000000E+00
  4.062934E+00  9.381559E-02  5.000000E-01  8.628593E-01  1.971692E-02  0.000000E+00  1.029273E-02 -9.555542E-04  1.718096E-20 -3.966220E-01  0.000000E+00
  4.029817E+00  9.676578E-02  5.000000E-01  8.558262E-01  2.034347E-02  0.000000E+00  1.129646E-02 -9.575396E-04 -1.606116E-18 -4.409388E-01  0.000000E+00
  3.996705E+00  9.944885E-02  5.000000E-01  8.487940E-01  2.091329E-02  0.000000E+00  1.229645E-02 -9.431674E-04 -3.203328E-18 -4.730666E-01  0.000000E+00
  3.963594E+00  1.018621E-01  5.000000E-01  8.417620E-01  2.142581E-02  0.000000E+00  1.312775E-02 -9.023880E-04 -4.233665E-18 -4.913948E-01  0.000000E+00
  3.930486E+00  1.040072E-01  5.000000E-01  8.347306E-01  2.188137E-02  0.000000E+00  1.367764E-02 -8.326633E-04 -4.730154E-18 -4.999550E-01  0.000000E+00
  3.897377E+00  1.058893E-01  5.000000E-01  8.276991E-01  2.228109E-02  0.000000E+00  1.394872E-02 -7.421627E-04 -4.075308E-18 -5.046389E-01  0.000000E+00
  3.864269E+00  1.075218E-01  5.000000E-01  8.206677E-01  2.262779E-02  0.000000E+00  1.404021E-02 -6.444972E-04 -1.773806E-18 -5.090252E-01  0.000000E+00
  3.831161E+00  1.089220E-01  5.000000E-01  8.136366E-01  2.292515E-02  0.000000E+00  1.407137E-02 -5.521012E-04 -8.693019E-20 -5.130497E-01  0.000000E+00
  3.798054E+00  1.101170E-01  5.000000E-01  8.066053E-01  2.317895E-02  0.000000E+00  1.411066E-02 -4.731049E-04  1.028565E-19 -5.147000E-01  0.000000E+00
  3.764948E+00  1.111418E-01  5.000000E-01  7.995744E-01  2.339658E-02  0.000000E+00  1.415658E-02 -4.116767E-04  3.215707E-19 -5.126854E-01  0.000000E+00
  3.731842E+00  1.120404E-01  5.000000E-01  7.925435E-01  2.358743E-02  0.000000E+00  1.416936E-02 -3.704014E-04  4.704563E-19 -5.079796E-01  0.000000E+00
  3.698737E+00  1.128673E-01  5.000000E-01  7.855130E-01  2.376304E-02  0.000000E+00  1.412441E-02 -3.472047E-04  1.583887E-20 -5.027836E-01  0.000000E+00
  3.665634E+00  1.136625E-01  5.000000E-01  7.784827E-01  2.393192E-02  0.000000E+00  1.403804E-02 -3.332057E-04 -3.369406E-19 -4.986664E-01  0.000000E+00
  3.632534E+00  1.144337E-01  5.000000E-01  7.714529E-01  2.409571E-02  0.000000E+00  1.394686E-02 -3.216580E-04 -2.970814E-19 -4.964478E-01  0.000000E+00
  3.599434E+00  1.151840E-01  5.000000E-01  7.644234E-01  2.425506E-02  0.000000E+00  1.388316E-02 -3.120004E-04 -1.293009E-19 -4.964384E-01  0.000000E+00
  3.566334E+00  1.159168E-01  5.000000E-01  7.573938E-01  2.441068E-02  0.000000E+00  1.386614E-02 -3.045373E-04  1.390472E-19 -4.982561E-01  0.000000E+00
  3.533236E+00  1.166340E-01  5.000000E-01  7.503646E-01  2.456300E-02  0.000000E+00  1.389806E-02 -2.987799E-04  2.530115E-19 -5.011959E-01  0.000000E+00
  3.500138E+00  1.173362E-01  5.000000E-01  7.433353E-01  2.471212E-02  0.000000E+00  1.396760E-02 -2.942601E-04  3.170275E-19 -5.046597E-01  0.000000E+00
  3.467038E+00  1.180248E-01  5.000000E-01  7.363057E-01  2.485837E-02  0.000000E+00  1.405891E-02 -2.905253E-04  6.128219E-19 -5.082630E-01  0.000000E+00
  3.433936E+00  1.187003E-01  5.000000E-01  7.292757E-01  2.500183E-02  0.000000E+00  1.415901E-02 -2.868406E-04  8.404659E-19 -5.117883E-01  0.000000E+00
  3.400832E+00  1.193620E-01  5.000000E-01  7.222453E-01  2.514235E-02  0.000000E+00  1.426022E-02 -2.826279E-04  6.718289E-19 -5.151485E-01  0.000000E+00
  3.367728E+00  1.200084E-01  5.000000E-01  7.152146E-01  2.527962E-02  0.000000E+00  1.435985E-02 -2.773769E-04  4.328486E-19 -5.182806E-01  0.000000E+00
  3.334620E+00  1.206367E-01  5.000000E-01  7.081834E-01  2.541308E-02  0.000000E+00  1.445776E-02 -2.706258E-04  5.248842E-19 -5.210954E-01  0.000000E+00
  3.301512E+00  1.212435E-01  5.000000E-01  7.011520E-01  2.554195E-02  0.000000E+00  1.455360E-02 -2.619759E-04  5.458394E-19 -5.234888E-01  0.000000E+00
  3.268401E+00  1.218244E-01  5.000000E-01  6.941201E-01  2.566532E-02  0.000000E+00  1.464590E-02 -2.509372E-04  3.349200E-19 -5.253088E-01  0.000000E+00
  3.235290E+00  1.223740E-01  5.000000E-01  6.870881E-01  2.578202E-02  0.000000E+00  1.473178E-02 -2.369912E-04  3.434751E-19 -5.263515E-01  0.000000E+00
  3.202177E+00  1.228857E-01  5.000000E-01  6.800557E-01  2.589069E-02  0.000000E+00  1.480704E-02 -2.198061E-04  4.311848E-19 -5.264230E-01  0.000000E+00
  3.169063E+00  1.233531E-01  5.000000E-01  6.730231E-01  2.598996E-02  0.000000E+00  1.486743E-02 -1.991527E-04  5.913132E-19 -5.253809E-01  0.000000E+00
  3.135947E+00  1.237689E-01  5.000000E-01  6.659902E-01  2.607828E-02  0.000000E+00  1.490937E-02 -1.754819E-04  9.511127E-19 -5.232430E-01  0.000000E+00
  3.102831E+00  1.241284E-01  5.000000E-01  6.589571E-01  2.615463E-02  0.000000E+00  1.493056E-02 -1.508224E-04  1.117796E-18 -5.202996E-01  0.000000E+00
  3.069714E+00  1.244335E-01  5.000000E-01  6.519238E-01  2.621941E-02  0.000000E+00  1.493272E-02 -1.270512E-04  1.130937E-18 -5.169154E-01  0.000000E+00
  3.036593E+00  1.246874E-01  5.000000E-01  6.448898E-01  2.627334E-02  0.000000E+00  1.492155E-02 -1.046067E-04  1.029006E-18 -5.133302E-01  0.000000E+00
  3.003475E+00  1.248934E-01  5.000000E-01  6.378564E-01  2.631708E-02  0.000000E+00  1.490345E-02 -8.327374E-05  7.828132E-19 -5.096703E-01  0.000000E+00
  2.970356E+00  1.250531E-01  5.000000E-01  6.308226E-01  2.635100E-02  0.000000E+00  1.488278E-02 -6.314331E-05  5.332627E-19 -5.060401E-01  0.000000E+00
  2.937236E+00  1.251700E-01  5.000000E-01  6.237888E-01  2.637582E-02  0.000000E+00  1.486203E-02 -4.433432E-05  3.108199E-19 -5.025202E-01  0.000000E+00
  2.904117E+00  1.252463E-01  5.000000E-01  6.167550E-01  2.639204E-02  0.000000E+00  1.484267E-02 -2.670307E-05  1.080521E-19 -4.991533E-01  0.000000E+00
  2.870996E+00  1.252847E-01  5.000000E-01  6.097211E-01  2.640019E-02  0.000000E+00  1.482537E-02 -1.025316E-05  3.255238E-20 -4.959884E-01  0.000000E+00
  2.837877E+00  1.252877E-01  5.000000E-01  6.026873E-01  2.640083E-02  0.000000E+00  1.481086E-02  5.101331E-06  2.874749E-20 -4.930552E-01  0.000000E+00
  2.804757E+00  1.252575E-01  5.000000E-01  5.956535E-01  2.639441E-02  0.000000E+00  1.479979E-02  1.938529E-05  2.832883E-20 -4.903802E-01  0.000000E+00
  2.771639E+00  1.251966E-01  5.000000E-01  5.886200E-01  2.638149E-02  0.000000E+00  1.479305E-02  3.278634E-05  5.998925E-20 -4.879655E-01  0.000000E+00
  2.738522E+00  1.251064E-01  5.000000E-01  5.815867E-01  2.636231E-02  0.000000E+00  1.479128E-02  4.534881E-05  8.691700E-20 -4.858214E-01  0.000000E+00
  2.705406E+00  1.249892E-01  5.000000E-01  5.745537E-01  2.633743E-02  0.000000E+00  1.479504E-02  5.702083E-05  1.325833E-19 -4.839636E-01  0.000000E+00
  2.672292E+00  1.248467E-01  5.000000E-01  5.675211E-01  2.630718E-02  0.000000E+00  1.480492E-02  6.789847E-05  1.788208E-19 -4.823896E-01  0.000000E+00
  2.639177E+00  1.246810E-01  5.000000E-01  5.604885E-01  2.627198E-02  0.000000E+00  1.482110E-02  7.799936E-05  1.218720E-19 -4.810884E-01  0.000000E+00
  2.606068E+00  1.244938E-01  5.000000E-01  5.534568E-01  2.623223E-02  0.000000E+00  1.484363E-02  8.768274E-05  9.745827E-20 -4.799821E-01  0.000000E+00
  2.572958E+00  1.242854E-01  5.000000E-01  5.464251E-01  2.618797E-02  0.000000E+00  1.487164E-02  9.740131E-05  1.488242E-19 -4.789499E-01  0.000000E+00
  2.539852E+00  1.240558E-01  5.000000E-01  5.393941E-01  2.613921E-02  0.000000E+00  1.490332E-02  1.076508E-04  1.424887E-19 -4.778408E-01  0.000000E+00
  2.506749E+00  1.238029E-01  5.000000E-01  5.323639E-01  2.608550E-02  0.000000E+00  1.493585E-02  1.187107E-04  1.337287E-19 -4.765263E-01  0.000000E+00
  2.473650E+00  1.235253E-01  5.000000E-01  5.253345E-01  2.602654E-02  0.000000E+00  1.496590E-02  1.304847E-04  8.947023E-20 -4.749410E-01  0.000000E+00
  2.440554E+00  1.232214E-01  5.000000E-01  5.183056E-01  2.596200E-02  0.000000E+00  1.499068E-02  1.427656E-04 -1.406073E-19 -4.730569E-01  0.000000E+00
  2.407460E+00  1.228906E-01  5.000000E-01  5.112774E-01  2.589175E-02  0.000000E+00  1.500874E-02  1.556192E-04 -2.402777E-19 -4.708419E-01  0.000000E+00
  2.374373E+00  1.225310E-01  5.000000E-01  5.042504E-01  2.581537E-02  0.000000E+00  1.501954E-02  1.691567E-04 -1.098423E-19 -4.682953E-01  0.000000E+00
  2.341286E+00  1.221410E-01  5.000000E-01  4.972236E-01  2.573255E-02  0.000000E+00  1.502288E-02  1.827027E-04  2.237254E-20 -4.655523E-01  0.000000E+00
  2.308194E+00  1.217217E-01  5.000000E-01  4.901958E-01  2.564350E-02  0.000000E+00  1.502021E-02  1.953801E-04  5.110684E-20 -4.628245E-01  0.000000E+00
  2.275097E+00  1.212756E-01  5.000000E-01  4.831667E-01  2.554875E-02  0.000000E+00  1.501529E-02  2.067735E-04 -1.087483E-19 -4.603048E-01  0.000000E+00
  2.241991E+00  1.208056E-01  5.000000E-01  4.761359E-01  2.544893E-02  0.000000E+00  1.501301E-02  2.168144E-04 -3.795589E-19 -4.581423E-01  0.000000E+00
  2.208879E+00  1.203148E-01  5.000000E-01  4.691038E-01  2.534471E-02  0.000000E+00  1.501820E-02  2.256146E-04 -5.393641E-19 -4.564341E-01  0.000000E+00
  2.175760E+00  1.198061E-01  5.000000E-01  4.620701E-01  2.523667E-02  0.000000E+00  1.503455E-02  2.333022E-04 -4.074701E-19 -4.552351E-01  0.000000E+00
  2.142637E+00  1.192823E-01  5.000000E-01  4.550354E-01  2.512544E-02  0.000000E+00  1.506422E-02  2.399884E-04  1.575653E-20 -4.545545E-01  0.000000E+00
  2.109507E+00  1.187460E-01  5.000000E-01  4.479994E-01  2.501152E-02  0.000000E+00  1.510782E-02  2.458387E-04  5.642425E-20 -4.543261E-01  0.000000E+00
  2.076374E+00  1.181995E-01  5.000000E-01  4.409628E-01  2.489547E-02  0.000000E+00  1.516483E-02  2.517689E-04 -3.405797E-19 -4.543234E-01  0.000000E+00
  2.043241E+00  1.176414E-01  5.000000E-01  4.339262E-01  2.477695E-02  0.000000E+00  1.523260E-02  2.589728E-04 -1.383544E-19 -4.542256E-01  0.000000E+00
  2.010106E+00  1.170685E-01  5.000000E-01  4.268892E-01  2.465528E-02  0.000000E+00  1.530580E-02  2.678288E-04  2.756052E-20 -4.537723E-01  0.000000E+00
  1.976970E+00  1.164774E-01  5.000000E-01  4.198519E-01  2.452974E-02  0.000000E+00  1.537840E-02  2.783890E-04 -3.058895E-19 -4.527648E-01  0.000000E+00
  1.943835E+00  1.158645E-01  5.000000E-01  4.128148E-01  2.439957E-02  0.000000E+00  1.544517E-02  2.906866E-04 -3.443165E-19 -4.510677E-01  0.000000E+00
  1.910699E+00  1.152257E-01  5.000000E-01  4.057776E-01  2.426391E-02  0.000000E+00  1.550218E-02  3.044859E-04 -2.021954E-19 -4.486345E-01  0.000000E+00
  1.877561E+00  1.145583E-01  5.000000E-01  3.987399E-01  2.412216E-02  0.000000E+00  1.554745E-02  3.196482E-04 -1.162818E-19 -4.454565E-01  0.000000E+00
  1.844424E+00  1.138586E-01  5.000000E-01  3.917024E-01  2.397358E-02  0.000000E+00  1.558035E-02  3.360642E-04  1.044270E-19 -4.415525E-01  0.000000E+00
  1.811282E+00  1.131240E-01  5.000000E-01  3.846638E-01  2.381756E-02  0.000000E+00  1.560084E-02  3.533925E-04  2.766603E-19 -4.369768E-01  0.000000E+00
  1.778139E+00  1.123525E-01  5.000000E-01  3.776250E-01  2.365372E-02  0.000000E+00  1.560941E-02  3.716313E-04  1.834570E-19 -4.317450E-01  0.000000E+00
  1.744992E+00  1.115411E-01  5.000000E-01  3.705854E-01  2.348140E-02  0.000000E+00  1.560594E-02  3.907197E-04 -4.533926E-21 -4.258605E-01  0.000000E+00
  1.711843E+00  1.106881E-01  5.000000E-01  3.635455E-01  2.330022E-02  0.000000E+00  1.558930E-02  4.105899E-04  4.275048E-20 -4.192974E-01  0.000000E+00
  1.678692E+00  1.097902E-01  5.000000E-01  3.565049E-01  2.310955E-02  0.000000E+00  1.555717E-02  4.311051E-04  2.101687E-19 -4.119920E-01  0.000000E+00
  1.645539E+00  1.088460E-01  5.000000E-01  3.494640E-01  2.290901E-02  0.000000E+00  1.550618E-02  4.522031E-04 -1.396157E-19 -4.038194E-01  0.000000E+00
  1.612385E+00  1.078520E-01  5.000000E-01  3.424230E-01  2.269791E-02  0.000000E+00  1.543230E-02  4.739949E-04 -1.880481E-19 -3.946054E-01  0.000000E+00
  1.579236E+00  1.068052E-01  5.000000E-01  3.353830E-01  2.247561E-02  0.000000E+00  1.533109E-02  4.963201E-04  3.303309E-19 -3.842463E-01  0.000000E+00
  1.546090E+00  1.057014E-01  5.000000E-01  3.283435E-01  2.224118E-02  0.000000E+00  1.519831E-02  5.175388E-04  2.017600E-19 -3.729289E-01  0.000000E+00
  1.512946E+00  1.045432E-01  5.000000E-01  3.213046E-01  2.199520E-02  0.000000E+00  1.503315E-02  5.353739E-04 -3.201788E-19 -3.611018E-01  0.000000E+00
  1.479807E+00  1.033362E-01  5.000000E-01  3.142666E-01  2.173887E-02  0.000000E+00  1.484122E-02  5.492650E-04 -3.114792E-19 -3.492314E-01  0.000000E+00
  1.446672E+00  1.020858E-01  5.000000E-01  3.072296E-01  2.147331E-02  0.000000E+00  1.463177E-02  5.595335E-04 -4.246675E-19 -3.378392E-01  0.000000E+00
  1.413540E+00  1.007973E-01  5.000000E-01  3.001932E-01  2.119967E-02  0.000000E+00  1.441405E-02  5.666734E-04 -1.159783E-18 -3.274863E-01  0.000000E+00
  1.380413E+00  9.947580E-02  5.000000E-01  2.931579E-01  2.091901E-02  0.000000E+00  1.419374E-02  5.713371E-04 -1.092262E-18 -3.185933E-01  0.000000E+00
  1.347294E+00  9.812521E-02  5.000000E-01  2.861242E-01  2.063218E-02  0.000000E+00  1.396852E-02  5.739125E-04 -7.206647E-19 -3.111504E-01  0.000000E+00
  1.314179E+00  9.674878E-02  5.000000E-01  2.790914E-01  2.033986E-02  0.000000E+00  1.372452E-02  5.741707E-04 -5.761863E-19 -3.043414E-01  0.000000E+00
  1.281074E+00  9.535002E-02  5.000000E-01  2.720606E-01  2.004280E-02  0.000000E+00  1.343624E-02  5.714136E-04 -8.010997E-19 -2.963621E-01  0.000000E+00
  1.247974E+00  9.393080E-02  5.000000E-01  2.650310E-01  1.974139E-02  0.000000E+00  1.307253E-02  5.642757E-04 -6.995127E-19 -2.850259E-01  0.000000E+00
  1.214880E+00  9.249397E-02  5.000000E-01  2.580028E-01  1.943625E-02  0.000000E+00  1.261259E-02  5.514117E-04 -1.538109E-19 -2.694134E-01  0.000000E+00
  1.181795E+00  9.104112E-02  5.000000E-01  2.509763E-01  1.912770E-02  0.000000E+00  1.206834E-02  5.328565E-04 -4.724015E-19 -2.522404E-01  0.000000E+00
  1.148718E+00  8.957326E-02  5.000000E-01  2.439516E-01  1.881596E-02  0.000000E+00  1.150208E-02  5.111804E-04 -7.203317E-19 -2.412747E-01  0.000000E+00
  1.115646E+00  8.809182E-02  5.000000E-01  2.369279E-01  1.850134E-02  0.000000E+00  1.103346E-02  4.928997E-04 -3.308543E-19 -2.472105E-01  0.000000E+00
  1.082583E+00  8.659825E-02  5.000000E-01  2.299061E-01  1.818414E-02  0.000000E+00  1.082966E-02  4.876498E-04  2.085799E-19 -2.775021E-01  0.000000E+00
  1.049524E+00  8.509309E-02  5.000000E-01  2.228852E-01  1.786448E-02  0.000000E+00  1.106165E-02  5.041057E-04  4.512956E-19 -3.300216E-01  0.000000E+00
  1.016475E+00  8.357752E-02  5.000000E-01  2.158664E-01  1.754261E-02  0.000000E+00  1.181500E-02  5.449124E-04  5.798467E-19 -3.925697E-01  0.000000E+00
  9.834318E-01  8.205147E-02  5.000000E-01  2.088488E-01  1.721852E-02  0.000000E+00  1.299245E-02  6.043306E-04  6.686896E-19 -4.498725E-01  0.000000E+00
  9.503976E-01  8.051467E-02  5.000000E-01  2.018331E-01  1.689214E-02  0.000000E+00  1.431327E-02  6.703277E-04  9.656741E-19 -4.920873E-01  0.000000E+00
  9.173728E-01  7.896292E-02  5.000000E-01  1.948195E-01  1.656258E-02  0.000000E+00  1.545037E-02  7.300911E-04  6.758337E-19 -5.179800E-01  0.000000E+00
  8.843598E-01  7.739157E-02  5.000000E-01  1.878083E-01  1.622887E-02  0.000000E+00  1.620509E-02  7.762035E-04 -1.971662E-19 -5.319790E-01  0.000000E+00
  8.513623E-01  7.579446E-02  5.000000E-01  1.808005E-01  1.588968E-02  0.000000E+00  1.657774E-02  8.089059E-04 -6.065787E-19 -5.394280E-01  0.000000E+00
  8.183794E-01  7.416489E-02  5.000000E-01  1.737957E-01  1.554360E-02  0.000000E+00  1.669966E-02  8.334937E-04 -3.123857E-19 -5.439785E-01  0.000000E+00
  7.854121E-01  7.249659E-02  5.000000E-01  1.667943E-01  1.518929E-02  0.000000E+00  1.672012E-02  8.562490E-04  1.409147E-19 -5.474044E-01  0.000000E+00
  7.524593E-01  7.078365E-02  5.000000E-01  1.597959E-01  1.482551E-02  0.000000E+00  1.673578E-02  8.815046E-04  1.992137E-19 -5.503991E-01  0.000000E+00
  7.195226E-01  6.902102E-02  5.000000E-01  1.528009E-01  1.445117E-02  0.000000E+00  1.678196E-02  9.111444E-04  2.456433E-19 -5.532015E-01  0.000000E+00
  6.866079E-01  6.720352E-02  5.000000E-01  1.458107E-01  1.406517E-02  0.000000E+00  1.685627E-02  9.455761E-04  2.345456E-19 -5.558566E-01  0.000000E+00
  6.537221E-01  6.532512E-02  5.000000E-01  1.388265E-01  1.366625E-02  0.000000E+00  1.694350E-02  9.844920E-04 -1.941495E-19 -5.583366E-01  0.000000E+00
  6.208691E-01  6.337917E-02  5.000000E-01  1.318494E-01  1.325298E-02  0.000000E+00  1.702949E-02  1.027278E-03 -5.016720E-19 -5.606295E-01  0.000000E+00
  5.880524E-01  6.135908E-02  5.000000E-01  1.248799E-01  1.282396E-02  0.000000E+00  1.710541E-02  1.073168E-03 -9.541377E-19 -5.628075E-01  0.000000E+00
  5.552711E-01  5.925894E-02  5.000000E-01  1.179180E-01  1.237794E-02  0.000000E+00  1.716743E-02  1.121362E-03 -2.324510E-18 -5.650457E-01  0.000000E+00
  5.225283E-01  5.707440E-02  5.000000E-01  1.109642E-01  1.191400E-02  0.000000E+00  1.721541E-02  1.171430E-03 -2.902601E-18 -5.675850E-01  0.000000E+00
  4.898261E-01  5.480102E-02  5.000000E-01  1.040191E-01  1.143119E-02  0.000000E+00  1.725076E-02  1.222942E-03 -2.284878E-18 -5.707589E-01  0.000000E+00
  4.571624E-01  5.243569E-02  5.000000E-01  9.708209E-02  1.092885E-02  0.000000E+00  1.727501E-02  1.275044E-03 -2.180147E-18 -5.750289E-01  0.000000E+00
  4.245350E-01  4.997695E-02  5.000000E-01  9.015283E-02  1.040668E-02  0.000000E+00  1.728921E-02  1.326549E-03 -2.486201E-18 -5.809393E-01  0.000000E+00
  3.919369E-01  4.742572E-02  5.000000E-01  8.322981E-02  9.864856E-03  0.000000E+00  1.729346E-02  1.376455E-03 -1.882021E-18 -5.889648E-01  0.000000E+00
  3.593832E-01  4.478570E-02  5.000000E-01  7.631620E-02  9.304182E-03  0.000000E+00  1.728580E-02  1.425253E-03 -2.219219E-18 -5.992443E-01  0.000000E+00
  3.269046E-01  4.205858E-02  5.000000E-01  6.941854E-02  8.725009E-03  0.000000E+00  1.725898E-02  1.475483E-03 -1.018369E-17 -6.114809E-01  0.000000E+00
  2.945750E-01  3.924139E-02  5.000000E-01  6.255253E-02  8.126707E-03  0.000000E+00  1.719699E-02  1.529920E-03 -3.179666E-17 -6.252923E-01  0.000000E+00
  2.624265E-01  3.631875E-02  5.000000E-01  5.572497E-02  7.506010E-03  0.000000E+00  1.707608E-02  1.586055E-03 -5.035190E-17 -6.411026E-01  0.000000E+00
  2.304268E-01  3.327901E-02  5.000000E-01  4.892903E-02  6.860444E-03  0.000000E+00  1.688490E-02  1.638179E-03  2.146222E-17 -6.603762E-01  0.000000E+00
  1.986088E-01  3.012392E-02  5.000000E-01  4.217166E-02  6.190380E-03  0.000000E+00  1.664969E-02  1.683210E-03  3.714659E-16 -6.854198E-01  0.000000E+00
  1.669282E-01  2.685060E-02  5.000000E-01  3.544349E-02  5.495207E-03  0.000000E+00  1.643619E-02  1.711276E-03  1.148009E-15 -7.203036E-01  0.000000E+00
  1.350509E-01  2.349106E-02  5.000000E-01  2.867354E-02  4.781723E-03  0.000000E+00  1.639213E-02  1.743184E-03  1.869312E-15 -7.669136E-01  0.000000E+00
  1.043791E-01  2.020351E-02  5.000000E-01  2.215959E-02  4.083529E-03  0.000000E+00  1.675169E-02  1.879589E-03  5.712723E-16 -8.203268E-01  0.000000E+00
  7.632629E-02  1.691882E-02  5.000000E-01  1.620187E-02  3.385942E-03  0.000000E+00  1.759437E-02  2.178048E-03 -5.062370E-15 -8.809084E-01  0.000000E+00
  5.118571E-02  1.362270E-02  5.000000E-01  1.086263E-02  2.685926E-03  0.000000E+00  1.891568E-02  2.673804E-03 -1.010373E-14 -9.521466E-01  0.000000E+00
  3.264831E-02  1.083351E-02  5.000000E-01  6.925739E-03  2.093572E-03  0.000000E+00  2.109220E-02  3.635098E-03  1.027557E-14 -1.020807E+00  0.000000E+00
  2.051015E-02  8.519762E-03  5.000000E-01  4.347893E-03  1.602188E-03  0.000000E+00  2.460507E-02  5.388164E-03  9.555050E-14 -1.078022E+00  0.000000E+00
  1.247723E-02  6.554881E-03  5.000000E-01  2.641898E-03  1.184895E-03  0.000000E+00  3.048192E-02  8.416288E-03  2.497870E-13 -1.135405E+00  0.000000E+00
  7.055255E-03  4.905615E-03  5.000000E-01  1.490404E-03  8.346316E-04  0.000000E+00  4.232445E-02  1.504870E-02  3.454397E-13 -1.186187E+00  0.000000E+00
  3.418635E-03  3.481215E-03  5.000000E-01  7.180754E-04  5.321241E-04  0.000000E+00  6.405679E-02  3.179982E-02  8.658924E-14 -1.163431E+00  0.000000E+00
  1.108798E-03  2.179327E-03  5.000000E-01  2.275226E-04  2.556350E-04  0.000000E+00  7.597287E-02  6.577225E-02 -5.255912E-13 -8.819579E-01  0.000000E+00
  3.747479E-05  9.756328E-04  5.000000E-01  0.000000E+00  0.000000E+00  0.000000E+00  2.593541E-02  1.085182E-01 -9.277401E-13  1.384673E-01  0.000000E+00
  3.747479E-05  9.756328E-04  5.000000E-01  0.000000E+00  0.000000E+00  0.000000E+00  2.593541E-02  1.085182E-01 -9.277401E-13  1.384673E-01  0.000000E+00
  2.534065E-04 -2.163619E-04  5.000000E-01  4.585858E-05 -2.531504E-04  0.000000E+00 -2.930371E-02  7.895536E-02 -7.184617E-13  1.112052E+00  0.000000E+00
  1.848580E-03 -1.442358E-03  5.000000E-01  3.846343E-04 -5.135218E-04  0.000000E+00 -2.283126E-02  1.610363E-02 -3.303640E-13  1.187992E+00  0.000000E+00
  4.867645E-03 -2.698139E-03  5.000000E-01  1.025809E-03 -7.802189E-04  0.000000E+00 -9.631416E-04  7.054129E-04 -1.245547E-13  1.009692E+00  0.000000E+00
  9.380877E-03 -4.034925E-03  5.000000E-01  1.984309E-03 -1.064119E-03  0.000000E+00  1.100588E-02 -2.784538E-03  3.108520E-15  9.031004E-01  0.000000E+00
  1.589077E-02 -5.542007E-03  5.000000E-01  3.366850E-03 -1.384187E-03  0.000000E+00  1.528360E-02 -3.155570E-03  5.727836E-14  8.138219E-01  0.000000E+00
  2.547297E-02 -7.311814E-03  5.000000E-01  5.401873E-03 -1.760050E-03  0.000000E+00  1.567489E-02 -2.602566E-03  5.099318E-14  7.247845E-01  0.000000E+00
  3.989163E-02 -9.426356E-03  5.000000E-01  8.464043E-03 -2.209127E-03  0.000000E+00  1.463738E-02 -1.937823E-03  2.265452E-14  6.414764E-01  0.000000E+00
  6.092142E-02 -1.188214E-02  5.000000E-01  1.293025E-02 -2.730674E-03  0.000000E+00  1.349345E-02 -1.468208E-03  2.371790E-15  5.724177E-01  0.000000E+00
  8.832839E-02 -1.462460E-02  5.000000E-01  1.875082E-02 -3.313105E-03  0.000000E+00  1.274467E-02 -1.231006E-03 -3.716915E-15  5.208983E-01  0.000000E+00
  1.189914E-01 -1.747731E-02  5.000000E-01  2.526288E-02 -3.918952E-03  0.000000E+00  1.243805E-02 -1.144632E-03 -2.703569E-15  4.823799E-01  0.000000E+00
  1.511926E-01 -2.041185E-02  5.000000E-01  3.210163E-02 -4.542176E-03  0.000000E+00  1.246843E-02 -1.139187E-03 -8.570313E-16  4.515420E-01  0.000000E+00
  1.838450E-01 -2.340847E-02  5.000000E-01  3.903620E-02 -5.178584E-03  0.000000E+00  1.269752E-02 -1.166626E-03 -1.738919E-17  4.238890E-01  0.000000E+00
  2.165049E-01 -2.641960E-02  5.000000E-01  4.597235E-02 -5.818075E-03  0.000000E+00  1.299656E-02 -1.192934E-03  1.245828E-16  3.972075E-01  0.000000E+00
  2.491496E-01 -2.940712E-02  5.000000E-01  5.290529E-02 -6.452550E-03  0.000000E+00  1.328220E-02 -1.208365E-03  6.538927E-17  3.725845E-01  0.000000E+00
  2.819003E-01 -3.237145E-02  5.000000E-01  5.986073E-02 -7.082101E-03  0.000000E+00  1.351912E-02 -1.217595E-03  1.386886E-17  3.514077E-01  0.000000E+00
  3.147601E-01 -3.531963E-02  5.000000E-01  6.683936E-02 -7.708221E-03  0.000000E+00  1.370196E-02 -1.225340E-03 -1.331498E-18  3.333170E-01  0.000000E+00
  3.477303E-01 -3.826280E-02  5.000000E-01  7.384142E-02 -8.333279E-03  0.000000E+00  1.384019E-02 -1.234030E-03 -2.876691E-18  3.171037E-01  0.000000E+00
  3.807756E-01 -4.121042E-02  5.000000E-01  8.085941E-02 -8.959281E-03  0.000000E+00  1.394552E-02 -1.242855E-03 -1.176867E-18  3.016885E-01  0.000000E+00
  4.138291E-01 -4.415863E-02  5.000000E-01  8.787917E-02 -9.585409E-03  0.000000E+00  1.402447E-02 -1.248160E-03  1.484880E-18  2.864745E-01  0.000000E+00
  4.468689E-01 -4.709726E-02  5.000000E-01  9.489601E-02 -1.020950E-02  0.000000E+00  1.408051E-02 -1.248166E-03  1.779180E-18  2.715740E-01  0.000000E+00
  4.799091E-01 -5.002037E-02  5.000000E-01  1.019129E-01 -1.083030E-02  0.000000E+00  1.411739E-02 -1.244068E-03  7.320552E-19  2.574149E-01  0.000000E+00
  5.129612E-01 -5.292552E-02  5.000000E-01  1.089324E-01 -1.144728E-02  0.000000E+00  1.413954E-02 -1.237854E-03  9.164527E-19  2.442034E-01  0.000000E+00
  5.460360E-01 -5.581363E-02  5.000000E-01  1.159567E-01 -1.206064E-02  0.000000E+00  1.415190E-02 -1.231246E-03  7.728205E-19  2.318550E-01  0.000000E+00
  5.791347E-01 -5.868705E-02  5.000000E-01  1.229860E-01 -1.267089E-02  0.000000E+00  1.415945E-02 -1.225272E-03  3.311680E-19  2.201358E-01  0.000000E+00
  6.122565E-01 -6.154833E-02  5.000000E-01  1.300203E-01 -1.327855E-02  0.000000E+00  1.416689E-02 -1.220454E-03  1.374585E-18  2.088154E-01  0.000000E+00
  6.454013E-01 -6.440016E-02  5.000000E-01  1.370594E-01 -1.388421E-02  0.000000E+00  1.417884E-02 -1.217325E-03  1.046927E-18  1.977403E-01  0.000000E+00
  6.785693E-01 -6.724589E-02  5.000000E-01  1.441035E-01 -1.448858E-02  0.000000E+00  1.419942E-02 -1.216373E-03  7.027449E-19  1.867908E-01  0.000000E+00
  7.117575E-01 -7.008877E-02  5.000000E-01  1.511518E-01 -1.509233E-02  0.000000E+00  1.423122E-02 -1.217440E-03  5.987322E-19  1.758074E-01  0.000000E+00
  7.449560E-01 -7.292951E-02  5.000000E-01  1.582024E-01 -1.569564E-02  0.000000E+00  1.427480E-02 -1.219596E-03  4.262691E-20  1.646134E-01  0.000000E+00
  7.781569E-01 -7.576620E-02  5.000000E-01  1.652534E-01 -1.629808E-02  0.000000E+00  1.432927E-02 -1.221758E-03  1.941411E-19  1.531107E-01  0.000000E+00
  8.113578E-01 -7.859556E-02  5.000000E-01  1.723045E-01 -1.689897E-02  0.000000E+00  1.439314E-02 -1.223154E-03  1.098611E-19  1.413041E-01  0.000000E+00
  8.445597E-01 -8.141360E-02  5.000000E-01  1.793558E-01 -1.749745E-02  0.000000E+00  1.446464E-02 -1.223267E-03  5.061789E-19  1.292474E-01  0.000000E+00
  8.777625E-01 -8.421581E-02  5.000000E-01  1.864072E-01 -1.809257E-02  0.000000E+00  1.454115E-02 -1.221381E-03  9.613349E-19  1.169738E-01  0.000000E+00
  9.109638E-01 -8.699575E-02  5.000000E-01  1.934584E-01 -1.868296E-02  0.000000E+00  1.461909E-02 -1.216599E-03 -2.169808E-20  1.045149E-01  0.000000E+00
  9.441676E-01 -8.974657E-02  5.000000E-01  2.005100E-01 -1.926717E-02  0.000000E+00  1.469445E-02 -1.208173E-03 -3.559909E-19  9.196043E-02  0.000000E+00
  9.773746E-01 -9.246064E-02  5.000000E-01  2.075624E-01 -1.984357E-02  0.000000E+00  1.476330E-02 -1.195270E-03  9.777446E-19  7.942181E-02  0.000000E+00
  1.010583E+00 -9.512835E-02  5.000000E-01  2.146150E-01 -2.041012E-02  0.000000E+00  1.482344E-02 -1.177995E-03  2.032018E-18  6.708042E-02  0.000000E+00
  1.043798E+00 -9.774357E-02  5.000000E-01  2.216690E-01 -2.096553E-02  0.000000E+00  1.487566E-02 -1.157943E-03  1.439524E-18  5.516829E-02  0.000000E+00
  1.077015E+00 -1.003039E-01  5.000000E-01  2.287236E-01 -2.150929E-02  0.000000E+00  1.492189E-02 -1.136413E-03  3.378536E-19  4.374895E-02  0.000000E+00
  1.110238E+00 -1.028081E-01  5.000000E-01  2.357793E-01 -2.204112E-02  0.000000E+00  1.496350E-02 -1.113644E-03  6.261978E-20  3.270118E-02  0.000000E+00
  1.143462E+00 -1.052539E-01  5.000000E-01  2.428354E-01 -2.256053E-02  0.000000E+00  1.500161E-02 -1.089816E-03  5.296335E-19  2.191938E-02  0.000000E+00
  1.176693E+00 -1.076404E-01  5.000000E-01  2.498927E-01 -2.306739E-02  0.000000E+00  1.503713E-02 -1.065172E-03  1.276360E-18  1.136633E-02  0.000000E+00
  1.209925E+00 -1.099665E-01  5.000000E-01  2.569505E-01 -2.356138E-02  0.000000E+00  1.507008E-02 -1.039487E-03  1.829592E-18  1.005943E-03  0.000000E+00
  1.243158E+00 -1.122297E-01  5.000000E-01  2.640083E-01 -2.404202E-02  0.000000E+00  1.510024E-02 -1.012768E-03  1.534128E-18 -9.144669E-03  0.000000E+00
  1.276395E+00 -1.144292E-01  5.000000E-01  2.710670E-01 -2.450914E-02  0.000000E+00  1.512739E-02 -9.851636E-04  2.198664E-19 -1.904744E-02  0.000000E+00
  1.309630E+00 -1.165633E-01  5.000000E-01  2.781253E-01 -2.496237E-02  0.000000E+00  1.515097E-02 -9.565495E-04  2.724975E-19 -2.870347E-02  0.000000E+00
  1.342868E+00 -1.186305E-01  5.000000E-01  2.851842E-01 -2.540140E-02  0.000000E+00  1.517104E-02 -9.272804E-04  6.582707E-19 -3.807632E-02  0.000000E+00
  1.376108E+00 -1.206311E-01  5.000000E-01  2.922436E-01 -2.582628E-02  0.000000E+00  1.518771E-02 -8.975183E-04  2.991851E-19 -4.716583E-02  0.000000E+00
  1.409347E+00 -1.225637E-01  5.000000E-01  2.993027E-01 -2.623672E-02  0.000000E+00  1.520122E-02 -8.673056E-04 -1.790783E-19 -5.599714E-02  0.000000E+00
  1.442589E+00 -1.244287E-01  5.000000E-01  3.063625E-01 -2.663280E-02  0.000000E+00  1.521249E-02 -8.370257E-04 -2.098773E-19 -6.456781E-02  0.000000E+00
  1.475831E+00 -1.262264E-01  5.000000E-01  3.134222E-01 -2.701458E-02  0.000000E+00  1.522270E-02 -8.068416E-04  4.040009E-19 -7.291177E-02  0.000000E+00
  1.509072E+00 -1.279571E-01  5.000000E-01  3.204819E-01 -2.738214E-02  0.000000E+00  1.523330E-02 -7.768687E-04 -6.120235E-21 -8.108353E-02  0.000000E+00
  1.542314E+00 -1.296214E-01  5.000000E-01  3.275416E-01 -2.773561E-02  0.000000E+00  1.524621E-02 -7.474942E-04 -2.288660E-19 -8.912089E-02  0.000000E+00
  1.575558E+00 -1.312213E-01  5.000000E-01  3.346018E-01 -2.807539E-02  0.000000E+00  1.526269E-02 -7.186798E-04 -5.019632E-20 -9.710476E-02  0.000000E+00
  1.608800E+00 -1.327568E-01  5.000000E-01  3.416615E-01 -2.840147E-02  0.000000E+00  1.528271E-02 -6.898274E-04 -2.989713E-19 -1.051434E-01  0.000000E+00
  1.642044E+00 -1.342271E-01  5.000000E-01  3.487219E-01 -2.871374E-02  0.000000E+00  1.530549E-02 -6.604462E-04 -2.447210E-19 -1.132776E-01  0.000000E+00
  1.675286E+00 -1.356304E-01  5.000000E-01  3.557816E-01 -2.901176E-02  0.000000E+00  1.532975E-02 -6.301842E-04 -1.978874E-19 -1.214837E-01  0.000000E+00
  1.708526E+00 -1.369647E-01  5.000000E-01  3.628410E-01 -2.929514E-02  0.000000E+00  1.535405E-02 -5.988449E-04 -3.604159E-19 -1.296959E-01  0.000000E+00
  1.741762E+00 -1.382278E-01  5.000000E-01  3.698996E-01 -2.956339E-02  0.000000E+00  1.537669E-02 -5.661264E-04 -4.591029E-19 -1.378596E-01  0.000000E+00
  1.774995E+00 -1.394165E-01  5.000000E-01  3.769573E-01 -2.981585E-02  0.000000E+00  1.539659E-02 -5.321360E-04 -4.691266E-19 -1.458905E-01  0.000000E+00
  1.808227E+00 -1.405296E-01  5.000000E-01  3.840150E-01 -3.005223E-02  0.000000E+00  1.541289E-02 -4.969792E-04 -5.266870E-19 -1.537229E-01  0.000000E+00
  1.841453E+00 -1.415641E-01  5.000000E-01  3.910714E-01 -3.027194E-02  0.000000E+00  1.542448E-02 -4.604944E-04 -4.118957E-19 -1.613324E-01  0.000000E+00
  1.874678E+00 -1.425181E-01  5.000000E-01  3.981276E-01 -3.047454E-02  0.000000E+00  1.543047E-02 -4.227860E-04 -1.017618E-20 -1.686642E-01  0.000000E+00
  1.907900E+00 -1.433893E-01  5.000000E-01  4.051830E-01 -3.065957E-02  0.000000E+00  1.542987E-02 -3.838699E-04  1.816496E-19 -1.756651E-01  0.000000E+00
  1.941118E+00 -1.441756E-01  5.000000E-01  4.122377E-01 -3.082656E-02  0.000000E+00  1.542151E-02 -3.437450E-04  2.646738E-20 -1.822782E-01  0.000000E+00
  1.974334E+00 -1.448747E-01  5.000000E-01  4.192920E-01 -3.097503E-02  0.000000E+00  1.540439E-02 -3.026691E-04 -1.245692E-19 -1.884177E-01  0.000000E+00
  2.007549E+00 -1.454854E-01  5.000000E-01  4.263460E-01 -3.110472E-02  0.000000E+00  1.537715E-02 -2.607359E-04 -3.035192E-19 -1.940150E-01  0.000000E+00
  2.040760E+00 -1.460056E-01  5.000000E-01  4.333993E-01 -3.121520E-02  0.000000E+00  1.533817E-02 -2.178843E-04 -2.955674E-19 -1.990134E-01  0.000000E+00
  2.073970E+00 -1.464334E-01  5.000000E-01  4.404522E-01 -3.130605E-02  0.000000E+00  1.528644E-02 -1.743693E-04 -1.422046E-19 -2.033189E-01  0.000000E+00
  2.107177E+00 -1.467676E-01  5.000000E-01  4.475046E-01 -3.137702E-02  0.000000E+00  1.522185E-02 -1.305484E-04 -1.475957E-19 -2.068416E-01  0.000000E+00
  2.140379E+00 -1.470072E-01  5.000000E-01  4.545558E-01 -3.142791E-02  0.000000E+00  1.514557E-02 -8.714535E-05 -1.142283E-19 -2.094928E-01  0.000000E+00
  2.173577E+00 -1.471538E-01  5.000000E-01  4.616063E-01 -3.145905E-02  0.000000E+00  1.505909E-02 -4.463317E-05 -3.502029E-20 -2.112589E-01  0.000000E+00
  2.206768E+00 -1.472082E-01  5.000000E-01  4.686553E-01 -3.147060E-02  0.000000E+00  1.496317E-02 -3.010581E-06 -6.181510E-20 -2.122027E-01  0.000000E+00
  2.239954E+00 -1.471714E-01  5.000000E-01  4.757033E-01 -3.146278E-02  0.000000E+00  1.485788E-02  3.769831E-05 -9.214277E-20 -2.123755E-01  0.000000E+00
  2.273134E+00 -1.470439E-01  5.000000E-01  4.827499E-01 -3.143572E-02  0.000000E+00  1.474263E-02  7.743930E-05 -9.707415E-20 -2.117936E-01  0.000000E+00
  2.306309E+00 -1.468269E-01  5.000000E-01  4.897953E-01 -3.138962E-02  0.000000E+00  1.461649E-02  1.161501E-04 -1.155384E-19 -2.104410E-01  0.000000E+00
  2.339476E+00 -1.465208E-01  5.000000E-01  4.968392E-01 -3.132461E-02  0.000000E+00  1.447870E-02  1.538567E-04 -1.056160E-19 -2.083028E-01  0.000000E+00
  2.372638E+00 -1.461259E-01  5.000000E-01  5.038821E-01 -3.124075E-02  0.000000E+00  1.433049E-02  1.899476E-04 -7.877959E-20 -2.053210E-01  0.000000E+00
  2.405805E+00 -1.456452E-01  5.000000E-01  5.109259E-01 -3.113867E-02  0.000000E+00  1.417526E-02  2.234766E-04  1.472577E-21 -2.014652E-01  0.000000E+00
  2.438976E+00 -1.450837E-01  5.000000E-01  5.179706E-01 -3.101942E-02  0.000000E+00  1.401666E-02  2.542180E-04  1.856283E-19 -1.968630E-01  0.000000E+00
  2.472150E+00 -1.444457E-01  5.000000E-01  5.250160E-01 -3.088392E-02  0.000000E+00  1.385796E-02  2.823015E-04  2.220820E-19 -1.917197E-01  0.000000E+00
  2.505329E+00 -1.437358E-01  5.000000E-01  5.320624E-01 -3.073316E-02  0.000000E+00  1.370217E-02  3.077555E-04 -1.123530E-19 -1.862102E-01  0.000000E+00
  2.538512E+00 -1.429590E-01  5.000000E-01  5.391097E-01 -3.056818E-02  0.000000E+00  1.355166E-02  3.307680E-04 -3.819586E-19 -1.804886E-01  0.000000E+00
  2.571700E+00 -1.421196E-01  5.000000E-01  5.461580E-01 -3.038991E-02  0.000000E+00  1.340840E-02  3.513789E-04 -3.161224E-19 -1.746571E-01  0.000000E+00
  2.604894E+00 -1.412232E-01  5.000000E-01  5.532074E-01 -3.019953E-02  0.000000E+00  1.327359E-02  3.697463E-04 -3.179675E-19 -1.688079E-01  0.000000E+00
  2.638090E+00 -1.402740E-01  5.000000E-01  5.602575E-01 -2.999796E-02  0.000000E+00  1.314716E-02  3.863439E-04 -2.664371E-19 -1.630452E-01  0.000000E+00
  2.671292E+00 -1.392758E-01  5.000000E-01  5.673087E-01 -2.978595E-02  0.000000E+00  1.302837E-02  4.015940E-04  1.346572E-19 -1.574326E-01  0.000000E+00
  2.704497E+00 -1.382308E-01  5.000000E-01  5.743608E-01 -2.956403E-02  0.000000E+00  1.291642E-02  4.156916E-04  2.884986E-19 -1.519740E-01  0.000000E+00
  2.737708E+00 -1.371420E-01  5.000000E-01  5.814140E-01 -2.933278E-02  0.000000E+00  1.281082E-02  4.287019E-04  3.243358E-20 -1.466454E-01  0.000000E+00
  2.770923E+00 -1.360116E-01  5.000000E-01  5.884680E-01 -2.909273E-02  0.000000E+00  1.271131E-02  4.407272E-04  1.906853E-20 -1.414411E-01  0.000000E+00
  2.804143E+00 -1.348422E-01  5.000000E-01  5.955231E-01 -2.884437E-02  0.000000E+00  1.261790E-02  4.517688E-04  2.360600E-19 -1.363606E-01  0.000000E+00
  2.837367E+00 -1.336364E-01  5.000000E-01  6.025790E-01 -2.858828E-02  0.000000E+00  1.253050E-02  4.619238E-04  4.182732E-19 -1.314238E-01  0.000000E+00
  2.870594E+00 -1.323962E-01  5.000000E-01  6.096357E-01 -2.832490E-02  0.000000E+00  1.244862E-02  4.713704E-04  6.725084E-19 -1.266542E-01  0.000000E+00
  2.903823E+00 -1.311237E-01  5.000000E-01  6.166926E-01 -2.805466E-02  0.000000E+00  1.237117E-02  4.804538E-04  4.035761E-19 -1.220788E-01  0.000000E+00
  2.937051E+00 -1.298189E-01  5.000000E-01  6.237496E-01 -2.777755E-02  0.000000E+00  1.229722E-02  4.892217E-04 -2.432087E-19 -1.176686E-01  0.000000E+00
  2.970283E+00 -1.284833E-01  5.000000E-01  6.308072E-01 -2.749389E-02  0.000000E+00  1.222619E-02  4.975577E-04 -4.012621E-19 -1.133697E-01  0.000000E+00
  3.003515E+00 -1.271177E-01  5.000000E-01  6.378649E-01 -2.720388E-02  0.000000E+00  1.215754E-02  5.055321E-04 -5.077562E-19 -1.091650E-01  0.000000E+00
  3.036751E+00 -1.257230E-01  5.000000E-01  6.449232E-01 -2.690768E-02  0.000000E+00  1.209109E-02  5.130472E-04 -4.888952E-19 -1.050337E-01  0.000000E+00
  3.069988E+00 -1.243008E-01  5.000000E-01  6.519820E-01 -2.660563E-02  0.000000E+00  1.202646E-02  5.202147E-04 -3.908138E-19 -1.009955E-01  0.000000E+00
  3.103226E+00 -1.228511E-01  5.000000E-01  6.590410E-01 -2.629776E-02  0.000000E+00  1.196376E-02  5.269574E-04 -3.879395E-19 -9.703908E-02  0.000000E+00
  3.136469E+00 -1.213761E-01  5.000000E-01  6.661010E-01 -2.598449E-02  0.000000E+00  1.190334E-02  5.332560E-04 -3.606641E-19 -9.316176E-02  0.000000E+00
  3.169712E+00 -1.198762E-01  5.000000E-01  6.731611E-01 -2.566595E-02  0.000000E+00  1.184571E-02  5.391113E-04 -9.123847E-20 -8.938789E-02  0.000000E+00
  3.202960E+00 -1.183535E-01  5.000000E-01  6.802220E-01 -2.534257E-02  0.000000E+00  1.179181E-02  5.443785E-04 -1.654903E-20 -8.572663E-02  0.000000E+00
  3.236210E+00 -1.168097E-01  5.000000E-01  6.872835E-01 -2.501472E-02  0.000000E+00  1.174263E-02  5.490869E-04 -1.984556E-19 -8.220872E-02  0.000000E+00
  3.269464E+00 -1.152472E-01  5.000000E-01  6.943459E-01 -2.468288E-02  0.000000E+00  1.169884E-02  5.533697E-04 -2.363819E-20 -7.888897E-02  0.000000E+00
  3.302721E+00 -1.136673E-01  5.000000E-01  7.014089E-01 -2.434733E-02  0.000000E+00  1.166056E-02  5.575365E-04 -5.975041E-20 -7.584161E-02  0.000000E+00
  3.335981E+00 -1.120704E-01  5.000000E-01  7.084724E-01 -2.400819E-02  0.000000E+00  1.162812E-02  5.616632E-04 -4.784924E-19 -7.308529E-02  0.000000E+00
  3.369247E+00 -1.104573E-01  5.000000E-01  7.155373E-01 -2.366562E-02  0.000000E+00  1.160243E-02  5.656599E-04 -3.679820E-19 -7.059115E-02  0.000000E+00
  3.402518E+00 -1.088299E-01  5.000000E-01  7.226033E-01 -2.332001E-02  0.000000E+00  1.158394E-02  5.697993E-04  1.267325E-19 -6.841305E-02  0.000000E+00
  3.435792E+00 -1.071876E-01  5.000000E-01  7.296699E-01 -2.297121E-02  0.000000E+00  1.157283E-02  5.743037E-04  8.063877E-21 -6.661595E-02  0.000000E+00
  3.469073E+00 -1.055306E-01  5.000000E-01  7.367379E-01 -2.261931E-02  0.000000E+00  1.156958E-02  5.793069E-04 -3.588167E-19 -6.522034E-02  0.000000E+00
  3.502353E+00 -1.038583E-01  5.000000E-01  7.438057E-01 -2.226415E-02  0.000000E+00  1.157489E-02  5.850274E-04 -3.681499E-19 -6.425971E-02  0.000000E+00
  3.535630E+00 -1.021701E-01  5.000000E-01  7.508729E-01 -2.190563E-02  0.000000E+00  1.159023E-02  5.916454E-04 -2.106622E-19 -6.377191E-02  0.000000E+00
  3.568904E+00 -1.004646E-01  5.000000E-01  7.579395E-01 -2.154342E-02  0.000000E+00  1.161817E-02  5.997315E-04 -4.397741E-19 -6.382834E-02  0.000000E+00
  3.602176E+00 -9.873855E-02  5.000000E-01  7.650057E-01 -2.117684E-02  0.000000E+00  1.166273E-02  6.099609E-04 -4.347404E-19 -6.449426E-02  0.000000E+00
  3.635446E+00 -9.698812E-02  5.000000E-01  7.720714E-01 -2.080509E-02  0.000000E+00  1.172811E-02  6.228090E-04 -6.341350E-20 -6.584539E-02  0.000000E+00
  3.668713E+00 -9.520882E-02  5.000000E-01  7.791365E-01 -2.042721E-02  0.000000E+00  1.181568E-02  6.383076E-04  2.943406E-20 -6.791237E-02  0.000000E+00
  3.701976E+00 -9.339742E-02  5.000000E-01  7.862009E-01 -2.004252E-02  0.000000E+00  1.191809E-02  6.577164E-04  5.725017E-20 -7.071969E-02  0.000000E+00
  3.735241E+00 -9.154209E-02  5.000000E-01  7.932655E-01 -1.964849E-02  0.000000E+00  1.201211E-02  6.865560E-04  1.215625E-18 -7.448922E-02  0.000000E+00
  3.768500E+00 -8.960078E-02  5.000000E-01  8.003289E-01 -1.923620E-02  0.000000E+00  1.206621E-02  7.292176E-04  1.521777E-18 -7.880012E-02  0.000000E+00
  3.801751E+00 -8.752666E-02  5.000000E-01  8.073904E-01 -1.879571E-02  0.000000E+00  1.205502E-02  7.834408E-04  1.184593E-18 -8.212804E-02  0.000000E+00
  3.834989E+00 -8.528208E-02  5.000000E-01  8.144495E-01 -1.831902E-02  0.000000E+00  1.196431E-02  8.432101E-04  8.967362E-19 -8.281150E-02  0.000000E+00
  3.868211E+00 -8.284426E-02  5.000000E-01  8.215050E-01 -1.780128E-02  0.000000E+00  1.179005E-02  9.028515E-04  1.481393E-18 -7.989706E-02  0.000000E+00
  3.901422E+00 -8.019593E-02  5.000000E-01  8.285582E-01 -1.723884E-02  0.000000E+00  1.153694E-02  9.579918E-04  2.217986E-18 -7.316440E-02  0.000000E+00
  3.934617E+00 -7.733058E-02  5.000000E-01  8.356079E-01 -1.663031E-02  0.000000E+00  1.121647E-02  1.005073E-03  9.113405E-19 -6.279373E-02  0.000000E+00
  3.967800E+00 -7.424802E-02  5.000000E-01  8.426552E-01 -1.597566E-02  0.000000E+00  1.084215E-02  1.041908E-03 -1.768313E-19 -4.923495E-02  0.000000E+00
  4.000972E+00 -7.095348E-02  5.000000E-01  8.497001E-01 -1.527598E-02  0.000000E+00  1.042612E-02  1.067505E-03 -3.593066E-19 -3.298350E-02  0.000000E+00
  4.034139E+00 -6.745492E-02  5.000000E-01  8.567440E-01 -1.453297E-02  0.000000E+00  9.975823E-03  1.082341E-03  1.083088E-19 -1.454628E-02  0.000000E+00
  4.067311E+00 -6.375473E-02  5.000000E-01  8.637890E-01 -1.374714E-02  0.000000E+00  9.493618E-03  1.086974E-03 -9.733639E-19  5.699225E-03  0.000000E+00
  4.100488E+00 -5.985619E-02  5.000000E-01  8.708348E-01 -1.291918E-02  0.000000E+00  8.978962E-03  1.080721E-03 -1.257953E-18  2.765093E-02  0.000000E+00
  4.133669E+00 -5.576487E-02  5.000000E-01  8.778818E-01 -1.205029E-02  0.000000E+00  8.429519E-03  1.062646E-03 -1.915431E-18  5.126092E-02  0.000000E+00
  4.166856E+00 -5.148577E-02  5.000000E-01  8.849299E-01 -1.114151E-02  0.000000E+00  7.843974E-03  1.032094E-03 -2.298467E-18  7.645403E-02  0.000000E+00
  4.200049E+00 -4.702630E-02  5.000000E-01  8.919793E-01 -1.019443E-02  0.000000E+00  7.225874E-03  9.890731E-04  4.264656E-19  1.030702E-01  0.000000E+00
  4.233242E+00 -4.239374E-02  5.000000E-01  8.990286E-01 -9.210590E-03  0.000000E+00  6.587981E-03  9.335237E-04  1.216708E-18  1.309417E-01  0.000000E+00
  4.266405E+00 -3.761780E-02  5.000000E-01  9.060715E-01 -8.196296E-03  0.000000E+00  5.954190E-03  8.648858E-04 -4.741968E-19  1.598894E-01  0.000000E+00
  4.299502E+00 -3.276455E-02  5.000000E-01  9.131007E-01 -7.165586E-03  0.000000E+00  5.354848E-03  7.847189E-04 -3.331235E-19  1.893527E-01  0.000000E+00
  4.332522E+00 -2.793042E-02  5.000000E-01  9.201132E-01 -6.138935E-03  0.000000E+00  4.817520E-03  6.985160E-04  5.890405E-19  2.180650E-01  0.000000E+00
  4.365472E+00 -2.320810E-02  5.000000E-01  9.271110E-01 -5.136030E-03  0.000000E+00  4.362035E-03  6.128535E-04  1.178452E-18  2.446349E-01  0.000000E+00
  4.398350E+00 -1.869417E-02  5.000000E-01  9.340935E-01 -4.177382E-03  0.000000E+00  4.002404E-03  5.321778E-04  8.303588E-19  2.683302E-01  0.000000E+00
  4.431155E+00 -1.448677E-02  5.000000E-01  9.410605E-01 -3.283835E-03  0.000000E+00  3.748765E-03  4.583019E-04  6.511638E-19  2.889668E-01  0.000000E+00
  4.463888E+00 -1.069362E-02  5.000000E-01  9.480121E-01 -2.478262E-03  0.000000E+00  3.605070E-03  3.910842E-04  9.131958E-19  3.063006E-01  0.000000E+00
  4.496579E+00 -7.397491E-03  5.000000E-01  9.549550E-01 -1.778246E-03  0.000000E+00  3.563751E-03  3.289696E-04  1.999059E-20  3.201413E-01  0.000000E+00
  4.529252E+00 -4.656135E-03  5.000000E-01  9.618938E-01 -1.196049E-03  0.000000E+00  3.597394E-03  2.697871E-04  1.250822E-19  3.305861E-01  0.000000E+00
  4.561929E+00 -2.494609E-03  5.000000E-01  9.688337E-01 -7.369940E-04  0.000000E+00  3.645361E-03  2.091205E-04  4.136672E-19  3.366894E-01  0.000000E+00
  4.594574E+00 -9.386874E-04  5.000000E-01  9.757666E-01 -4.065546E-04  0.000000E+00  3.620970E-03  1.367006E-04  1.114472E-19  3.380078E-01  0.000000E+00
  4.627203E+00 -8.180807E-06  5.000000E-01  9.826962E-01 -2.089378E-04  0.000000E+00  3.478617E-03  5.534009E-05 -1.806664E-19  3.425969E-01  0.000000E+00
  4.659162E+00  2.784681E-04  5.000000E-01  9.894836E-01 -1.480606E-04  0.000000E+00  3.234191E-03  6.377065E-06  1.073077E-18  3.503043E-01  0.000000E+00
  4.689251E+00 -2.913239E-05  5.000000E-01  9.958737E-01 -2.133874E-04  0.000000E+00  2.790020E-03 -2.111147E-05  5.667529E-18  3.012386E-01  0.000000E+00
  4.708680E+00 -5.286873E-04  5.000000E-01  9.999999E-01 -3.194806E-04  0.000000E+00  2.149485E-03 -1.286219E-04  5.437435E-18  1.732601E-01  0.000000E+00
    1    2
    2    3
    3    4
    4    5
    5    6
    6    7
    7    8
    8    9
    9   10
   10   11
   11   12
   12   13
   13   14
   14   15
   15   16
   16   17
   17   18
   18   19
   19   20
   20   21
   21   22
   22   23
   23   24
   24   25
   25   26
   26   27
   27   28
   28   29
   29   30
   30   31
   31   32
   32   33
   33   34
   34   35
   35   36
   36   37
   37   38
   38   39
   39   40
   40   41
   41   42
   42   43
   43   44
   44   45
   45   46
   46   47
   47   48
   48   49
   49   50
   50   51
   51   52
   52   53
   53   54
   54   55
   55   56
   56   57
   57   58
   58   59
   59   60
   60   61
   61   62
   62   63
   63   64
   64   65
   65   66
   66   67
   67   68
   68   69
   69   70
   70   71
   71   72
   72   73
   73   74
   74   75
   75   76
   76   77
   77   78
   78   79
   79   80
   80   81
   81   82
   82   83
   83   84
   84   85
   85   86
   86   87
   87   88
   88   89
   89   90
   90   91
   91   92
   92   93
   93   94
   94   95
   95   96
   96   97
   97   98
   98   99
   99  100
  100  101
  101  102
  102  103
  103  104
  104  105
  105  106
  106  107
  107  108
  108  109
  109  110
  110  111
  111  112
  112  113
  113  114
  114  115
  115  116
  116  117
  117  118
  118  119
  119  120
  120  121
  121  122
  122  123
  123  124
  124  125
  125  126
  126  127
  127  128
  128  129
  129  130
  130  131
  131  132
  132  133
  133  134
  134  135
  135  136
  136  137
  137  138
  138  139
  139  140
  140  141
  141  142
  142  143
  143  144
  144  145
  145  146
  146  147
  147  148
  148  149
  149  150
  151  152
  152  153
  153  154
  154  155
  155  156
  156  157
  157  158
  158  159
  159  160
  160  161
  161  162
  162  163
  163  164
  164  165
  165  166
  166  167
  167  168
  168  169
  169  170
  170  171
  171  172
  172  173
  173  174
  174  175
  175  176
  176  177
  177  178
  178  179
  179  180
  180  181
  181  182
  182  183
  183  184
  184  185
  185  186
  186  187
  187  188
  188  189
  189  190
  190  191
  191  192
  192  193
  193  194
  194  195
  195  196
  196  197
  197  198
  198  199
  199  200
  200  201
  201  202
  202  203
  203  204
  204  205
  205  206
  206  207
  207  208
  208  209
  209  210
  210  211
  211  212
  212  213
  213  214
  214  215
  215  216
  216  217
  217  218
  218  219
  219  220
  220  221
  221  222
  222  223
  223  224
  224  225
  225  226
  226  227
  227  228
  228  229
  229  230
  230  231
  231  232
  232  233
  233  234
  234  235
  235  236
  236  237
  237  238
  238  239
  239  240
  240  241
  241  242
  242  243
  243  244
  244  245
  245  246
  246  247
  247  248
  248  249
  249  250
  250  251
  251  252
  252  253
  253  254
  254  255
  255  256
  256  257
  257  258
  258  259
  259  260
  260  261
  261  262
  262  263
  263  264
  264  265
  265  266
  266  267
  267  268
  268  269
  269  270
  270  271
  271  272
  272  273
  273  274
  274  275
  275  276
  276  277
  277  278
  278  279
  279  280
  280  281
  281  282
  282  283
  283  284
  284  285
  285  286
  286  287
  287  288
  288  289
  289  290
  290  291
  291  292
  292  293
  293  294
  294  295
  295  296
  296  297
  297  298
  298  299
  299  300
