 Title = "ADflow Slice Data"
Variables =  "CoordinateX"  "CoordinateY"  "CoordinateZ"  "XoC"  "YoC"  "ZoC" "VelocityX" "VelocityY" "VelocityZ" "CoefPressure" "Mach" 
Zone T= "Slice_0001 None Absolute Regular z = 0.50000000"
 Nodes =          300  Elements=          298  ZONETYPE=FELINESEG
 DATAPACKING=POINT
  4.708680E+00  9.895424E-05  5.000000E-01  9.999999E-01 -3.790218E-04  0.000000E+00  2.723244E-03 -2.764461E-04  5.291541E-18  1.240292E-01  0.000000E+00
  4.689187E+00  3.655549E-03  5.000000E-01  9.958601E-01  3.763116E-04  0.000000E+00  1.827923E-03 -2.865689E-04  1.214883E-18  2.716367E-02  0.000000E+00
  4.658673E+00  9.092444E-03  5.000000E-01  9.893796E-01  1.530974E-03  0.000000E+00  1.439211E-03 -2.741939E-04 -2.400374E-19  4.136165E-02  0.000000E+00
  4.626256E+00  1.471707E-02  5.000000E-01  9.824952E-01  2.725506E-03  0.000000E+00  1.269919E-03 -2.212373E-04 -3.046823E-19  3.720124E-02  0.000000E+00
  4.593146E+00  2.032250E-02  5.000000E-01  9.754634E-01  3.915962E-03  0.000000E+00  1.234644E-03 -2.016640E-04 -6.894503E-20  1.798349E-02  0.000000E+00
  4.560031E+00  2.580419E-02  5.000000E-01  9.684306E-01  5.080139E-03  0.000000E+00  1.299401E-03 -2.126089E-04 -1.685788E-19  2.482475E-03  0.000000E+00
  4.526891E+00  3.117759E-02  5.000000E-01  9.613923E-01  6.221317E-03  0.000000E+00  1.405450E-03 -2.266050E-04  3.635447E-19 -1.181128E-02  0.000000E+00
  4.493752E+00  3.644705E-02  5.000000E-01  9.543545E-01  7.340419E-03  0.000000E+00  1.510144E-03 -2.376272E-04  1.971491E-18 -2.825175E-02  0.000000E+00
  4.460612E+00  4.161802E-02  5.000000E-01  9.473164E-01  8.438608E-03  0.000000E+00  1.587922E-03 -2.453950E-04  6.995108E-19 -4.616049E-02  0.000000E+00
  4.427470E+00  4.669476E-02  5.000000E-01  9.402779E-01  9.516781E-03  0.000000E+00  1.621421E-03 -2.466276E-04 -1.366156E-18 -6.562353E-02  0.000000E+00
  4.394325E+00  5.167730E-02  5.000000E-01  9.332387E-01  1.057495E-02  0.000000E+00  1.605326E-03 -2.394748E-04 -5.625110E-19 -8.706601E-02  0.000000E+00
  4.361178E+00  5.656599E-02  5.000000E-01  9.261990E-01  1.161319E-02  0.000000E+00  1.544746E-03 -2.245850E-04  6.643757E-19 -1.087868E-01  0.000000E+00
  4.328027E+00  6.135932E-02  5.000000E-01  9.191586E-01  1.263117E-02  0.000000E+00  1.448709E-03 -2.047237E-04  7.736539E-19 -1.276429E-01  0.000000E+00
  4.294876E+00  6.605377E-02  5.000000E-01  9.121180E-01  1.362816E-02  0.000000E+00  1.340485E-03 -1.860104E-04 -1.137170E-19 -1.445155E-01  0.000000E+00
  4.261727E+00  7.064647E-02  5.000000E-01  9.050782E-01  1.460354E-02  0.000000E+00  1.298961E-03 -1.801065E-04 -4.936765E-19 -1.703434E-01  0.000000E+00
  4.228582E+00  7.513453E-02  5.000000E-01  8.980388E-01  1.555669E-02  0.000000E+00  1.513488E-03 -2.082391E-04  3.842752E-19 -2.236941E-01  0.000000E+00
  4.195443E+00  7.951275E-02  5.000000E-01  8.910010E-01  1.648652E-02  0.000000E+00  2.300620E-03 -3.045924E-04  5.007866E-19 -3.166675E-01  0.000000E+00
  4.162308E+00  8.377538E-02  5.000000E-01  8.839639E-01  1.739179E-02  0.000000E+00  4.016130E-03 -5.079612E-04 -4.137279E-19 -4.410331E-01  0.000000E+00
  4.129179E+00  8.791735E-02  5.000000E-01  8.769281E-01  1.827145E-02  0.000000E+00  6.800971E-03 -8.291676E-04 -4.657036E-19 -5.694526E-01  0.000000E+00
  4.096054E+00  9.193222E-02  5.000000E-01  8.698932E-01  1.912411E-02  0.000000E+00  1.027810E-02 -1.214916E-03  4.754638E-19 -6.719603E-01  0.000000E+00
  4.062934E+00  9.581449E-02  5.000000E-01  8.628592E-01  1.994861E-02  0.000000E+00  1.356793E-02 -1.555553E-03 -4.445159E-19 -7.332081E-01  0.000000E+00
  4.029817E+00  9.955802E-02  5.000000E-01  8.558262E-01  2.074364E-02  0.000000E+00  1.582010E-02 -1.753258E-03 -2.801465E-18 -7.565992E-01  0.000000E+00
  3.996705E+00  1.031571E-01  5.000000E-01  8.487939E-01  2.150799E-02  0.000000E+00  1.677985E-02 -1.788886E-03 -3.002808E-18 -7.555901E-01  0.000000E+00
  3.963594E+00  1.066075E-01  5.000000E-01  8.417620E-01  2.224077E-02  0.000000E+00  1.678765E-02 -1.714138E-03 -3.354291E-18 -7.432228E-01  0.000000E+00
  3.930486E+00  1.099061E-01  5.000000E-01  8.347306E-01  2.294132E-02  0.000000E+00  1.636653E-02 -1.595166E-03 -3.671376E-18 -7.278594E-01  0.000000E+00
  3.897377E+00  1.130509E-01  5.000000E-01  8.276991E-01  2.360919E-02  0.000000E+00  1.589559E-02 -1.475134E-03 -2.805925E-18 -7.139332E-01  0.000000E+00
  3.864269E+00  1.160428E-01  5.000000E-01  8.206677E-01  2.424460E-02  0.000000E+00  1.554390E-02 -1.370810E-03 -1.497870E-18 -7.036227E-01  0.000000E+00
  3.831161E+00  1.188833E-01  5.000000E-01  8.136366E-01  2.484785E-02  0.000000E+00  1.534557E-02 -1.284362E-03 -2.995234E-19 -6.979207E-01  0.000000E+00
  3.798054E+00  1.215782E-01  5.000000E-01  8.066053E-01  2.542019E-02  0.000000E+00  1.528353E-02 -1.213653E-03  1.193351E-19 -6.970109E-01  0.000000E+00
  3.764948E+00  1.241355E-01  5.000000E-01  7.995743E-01  2.596329E-02  0.000000E+00  1.533413E-02 -1.156561E-03 -4.174163E-19 -7.002523E-01  0.000000E+00
  3.731842E+00  1.265669E-01  5.000000E-01  7.925435E-01  2.647966E-02  0.000000E+00  1.547600E-02 -1.111987E-03 -1.329457E-18 -7.062359E-01  0.000000E+00
  3.698737E+00  1.288884E-01  5.000000E-01  7.855129E-01  2.697270E-02  0.000000E+00  1.568642E-02 -1.077050E-03 -1.675339E-18 -7.128174E-01  0.000000E+00
  3.665634E+00  1.311101E-01  5.000000E-01  7.784827E-01  2.744452E-02  0.000000E+00  1.593540E-02 -1.045258E-03 -1.918591E-18 -7.175348E-01  0.000000E+00
  3.632534E+00  1.332291E-01  5.000000E-01  7.714529E-01  2.789454E-02  0.000000E+00  1.618127E-02 -1.010456E-03 -1.634094E-18 -7.186236E-01  0.000000E+00
  3.599434E+00  1.352415E-01  5.000000E-01  7.644234E-01  2.832193E-02  0.000000E+00  1.638040E-02 -9.697328E-04 -4.383207E-19 -7.155400E-01  0.000000E+00
  3.566334E+00  1.371447E-01  5.000000E-01  7.573938E-01  2.872612E-02  0.000000E+00  1.650477E-02 -9.221900E-04  1.073874E-18 -7.086575E-01  0.000000E+00
  3.533236E+00  1.389359E-01  5.000000E-01  7.503646E-01  2.910654E-02  0.000000E+00  1.654842E-02 -8.682647E-04  2.623078E-18 -6.988450E-01  0.000000E+00
  3.500138E+00  1.406128E-01  5.000000E-01  7.433353E-01  2.946267E-02  0.000000E+00  1.652243E-02 -8.098137E-04  4.009934E-18 -6.871288E-01  0.000000E+00
  3.467038E+00  1.421751E-01  5.000000E-01  7.363056E-01  2.979445E-02  0.000000E+00  1.644650E-02 -7.491250E-04  4.686627E-18 -6.743925E-01  0.000000E+00
  3.433936E+00  1.436228E-01  5.000000E-01  7.292757E-01  3.010192E-02  0.000000E+00  1.634067E-02 -6.879023E-04  4.402694E-18 -6.612397E-01  0.000000E+00
  3.400832E+00  1.449568E-01  5.000000E-01  7.222452E-01  3.038522E-02  0.000000E+00  1.621956E-02 -6.274060E-04  3.857498E-18 -6.480517E-01  0.000000E+00
  3.367728E+00  1.461786E-01  5.000000E-01  7.152146E-01  3.064471E-02  0.000000E+00  1.609165E-02 -5.684165E-04  3.135671E-18 -6.350462E-01  0.000000E+00
  3.334620E+00  1.472905E-01  5.000000E-01  7.081834E-01  3.088084E-02  0.000000E+00  1.596067E-02 -5.114199E-04  1.614757E-18 -6.223531E-01  0.000000E+00
  3.301512E+00  1.482952E-01  5.000000E-01  7.011520E-01  3.109422E-02  0.000000E+00  1.582770E-02 -4.568317E-04  2.520798E-19 -6.100867E-01  0.000000E+00
  3.268401E+00  1.491966E-01  5.000000E-01  6.941201E-01  3.128566E-02  0.000000E+00  1.569327E-02 -4.049315E-04  1.353469E-19 -5.983412E-01  0.000000E+00
  3.235290E+00  1.499989E-01  5.000000E-01  6.870881E-01  3.145605E-02  0.000000E+00  1.555834E-02 -3.559264E-04  2.423661E-19 -5.871863E-01  0.000000E+00
  3.202177E+00  1.507067E-01  5.000000E-01  6.800557E-01  3.160636E-02  0.000000E+00  1.542401E-02 -3.101340E-04  4.066766E-19 -5.766912E-01  0.000000E+00
  3.169063E+00  1.513257E-01  5.000000E-01  6.730230E-01  3.173781E-02  0.000000E+00  1.529161E-02 -2.677928E-04  7.397144E-19 -5.669074E-01  0.000000E+00
  3.135947E+00  1.518617E-01  5.000000E-01  6.659902E-01  3.185165E-02  0.000000E+00  1.516252E-02 -2.290019E-04  7.301326E-19 -5.578636E-01  0.000000E+00
  3.102831E+00  1.523212E-01  5.000000E-01  6.589570E-01  3.194925E-02  0.000000E+00  1.503783E-02 -1.938897E-04  5.787996E-19 -5.495898E-01  0.000000E+00
  3.069714E+00  1.527110E-01  5.000000E-01  6.519238E-01  3.203202E-02  0.000000E+00  1.491844E-02 -1.625200E-04  7.672743E-19 -5.421222E-01  0.000000E+00
  3.036593E+00  1.530382E-01  5.000000E-01  6.448898E-01  3.210151E-02  0.000000E+00  1.480534E-02 -1.348084E-04  7.081826E-19 -5.354977E-01  0.000000E+00
  3.003475E+00  1.533096E-01  5.000000E-01  6.378564E-01  3.215916E-02  0.000000E+00  1.469987E-02 -1.104027E-04  3.922976E-19 -5.297353E-01  0.000000E+00
  2.970356E+00  1.535312E-01  5.000000E-01  6.308226E-01  3.220621E-02  0.000000E+00  1.460316E-02 -8.926759E-05  2.231550E-19 -5.248950E-01  0.000000E+00
  2.937236E+00  1.537101E-01  5.000000E-01  6.237888E-01  3.224421E-02  0.000000E+00  1.451666E-02 -7.142526E-05  1.294767E-19 -5.210465E-01  0.000000E+00
  2.904117E+00  1.538527E-01  5.000000E-01  6.167550E-01  3.227450E-02  0.000000E+00  1.444243E-02 -5.668137E-05  1.311857E-19 -5.182305E-01  0.000000E+00
  2.870996E+00  1.539657E-01  5.000000E-01  6.097211E-01  3.229849E-02  0.000000E+00  1.438251E-02 -4.498673E-05  1.133312E-19 -5.164866E-01  0.000000E+00
  2.837877E+00  1.540556E-01  5.000000E-01  6.026873E-01  3.231759E-02  0.000000E+00  1.433894E-02 -3.622052E-05  1.110526E-19 -5.158274E-01  0.000000E+00
  2.804757E+00  1.541287E-01  5.000000E-01  5.956534E-01  3.233312E-02  0.000000E+00  1.431356E-02 -3.032811E-05  8.828525E-20 -5.162557E-01  0.000000E+00
  2.771639E+00  1.541918E-01  5.000000E-01  5.886200E-01  3.234650E-02  0.000000E+00  1.430819E-02 -2.713124E-05  5.013382E-20 -5.177503E-01  0.000000E+00
  2.738522E+00  1.542501E-01  5.000000E-01  5.815867E-01  3.235890E-02  0.000000E+00  1.432438E-02 -2.659831E-05  2.024233E-20 -5.203044E-01  0.000000E+00
  2.705406E+00  1.543105E-01  5.000000E-01  5.745537E-01  3.237172E-02  0.000000E+00  1.436352E-02 -2.880490E-05 -5.954007E-20 -5.239231E-01  0.000000E+00
  2.672292E+00  1.543786E-01  5.000000E-01  5.675211E-01  3.238618E-02  0.000000E+00  1.442675E-02 -3.372956E-05 -9.385700E-20 -5.285843E-01  0.000000E+00
  2.639177E+00  1.544607E-01  5.000000E-01  5.604885E-01  3.240361E-02  0.000000E+00  1.451418E-02 -4.135894E-05 -9.039338E-20 -5.342012E-01  0.000000E+00
  2.606068E+00  1.545626E-01  5.000000E-01  5.534568E-01  3.242526E-02  0.000000E+00  1.462507E-02 -5.057932E-05 -6.895899E-20 -5.404507E-01  0.000000E+00
  2.572958E+00  1.546853E-01  5.000000E-01  5.464251E-01  3.245132E-02  0.000000E+00  1.475632E-02 -5.904601E-05 -3.873552E-20 -5.467645E-01  0.000000E+00
  2.539852E+00  1.548234E-01  5.000000E-01  5.393941E-01  3.248066E-02  0.000000E+00  1.490027E-02 -6.485220E-05 -4.939137E-20 -5.525794E-01  0.000000E+00
  2.506749E+00  1.549693E-01  5.000000E-01  5.323638E-01  3.251164E-02  0.000000E+00  1.504588E-02 -6.739296E-05 -5.789490E-20 -5.575292E-01  0.000000E+00
  2.473650E+00  1.551157E-01  5.000000E-01  5.253345E-01  3.254273E-02  0.000000E+00  1.518271E-02 -6.658979E-05 -1.438077E-19 -5.614235E-01  0.000000E+00
  2.440554E+00  1.552553E-01  5.000000E-01  5.183056E-01  3.257237E-02  0.000000E+00  1.530363E-02 -6.247267E-05 -2.114719E-19 -5.641919E-01  0.000000E+00
  2.407460E+00  1.553816E-01  5.000000E-01  5.112774E-01  3.259918E-02  0.000000E+00  1.540544E-02 -5.485218E-05 -2.153651E-19 -5.658073E-01  0.000000E+00
  2.374373E+00  1.554867E-01  5.000000E-01  5.042504E-01  3.262151E-02  0.000000E+00  1.548746E-02 -4.353191E-05 -2.052719E-19 -5.662892E-01  0.000000E+00
  2.341286E+00  1.555632E-01  5.000000E-01  4.972236E-01  3.263775E-02  0.000000E+00  1.554971E-02 -2.910172E-05 -2.047800E-19 -5.657792E-01  0.000000E+00
  2.308194E+00  1.556060E-01  5.000000E-01  4.901958E-01  3.264684E-02  0.000000E+00  1.559330E-02 -1.240914E-05 -2.370951E-19 -5.644713E-01  0.000000E+00
  2.275097E+00  1.556112E-01  5.000000E-01  4.831667E-01  3.264796E-02  0.000000E+00  1.562065E-02  6.087072E-06 -2.624250E-19 -5.625209E-01  0.000000E+00
  2.241991E+00  1.555755E-01  5.000000E-01  4.761359E-01  3.264038E-02  0.000000E+00  1.563421E-02  2.623495E-05 -2.384870E-19 -5.600228E-01  0.000000E+00
  2.208879E+00  1.554955E-01  5.000000E-01  4.691037E-01  3.262338E-02  0.000000E+00  1.563539E-02  4.805362E-05 -2.629144E-19 -5.570088E-01  0.000000E+00
  2.175760E+00  1.553674E-01  5.000000E-01  4.620701E-01  3.259617E-02  0.000000E+00  1.562417E-02  7.158576E-05 -3.052298E-19 -5.534688E-01  0.000000E+00
  2.142637E+00  1.551874E-01  5.000000E-01  4.550354E-01  3.255796E-02  0.000000E+00  1.559960E-02  9.687301E-05 -3.147053E-19 -5.493810E-01  0.000000E+00
  2.109507E+00  1.549516E-01  5.000000E-01  4.479994E-01  3.250787E-02  0.000000E+00  1.556063E-02  1.238075E-04 -4.371505E-19 -5.447805E-01  0.000000E+00
  2.076374E+00  1.546559E-01  5.000000E-01  4.409628E-01  3.244508E-02  0.000000E+00  1.550656E-02  1.513456E-04 -4.846278E-19 -5.398927E-01  0.000000E+00
  2.043241E+00  1.543001E-01  5.000000E-01  4.339262E-01  3.236951E-02  0.000000E+00  1.543814E-02  1.772164E-04 -3.878958E-19 -5.351721E-01  0.000000E+00
  2.010106E+00  1.538903E-01  5.000000E-01  4.268892E-01  3.228248E-02  0.000000E+00  1.536038E-02  1.999063E-04 -3.539059E-19 -5.310465E-01  0.000000E+00
  1.976970E+00  1.534329E-01  5.000000E-01  4.198519E-01  3.218533E-02  0.000000E+00  1.528155E-02  2.194476E-04 -3.728203E-19 -5.277589E-01  0.000000E+00
  1.943835E+00  1.529340E-01  5.000000E-01  4.128148E-01  3.207938E-02  0.000000E+00  1.520915E-02  2.360986E-04 -4.029822E-19 -5.254578E-01  0.000000E+00
  1.910699E+00  1.523995E-01  5.000000E-01  4.057775E-01  3.196587E-02  0.000000E+00  1.514823E-02  2.498030E-04 -5.706549E-19 -5.242585E-01  0.000000E+00
  1.877561E+00  1.518366E-01  5.000000E-01  3.987399E-01  3.184631E-02  0.000000E+00  1.510209E-02  2.605536E-04 -4.977640E-19 -5.242353E-01  0.000000E+00
  1.844424E+00  1.512516E-01  5.000000E-01  3.917024E-01  3.172209E-02  0.000000E+00  1.507300E-02  2.683298E-04 -4.533091E-19 -5.254495E-01  0.000000E+00
  1.811282E+00  1.506521E-01  5.000000E-01  3.846638E-01  3.159477E-02  0.000000E+00  1.506281E-02  2.728453E-04 -5.999042E-19 -5.279790E-01  0.000000E+00
  1.778139E+00  1.500465E-01  5.000000E-01  3.776250E-01  3.146615E-02  0.000000E+00  1.507408E-02  2.741265E-04 -7.308590E-19 -5.318538E-01  0.000000E+00
  1.744992E+00  1.494421E-01  5.000000E-01  3.705854E-01  3.133780E-02  0.000000E+00  1.510949E-02  2.721271E-04 -8.194239E-19 -5.370928E-01  0.000000E+00
  1.711843E+00  1.488480E-01  5.000000E-01  3.635455E-01  3.121161E-02  0.000000E+00  1.517182E-02  2.667845E-04 -7.892999E-19 -5.436976E-01  0.000000E+00
  1.678692E+00  1.482717E-01  5.000000E-01  3.565049E-01  3.108923E-02  0.000000E+00  1.526354E-02  2.579494E-04 -4.408664E-19 -5.516556E-01  0.000000E+00
  1.645539E+00  1.477227E-01  5.000000E-01  3.494640E-01  3.097264E-02  0.000000E+00  1.538662E-02  2.455377E-04 -1.011200E-19 -5.609116E-01  0.000000E+00
  1.612385E+00  1.472087E-01  5.000000E-01  3.424230E-01  3.086347E-02  0.000000E+00  1.554183E-02  2.296436E-04  4.622926E-21 -5.713242E-01  0.000000E+00
  1.579236E+00  1.467378E-01  5.000000E-01  3.353830E-01  3.076346E-02  0.000000E+00  1.572793E-02  2.106563E-04  9.358752E-21 -5.826061E-01  0.000000E+00
  1.546090E+00  1.463155E-01  5.000000E-01  3.283435E-01  3.067378E-02  0.000000E+00  1.594220E-02  1.906457E-04 -1.559512E-19 -5.941681E-01  0.000000E+00
  1.512946E+00  1.459402E-01  5.000000E-01  3.213046E-01  3.059408E-02  0.000000E+00  1.617852E-02  1.728067E-04 -5.410884E-20 -6.052421E-01  0.000000E+00
  1.479807E+00  1.456029E-01  5.000000E-01  3.142666E-01  3.052244E-02  0.000000E+00  1.642560E-02  1.591151E-04  6.637551E-20 -6.152351E-01  0.000000E+00
  1.446672E+00  1.452934E-01  5.000000E-01  3.072296E-01  3.045672E-02  0.000000E+00  1.667036E-02  1.499944E-04  6.936350E-20 -6.238542E-01  0.000000E+00
  1.413540E+00  1.450018E-01  5.000000E-01  3.001932E-01  3.039477E-02  0.000000E+00  1.690339E-02  1.457421E-04  7.441499E-20 -6.309753E-01  0.000000E+00
  1.380413E+00  1.447172E-01  5.000000E-01  2.931579E-01  3.033435E-02  0.000000E+00  1.712046E-02  1.469044E-04  3.394263E-20 -6.365559E-01  0.000000E+00
  1.347294E+00  1.444284E-01  5.000000E-01  2.861242E-01  3.027301E-02  0.000000E+00  1.732102E-02  1.538999E-04  4.782905E-20 -6.406145E-01  0.000000E+00
  1.314179E+00  1.441238E-01  5.000000E-01  2.790914E-01  3.020831E-02  0.000000E+00  1.750617E-02  1.667877E-04  3.797776E-20 -6.432201E-01  0.000000E+00
  1.281074E+00  1.437926E-01  5.000000E-01  2.720606E-01  3.013797E-02  0.000000E+00  1.767790E-02  1.856883E-04 -5.189603E-20 -6.444424E-01  0.000000E+00
  1.247974E+00  1.434234E-01  5.000000E-01  2.650310E-01  3.005956E-02  0.000000E+00  1.783787E-02  2.103934E-04 -2.013105E-21 -6.443820E-01  0.000000E+00
  1.214880E+00  1.430068E-01  5.000000E-01  2.580028E-01  2.997110E-02  0.000000E+00  1.798783E-02  2.406638E-04  1.495187E-20 -6.431375E-01  0.000000E+00
  1.181795E+00  1.425330E-01  5.000000E-01  2.509763E-01  2.987048E-02  0.000000E+00  1.812994E-02  2.765473E-04 -1.833562E-19 -6.407806E-01  0.000000E+00
  1.148718E+00  1.419926E-01  5.000000E-01  2.439516E-01  2.975570E-02  0.000000E+00  1.826579E-02  3.175718E-04 -2.676344E-19 -6.374358E-01  0.000000E+00
  1.115646E+00  1.413779E-01  5.000000E-01  2.369279E-01  2.962515E-02  0.000000E+00  1.839732E-02  3.632002E-04 -1.248254E-19 -6.332381E-01  0.000000E+00
  1.082583E+00  1.406819E-01  5.000000E-01  2.299061E-01  2.947734E-02  0.000000E+00  1.852703E-02  4.132347E-04  1.021218E-19 -6.282853E-01  0.000000E+00
  1.049524E+00  1.398978E-01  5.000000E-01  2.228852E-01  2.931082E-02  0.000000E+00  1.865666E-02  4.673981E-04  2.582074E-19 -6.226439E-01  0.000000E+00
  1.016475E+00  1.390203E-01  5.000000E-01  2.158664E-01  2.912445E-02  0.000000E+00  1.878699E-02  5.257249E-04  1.177671E-19 -6.162649E-01  0.000000E+00
  9.834318E-01  1.380430E-01  5.000000E-01  2.088488E-01  2.891690E-02  0.000000E+00  1.891871E-02  5.900347E-04  1.342625E-19 -6.088243E-01  0.000000E+00
  9.503976E-01  1.369547E-01  5.000000E-01  2.018331E-01  2.868577E-02  0.000000E+00  1.905059E-02  6.636047E-04  1.376821E-19 -5.997935E-01  0.000000E+00
  9.173728E-01  1.357373E-01  5.000000E-01  1.948195E-01  2.842722E-02  0.000000E+00  1.917530E-02  7.472384E-04  3.619353E-20 -5.888824E-01  0.000000E+00
  8.843598E-01  1.343763E-01  5.000000E-01  1.878083E-01  2.813820E-02  0.000000E+00  1.928320E-02  8.391737E-04  2.200294E-19 -5.761426E-01  0.000000E+00
  8.513623E-01  1.328596E-01  5.000000E-01  1.808005E-01  2.781607E-02  0.000000E+00  1.936908E-02  9.376312E-04  2.179092E-19 -5.617756E-01  0.000000E+00
  8.183794E-01  1.311771E-01  5.000000E-01  1.737957E-01  2.745875E-02  0.000000E+00  1.943273E-02  1.040760E-03  2.021470E-19 -5.460947E-01  0.000000E+00
  7.854121E-01  1.293220E-01  5.000000E-01  1.667943E-01  2.706478E-02  0.000000E+00  1.947807E-02  1.146984E-03  3.687795E-19 -5.294346E-01  0.000000E+00
  7.524593E-01  1.272897E-01  5.000000E-01  1.597959E-01  2.663317E-02  0.000000E+00  1.951099E-02  1.255156E-03  2.784768E-19 -5.120831E-01  0.000000E+00
  7.195226E-01  1.250776E-01  5.000000E-01  1.528009E-01  2.616337E-02  0.000000E+00  1.953753E-02  1.364906E-03  9.111830E-20 -4.941994E-01  0.000000E+00
  6.866079E-01  1.226837E-01  5.000000E-01  1.458107E-01  2.565495E-02  0.000000E+00  1.956217E-02  1.476778E-03 -9.329869E-19 -4.757634E-01  0.000000E+00
  6.537221E-01  1.201047E-01  5.000000E-01  1.388265E-01  2.510725E-02  0.000000E+00  1.958596E-02  1.591467E-03 -4.788141E-19 -4.566333E-01  0.000000E+00
  6.208691E-01  1.173366E-01  5.000000E-01  1.318494E-01  2.451936E-02  0.000000E+00  1.960624E-02  1.709151E-03  5.204617E-19 -4.366318E-01  0.000000E+00
  5.880524E-01  1.143746E-01  5.000000E-01  1.248799E-01  2.389031E-02  0.000000E+00  1.961781E-02  1.829245E-03 -9.943824E-19 -4.156170E-01  0.000000E+00
  5.552711E-01  1.112144E-01  5.000000E-01  1.179180E-01  2.321917E-02  0.000000E+00  1.961523E-02  1.950640E-03 -1.180777E-18 -3.935152E-01  0.000000E+00
  5.225283E-01  1.078531E-01  5.000000E-01  1.109642E-01  2.250530E-02  0.000000E+00  1.959522E-02  2.072681E-03 -6.334998E-19 -3.703112E-01  0.000000E+00
  4.898261E-01  1.042866E-01  5.000000E-01  1.040191E-01  2.174787E-02  0.000000E+00  1.955681E-02  2.194756E-03 -3.701570E-19 -3.461939E-01  0.000000E+00
  4.571624E-01  1.005119E-01  5.000000E-01  9.708209E-02  2.094622E-02  0.000000E+00  1.950092E-02  2.315726E-03 -4.737325E-20 -3.217294E-01  0.000000E+00
  4.245350E-01  9.652734E-02  5.000000E-01  9.015283E-02  2.010000E-02  0.000000E+00  1.942999E-02  2.434133E-03 -1.178626E-18 -2.978451E-01  0.000000E+00
  3.919369E-01  9.233373E-02  5.000000E-01  8.322981E-02  1.920938E-02  0.000000E+00  1.934682E-02  2.549091E-03 -1.558543E-18 -2.754475E-01  0.000000E+00
  3.593832E-01  8.793536E-02  5.000000E-01  7.631620E-02  1.827527E-02  0.000000E+00  1.925263E-02  2.662681E-03 -1.310537E-18 -2.545517E-01  0.000000E+00
  3.269046E-01  8.333214E-02  5.000000E-01  6.941854E-02  1.729766E-02  0.000000E+00  1.914236E-02  2.781024E-03 -1.470814E-18 -2.334550E-01  0.000000E+00
  2.945750E-01  7.851473E-02  5.000000E-01  6.255252E-02  1.627456E-02  0.000000E+00  1.899811E-02  2.910868E-03 -2.477974E-18 -2.088904E-01  0.000000E+00
  2.624265E-01  7.344953E-02  5.000000E-01  5.572497E-02  1.519884E-02  0.000000E+00  1.878709E-02  3.048317E-03 -4.050222E-18 -1.781693E-01  0.000000E+00
  2.304268E-01  6.810347E-02  5.000000E-01  4.892903E-02  1.406346E-02  0.000000E+00  1.848779E-02  3.183029E-03 -7.145171E-18 -1.413762E-01  0.000000E+00
  1.986088E-01  6.246076E-02  5.000000E-01  4.217166E-02  1.286509E-02  0.000000E+00  1.812538E-02  3.311432E-03 -1.114894E-17 -1.029138E-01  0.000000E+00
  1.669282E-01  5.649027E-02  5.000000E-01  3.544349E-02  1.159711E-02  0.000000E+00  1.777319E-02  3.416121E-03 -8.858191E-18 -7.381349E-02  0.000000E+00
  1.350509E-01  5.021609E-02  5.000000E-01  2.867354E-02  1.026463E-02  0.000000E+00  1.763070E-02  3.549291E-03  1.893685E-17 -6.058036E-02  0.000000E+00
  1.043791E-01  4.390364E-02  5.000000E-01  2.215959E-02  8.924017E-03  0.000000E+00  1.805883E-02  3.963751E-03  9.343794E-17 -4.786674E-02  0.000000E+00
  7.632629E-02  3.738427E-02  5.000000E-01  1.620187E-02  7.539464E-03  0.000000E+00  1.921899E-02  4.840541E-03  2.035309E-16 -2.483669E-02  0.000000E+00
  5.118571E-02  3.057608E-02  5.000000E-01  1.086263E-02  6.093571E-03  0.000000E+00  2.105813E-02  6.296678E-03  2.860454E-16  7.479298E-03  0.000000E+00
  3.264831E-02  2.456921E-02  5.000000E-01  6.925739E-03  4.817860E-03  0.000000E+00  2.359602E-02  8.923037E-03  2.619139E-16  8.006148E-02  0.000000E+00
  2.051015E-02  1.941219E-02  5.000000E-01  4.347893E-03  3.722636E-03  0.000000E+00  2.608703E-02  1.288471E-02  1.602379E-16  2.112872E-01  0.000000E+00
  1.247723E-02  1.492407E-02  5.000000E-01  2.641898E-03  2.769467E-03  0.000000E+00  2.703489E-02  1.707787E-02  1.492700E-16  3.658363E-01  0.000000E+00
  7.055255E-03  1.109289E-02  5.000000E-01  1.490404E-03  1.955820E-03  0.000000E+00  2.533971E-02  2.043315E-02  3.578423E-16  5.279381E-01  0.000000E+00
  3.418635E-03  7.752901E-03  5.000000E-01  7.180754E-04  1.246488E-03  0.000000E+00  1.993868E-02  2.168074E-02  7.075375E-16  7.241603E-01  0.000000E+00
  1.108798E-03  4.694104E-03  5.000000E-01  2.275226E-04  5.968751E-04  0.000000E+00  1.061117E-02  1.744146E-02  9.732918E-16  9.709616E-01  0.000000E+00
  3.747479E-05  1.883633E-03  5.000000E-01  0.000000E+00  0.000000E+00  0.000000E+00  2.899822E-03  3.655861E-03  9.686620E-16  1.174878E+00  0.000000E+00
  3.747479E-05  1.883633E-03  5.000000E-01  0.000000E+00  0.000000E+00  0.000000E+00  2.899822E-03  3.655861E-03  9.686620E-16  1.174878E+00  0.000000E+00
  2.534065E-04 -8.526673E-04  5.000000E-01  4.585858E-05 -5.811228E-04  0.000000E+00  6.566234E-03 -1.368391E-02  7.708466E-16  1.125561E+00  0.000000E+00
  1.848580E-03 -3.592312E-03  5.000000E-01  3.846343E-04 -1.162956E-03  0.000000E+00  1.860308E-02 -2.186580E-02  6.088089E-16  8.351857E-01  0.000000E+00
  4.867645E-03 -6.298045E-03  5.000000E-01  1.025809E-03 -1.737587E-03  0.000000E+00  2.723401E-02 -2.028407E-02  4.470871E-16  5.527874E-01  0.000000E+00
  9.380877E-03 -9.056391E-03  5.000000E-01  1.984309E-03 -2.323392E-03  0.000000E+00  2.975845E-02 -1.582663E-02  2.395761E-16  3.775129E-01  0.000000E+00
  1.589077E-02 -1.200423E-02  5.000000E-01  3.366850E-03 -2.949441E-03  0.000000E+00  2.870579E-02 -1.136889E-02  1.458545E-16  2.592523E-01  0.000000E+00
  2.547297E-02 -1.522165E-02  5.000000E-01  5.401873E-03 -3.632742E-03  0.000000E+00  2.576890E-02 -7.492572E-03  1.983330E-16  1.650032E-01  0.000000E+00
  3.989163E-02 -1.867633E-02  5.000000E-01  8.464043E-03 -4.366431E-03  0.000000E+00  2.209710E-02 -4.531206E-03  2.517253E-16  9.945451E-02  0.000000E+00
  6.092142E-02 -2.212052E-02  5.000000E-01  1.293025E-02 -5.097892E-03  0.000000E+00  1.884869E-02 -2.702728E-03  1.992730E-16  7.751242E-02  0.000000E+00
  8.832839E-02 -2.538748E-02  5.000000E-01  1.875082E-02 -5.791714E-03  0.000000E+00  1.666166E-02 -1.811970E-03  8.993143E-17  9.326964E-02  0.000000E+00
  1.189914E-01 -2.837802E-02  5.000000E-01  2.526288E-02 -6.426831E-03  0.000000E+00  1.548099E-02 -1.434764E-03  1.250490E-17  1.197383E-01  0.000000E+00
  1.511926E-01 -3.121553E-02  5.000000E-01  3.210162E-02 -7.029449E-03  0.000000E+00  1.501126E-02 -1.294805E-03 -1.232928E-17  1.370180E-01  0.000000E+00
  1.838450E-01 -3.398514E-02  5.000000E-01  3.903620E-02 -7.617646E-03  0.000000E+00  1.494601E-02 -1.244224E-03 -1.023706E-17  1.384106E-01  0.000000E+00
  2.165049E-01 -3.666328E-02  5.000000E-01  4.597235E-02 -8.186416E-03  0.000000E+00  1.503802E-02 -1.202273E-03 -3.568466E-18  1.276105E-01  0.000000E+00
  2.491496E-01 -3.920843E-02  5.000000E-01  5.290529E-02 -8.726944E-03  0.000000E+00  1.514825E-02 -1.151434E-03 -4.003016E-19  1.142537E-01  0.000000E+00
  2.819003E-01 -4.163227E-02  5.000000E-01  5.986073E-02 -9.241709E-03  0.000000E+00  1.522592E-02 -1.102899E-03  6.858566E-19  1.051851E-01  0.000000E+00
  3.147601E-01 -4.396229E-02  5.000000E-01  6.683936E-02 -9.736548E-03  0.000000E+00  1.526331E-02 -1.064653E-03  8.176680E-19  1.008309E-01  0.000000E+00
  3.477303E-01 -4.622871E-02  5.000000E-01  7.384141E-02 -1.021788E-02  0.000000E+00  1.526985E-02 -1.038551E-03 -1.535123E-20  9.845957E-02  0.000000E+00
  3.807756E-01 -4.845828E-02  5.000000E-01  8.085941E-02 -1.069138E-02  0.000000E+00  1.525438E-02 -1.020429E-03 -2.925931E-20  9.549566E-02  0.000000E+00
  4.138291E-01 -5.065671E-02  5.000000E-01  8.787916E-02 -1.115828E-02  0.000000E+00  1.521691E-02 -1.002054E-03 -5.536472E-19  9.085526E-02  0.000000E+00
  4.468689E-01 -5.281583E-02  5.000000E-01  9.489601E-02 -1.161682E-02  0.000000E+00  1.515563E-02 -9.795316E-04 -1.047593E-18  8.520600E-02  0.000000E+00
  4.799091E-01 -5.493144E-02  5.000000E-01  1.019129E-01 -1.206612E-02  0.000000E+00  1.507256E-02 -9.544880E-04 -7.851403E-19  7.987177E-02  0.000000E+00
  5.129612E-01 -5.700481E-02  5.000000E-01  1.089324E-01 -1.250646E-02  0.000000E+00  1.497277E-02 -9.298800E-04 -5.988406E-19  7.562120E-02  0.000000E+00
  5.460360E-01 -5.904216E-02  5.000000E-01  1.159567E-01 -1.293914E-02  0.000000E+00  1.486292E-02 -9.081074E-04  7.905143E-19  7.247304E-02  0.000000E+00
  5.791347E-01 -6.105227E-02  5.000000E-01  1.229860E-01 -1.336604E-02  0.000000E+00  1.474987E-02 -8.903981E-04  1.553644E-18  7.003459E-02  0.000000E+00
  6.122565E-01 -6.304422E-02  5.000000E-01  1.300203E-01 -1.378908E-02  0.000000E+00  1.464015E-02 -8.771909E-04  8.877334E-19  6.788802E-02  0.000000E+00
  6.454013E-01 -6.502726E-02  5.000000E-01  1.370594E-01 -1.421023E-02  0.000000E+00  1.454012E-02 -8.689911E-04  3.498472E-19  6.578442E-02  0.000000E+00
  6.785693E-01 -6.701175E-02  5.000000E-01  1.441035E-01 -1.463169E-02  0.000000E+00  1.445540E-02 -8.663191E-04 -1.135878E-19  6.357718E-02  0.000000E+00
  7.117575E-01 -6.900837E-02  5.000000E-01  1.511518E-01 -1.505572E-02  0.000000E+00  1.438925E-02 -8.689135E-04  3.848105E-20  6.107726E-02  0.000000E+00
  7.449560E-01 -7.102510E-02  5.000000E-01  1.582024E-01 -1.548402E-02  0.000000E+00  1.434203E-02 -8.756440E-04  5.482097E-19  5.805839E-02  0.000000E+00
  7.781569E-01 -7.306687E-02  5.000000E-01  1.652534E-01 -1.591765E-02  0.000000E+00  1.431251E-02 -8.854182E-04 -1.241354E-19  5.438436E-02  0.000000E+00
  8.113578E-01 -7.513733E-02  5.000000E-01  1.723045E-01 -1.635736E-02  0.000000E+00  1.429975E-02 -8.977866E-04  1.966220E-19  5.004194E-02  0.000000E+00
  8.445597E-01 -7.724011E-02  5.000000E-01  1.793558E-01 -1.680394E-02  0.000000E+00  1.430405E-02 -9.128430E-04  3.448476E-20  4.505368E-02  0.000000E+00
  8.777625E-01 -7.937930E-02  5.000000E-01  1.864072E-01 -1.725825E-02  0.000000E+00  1.432691E-02 -9.306313E-04  5.293346E-20  3.936045E-02  0.000000E+00
  9.109638E-01 -8.155778E-02  5.000000E-01  1.934584E-01 -1.772091E-02  0.000000E+00  1.437090E-02 -9.511518E-04  9.701600E-19  3.282096E-02  0.000000E+00
  9.441676E-01 -8.377860E-02  5.000000E-01  2.005100E-01 -1.819255E-02  0.000000E+00  1.443970E-02 -9.746947E-04  2.183247E-19  2.527407E-02  0.000000E+00
  9.773746E-01 -8.604477E-02  5.000000E-01  2.075624E-01 -1.867383E-02  0.000000E+00  1.453683E-02 -1.001220E-03 -1.327679E-19  1.650504E-02  0.000000E+00
  1.010583E+00 -8.835715E-02  5.000000E-01  2.146150E-01 -1.916492E-02  0.000000E+00  1.466423E-02 -1.029916E-03 -4.202240E-19  6.257530E-03  0.000000E+00
  1.043798E+00 -9.071423E-02  5.000000E-01  2.216690E-01 -1.966551E-02  0.000000E+00  1.482148E-02 -1.058915E-03  2.834288E-19 -5.729140E-03  0.000000E+00
  1.077015E+00 -9.310781E-02  5.000000E-01  2.287236E-01 -2.017385E-02  0.000000E+00  1.500704E-02 -1.086328E-03  5.706865E-19 -1.958697E-02  0.000000E+00
  1.110238E+00 -9.552809E-02  5.000000E-01  2.357793E-01 -2.068786E-02  0.000000E+00  1.521947E-02 -1.110849E-03  1.891205E-20 -3.530564E-02  0.000000E+00
  1.143462E+00 -9.796213E-02  5.000000E-01  2.428354E-01 -2.120479E-02  0.000000E+00  1.545762E-02 -1.131367E-03 -3.008716E-19 -5.285226E-02  0.000000E+00
  1.176693E+00 -1.003966E-01  5.000000E-01  2.498927E-01 -2.172180E-02  0.000000E+00  1.572040E-02 -1.146707E-03 -7.323826E-19 -7.223383E-02  0.000000E+00
  1.209925E+00 -1.028151E-01  5.000000E-01  2.569505E-01 -2.223544E-02  0.000000E+00  1.600588E-02 -1.154926E-03 -6.508283E-19 -9.355104E-02  0.000000E+00
  1.243158E+00 -1.051977E-01  5.000000E-01  2.640083E-01 -2.274143E-02  0.000000E+00  1.631221E-02 -1.154218E-03  1.849517E-19 -1.168665E-01  0.000000E+00
  1.276395E+00 -1.075238E-01  5.000000E-01  2.710670E-01 -2.323544E-02  0.000000E+00  1.663802E-02 -1.142831E-03  7.741457E-19 -1.421955E-01  0.000000E+00
  1.309630E+00 -1.097694E-01  5.000000E-01  2.781253E-01 -2.371235E-02  0.000000E+00  1.698235E-02 -1.118579E-03  1.399473E-19 -1.695591E-01  0.000000E+00
  1.342868E+00 -1.119084E-01  5.000000E-01  2.851842E-01 -2.416662E-02  0.000000E+00  1.734563E-02 -1.079871E-03 -5.845482E-19 -1.988801E-01  0.000000E+00
  1.376108E+00 -1.139147E-01  5.000000E-01  2.922435E-01 -2.459272E-02  0.000000E+00  1.772695E-02 -1.024717E-03 -1.993911E-19 -2.300439E-01  0.000000E+00
  1.409347E+00 -1.157585E-01  5.000000E-01  2.993027E-01 -2.498431E-02  0.000000E+00  1.811866E-02 -9.506545E-04  7.688111E-20 -2.628205E-01  0.000000E+00
  1.442589E+00 -1.174107E-01  5.000000E-01  3.063625E-01 -2.533518E-02  0.000000E+00  1.849752E-02 -8.552270E-04 -1.436620E-19 -2.966694E-01  0.000000E+00
  1.475831E+00 -1.188409E-01  5.000000E-01  3.134222E-01 -2.563892E-02  0.000000E+00  1.881258E-02 -7.355215E-04  2.204155E-19 -3.305720E-01  0.000000E+00
  1.509072E+00 -1.200186E-01  5.000000E-01  3.204819E-01 -2.588905E-02  0.000000E+00  1.898063E-02 -5.896218E-04  3.519804E-20 -3.626579E-01  0.000000E+00
  1.542314E+00 -1.209138E-01  5.000000E-01  3.275416E-01 -2.607916E-02  0.000000E+00  1.890214E-02 -4.195795E-04 -5.785483E-19 -3.898369E-01  0.000000E+00
  1.575558E+00 -1.214988E-01  5.000000E-01  3.346018E-01 -2.620341E-02  0.000000E+00  1.850547E-02 -2.368386E-04 -7.236591E-19 -4.076383E-01  0.000000E+00
  1.608800E+00 -1.217626E-01  5.000000E-01  3.416615E-01 -2.625942E-02  0.000000E+00  1.779908E-02 -6.362791E-05 -8.770137E-19 -4.109884E-01  0.000000E+00
  1.642044E+00 -1.217293E-01  5.000000E-01  3.487219E-01 -2.625235E-02  0.000000E+00  1.687677E-02  8.326427E-05 -7.997590E-19 -3.970974E-01  0.000000E+00
  1.675286E+00 -1.214268E-01  5.000000E-01  3.557815E-01 -2.618810E-02  0.000000E+00  1.587680E-02  2.010147E-04 -5.883332E-19 -3.676336E-01  0.000000E+00
  1.708526E+00 -1.208825E-01  5.000000E-01  3.628410E-01 -2.607251E-02  0.000000E+00  1.492837E-02  2.924777E-04 -1.569911E-19 -3.281590E-01  0.000000E+00
  1.741762E+00 -1.201243E-01  5.000000E-01  3.698996E-01 -2.591148E-02  0.000000E+00  1.410777E-02  3.625036E-04  1.719953E-19 -2.860300E-01  0.000000E+00
  1.774995E+00 -1.191786E-01  5.000000E-01  3.769573E-01 -2.571065E-02  0.000000E+00  1.342949E-02  4.152732E-04  5.713699E-20 -2.472688E-01  0.000000E+00
  1.808227E+00 -1.180742E-01  5.000000E-01  3.840150E-01 -2.547610E-02  0.000000E+00  1.286754E-02  4.537377E-04 -4.587873E-19 -2.144290E-01  0.000000E+00
  1.841453E+00 -1.168387E-01  5.000000E-01  3.910714E-01 -2.521371E-02  0.000000E+00  1.238634E-02  4.800605E-04 -8.852371E-19 -1.867335E-01  0.000000E+00
  1.874678E+00 -1.155000E-01  5.000000E-01  3.981276E-01 -2.492939E-02  0.000000E+00  1.196068E-02  4.954965E-04 -5.416868E-19 -1.619160E-01  0.000000E+00
  1.907900E+00 -1.140865E-01  5.000000E-01  4.051830E-01 -2.462920E-02  0.000000E+00  1.158051E-02  5.011067E-04  1.656154E-19 -1.382362E-01  0.000000E+00
  1.941118E+00 -1.126264E-01  5.000000E-01  4.122377E-01 -2.431912E-02  0.000000E+00  1.124698E-02  4.979324E-04  6.164824E-19 -1.152805E-01  0.000000E+00
  1.974334E+00 -1.111480E-01  5.000000E-01  4.192919E-01 -2.400515E-02  0.000000E+00  1.096737E-02  4.869274E-04  3.551697E-19 -9.357834E-02  0.000000E+00
  2.007549E+00 -1.096808E-01  5.000000E-01  4.263460E-01 -2.369354E-02  0.000000E+00  1.075087E-02  4.691447E-04 -3.947318E-19 -7.391572E-02  0.000000E+00
  2.040760E+00 -1.082535E-01  5.000000E-01  4.333993E-01 -2.339041E-02  0.000000E+00  1.060587E-02  4.454171E-04 -2.404131E-19 -5.687465E-02  0.000000E+00
  2.073970E+00 -1.068948E-01  5.000000E-01  4.404522E-01 -2.310186E-02  0.000000E+00  1.053718E-02  4.161536E-04  4.905948E-19 -4.271794E-02  0.000000E+00
  2.107177E+00 -1.056338E-01  5.000000E-01  4.475046E-01 -2.283405E-02  0.000000E+00  1.054034E-02  3.838902E-04  5.121575E-19 -3.175907E-02  0.000000E+00
  2.140379E+00 -1.044802E-01  5.000000E-01  4.545558E-01 -2.258907E-02  0.000000E+00  1.060037E-02  3.533254E-04 -5.198693E-20 -2.429541E-02  0.000000E+00
  2.173577E+00 -1.034242E-01  5.000000E-01  4.616063E-01 -2.236480E-02  0.000000E+00  1.069959E-02  3.269874E-04 -2.350203E-19 -1.995293E-02  0.000000E+00
  2.206768E+00 -1.024539E-01  5.000000E-01  4.686553E-01 -2.215872E-02  0.000000E+00  1.082343E-02  3.047824E-04 -1.281501E-19 -1.784707E-02  0.000000E+00
  2.239954E+00 -1.015574E-01  5.000000E-01  4.757033E-01 -2.196833E-02  0.000000E+00  1.096053E-02  2.863502E-04 -2.028172E-19 -1.723719E-02  0.000000E+00
  2.273134E+00 -1.007226E-01  5.000000E-01  4.827498E-01 -2.179104E-02  0.000000E+00  1.110220E-02  2.715063E-04 -1.708004E-19 -1.769081E-02  0.000000E+00
  2.306309E+00 -9.993761E-02  5.000000E-01  4.897953E-01 -2.162433E-02  0.000000E+00  1.124201E-02  2.602340E-04 -2.999878E-19 -1.897548E-02  0.000000E+00
  2.339476E+00 -9.919015E-02  5.000000E-01  4.968392E-01 -2.146559E-02  0.000000E+00  1.137527E-02  2.526859E-04 -1.454784E-19 -2.093216E-02  0.000000E+00
  2.372638E+00 -9.846750E-02  5.000000E-01  5.038821E-01 -2.131211E-02  0.000000E+00  1.149945E-02  2.485819E-04 -2.498985E-20 -2.334933E-02  0.000000E+00
  2.405805E+00 -9.775955E-02  5.000000E-01  5.109259E-01 -2.116176E-02  0.000000E+00  1.161377E-02  2.473472E-04 -2.389428E-19 -2.600209E-02  0.000000E+00
  2.438976E+00 -9.705804E-02  5.000000E-01  5.179706E-01 -2.101278E-02  0.000000E+00  1.171759E-02  2.488743E-04 -2.823599E-19 -2.877306E-02  0.000000E+00
  2.472150E+00 -9.635400E-02  5.000000E-01  5.250160E-01 -2.086326E-02  0.000000E+00  1.180971E-02  2.532621E-04  4.495975E-20 -3.159709E-02  0.000000E+00
  2.505329E+00 -9.563870E-02  5.000000E-01  5.320624E-01 -2.071135E-02  0.000000E+00  1.188823E-02  2.604717E-04  1.101736E-19 -3.437608E-02  0.000000E+00
  2.538512E+00 -9.490370E-02  5.000000E-01  5.391097E-01 -2.055525E-02  0.000000E+00  1.195053E-02  2.705420E-04 -3.835311E-19 -3.699159E-02  0.000000E+00
  2.571700E+00 -9.413982E-02  5.000000E-01  5.461579E-01 -2.039302E-02  0.000000E+00  1.199396E-02  2.833661E-04 -2.893112E-19 -3.928574E-02  0.000000E+00
  2.604894E+00 -9.333910E-02  5.000000E-01  5.532074E-01 -2.022297E-02  0.000000E+00  1.201678E-02  2.987518E-04  4.904413E-20 -4.110857E-02  0.000000E+00
  2.638090E+00 -9.249289E-02  5.000000E-01  5.602575E-01 -2.004325E-02  0.000000E+00  1.201972E-02  3.157040E-04 -4.470444E-20 -4.228356E-02  0.000000E+00
  2.671292E+00 -9.159843E-02  5.000000E-01  5.673087E-01 -1.985329E-02  0.000000E+00  1.200631E-02  3.326434E-04 -2.601085E-19 -4.267375E-02  0.000000E+00
  2.704497E+00 -9.065643E-02  5.000000E-01  5.743608E-01 -1.965323E-02  0.000000E+00  1.198063E-02  3.488645E-04 -3.606153E-21 -4.235701E-02  0.000000E+00
  2.737708E+00 -8.966803E-02  5.000000E-01  5.814140E-01 -1.944332E-02  0.000000E+00  1.194616E-02  3.643736E-04  1.435761E-19 -4.153102E-02  0.000000E+00
  2.770923E+00 -8.863401E-02  5.000000E-01  5.884680E-01 -1.922372E-02  0.000000E+00  1.190573E-02  3.793017E-04 -3.268001E-20 -4.036077E-02  0.000000E+00
  2.804143E+00 -8.755508E-02  5.000000E-01  5.955230E-01 -1.899458E-02  0.000000E+00  1.186157E-02  3.936777E-04 -2.145638E-19 -3.892963E-02  0.000000E+00
  2.837367E+00 -8.643230E-02  5.000000E-01  6.025790E-01 -1.875613E-02  0.000000E+00  1.181516E-02  4.075936E-04 -4.355410E-19 -3.728664E-02  0.000000E+00
  2.870594E+00 -8.526615E-02  5.000000E-01  6.096356E-01 -1.850847E-02  0.000000E+00  1.176717E-02  4.212004E-04 -3.603448E-19 -3.546875E-02  0.000000E+00
  2.903823E+00 -8.405707E-02  5.000000E-01  6.166926E-01 -1.825169E-02  0.000000E+00  1.171751E-02  4.347938E-04  2.262768E-19 -3.352189E-02  0.000000E+00
  2.937051E+00 -8.280364E-02  5.000000E-01  6.237496E-01 -1.798549E-02  0.000000E+00  1.166616E-02  4.484112E-04  4.697471E-19 -3.145115E-02  0.000000E+00
  2.970283E+00 -8.150592E-02  5.000000E-01  6.308072E-01 -1.770989E-02  0.000000E+00  1.161362E-02  4.619533E-04  3.069297E-19 -2.924501E-02  0.000000E+00
  3.003515E+00 -8.016334E-02  5.000000E-01  6.378649E-01 -1.742476E-02  0.000000E+00  1.156083E-02  4.755088E-04  4.620212E-19 -2.692626E-02  0.000000E+00
  3.036751E+00 -7.877538E-02  5.000000E-01  6.449232E-01 -1.712999E-02  0.000000E+00  1.150952E-02  4.890497E-04  3.904482E-19 -2.451496E-02  0.000000E+00
  3.069988E+00 -7.734230E-02  5.000000E-01  6.519820E-01 -1.682564E-02  0.000000E+00  1.146148E-02  5.027406E-04 -4.103917E-19 -2.207556E-02  0.000000E+00
  3.103226E+00 -7.586293E-02  5.000000E-01  6.590409E-01 -1.651146E-02  0.000000E+00  1.141821E-02  5.165462E-04 -7.800594E-19 -1.964406E-02  0.000000E+00
  3.136469E+00 -7.433803E-02  5.000000E-01  6.661010E-01 -1.618761E-02  0.000000E+00  1.137937E-02  5.307407E-04 -3.038292E-19 -1.725814E-02  0.000000E+00
  3.169712E+00 -7.276556E-02  5.000000E-01  6.731611E-01 -1.585365E-02  0.000000E+00  1.134073E-02  5.467519E-04 -6.186180E-19 -1.502633E-02  0.000000E+00
  3.202960E+00 -7.113617E-02  5.000000E-01  6.802220E-01 -1.550761E-02  0.000000E+00  1.129563E-02  5.658650E-04 -6.728297E-19 -1.290289E-02  0.000000E+00
  3.236210E+00 -6.943765E-02  5.000000E-01  6.872835E-01 -1.514689E-02  0.000000E+00  1.123789E-02  5.880171E-04 -3.235672E-19 -1.057124E-02  0.000000E+00
  3.269464E+00 -6.765936E-02  5.000000E-01  6.943459E-01 -1.476922E-02  0.000000E+00  1.116247E-02  6.124982E-04 -8.518722E-19 -7.671789E-03  0.000000E+00
  3.302721E+00 -6.579105E-02  5.000000E-01  7.014089E-01 -1.437244E-02  0.000000E+00  1.106534E-02  6.386256E-04 -1.265695E-18 -3.966019E-03  0.000000E+00
  3.335981E+00 -6.382324E-02  5.000000E-01  7.084724E-01 -1.395453E-02  0.000000E+00  1.094408E-02  6.654868E-04 -8.992506E-19  7.186542E-04  0.000000E+00
  3.369247E+00 -6.174829E-02  5.000000E-01  7.155373E-01 -1.351386E-02  0.000000E+00  1.079806E-02  6.920366E-04 -3.532574E-19  6.520864E-03  0.000000E+00
  3.402518E+00 -5.956140E-02  5.000000E-01  7.226032E-01 -1.304942E-02  0.000000E+00  1.062736E-02  7.175750E-04 -4.955211E-20  1.347515E-02  0.000000E+00
  3.435792E+00 -5.725732E-02  5.000000E-01  7.296699E-01 -1.256008E-02  0.000000E+00  1.043271E-02  7.414272E-04 -3.507287E-19  2.159307E-02  0.000000E+00
  3.469073E+00 -5.483348E-02  5.000000E-01  7.367379E-01 -1.204532E-02  0.000000E+00  1.021541E-02  7.628904E-04 -2.301644E-20  3.090449E-02  0.000000E+00
  3.502353E+00 -5.228833E-02  5.000000E-01  7.438057E-01 -1.150479E-02  0.000000E+00  9.976512E-03  7.813662E-04  3.917112E-19  4.140753E-02  0.000000E+00
  3.535630E+00 -4.962224E-02  5.000000E-01  7.508729E-01 -1.093858E-02  0.000000E+00  9.716291E-03  7.962050E-04 -1.335381E-19  5.308584E-02  0.000000E+00
  3.568904E+00 -4.683615E-02  5.000000E-01  7.579395E-01 -1.034688E-02  0.000000E+00  9.433523E-03  8.069321E-04 -3.131688E-19  6.589209E-02  0.000000E+00
  3.602176E+00 -4.393108E-02  5.000000E-01  7.650057E-01 -9.729918E-03  0.000000E+00  9.125968E-03  8.129966E-04 -5.786342E-19  7.980047E-02  0.000000E+00
  3.635446E+00 -4.090897E-02  5.000000E-01  7.720714E-01 -9.088096E-03  0.000000E+00  8.791798E-03  8.137889E-04 -5.599235E-19  9.481841E-02  0.000000E+00
  3.668713E+00 -3.777260E-02  5.000000E-01  7.791365E-01 -8.422008E-03  0.000000E+00  8.431898E-03  8.089008E-04  6.543339E-20  1.109568E-01  0.000000E+00
  3.701976E+00 -3.452696E-02  5.000000E-01  7.862008E-01 -7.732716E-03  0.000000E+00  8.052029E-03  7.980191E-04 -4.071845E-19  1.281365E-01  0.000000E+00
  3.735241E+00 -3.117873E-02  5.000000E-01  7.932655E-01 -7.021633E-03  0.000000E+00  7.665904E-03  7.790425E-04  1.710302E-19  1.464071E-01  0.000000E+00
  3.768500E+00 -2.776586E-02  5.000000E-01  8.003289E-01 -6.296824E-03  0.000000E+00  7.292258E-03  7.503034E-04  1.139759E-18  1.655941E-01  0.000000E+00
  3.801751E+00 -2.433743E-02  5.000000E-01  8.073904E-01 -5.568709E-03  0.000000E+00  6.946484E-03  7.138686E-04  3.740527E-19  1.848194E-01  0.000000E+00
  3.834989E+00 -2.093674E-02  5.000000E-01  8.144495E-01 -4.846486E-03  0.000000E+00  6.638137E-03  6.728948E-04 -3.385762E-19  2.031954E-01  0.000000E+00
  3.868211E+00 -1.760472E-02  5.000000E-01  8.215050E-01 -4.138847E-03  0.000000E+00  6.371824E-03  6.299702E-04 -3.658883E-19  2.202570E-01  0.000000E+00
  3.901422E+00 -1.437293E-02  5.000000E-01  8.285582E-01 -3.452494E-03  0.000000E+00  6.148539E-03  5.869702E-04  2.395892E-19  2.358672E-01  0.000000E+00
  3.934617E+00 -1.126929E-02  5.000000E-01  8.356079E-01 -2.793357E-03  0.000000E+00  5.966987E-03  5.448820E-04 -4.774731E-19  2.500535E-01  0.000000E+00
  3.967800E+00 -8.315501E-03  5.000000E-01  8.426552E-01 -2.166045E-03  0.000000E+00  5.824033E-03  5.041949E-04 -7.310560E-19  2.628397E-01  0.000000E+00
  4.000972E+00 -5.528467E-03  5.000000E-01  8.497000E-01 -1.574148E-03  0.000000E+00  5.715204E-03  4.651378E-04  1.942478E-19  2.742790E-01  0.000000E+00
  4.034139E+00 -2.919771E-03  5.000000E-01  8.567440E-01 -1.020125E-03  0.000000E+00  5.634823E-03  4.280359E-04  1.140418E-18  2.844367E-01  0.000000E+00
  4.067311E+00 -4.922655E-04  5.000000E-01  8.637890E-01 -5.045823E-04  0.000000E+00  5.576321E-03  3.930683E-04  1.809212E-18  2.934262E-01  0.000000E+00
  4.100488E+00  1.754519E-03  5.000000E-01  8.708348E-01 -2.742052E-05  0.000000E+00  5.532944E-03  3.599820E-04  9.669359E-19  3.014610E-01  0.000000E+00
  4.133669E+00  3.822793E-03  5.000000E-01  8.778818E-01  4.118299E-04  0.000000E+00  5.498015E-03  3.284809E-04 -2.430751E-19  3.087501E-01  0.000000E+00
  4.166856E+00  5.717581E-03  5.000000E-01  8.849299E-01  8.142364E-04  0.000000E+00  5.465475E-03  2.983791E-04 -8.182181E-19  3.154826E-01  0.000000E+00
  4.200049E+00  7.444448E-03  5.000000E-01  8.919793E-01  1.180980E-03  0.000000E+00  5.430757E-03  2.695973E-04 -4.910197E-19  3.218178E-01  0.000000E+00
  4.233242E+00  9.010823E-03  5.000000E-01  8.990285E-01  1.513640E-03  0.000000E+00  5.392153E-03  2.414749E-04 -6.955524E-20  3.279293E-01  0.000000E+00
  4.266405E+00  1.041421E-02  5.000000E-01  9.060715E-01  1.811685E-03  0.000000E+00  5.352016E-03  2.120497E-04  4.831525E-20  3.340132E-01  0.000000E+00
  4.299502E+00  1.163494E-02  5.000000E-01  9.131006E-01  2.070938E-03  0.000000E+00  5.316344E-03  1.790054E-04  3.509123E-19  3.401113E-01  0.000000E+00
  4.332522E+00  1.263882E-02  5.000000E-01  9.201132E-01  2.284138E-03  0.000000E+00  5.292701E-03  1.413761E-04  3.806743E-19  3.458988E-01  0.000000E+00
  4.365472E+00  1.339486E-02  5.000000E-01  9.271110E-01  2.444702E-03  0.000000E+00  5.289396E-03  9.918670E-05  4.463600E-19  3.508996E-01  0.000000E+00
  4.398350E+00  1.387183E-02  5.000000E-01  9.340935E-01  2.545998E-03  0.000000E+00  5.316642E-03  5.205023E-05  3.789327E-19  3.548178E-01  0.000000E+00
  4.431155E+00  1.403839E-02  5.000000E-01  9.410605E-01  2.581371E-03  0.000000E+00  5.386630E-03 -1.273772E-06  8.002249E-20  3.574760E-01  0.000000E+00
  4.463888E+00  1.385790E-02  5.000000E-01  9.480121E-01  2.543039E-03  0.000000E+00  5.509244E-03 -6.209161E-05 -3.289954E-20  3.585300E-01  0.000000E+00
  4.496579E+00  1.330377E-02  5.000000E-01  9.549550E-01  2.425356E-03  0.000000E+00  5.682617E-03 -1.308595E-04  1.343501E-20  3.577259E-01  0.000000E+00
  4.529252E+00  1.236089E-02  5.000000E-01  9.618938E-01  2.225112E-03  0.000000E+00  5.875512E-03 -2.050807E-04  4.507060E-19  3.551975E-01  0.000000E+00
  4.561929E+00  1.102837E-02  5.000000E-01  9.688337E-01  1.942118E-03  0.000000E+00  5.998179E-03 -2.785176E-04  7.483377E-20  3.498540E-01  0.000000E+00
  4.594574E+00  9.306212E-03  5.000000E-01  9.757665E-01  1.576373E-03  0.000000E+00  5.902591E-03 -3.470652E-04 -4.075877E-19  3.401793E-01  0.000000E+00
  4.627203E+00  7.189111E-03  5.000000E-01  9.826962E-01  1.126753E-03  0.000000E+00  5.497991E-03 -4.008628E-04 -7.590705E-19  3.342147E-01  0.000000E+00
  4.659162E+00  4.722535E-03  5.000000E-01  9.894835E-01  6.029131E-04  0.000000E+00  4.846341E-03 -3.981711E-04  1.910694E-19  3.361673E-01  0.000000E+00
  4.689251E+00  2.032774E-03  5.000000E-01  9.958737E-01  3.167392E-05  0.000000E+00  3.912363E-03 -3.295413E-04  5.011699E-18  2.835380E-01  0.000000E+00
  4.708680E+00  9.895424E-05  5.000000E-01  9.999999E-01 -3.790218E-04  0.000000E+00  2.723244E-03 -2.764461E-04  5.291541E-18  1.240292E-01  0.000000E+00
    1    2
    2    3
    3    4
    4    5
    5    6
    6    7
    7    8
    8    9
    9   10
   10   11
   11   12
   12   13
   13   14
   14   15
   15   16
   16   17
   17   18
   18   19
   19   20
   20   21
   21   22
   22   23
   23   24
   24   25
   25   26
   26   27
   27   28
   28   29
   29   30
   30   31
   31   32
   32   33
   33   34
   34   35
   35   36
   36   37
   37   38
   38   39
   39   40
   40   41
   41   42
   42   43
   43   44
   44   45
   45   46
   46   47
   47   48
   48   49
   49   50
   50   51
   51   52
   52   53
   53   54
   54   55
   55   56
   56   57
   57   58
   58   59
   59   60
   60   61
   61   62
   62   63
   63   64
   64   65
   65   66
   66   67
   67   68
   68   69
   69   70
   70   71
   71   72
   72   73
   73   74
   74   75
   75   76
   76   77
   77   78
   78   79
   79   80
   80   81
   81   82
   82   83
   83   84
   84   85
   85   86
   86   87
   87   88
   88   89
   89   90
   90   91
   91   92
   92   93
   93   94
   94   95
   95   96
   96   97
   97   98
   98   99
   99  100
  100  101
  101  102
  102  103
  103  104
  104  105
  105  106
  106  107
  107  108
  108  109
  109  110
  110  111
  111  112
  112  113
  113  114
  114  115
  115  116
  116  117
  117  118
  118  119
  119  120
  120  121
  121  122
  122  123
  123  124
  124  125
  125  126
  126  127
  127  128
  128  129
  129  130
  130  131
  131  132
  132  133
  133  134
  134  135
  135  136
  136  137
  137  138
  138  139
  139  140
  140  141
  141  142
  142  143
  143  144
  144  145
  145  146
  146  147
  147  148
  148  149
  149  150
  151  152
  152  153
  153  154
  154  155
  155  156
  156  157
  157  158
  158  159
  159  160
  160  161
  161  162
  162  163
  163  164
  164  165
  165  166
  166  167
  167  168
  168  169
  169  170
  170  171
  171  172
  172  173
  173  174
  174  175
  175  176
  176  177
  177  178
  178  179
  179  180
  180  181
  181  182
  182  183
  183  184
  184  185
  185  186
  186  187
  187  188
  188  189
  189  190
  190  191
  191  192
  192  193
  193  194
  194  195
  195  196
  196  197
  197  198
  198  199
  199  200
  200  201
  201  202
  202  203
  203  204
  204  205
  205  206
  206  207
  207  208
  208  209
  209  210
  210  211
  211  212
  212  213
  213  214
  214  215
  215  216
  216  217
  217  218
  218  219
  219  220
  220  221
  221  222
  222  223
  223  224
  224  225
  225  226
  226  227
  227  228
  228  229
  229  230
  230  231
  231  232
  232  233
  233  234
  234  235
  235  236
  236  237
  237  238
  238  239
  239  240
  240  241
  241  242
  242  243
  243  244
  244  245
  245  246
  246  247
  247  248
  248  249
  249  250
  250  251
  251  252
  252  253
  253  254
  254  255
  255  256
  256  257
  257  258
  258  259
  259  260
  260  261
  261  262
  262  263
  263  264
  264  265
  265  266
  266  267
  267  268
  268  269
  269  270
  270  271
  271  272
  272  273
  273  274
  274  275
  275  276
  276  277
  277  278
  278  279
  279  280
  280  281
  281  282
  282  283
  283  284
  284  285
  285  286
  286  287
  287  288
  288  289
  289  290
  290  291
  291  292
  292  293
  293  294
  294  295
  295  296
  296  297
  297  298
  298  299
  299  300
