 Title = "ADflow Slice Data"
Variables =  "CoordinateX"  "CoordinateY"  "CoordinateZ"  "XoC"  "YoC"  "ZoC" "VelocityX" "VelocityY" "VelocityZ" "CoefPressure" "Mach" 
Zone T= "Slice_0001 None Absolute Regular z = 0.50000000"
 Nodes =          300  Elements=          298  ZONETYPE=FELINESEG
 DATAPACKING=POINT
  4.708680E+00 -4.108233E-04  5.000000E-01  1.000000E+00 -3.101205E-04  0.000000E+00  1.093764E-03 -6.028621E-05  2.290979E-18  1.424207E-01  0.000000E+00
  4.689187E+00  3.384979E-03  5.000000E-01  9.958601E-01  4.960146E-04  0.000000E+00  7.419331E-04 -1.172775E-04  5.999163E-19  8.518492E-02  0.000000E+00
  4.658673E+00  9.451409E-03  5.000000E-01  9.893797E-01  1.784375E-03  0.000000E+00  4.865262E-04 -1.152493E-04 -2.128056E-19  9.445154E-02  0.000000E+00
  4.626256E+00  1.597454E-02  5.000000E-01  9.824952E-01  3.169728E-03  0.000000E+00  3.247697E-04 -6.518516E-05 -1.002963E-18  7.633328E-02  0.000000E+00
  4.593146E+00  2.263384E-02  5.000000E-01  9.754635E-01  4.583999E-03  0.000000E+00  2.957401E-04 -5.403397E-05 -3.851974E-19  4.685411E-02  0.000000E+00
  4.560031E+00  2.922010E-02  5.000000E-01  9.684306E-01  5.982760E-03  0.000000E+00  3.962297E-04 -7.884126E-05 -5.613096E-19  2.141561E-02  0.000000E+00
  4.526891E+00  3.567990E-02  5.000000E-01  9.613923E-01  7.354661E-03  0.000000E+00  5.882827E-04 -1.149431E-04  6.314279E-19 -6.307793E-03  0.000000E+00
  4.493752E+00  4.195985E-02  5.000000E-01  9.543545E-01  8.688370E-03  0.000000E+00  8.451332E-04 -1.559154E-04  1.272648E-18 -3.876535E-02  0.000000E+00
  4.460612E+00  4.801652E-02  5.000000E-01  9.473164E-01  9.974656E-03  0.000000E+00  1.137979E-03 -1.985967E-04  5.761701E-19 -6.973703E-02  0.000000E+00
  4.427470E+00  5.381304E-02  5.000000E-01  9.402779E-01  1.120569E-02  0.000000E+00  1.432247E-03 -2.399047E-04 -2.134591E-19 -9.650181E-02  0.000000E+00
  4.394325E+00  5.931077E-02  5.000000E-01  9.332387E-01  1.237328E-02  0.000000E+00  1.755448E-03 -2.856491E-04 -1.736460E-18 -1.331389E-01  0.000000E+00
  4.361178E+00  6.447742E-02  5.000000E-01  9.261991E-01  1.347055E-02  0.000000E+00  2.311503E-03 -3.572532E-04 -1.213555E-18 -2.087508E-01  0.000000E+00
  4.328027E+00  6.928096E-02  5.000000E-01  9.191586E-01  1.449070E-02  0.000000E+00  3.538924E-03 -4.949277E-04  1.436255E-18 -3.401238E-01  0.000000E+00
  4.294876E+00  7.369004E-02  5.000000E-01  9.121181E-01  1.542708E-02  0.000000E+00  5.980736E-03 -7.436730E-04  9.676053E-18 -5.043604E-01  0.000000E+00
  4.261727E+00  7.767839E-02  5.000000E-01  9.050782E-01  1.627411E-02  0.000000E+00  9.789940E-03 -1.084555E-03  2.449560E-17 -6.494325E-01  0.000000E+00
  4.228582E+00  8.122255E-02  5.000000E-01  8.980388E-01  1.702680E-02  0.000000E+00  1.423053E-02 -1.394945E-03  4.216903E-17 -7.339029E-01  0.000000E+00
  4.195443E+00  8.429875E-02  5.000000E-01  8.910010E-01  1.768011E-02  0.000000E+00  1.791959E-02 -1.519784E-03  5.459310E-17 -7.523465E-01  0.000000E+00
  4.162308E+00  8.688477E-02  5.000000E-01  8.839639E-01  1.822932E-02  0.000000E+00  1.987448E-02 -1.401563E-03  5.214460E-17 -7.261813E-01  0.000000E+00
  4.129179E+00  8.896504E-02  5.000000E-01  8.769281E-01  1.867112E-02  0.000000E+00  2.017993E-02 -1.115594E-03  3.753868E-17 -6.792418E-01  0.000000E+00
  4.096054E+00  9.052570E-02  5.000000E-01  8.698932E-01  1.900256E-02  0.000000E+00  1.955391E-02 -7.725965E-04  2.157915E-17 -6.248917E-01  0.000000E+00
  4.062934E+00  9.156075E-02  5.000000E-01  8.628593E-01  1.922238E-02  0.000000E+00  1.864340E-02 -4.400209E-04  9.596562E-18 -5.677516E-01  0.000000E+00
  4.029817E+00  9.206998E-02  5.000000E-01  8.558262E-01  1.933053E-02  0.000000E+00  1.774382E-02 -1.389746E-04  2.752454E-18 -5.088518E-01  0.000000E+00
  3.996705E+00  9.206226E-02  5.000000E-01  8.487940E-01  1.932889E-02  0.000000E+00  1.688672E-02  1.260735E-04 -9.488933E-20 -4.485206E-01  0.000000E+00
  3.963594E+00  9.155874E-02  5.000000E-01  8.417620E-01  1.922195E-02  0.000000E+00  1.600440E-02  3.504452E-04 -1.242154E-18 -3.872658E-01  0.000000E+00
  3.930486E+00  9.059487E-02  5.000000E-01  8.347306E-01  1.901725E-02  0.000000E+00  1.503327E-02  5.266246E-04 -1.720036E-18 -3.258883E-01  0.000000E+00
  3.897377E+00  8.922090E-02  5.000000E-01  8.276991E-01  1.872546E-02  0.000000E+00  1.394833E-02  6.462674E-04 -1.693282E-18 -2.654445E-01  0.000000E+00
  3.864269E+00  8.750922E-02  5.000000E-01  8.206677E-01  1.836193E-02  0.000000E+00  1.276183E-02  7.043344E-04 -1.208021E-18 -2.071147E-01  0.000000E+00
  3.831161E+00  8.555130E-02  5.000000E-01  8.136366E-01  1.794612E-02  0.000000E+00  1.151055E-02  7.012479E-04 -1.089918E-18 -1.522927E-01  0.000000E+00
  3.798054E+00  8.346540E-02  5.000000E-01  8.066053E-01  1.750313E-02  0.000000E+00  1.024484E-02  6.428505E-04 -1.753694E-18 -1.026888E-01  0.000000E+00
  3.764948E+00  8.139515E-02  5.000000E-01  7.995744E-01  1.706346E-02  0.000000E+00  9.020526E-03  5.396959E-04 -1.797466E-18 -6.038878E-02  0.000000E+00
  3.731842E+00  7.951072E-02  5.000000E-01  7.925435E-01  1.666325E-02  0.000000E+00  7.889739E-03  4.057936E-04 -6.463635E-19 -2.791108E-02  0.000000E+00
  3.698737E+00  7.800676E-02  5.000000E-01  7.855130E-01  1.634385E-02  0.000000E+00  6.899222E-03  2.630584E-04  8.217391E-20 -6.318192E-03  0.000000E+00
  3.665634E+00  7.701739E-02  5.000000E-01  7.784827E-01  1.613373E-02  0.000000E+00  6.083484E-03  1.369882E-04  1.820879E-19  6.277698E-03  0.000000E+00
  3.632534E+00  7.654819E-02  5.000000E-01  7.714529E-01  1.603408E-02  0.000000E+00  5.449095E-03  3.763769E-05  1.682121E-19  1.201357E-02  0.000000E+00
  3.599434E+00  7.658448E-02  5.000000E-01  7.644234E-01  1.604179E-02  0.000000E+00  4.979187E-03 -4.041340E-05  1.307174E-19  1.184942E-02  0.000000E+00
  3.566334E+00  7.710506E-02  5.000000E-01  7.573938E-01  1.615235E-02  0.000000E+00  4.650146E-03 -1.040819E-04  2.804400E-19  6.527601E-03  0.000000E+00
  3.533236E+00  7.807983E-02  5.000000E-01  7.503646E-01  1.635936E-02  0.000000E+00  4.439528E-03 -1.583281E-04  2.795304E-19 -3.798715E-03  0.000000E+00
  3.500138E+00  7.946927E-02  5.000000E-01  7.433353E-01  1.665445E-02  0.000000E+00  4.330584E-03 -2.062952E-04  5.003909E-20 -1.960435E-02  0.000000E+00
  3.467038E+00  8.122659E-02  5.000000E-01  7.363057E-01  1.702766E-02  0.000000E+00  4.315049E-03 -2.496924E-04 -1.006222E-19 -4.073127E-02  0.000000E+00
  3.433936E+00  8.329515E-02  5.000000E-01  7.292757E-01  1.746697E-02  0.000000E+00  4.391588E-03 -2.896961E-04 -1.349123E-19 -6.500351E-02  0.000000E+00
  3.400832E+00  8.560837E-02  5.000000E-01  7.222453E-01  1.795824E-02  0.000000E+00  4.562383E-03 -3.282780E-04  2.254040E-19 -8.959932E-02  0.000000E+00
  3.367728E+00  8.809028E-02  5.000000E-01  7.152146E-01  1.848534E-02  0.000000E+00  4.841270E-03 -3.683503E-04  5.465514E-19 -1.165846E-01  0.000000E+00
  3.334620E+00  9.065523E-02  5.000000E-01  7.081834E-01  1.903007E-02  0.000000E+00  5.288531E-03 -4.126400E-04  5.327671E-19 -1.579853E-01  0.000000E+00
  3.301512E+00  9.320906E-02  5.000000E-01  7.011520E-01  1.957244E-02  0.000000E+00  6.060910E-03 -4.639124E-04  6.279615E-19 -2.306903E-01  0.000000E+00
  3.268401E+00  9.565024E-02  5.000000E-01  6.941201E-01  2.009089E-02  0.000000E+00  7.411822E-03 -5.239474E-04  1.054467E-18 -3.391706E-01  0.000000E+00
  3.235290E+00  9.787078E-02  5.000000E-01  6.870881E-01  2.056248E-02  0.000000E+00  9.558300E-03 -5.839770E-04  3.778500E-18 -4.623062E-01  0.000000E+00
  3.202177E+00  9.975811E-02  5.000000E-01  6.800557E-01  2.096330E-02  0.000000E+00  1.239273E-02 -6.038544E-04  8.392151E-18 -5.626015E-01  0.000000E+00
  3.169063E+00  1.011982E-01  5.000000E-01  6.730231E-01  2.126913E-02  0.000000E+00  1.530439E-02 -5.167213E-04  1.321071E-17 -6.109383E-01  0.000000E+00
  3.135947E+00  1.020763E-01  5.000000E-01  6.659902E-01  2.145563E-02  0.000000E+00  1.743944E-02 -2.891627E-04  1.699892E-17 -6.034387E-01  0.000000E+00
  3.102831E+00  1.023251E-01  5.000000E-01  6.589571E-01  2.150846E-02  0.000000E+00  1.826867E-02  1.836375E-05  1.710369E-17 -5.578837E-01  0.000000E+00
  3.069714E+00  1.019957E-01  5.000000E-01  6.519238E-01  2.143851E-02  0.000000E+00  1.789970E-02  3.079158E-04  1.361948E-17 -4.955835E-01  0.000000E+00
  3.036593E+00  1.011591E-01  5.000000E-01  6.448898E-01  2.126083E-02  0.000000E+00  1.682114E-02  5.289950E-04  8.464466E-18 -4.296285E-01  0.000000E+00
  3.003475E+00  9.988647E-02  5.000000E-01  6.378564E-01  2.099056E-02  0.000000E+00  1.548433E-02  6.753651E-04  3.648972E-18 -3.659169E-01  0.000000E+00
  2.970356E+00  9.824746E-02  5.000000E-01  6.308226E-01  2.064247E-02  0.000000E+00  1.413638E-02  7.584750E-04 -1.572871E-19 -3.065875E-01  0.000000E+00
  2.937236E+00  9.631401E-02  5.000000E-01  6.237888E-01  2.023186E-02  0.000000E+00  1.285805E-02  7.911708E-04 -1.948282E-18 -2.522530E-01  0.000000E+00
  2.904117E+00  9.415706E-02  5.000000E-01  6.167550E-01  1.977377E-02  0.000000E+00  1.164899E-02  7.834444E-04 -1.381953E-18 -2.030424E-01  0.000000E+00
  2.870996E+00  9.184793E-02  5.000000E-01  6.097211E-01  1.928337E-02  0.000000E+00  1.048875E-02  7.428407E-04 -4.574102E-19 -1.590318E-01  0.000000E+00
  2.837877E+00  8.945828E-02  5.000000E-01  6.026873E-01  1.877587E-02  0.000000E+00  9.364708E-03  6.765218E-04  4.149446E-19 -1.203051E-01  0.000000E+00
  2.804757E+00  8.705927E-02  5.000000E-01  5.956535E-01  1.826638E-02  0.000000E+00  8.277550E-03  5.919349E-04  7.912636E-19 -8.696955E-02  0.000000E+00
  2.771639E+00  8.472303E-02  5.000000E-01  5.886200E-01  1.777022E-02  0.000000E+00  7.237694E-03  4.967967E-04  2.808889E-19 -5.911611E-02  0.000000E+00
  2.738522E+00  8.252011E-02  5.000000E-01  5.815867E-01  1.730237E-02  0.000000E+00  6.260376E-03  3.983456E-04  3.110808E-19 -3.682320E-02  0.000000E+00
  2.705406E+00  8.052266E-02  5.000000E-01  5.745537E-01  1.687816E-02  0.000000E+00  5.361853E-03  3.026722E-04  8.982198E-19 -2.022042E-02  0.000000E+00
  2.672292E+00  7.880211E-02  5.000000E-01  5.675211E-01  1.651276E-02  0.000000E+00  4.556740E-03  2.144797E-04  9.093404E-19 -9.617842E-03  0.000000E+00
  2.639177E+00  7.743020E-02  5.000000E-01  5.604885E-01  1.622140E-02  0.000000E+00  3.856532E-03  1.371121E-04  3.777391E-19 -5.388386E-03  0.000000E+00
  2.606068E+00  7.647834E-02  5.000000E-01  5.534568E-01  1.601925E-02  0.000000E+00  3.268171E-03  7.391841E-05  1.166459E-19 -7.180862E-03  0.000000E+00
  2.572958E+00  7.597171E-02  5.000000E-01  5.464251E-01  1.591165E-02  0.000000E+00  2.789565E-03  2.733394E-05  1.229495E-19 -1.391353E-02  0.000000E+00
  2.539852E+00  7.586282E-02  5.000000E-01  5.393941E-01  1.588853E-02  0.000000E+00  2.407020E-03 -4.119329E-06 -2.918132E-20 -2.529314E-02  0.000000E+00
  2.506749E+00  7.609588E-02  5.000000E-01  5.323639E-01  1.593802E-02  0.000000E+00  2.101565E-03 -2.404967E-05 -1.023941E-19 -4.167601E-02  0.000000E+00
  2.473650E+00  7.661584E-02  5.000000E-01  5.253345E-01  1.604845E-02  0.000000E+00  1.855748E-03 -3.496908E-05  2.030302E-19 -6.167570E-02  0.000000E+00
  2.440554E+00  7.736785E-02  5.000000E-01  5.183056E-01  1.620816E-02  0.000000E+00  1.652936E-03 -3.920824E-05  3.690459E-19 -8.116545E-02  0.000000E+00
  2.407460E+00  7.829807E-02  5.000000E-01  5.112774E-01  1.640571E-02  0.000000E+00  1.482256E-03 -4.100151E-05  3.835842E-19 -9.724468E-02  0.000000E+00
  2.374373E+00  7.935129E-02  5.000000E-01  5.042504E-01  1.662939E-02  0.000000E+00  1.373207E-03 -4.547780E-05  5.430369E-19 -1.167972E-01  0.000000E+00
  2.341286E+00  8.047304E-02  5.000000E-01  4.972236E-01  1.686763E-02  0.000000E+00  1.463223E-03 -5.623384E-05  7.224945E-19 -1.597854E-01  0.000000E+00
  2.308194E+00  8.161067E-02  5.000000E-01  4.901958E-01  1.710923E-02  0.000000E+00  2.054404E-03 -7.743055E-05 -4.655489E-20 -2.465529E-01  0.000000E+00
  2.275097E+00  8.271208E-02  5.000000E-01  4.831667E-01  1.734314E-02  0.000000E+00  3.572994E-03 -1.156386E-04 -8.337359E-19 -3.763896E-01  0.000000E+00
  2.241991E+00  8.372476E-02  5.000000E-01  4.761359E-01  1.755821E-02  0.000000E+00  6.334377E-03 -1.714936E-04 -1.497597E-18 -5.204038E-01  0.000000E+00
  2.208879E+00  8.459548E-02  5.000000E-01  4.691038E-01  1.774313E-02  0.000000E+00  1.011883E-02 -2.212394E-04 -2.047759E-18 -6.391490E-01  0.000000E+00
  2.175760E+00  8.527004E-02  5.000000E-01  4.620701E-01  1.788639E-02  0.000000E+00  1.398557E-02 -2.194916E-04 -6.781383E-19 -7.079914E-01  0.000000E+00
  2.142637E+00  8.569344E-02  5.000000E-01  4.550354E-01  1.797631E-02  0.000000E+00  1.679231E-02 -1.322729E-04  1.418569E-18 -7.269079E-01  0.000000E+00
  2.109507E+00  8.580970E-02  5.000000E-01  4.479994E-01  1.800100E-02  0.000000E+00  1.801532E-02  3.321223E-05  2.952512E-18 -7.109126E-01  0.000000E+00
  2.076374E+00  8.556405E-02  5.000000E-01  4.409628E-01  1.794883E-02  0.000000E+00  1.793762E-02  2.282665E-04  3.700679E-18 -6.766571E-01  0.000000E+00
  2.043241E+00  8.494744E-02  5.000000E-01  4.339262E-01  1.781788E-02  0.000000E+00  1.716687E-02  3.997670E-04  4.024303E-18 -6.362481E-01  0.000000E+00
  2.010106E+00  8.400167E-02  5.000000E-01  4.268892E-01  1.761702E-02  0.000000E+00  1.619139E-02  5.280151E-04  4.196505E-18 -5.962207E-01  0.000000E+00
  1.976970E+00  8.277103E-02  5.000000E-01  4.198519E-01  1.735566E-02  0.000000E+00  1.525079E-02  6.189256E-04  3.786739E-18 -5.593911E-01  0.000000E+00
  1.943835E+00  8.129990E-02  5.000000E-01  4.128148E-01  1.704323E-02  0.000000E+00  1.440502E-02  6.800562E-04  2.530009E-18 -5.270712E-01  0.000000E+00
  1.910699E+00  7.963246E-02  5.000000E-01  4.057776E-01  1.668910E-02  0.000000E+00  1.364238E-02  7.158922E-04  1.831700E-18 -4.999399E-01  0.000000E+00
  1.877561E+00  7.781411E-02  5.000000E-01  3.987399E-01  1.630293E-02  0.000000E+00  1.294413E-02  7.296479E-04  1.512859E-18 -4.784630E-01  0.000000E+00
  1.844424E+00  7.589020E-02  5.000000E-01  3.917024E-01  1.589434E-02  0.000000E+00  1.230713E-02  7.245923E-04  5.063477E-19 -4.631251E-01  0.000000E+00
  1.811282E+00  7.390676E-02  5.000000E-01  3.846638E-01  1.547311E-02  0.000000E+00  1.174478E-02  7.042671E-04 -2.497859E-20 -4.545239E-01  0.000000E+00
  1.778139E+00  7.191160E-02  5.000000E-01  3.776250E-01  1.504939E-02  0.000000E+00  1.128175E-02  6.725573E-04 -6.964981E-20 -4.533066E-01  0.000000E+00
  1.744992E+00  6.995185E-02  5.000000E-01  3.705854E-01  1.463318E-02  0.000000E+00  1.094774E-02  6.328094E-04  4.627872E-19 -4.601262E-01  0.000000E+00
  1.711843E+00  6.807664E-02  5.000000E-01  3.635455E-01  1.423493E-02  0.000000E+00  1.077298E-02  5.871786E-04  1.690915E-19 -4.755226E-01  0.000000E+00
  1.678692E+00  6.633446E-02  5.000000E-01  3.565049E-01  1.386494E-02  0.000000E+00  1.078425E-02  5.358943E-04 -1.031003E-18 -4.997739E-01  0.000000E+00
  1.645539E+00  6.477607E-02  5.000000E-01  3.494640E-01  1.353397E-02  0.000000E+00  1.099994E-02  4.767817E-04 -2.272417E-18 -5.327176E-01  0.000000E+00
  1.612385E+00  6.345125E-02  5.000000E-01  3.424231E-01  1.325261E-02  0.000000E+00  1.142431E-02  4.051278E-04 -3.144752E-18 -5.734990E-01  0.000000E+00
  1.579236E+00  6.241075E-02  5.000000E-01  3.353830E-01  1.303164E-02  0.000000E+00  1.204334E-02  3.155386E-04 -3.221665E-18 -6.200838E-01  0.000000E+00
  1.546090E+00  6.169940E-02  5.000000E-01  3.283435E-01  1.288056E-02  0.000000E+00  1.282386E-02  2.110862E-04 -2.828277E-18 -6.684128E-01  0.000000E+00
  1.512946E+00  6.130832E-02  5.000000E-01  3.213046E-01  1.279751E-02  0.000000E+00  1.370210E-02  1.033360E-04 -1.612621E-18 -7.135418E-01  0.000000E+00
  1.479807E+00  6.119022E-02  5.000000E-01  3.142666E-01  1.277243E-02  0.000000E+00  1.458268E-02  8.953492E-07 -4.219368E-19 -7.521749E-01  0.000000E+00
  1.446672E+00  6.129572E-02  5.000000E-01  3.072296E-01  1.279483E-02  0.000000E+00  1.537406E-02 -9.118485E-05  1.020281E-19 -7.831339E-01  0.000000E+00
  1.413540E+00  6.157576E-02  5.000000E-01  3.001932E-01  1.285431E-02  0.000000E+00  1.602412E-02 -1.675138E-04 -1.847852E-19 -8.065508E-01  0.000000E+00
  1.380413E+00  6.198175E-02  5.000000E-01  2.931579E-01  1.294053E-02  0.000000E+00  1.652702E-02 -2.235245E-04 -7.718722E-19 -8.232074E-01  0.000000E+00
  1.347294E+00  6.246580E-02  5.000000E-01  2.861242E-01  1.304333E-02  0.000000E+00  1.690718E-02 -2.568140E-04 -8.324676E-19 -8.340385E-01  0.000000E+00
  1.314179E+00  6.298237E-02  5.000000E-01  2.790914E-01  1.315304E-02  0.000000E+00  1.719707E-02 -2.670715E-04 -1.346551E-19 -8.398840E-01  0.000000E+00
  1.281074E+00  6.348919E-02  5.000000E-01  2.720606E-01  1.326067E-02  0.000000E+00  1.742250E-02 -2.549801E-04  8.724023E-19 -8.413998E-01  0.000000E+00
  1.247974E+00  6.394645E-02  5.000000E-01  2.650310E-01  1.335778E-02  0.000000E+00  1.759731E-02 -2.220770E-04  1.958949E-18 -8.391250E-01  0.000000E+00
  1.214880E+00  6.431975E-02  5.000000E-01  2.580028E-01  1.343706E-02  0.000000E+00  1.772609E-02 -1.702816E-04  3.010819E-18 -8.335038E-01  0.000000E+00
  1.181795E+00  6.457749E-02  5.000000E-01  2.509763E-01  1.349180E-02  0.000000E+00  1.780846E-02 -1.015600E-04  3.786204E-18 -8.249039E-01  0.000000E+00
  1.148718E+00  6.469219E-02  5.000000E-01  2.439516E-01  1.351616E-02  0.000000E+00  1.784111E-02 -1.867749E-05  4.209921E-18 -8.137104E-01  0.000000E+00
  1.115646E+00  6.464161E-02  5.000000E-01  2.369279E-01  1.350542E-02  0.000000E+00  1.782087E-02  7.526867E-05  4.426830E-18 -8.002964E-01  0.000000E+00
  1.082583E+00  6.440763E-02  5.000000E-01  2.299061E-01  1.345573E-02  0.000000E+00  1.774691E-02  1.773320E-04  4.391431E-18 -7.850068E-01  0.000000E+00
  1.049524E+00  6.397571E-02  5.000000E-01  2.228852E-01  1.336400E-02  0.000000E+00  1.762169E-02  2.845079E-04  4.113425E-18 -7.682682E-01  0.000000E+00
  1.016475E+00  6.333575E-02  5.000000E-01  2.158664E-01  1.322808E-02  0.000000E+00  1.745165E-02  3.930698E-04  3.631049E-18 -7.508218E-01  0.000000E+00
  9.834318E-01  6.248163E-02  5.000000E-01  2.088488E-01  1.304669E-02  0.000000E+00  1.724253E-02  4.931628E-04  2.858139E-18 -7.343038E-01  0.000000E+00
  9.503976E-01  6.143813E-02  5.000000E-01  2.018331E-01  1.282508E-02  0.000000E+00  1.700732E-02  5.725133E-04  1.794185E-18 -7.208033E-01  0.000000E+00
  9.173728E-01  6.025022E-02  5.000000E-01  1.948195E-01  1.257280E-02  0.000000E+00  1.677834E-02  6.290940E-04  5.754058E-19 -7.114258E-01  0.000000E+00
  8.843598E-01  5.895577E-02  5.000000E-01  1.878083E-01  1.229789E-02  0.000000E+00  1.659175E-02  6.690302E-04 -2.521368E-19 -7.061415E-01  0.000000E+00
  8.513623E-01  5.758305E-02  5.000000E-01  1.808005E-01  1.200635E-02  0.000000E+00  1.646773E-02  6.984137E-04 -3.788702E-19 -7.044207E-01  0.000000E+00
  8.183794E-01  5.615257E-02  5.000000E-01  1.737957E-01  1.170255E-02  0.000000E+00  1.640804E-02  7.213477E-04 -7.132211E-19 -7.055780E-01  0.000000E+00
  7.854121E-01  5.467903E-02  5.000000E-01  1.667943E-01  1.138961E-02  0.000000E+00  1.640241E-02  7.403795E-04 -7.151110E-19 -7.089529E-01  0.000000E+00
  7.524593E-01  5.317244E-02  5.000000E-01  1.597959E-01  1.106965E-02  0.000000E+00  1.643643E-02  7.570468E-04 -3.173124E-19 -7.139915E-01  0.000000E+00
  7.195226E-01  5.163961E-02  5.000000E-01  1.528010E-01  1.074411E-02  0.000000E+00  1.649705E-02  7.724960E-04 -2.004448E-19 -7.202419E-01  0.000000E+00
  6.866079E-01  5.008428E-02  5.000000E-01  1.458107E-01  1.041380E-02  0.000000E+00  1.657448E-02  7.878306E-04  2.014769E-19 -7.273386E-01  0.000000E+00
  6.537221E-01  4.850737E-02  5.000000E-01  1.388265E-01  1.007890E-02  0.000000E+00  1.666144E-02  8.038761E-04  2.223871E-19 -7.350241E-01  0.000000E+00
  6.208691E-01  4.690794E-02  5.000000E-01  1.318494E-01  9.739223E-03  0.000000E+00  1.675226E-02  8.210072E-04  7.949940E-20 -7.431692E-01  0.000000E+00
  5.880524E-01  4.528433E-02  5.000000E-01  1.248799E-01  9.394406E-03  0.000000E+00  1.684262E-02  8.391795E-04  2.213883E-19 -7.517648E-01  0.000000E+00
  5.552711E-01  4.363480E-02  5.000000E-01  1.179180E-01  9.044088E-03  0.000000E+00  1.692979E-02  8.581124E-04  3.026483E-19 -7.608861E-01  0.000000E+00
  5.225283E-01  4.195842E-02  5.000000E-01  1.109642E-01  8.688065E-03  0.000000E+00  1.701243E-02  8.776858E-04  2.602911E-20 -7.706519E-01  0.000000E+00
  4.898261E-01  4.025372E-02  5.000000E-01  1.040191E-01  8.326029E-03  0.000000E+00  1.708946E-02  8.977427E-04 -3.603601E-19 -7.812460E-01  0.000000E+00
  4.571624E-01  3.851978E-02  5.000000E-01  9.708209E-02  7.957784E-03  0.000000E+00  1.715923E-02  9.178572E-04 -6.372905E-19 -7.929288E-01  0.000000E+00
  4.245350E-01  3.675623E-02  5.000000E-01  9.015283E-02  7.583249E-03  0.000000E+00  1.721947E-02  9.374669E-04 -9.196625E-19 -8.059778E-01  0.000000E+00
  3.919369E-01  3.496351E-02  5.000000E-01  8.322981E-02  7.202518E-03  0.000000E+00  1.726679E-02  9.562110E-04 -8.523595E-19 -8.205767E-01  0.000000E+00
  3.593832E-01  3.314296E-02  5.000000E-01  7.631621E-02  6.815879E-03  0.000000E+00  1.729510E-02  9.747065E-04 -1.184662E-18 -8.366866E-01  0.000000E+00
  3.269046E-01  3.129359E-02  5.000000E-01  6.941854E-02  6.423117E-03  0.000000E+00  1.729220E-02  9.948321E-04 -4.287041E-18 -8.540542E-01  0.000000E+00
  2.945750E-01  2.941041E-02  5.000000E-01  6.255253E-02  6.023177E-03  0.000000E+00  1.723740E-02  1.018696E-03 -8.698448E-18 -8.724497E-01  0.000000E+00
  2.624265E-01  2.747909E-02  5.000000E-01  5.572497E-02  5.613012E-03  0.000000E+00  1.710425E-02  1.045574E-03 -4.538786E-18 -8.921314E-01  0.000000E+00
  2.304268E-01  2.548498E-02  5.000000E-01  4.892903E-02  5.189513E-03  0.000000E+00  1.687816E-02  1.073194E-03  3.555784E-17 -9.139489E-01  0.000000E+00
  1.986088E-01  2.341831E-02  5.000000E-01  4.217166E-02  4.750602E-03  0.000000E+00  1.657669E-02  1.100839E-03  1.522159E-16 -9.394003E-01  0.000000E+00
  1.669282E-01  2.126102E-02  5.000000E-01  3.544349E-02  4.292447E-03  0.000000E+00  1.625051E-02  1.123869E-03  3.295266E-16 -9.714819E-01  0.000000E+00
  1.350509E-01  1.900939E-02  5.000000E-01  2.867354E-02  3.814256E-03  0.000000E+00  1.600802E-02  1.156405E-03  3.138958E-16 -1.012519E+00  0.000000E+00
  1.043791E-01  1.674291E-02  5.000000E-01  2.215959E-02  3.332910E-03  0.000000E+00  1.600857E-02  1.262180E-03 -5.652561E-16 -1.060805E+00  0.000000E+00
  7.632629E-02  1.438895E-02  5.000000E-01  1.620187E-02  2.832989E-03  0.000000E+00  1.626127E-02  1.481269E-03 -2.928126E-15 -1.116571E+00  0.000000E+00
  5.118571E-02  1.189870E-02  5.000000E-01  1.086263E-02  2.304121E-03  0.000000E+00  1.665023E-02  1.833913E-03 -4.771256E-15 -1.180478E+00  0.000000E+00
  3.264831E-02  9.663799E-03  5.000000E-01  6.925739E-03  1.829482E-03  0.000000E+00  1.746769E-02  2.472398E-03  4.158855E-15 -1.241862E+00  0.000000E+00
  2.051015E-02  7.721558E-03  5.000000E-01  4.347893E-03  1.416997E-03  0.000000E+00  1.967193E-02  3.681465E-03  4.518572E-14 -1.293151E+00  0.000000E+00
  1.247723E-02  6.017455E-03  5.000000E-01  2.641898E-03  1.055088E-03  0.000000E+00  2.543652E-02  6.192184E-03  1.330652E-13 -1.340918E+00  0.000000E+00
  7.055255E-03  4.554602E-03  5.000000E-01  1.490404E-03  7.444139E-04  0.000000E+00  3.931789E-02  1.257252E-02  2.132429E-13 -1.378229E+00  0.000000E+00
  3.418635E-03  3.277320E-03  5.000000E-01  7.180754E-04  4.731505E-04  0.000000E+00  6.494400E-02  2.896878E-02  8.784094E-14 -1.350153E+00  0.000000E+00
  1.108798E-03  2.111283E-03  5.000000E-01  2.275226E-04  2.255129E-04  0.000000E+00  7.989099E-02  6.260458E-02 -3.521398E-13 -1.079395E+00  0.000000E+00
  3.747479E-05  1.049423E-03  5.000000E-01  0.000000E+00  0.000000E+00  0.000000E+00  2.597385E-02  1.095956E-01 -7.809722E-13  1.742303E-02  0.000000E+00
  3.747479E-05  1.049423E-03  5.000000E-01  0.000000E+00  0.000000E+00  0.000000E+00  2.597385E-02  1.095956E-01 -7.809722E-13  1.742303E-02  0.000000E+00
  2.534065E-04  3.301626E-05  5.000000E-01  4.585858E-05 -2.158599E-04  0.000000E+00 -3.391198E-02  8.047138E-02 -7.095688E-13  1.103609E+00  0.000000E+00
  1.848580E-03 -9.602143E-04  5.000000E-01  3.846343E-04 -4.267977E-04  0.000000E+00 -2.645454E-02  1.487542E-02 -3.494962E-13  1.204199E+00  0.000000E+00
  4.867645E-03 -1.910790E-03  5.000000E-01  1.025809E-03 -6.286765E-04  0.000000E+00 -3.485389E-03  1.224752E-03 -1.129827E-13  1.029537E+00  0.000000E+00
  9.380877E-03 -2.845401E-03  5.000000E-01  1.984309E-03 -8.271650E-04  0.000000E+00  8.669853E-03 -1.416984E-03  3.551653E-15  9.349660E-01  0.000000E+00
  1.589077E-02 -3.801141E-03  5.000000E-01  3.366850E-03 -1.030141E-03  0.000000E+00  1.311593E-02 -1.608464E-03  3.337530E-14  8.574484E-01  0.000000E+00
  2.547297E-02 -4.782929E-03  5.000000E-01  5.401873E-03 -1.238648E-03  0.000000E+00  1.366165E-02 -1.161397E-03  2.390088E-14  7.812083E-01  0.000000E+00
  3.989163E-02 -5.746969E-03  5.000000E-01  8.464043E-03 -1.443387E-03  0.000000E+00  1.268928E-02 -6.897281E-04  8.463490E-15  7.134717E-01  0.000000E+00
  6.092142E-02 -6.596957E-03  5.000000E-01  1.293025E-02 -1.623903E-03  0.000000E+00  1.151607E-02 -3.949519E-04  6.556418E-17  6.624622E-01  0.000000E+00
  8.832839E-02 -7.346984E-03  5.000000E-01  1.875082E-02 -1.783191E-03  0.000000E+00  1.065718E-02 -2.760158E-04 -1.661807E-15  6.303012E-01  0.000000E+00
  1.189914E-01 -8.094392E-03  5.000000E-01  2.526288E-02 -1.941922E-03  0.000000E+00  1.017117E-02 -2.607355E-04 -9.209595E-16  6.116175E-01  0.000000E+00
  1.511926E-01 -8.966200E-03  5.000000E-01  3.210163E-02 -2.127072E-03  0.000000E+00  9.964236E-03 -2.977443E-04 -2.072314E-16  6.002376E-01  0.000000E+00
  1.838450E-01 -1.004035E-02  5.000000E-01  3.903620E-02 -2.355196E-03  0.000000E+00  9.922251E-03 -3.590217E-04  3.446450E-17  5.916630E-01  0.000000E+00
  2.165049E-01 -1.133510E-02  5.000000E-01  4.597236E-02 -2.630169E-03  0.000000E+00  9.949962E-03 -4.285466E-04  4.609628E-17  5.839416E-01  0.000000E+00
  2.491496E-01 -1.285553E-02  5.000000E-01  5.290529E-02 -2.953071E-03  0.000000E+00  9.988194E-03 -5.024155E-04  1.752064E-17  5.774560E-01  0.000000E+00
  2.819003E-01 -1.462624E-02  5.000000E-01  5.986073E-02 -3.329125E-03  0.000000E+00  1.001140E-02 -5.824307E-04  2.224408E-18  5.726657E-01  0.000000E+00
  3.147601E-01 -1.667545E-02  5.000000E-01  6.683936E-02 -3.764328E-03  0.000000E+00  1.001565E-02 -6.697572E-04 -4.236822E-19  5.690151E-01  0.000000E+00
  3.477303E-01 -1.903227E-02  5.000000E-01  7.384142E-02 -4.264858E-03  0.000000E+00  1.000819E-02 -7.645959E-04 -5.502301E-19  5.656485E-01  0.000000E+00
  3.807756E-01 -2.172278E-02  5.000000E-01  8.085941E-02 -4.836257E-03  0.000000E+00  9.999155E-03 -8.661545E-04  2.926014E-19  5.619381E-01  0.000000E+00
  4.138291E-01 -2.476157E-02  5.000000E-01  8.787917E-02 -5.481620E-03  0.000000E+00  9.996415E-03 -9.727851E-04  1.770130E-18  5.575082E-01  0.000000E+00
  4.468689E-01 -2.815768E-02  5.000000E-01  9.489601E-02 -6.202872E-03  0.000000E+00  1.000546E-02 -1.083917E-03  1.331188E-18  5.522750E-01  0.000000E+00
  4.799091E-01 -3.192284E-02  5.000000E-01  1.019129E-01 -7.002499E-03  0.000000E+00  1.003106E-02 -1.200531E-03  7.217180E-19  5.462645E-01  0.000000E+00
  5.129612E-01 -3.607006E-02  5.000000E-01  1.089324E-01 -7.883266E-03  0.000000E+00  1.007820E-02 -1.324237E-03  1.003753E-18  5.393780E-01  0.000000E+00
  5.460360E-01 -4.061369E-02  5.000000E-01  1.159567E-01 -8.848221E-03  0.000000E+00  1.015241E-02 -1.456818E-03  1.465558E-18  5.313813E-01  0.000000E+00
  5.791347E-01 -4.556712E-02  5.000000E-01  1.229860E-01 -9.900207E-03  0.000000E+00  1.025979E-02 -1.600023E-03  6.654926E-19  5.219617E-01  0.000000E+00
  6.122565E-01 -5.094166E-02  5.000000E-01  1.300203E-01 -1.104163E-02  0.000000E+00  1.040699E-02 -1.755630E-03 -2.069765E-18  5.107737E-01  0.000000E+00
  6.454013E-01 -5.674606E-02  5.000000E-01  1.370594E-01 -1.227434E-02  0.000000E+00  1.060148E-02 -1.925696E-03 -4.554729E-18  4.974589E-01  0.000000E+00
  6.785693E-01 -6.298592E-02  5.000000E-01  1.441035E-01 -1.359953E-02  0.000000E+00  1.085177E-02 -2.112491E-03 -2.710112E-18  4.816127E-01  0.000000E+00
  7.117575E-01 -6.966141E-02  5.000000E-01  1.511518E-01 -1.501724E-02  0.000000E+00  1.116720E-02 -2.317967E-03  8.215545E-19  4.627288E-01  0.000000E+00
  7.449560E-01 -7.676277E-02  5.000000E-01  1.582024E-01 -1.652540E-02  0.000000E+00  1.155781E-02 -2.543286E-03 -2.559903E-18  4.402094E-01  0.000000E+00
  7.781569E-01 -8.426881E-02  5.000000E-01  1.652534E-01 -1.811950E-02  0.000000E+00  1.203401E-02 -2.788660E-03 -5.624161E-18  4.134303E-01  0.000000E+00
  8.113578E-01 -9.214606E-02  5.000000E-01  1.723045E-01 -1.979243E-02  0.000000E+00  1.260529E-02 -3.052747E-03 -3.158522E-18  3.817630E-01  0.000000E+00
  8.445597E-01 -1.003464E-01  5.000000E-01  1.793558E-01 -2.153399E-02  0.000000E+00  1.327682E-02 -3.330992E-03 -1.354513E-18  3.445635E-01  0.000000E+00
  8.777625E-01 -1.088038E-01  5.000000E-01  1.864072E-01 -2.333012E-02  0.000000E+00  1.404389E-02 -3.612854E-03 -1.855620E-19  3.011932E-01  0.000000E+00
  9.109638E-01 -1.174295E-01  5.000000E-01  1.934584E-01 -2.516201E-02  0.000000E+00  1.488665E-02 -3.879442E-03 -1.232881E-18  2.512062E-01  0.000000E+00
  9.441676E-01 -1.261127E-01  5.000000E-01  2.005100E-01 -2.700612E-02  0.000000E+00  1.576864E-02 -4.102848E-03 -2.287202E-19  1.946305E-01  0.000000E+00
  9.773746E-01 -1.347178E-01  5.000000E-01  2.075624E-01 -2.883362E-02  0.000000E+00  1.664216E-02 -4.249296E-03 -1.677838E-19  1.320744E-01  0.000000E+00
  1.010583E+00 -1.430838E-01  5.000000E-01  2.146150E-01 -3.061035E-02  0.000000E+00  1.747063E-02 -4.301781E-03 -3.599172E-18  6.560796E-02  0.000000E+00
  1.043798E+00 -1.510851E-01  5.000000E-01  2.216690E-01 -3.230964E-02  0.000000E+00  1.825029E-02 -4.278986E-03  9.061604E-19 -1.196627E-03  0.000000E+00
  1.077015E+00 -1.586715E-01  5.000000E-01  2.287237E-01 -3.392079E-02  0.000000E+00  1.898896E-02 -4.201451E-03  2.596024E-18 -6.667159E-02  0.000000E+00
  1.110238E+00 -1.658001E-01  5.000000E-01  2.357793E-01 -3.543473E-02  0.000000E+00  1.968487E-02 -4.070006E-03 -1.426479E-18 -1.319409E-01  0.000000E+00
  1.143462E+00 -1.724253E-01  5.000000E-01  2.428354E-01 -3.684177E-02  0.000000E+00  2.033264E-02 -3.882030E-03 -1.698762E-18 -1.983647E-01  0.000000E+00
  1.176693E+00 -1.785032E-01  5.000000E-01  2.498927E-01 -3.813256E-02  0.000000E+00  2.092566E-02 -3.635615E-03 -6.384931E-19 -2.666398E-01  0.000000E+00
  1.209925E+00 -1.839872E-01  5.000000E-01  2.569505E-01 -3.929724E-02  0.000000E+00  2.146300E-02 -3.330146E-03  7.264121E-19 -3.369497E-01  0.000000E+00
  1.243158E+00 -1.888299E-01  5.000000E-01  2.640083E-01 -4.032570E-02  0.000000E+00  2.197076E-02 -2.969779E-03 -1.195636E-19 -4.091882E-01  0.000000E+00
  1.276395E+00 -1.929861E-01  5.000000E-01  2.710670E-01 -4.120838E-02  0.000000E+00  2.252823E-02 -2.563445E-03 -1.803938E-18 -4.832283E-01  0.000000E+00
  1.309630E+00 -1.964100E-01  5.000000E-01  2.781253E-01 -4.193553E-02  0.000000E+00  2.326728E-02 -2.117872E-03 -4.056120E-18 -5.590879E-01  0.000000E+00
  1.342868E+00 -1.990580E-01  5.000000E-01  2.851842E-01 -4.249790E-02  0.000000E+00  2.428377E-02 -1.626431E-03 -5.916929E-18 -6.368276E-01  0.000000E+00
  1.376108E+00 -2.008908E-01  5.000000E-01  2.922436E-01 -4.288715E-02  0.000000E+00  2.538579E-02 -1.061543E-03 -5.978354E-18 -7.162095E-01  0.000000E+00
  1.409347E+00 -2.018708E-01  5.000000E-01  2.993027E-01 -4.309528E-02  0.000000E+00  2.572259E-02 -4.082580E-04 -5.990760E-18 -7.946811E-01  0.000000E+00
  1.442589E+00 -2.019664E-01  5.000000E-01  3.063625E-01 -4.311558E-02  0.000000E+00  2.374228E-02  2.386699E-04 -5.655336E-18 -8.613003E-01  0.000000E+00
  1.475831E+00 -2.011513E-01  5.000000E-01  3.134222E-01 -4.294246E-02  0.000000E+00  1.836608E-02  6.447048E-04 -4.014218E-18 -8.878392E-01  0.000000E+00
  1.509072E+00 -1.994053E-01  5.000000E-01  3.204819E-01 -4.257166E-02  0.000000E+00  1.076513E-02  6.355883E-04 -2.117699E-18 -8.354597E-01  0.000000E+00
  1.542314E+00 -1.967150E-01  5.000000E-01  3.275416E-01 -4.200030E-02  0.000000E+00  3.862384E-03  3.140456E-04 -3.688037E-19 -6.922905E-01  0.000000E+00
  1.575558E+00 -1.930758E-01  5.000000E-01  3.346018E-01 -4.122742E-02  0.000000E+00 -4.624956E-04 -6.541967E-05  2.221710E-19 -5.050256E-01  0.000000E+00
  1.608800E+00 -1.885314E-01  5.000000E-01  3.416615E-01 -4.026231E-02  0.000000E+00 -2.411864E-03 -3.450057E-04  8.984020E-19 -3.503173E-01  0.000000E+00
  1.642044E+00 -1.832157E-01  5.000000E-01  3.487219E-01 -3.913339E-02  0.000000E+00 -2.985887E-03 -4.988251E-04  1.572158E-18 -2.691440E-01  0.000000E+00
  1.675286E+00 -1.772749E-01  5.000000E-01  3.557816E-01 -3.787171E-02  0.000000E+00 -2.988792E-03 -5.593805E-04  1.462872E-18 -2.443021E-01  0.000000E+00
  1.708526E+00 -1.708543E-01  5.000000E-01  3.628410E-01 -3.650813E-02  0.000000E+00 -2.836593E-03 -5.670278E-04  2.188573E-18 -2.382503E-01  0.000000E+00
  1.741762E+00 -1.641009E-01  5.000000E-01  3.698996E-01 -3.507387E-02  0.000000E+00 -2.670435E-03 -5.512307E-04  1.326138E-18 -2.309474E-01  0.000000E+00
  1.774995E+00 -1.571605E-01  5.000000E-01  3.769573E-01 -3.359990E-02  0.000000E+00 -2.528086E-03 -5.286409E-04 -1.335714E-18 -2.214064E-01  0.000000E+00
  1.808227E+00 -1.501808E-01  5.000000E-01  3.840150E-01 -3.211758E-02  0.000000E+00 -2.441288E-03 -5.082635E-04 -3.029727E-18 -2.132489E-01  0.000000E+00
  1.841453E+00 -1.433104E-01  5.000000E-01  3.910714E-01 -3.065848E-02  0.000000E+00 -2.443447E-03 -4.956231E-04 -2.068902E-18 -2.074557E-01  0.000000E+00
  1.874678E+00 -1.366970E-01  5.000000E-01  3.981276E-01 -2.925396E-02  0.000000E+00 -2.549054E-03 -4.913634E-04  1.124715E-18 -2.032196E-01  0.000000E+00
  1.907900E+00 -1.304901E-01  5.000000E-01  4.051830E-01 -2.793576E-02  0.000000E+00 -2.748380E-03 -4.894689E-04  4.305910E-19 -1.995837E-01  0.000000E+00
  1.941118E+00 -1.248389E-01  5.000000E-01  4.122377E-01 -2.673559E-02  0.000000E+00 -3.014878E-03 -4.792541E-04 -2.544845E-18 -1.958118E-01  0.000000E+00
  1.974334E+00 -1.198928E-01  5.000000E-01  4.192920E-01 -2.568516E-02  0.000000E+00 -3.313984E-03 -4.487912E-04 -2.510621E-18 -1.911232E-01  0.000000E+00
  2.007549E+00 -1.158024E-01  5.000000E-01  4.263460E-01 -2.481645E-02  0.000000E+00 -3.607984E-03 -3.876106E-04 -5.506764E-19 -1.844819E-01  0.000000E+00
  2.040760E+00 -1.127182E-01  5.000000E-01  4.333993E-01 -2.416145E-02  0.000000E+00 -3.857887E-03 -2.891079E-04 -4.890135E-20 -1.749290E-01  0.000000E+00
  2.073970E+00 -1.107905E-01  5.000000E-01  4.404522E-01 -2.375206E-02  0.000000E+00 -4.026439E-03 -1.534278E-04 -5.965755E-19 -1.619302E-01  0.000000E+00
  2.107177E+00 -1.101660E-01  5.000000E-01  4.475046E-01 -2.361942E-02  0.000000E+00 -4.082665E-03  4.050195E-06  8.680795E-21 -1.448643E-01  0.000000E+00
  2.140379E+00 -1.108607E-01  5.000000E-01  4.545558E-01 -2.376696E-02  0.000000E+00 -4.004805E-03  1.539856E-04  6.771562E-19 -1.229037E-01  0.000000E+00
  2.173577E+00 -1.127438E-01  5.000000E-01  4.616063E-01 -2.416689E-02  0.000000E+00 -3.782990E-03  2.719847E-04  1.456672E-18 -9.623114E-02  0.000000E+00
  2.206768E+00 -1.156748E-01  5.000000E-01  4.686553E-01 -2.478936E-02  0.000000E+00 -3.424164E-03  3.461995E-04  3.201545E-18 -6.588786E-02  0.000000E+00
  2.239954E+00 -1.195132E-01  5.000000E-01  4.757033E-01 -2.560453E-02  0.000000E+00 -2.948689E-03  3.719272E-04  5.726467E-19 -3.322166E-02  0.000000E+00
  2.273134E+00 -1.241169E-01  5.000000E-01  4.827499E-01 -2.658224E-02  0.000000E+00 -2.378279E-03  3.494266E-04 -2.450168E-18 -2.223741E-04  0.000000E+00
  2.306309E+00 -1.293443E-01  5.000000E-01  4.897953E-01 -2.769241E-02  0.000000E+00 -1.725821E-03  2.819581E-04 -6.814898E-19  3.055922E-02  0.000000E+00
  2.339476E+00 -1.350522E-01  5.000000E-01  4.968392E-01 -2.890463E-02  0.000000E+00 -9.906145E-04  1.736054E-04 -7.664430E-20  5.631471E-02  0.000000E+00
  2.372638E+00 -1.410976E-01  5.000000E-01  5.038821E-01 -3.018853E-02  0.000000E+00 -1.578399E-04  2.806048E-05 -3.512337E-19  7.422510E-02  0.000000E+00
  2.405805E+00 -1.473405E-01  5.000000E-01  5.109259E-01 -3.151437E-02  0.000000E+00  8.009177E-04 -1.516821E-04  3.296174E-19  8.171847E-02  0.000000E+00
  2.438976E+00 -1.536410E-01  5.000000E-01  5.179706E-01 -3.285244E-02  0.000000E+00  1.924139E-03 -3.619717E-04  2.057383E-18  7.675899E-02  0.000000E+00
  2.472150E+00 -1.598577E-01  5.000000E-01  5.250160E-01 -3.417273E-02  0.000000E+00  3.247746E-03 -5.948345E-04  2.371695E-18  5.805700E-02  0.000000E+00
  2.505329E+00 -1.658505E-01  5.000000E-01  5.320625E-01 -3.544545E-02  0.000000E+00  4.781997E-03 -8.325014E-04  1.907558E-18  2.531094E-02  0.000000E+00
  2.538512E+00 -1.714787E-01  5.000000E-01  5.391097E-01 -3.664073E-02  0.000000E+00  6.488373E-03 -1.043775E-03  3.033180E-18 -2.064610E-02  0.000000E+00
  2.571700E+00 -1.766015E-01  5.000000E-01  5.461580E-01 -3.772868E-02  0.000000E+00  8.273816E-03 -1.187039E-03  6.802569E-18 -7.794098E-02  0.000000E+00
  2.604894E+00 -1.810795E-01  5.000000E-01  5.532074E-01 -3.867970E-02  0.000000E+00  1.001260E-02 -1.223114E-03  1.184869E-17 -1.437099E-01  0.000000E+00
  2.638090E+00 -1.847809E-01  5.000000E-01  5.602575E-01 -3.946580E-02  0.000000E+00  1.159387E-02 -1.145091E-03  1.849141E-17 -2.129382E-01  0.000000E+00
  2.671292E+00 -1.876872E-01  5.000000E-01  5.673087E-01 -4.008302E-02  0.000000E+00  1.294984E-02 -9.822732E-04  2.610514E-17 -2.797367E-01  0.000000E+00
  2.704497E+00 -1.898539E-01  5.000000E-01  5.743608E-01 -4.054318E-02  0.000000E+00  1.404290E-02 -7.663999E-04  3.003802E-17 -3.407538E-01  0.000000E+00
  2.737708E+00 -1.913392E-01  5.000000E-01  5.814140E-01 -4.085861E-02  0.000000E+00  1.484744E-02 -5.202347E-04  2.922995E-17 -3.947242E-01  0.000000E+00
  2.770923E+00 -1.922005E-01  5.000000E-01  5.884680E-01 -4.104153E-02  0.000000E+00  1.533583E-02 -2.644033E-04  2.377494E-17 -4.403939E-01  0.000000E+00
  2.804143E+00 -1.924959E-01  5.000000E-01  5.955231E-01 -4.110427E-02  0.000000E+00  1.547192E-02 -1.853597E-05  1.481997E-17 -4.757719E-01  0.000000E+00
  2.837367E+00 -1.922838E-01  5.000000E-01  6.025790E-01 -4.105923E-02  0.000000E+00  1.522556E-02  1.992524E-04  5.324322E-18 -4.981574E-01  0.000000E+00
  2.870594E+00 -1.916223E-01  5.000000E-01  6.096357E-01 -4.091873E-02  0.000000E+00  1.460647E-02  3.744301E-04 -2.171261E-18 -5.047357E-01  0.000000E+00
  2.903823E+00 -1.905695E-01  5.000000E-01  6.166926E-01 -4.069515E-02  0.000000E+00  1.369425E-02  4.999141E-04 -5.572442E-18 -4.938437E-01  0.000000E+00
  2.937051E+00 -1.891817E-01  5.000000E-01  6.237496E-01 -4.040041E-02  0.000000E+00  1.263364E-02  5.778356E-04 -6.045026E-18 -4.665146E-01  0.000000E+00
  2.970283E+00 -1.875170E-01  5.000000E-01  6.308072E-01 -4.004687E-02  0.000000E+00  1.158747E-02  6.176895E-04 -5.095752E-18 -4.273723E-01  0.000000E+00
  3.003515E+00 -1.856329E-01  5.000000E-01  6.378649E-01 -3.964674E-02  0.000000E+00  1.068182E-02  6.318861E-04 -3.439562E-18 -3.836983E-01  0.000000E+00
  3.036751E+00 -1.835873E-01  5.000000E-01  6.449232E-01 -3.921231E-02  0.000000E+00  9.978772E-03  6.306653E-04 -2.514582E-18 -3.427084E-01  0.000000E+00
  3.069988E+00 -1.814391E-01  5.000000E-01  6.519820E-01 -3.875608E-02  0.000000E+00  9.483169E-03  6.203108E-04 -1.458058E-18 -3.088988E-01  0.000000E+00
  3.103226E+00 -1.792459E-01  5.000000E-01  6.590410E-01 -3.829029E-02  0.000000E+00  9.170817E-03  6.034116E-04 -6.358389E-19 -2.830987E-01  0.000000E+00
  3.136469E+00 -1.770677E-01  5.000000E-01  6.661010E-01 -3.782771E-02  0.000000E+00  9.009648E-03  5.817867E-04 -1.305520E-18 -2.638323E-01  0.000000E+00
  3.169712E+00 -1.749548E-01  5.000000E-01  6.731611E-01 -3.737897E-02  0.000000E+00  8.962258E-03  5.612395E-04 -1.439170E-18 -2.497391E-01  0.000000E+00
  3.202960E+00 -1.729072E-01  5.000000E-01  6.802220E-01 -3.694411E-02  0.000000E+00  8.990972E-03  5.477973E-04 -7.088785E-19 -2.399179E-01  0.000000E+00
  3.236210E+00 -1.709055E-01  5.000000E-01  6.872835E-01 -3.651899E-02  0.000000E+00  9.067119E-03  5.424332E-04  7.286660E-21 -2.332317E-01  0.000000E+00
  3.269464E+00 -1.689305E-01  5.000000E-01  6.943459E-01 -3.609955E-02  0.000000E+00  9.170263E-03  5.440528E-04  1.314496E-19 -2.287393E-01  0.000000E+00
  3.302721E+00 -1.669620E-01  5.000000E-01  7.014089E-01 -3.568150E-02  0.000000E+00  9.284862E-03  5.519096E-04 -5.134849E-19 -2.258840E-01  0.000000E+00
  3.335981E+00 -1.649795E-01  5.000000E-01  7.084724E-01 -3.526047E-02  0.000000E+00  9.399396E-03  5.653679E-04 -1.038549E-18 -2.242227E-01  0.000000E+00
  3.369247E+00 -1.629634E-01  5.000000E-01  7.155373E-01 -3.483229E-02  0.000000E+00  9.505837E-03  5.838066E-04 -8.234669E-19 -2.232926E-01  0.000000E+00
  3.402518E+00 -1.608962E-01  5.000000E-01  7.226033E-01 -3.439326E-02  0.000000E+00  9.597836E-03  6.068997E-04 -4.633749E-20 -2.227277E-01  0.000000E+00
  3.435792E+00 -1.587587E-01  5.000000E-01  7.296699E-01 -3.393932E-02  0.000000E+00  9.670141E-03  6.342215E-04  2.970947E-19 -2.222112E-01  0.000000E+00
  3.469073E+00 -1.565342E-01  5.000000E-01  7.367379E-01 -3.346690E-02  0.000000E+00  9.718591E-03  6.652080E-04  3.909869E-19 -2.214248E-01  0.000000E+00
  3.502353E+00 -1.542059E-01  5.000000E-01  7.438057E-01 -3.297242E-02  0.000000E+00  9.739668E-03  6.992751E-04  6.387530E-19 -2.200915E-01  0.000000E+00
  3.535630E+00 -1.517586E-01  5.000000E-01  7.508729E-01 -3.245267E-02  0.000000E+00  9.730423E-03  7.357108E-04  9.712613E-19 -2.179566E-01  0.000000E+00
  3.568904E+00 -1.491768E-01  5.000000E-01  7.579395E-01 -3.190436E-02  0.000000E+00  9.688065E-03  7.739929E-04  1.915606E-18 -2.148122E-01  0.000000E+00
  3.602176E+00 -1.464446E-01  5.000000E-01  7.650057E-01 -3.132410E-02  0.000000E+00  9.609974E-03  8.135174E-04  2.980116E-18 -2.104535E-01  0.000000E+00
  3.635446E+00 -1.435459E-01  5.000000E-01  7.720714E-01 -3.070850E-02  0.000000E+00  9.493294E-03  8.533629E-04  2.109119E-18 -2.046850E-01  0.000000E+00
  3.668713E+00 -1.404650E-01  5.000000E-01  7.791365E-01 -3.005418E-02  0.000000E+00  9.334587E-03  8.922078E-04  9.293140E-19 -1.972981E-01  0.000000E+00
  3.701976E+00 -1.371877E-01  5.000000E-01  7.862009E-01 -2.935816E-02  0.000000E+00  9.129047E-03  9.291087E-04  1.035971E-18 -1.881259E-01  0.000000E+00
  3.735241E+00 -1.336945E-01  5.000000E-01  7.932655E-01 -2.861629E-02  0.000000E+00  8.870470E-03  9.635648E-04  1.871950E-18 -1.770899E-01  0.000000E+00
  3.768500E+00 -1.299605E-01  5.000000E-01  8.003289E-01 -2.782328E-02  0.000000E+00  8.555143E-03  9.937235E-04  1.769164E-18 -1.639544E-01  0.000000E+00
  3.801751E+00 -1.259661E-01  5.000000E-01  8.073904E-01 -2.697497E-02  0.000000E+00  8.184760E-03  1.016412E-03  1.226808E-18 -1.484130E-01  0.000000E+00
  3.834989E+00 -1.216989E-01  5.000000E-01  8.144495E-01 -2.606872E-02  0.000000E+00  7.766290E-03  1.028421E-03  1.361600E-18 -1.303777E-01  0.000000E+00
  3.868211E+00 -1.171595E-01  5.000000E-01  8.215050E-01 -2.510468E-02  0.000000E+00  7.310117E-03  1.027925E-03  1.937444E-18 -1.100968E-01  0.000000E+00
  3.901422E+00 -1.123508E-01  5.000000E-01  8.285582E-01 -2.408343E-02  0.000000E+00  6.828265E-03  1.014647E-03  1.070762E-18 -8.802036E-02  0.000000E+00
  3.934617E+00 -1.072848E-01  5.000000E-01  8.356080E-01 -2.300753E-02  0.000000E+00  6.333007E-03  9.890433E-04 -1.514756E-18 -6.462976E-02  0.000000E+00
  3.967800E+00 -1.019772E-01  5.000000E-01  8.426552E-01 -2.188033E-02  0.000000E+00  5.834735E-03  9.522640E-04 -1.246057E-18 -4.044342E-02  0.000000E+00
  4.000972E+00 -9.644786E-02  5.000000E-01  8.497001E-01 -2.070603E-02  0.000000E+00  5.341256E-03  9.059900E-04  7.047816E-19 -1.588093E-02  0.000000E+00
  4.034139E+00 -9.071744E-02  5.000000E-01  8.567440E-01 -1.948903E-02  0.000000E+00  4.857143E-03  8.523688E-04  4.068174E-19  8.690941E-03  0.000000E+00
  4.067311E+00 -8.479903E-02  5.000000E-01  8.637890E-01 -1.823210E-02  0.000000E+00  4.384166E-03  7.931767E-04 -4.021412E-19  3.298841E-02  0.000000E+00
  4.100488E+00 -7.870600E-02  5.000000E-01  8.708348E-01 -1.693809E-02  0.000000E+00  3.923204E-03  7.294160E-04  1.374332E-18  5.690103E-02  0.000000E+00
  4.133669E+00 -7.245354E-02  5.000000E-01  8.778818E-01 -1.561022E-02  0.000000E+00  3.475395E-03  6.619984E-04  1.467235E-18  8.033494E-02  0.000000E+00
  4.166856E+00 -6.605577E-02  5.000000E-01  8.849299E-01 -1.425149E-02  0.000000E+00  3.043222E-03  5.921536E-04  2.094881E-18  1.031768E-01  0.000000E+00
  4.200049E+00 -5.952951E-02  5.000000E-01  8.919793E-01 -1.286548E-02  0.000000E+00  2.631301E-03  5.214876E-04  3.961062E-18  1.252691E-01  0.000000E+00
  4.233242E+00 -5.289199E-02  5.000000E-01  8.990286E-01 -1.145583E-02  0.000000E+00  2.246874E-03  4.515847E-04  3.950781E-19  1.464773E-01  0.000000E+00
  4.266405E+00 -4.618741E-02  5.000000E-01  9.060715E-01 -1.003194E-02  0.000000E+00  1.899664E-03  3.838427E-04 -1.520699E-18  1.667348E-01  0.000000E+00
  4.299502E+00 -3.950238E-02  5.000000E-01  9.131007E-01 -8.612206E-03  0.000000E+00  1.599985E-03  3.204119E-04 -4.046185E-19  1.858863E-01  0.000000E+00
  4.332522E+00 -3.295797E-02  5.000000E-01  9.201132E-01 -7.222335E-03  0.000000E+00  1.355798E-03  2.642050E-04 -1.556725E-18  2.034971E-01  0.000000E+00
  4.365472E+00 -2.667077E-02  5.000000E-01  9.271110E-01 -5.887088E-03  0.000000E+00  1.171556E-03  2.175194E-04 -3.013597E-18  2.191450E-01  0.000000E+00
  4.398350E+00 -2.076198E-02  5.000000E-01  9.340935E-01 -4.632206E-03  0.000000E+00  1.049819E-03  1.811906E-04 -1.581608E-18  2.327890E-01  0.000000E+00
  4.431155E+00 -1.535354E-02  5.000000E-01  9.410605E-01 -3.483586E-03  0.000000E+00  9.926021E-04  1.544159E-04  1.004434E-18  2.445502E-01  0.000000E+00
  4.463888E+00 -1.057604E-02  5.000000E-01  9.480121E-01 -2.468963E-03  0.000000E+00  1.000139E-03  1.347014E-04  4.016908E-18  2.544364E-01  0.000000E+00
  4.496579E+00 -6.528384E-03  5.000000E-01  9.549550E-01 -1.609340E-03  0.000000E+00  1.067926E-03  1.183213E-04  3.070399E-18  2.626045E-01  0.000000E+00
  4.529252E+00 -3.277822E-03  5.000000E-01  9.618939E-01 -9.190005E-04  0.000000E+00  1.182490E-03  1.019369E-04  1.416161E-18  2.692692E-01  0.000000E+00
  4.561929E+00 -8.511053E-04  5.000000E-01  9.688337E-01 -4.036256E-04  0.000000E+00  1.314434E-03  8.161349E-05  1.284511E-18  2.731506E-01  0.000000E+00
  4.594574E+00  7.293887E-04  5.000000E-01  9.757666E-01 -6.796750E-05  0.000000E+00  1.421256E-03  4.851713E-05 -1.694652E-19  2.731743E-01  0.000000E+00
  4.627203E+00  1.454941E-03  5.000000E-01  9.826962E-01  8.612190E-05  0.000000E+00  1.483183E-03  3.692731E-06  3.285983E-21  2.767196E-01  0.000000E+00
  4.659162E+00  1.337905E-03  5.000000E-01  9.894836E-01  6.126633E-05  0.000000E+00  1.507193E-03 -1.963109E-05  5.969993E-19  2.856916E-01  0.000000E+00
  4.689251E+00  4.952528E-04  5.000000E-01  9.958737E-01 -1.176922E-04  0.000000E+00  1.405289E-03 -2.577253E-05  2.657216E-18  2.505274E-01  0.000000E+00
  4.708680E+00 -4.108233E-04  5.000000E-01  1.000000E+00 -3.101205E-04  0.000000E+00  1.093764E-03 -6.028621E-05  2.290979E-18  1.424207E-01  0.000000E+00
    1    2
    2    3
    3    4
    4    5
    5    6
    6    7
    7    8
    8    9
    9   10
   10   11
   11   12
   12   13
   13   14
   14   15
   15   16
   16   17
   17   18
   18   19
   19   20
   20   21
   21   22
   22   23
   23   24
   24   25
   25   26
   26   27
   27   28
   28   29
   29   30
   30   31
   31   32
   32   33
   33   34
   34   35
   35   36
   36   37
   37   38
   38   39
   39   40
   40   41
   41   42
   42   43
   43   44
   44   45
   45   46
   46   47
   47   48
   48   49
   49   50
   50   51
   51   52
   52   53
   53   54
   54   55
   55   56
   56   57
   57   58
   58   59
   59   60
   60   61
   61   62
   62   63
   63   64
   64   65
   65   66
   66   67
   67   68
   68   69
   69   70
   70   71
   71   72
   72   73
   73   74
   74   75
   75   76
   76   77
   77   78
   78   79
   79   80
   80   81
   81   82
   82   83
   83   84
   84   85
   85   86
   86   87
   87   88
   88   89
   89   90
   90   91
   91   92
   92   93
   93   94
   94   95
   95   96
   96   97
   97   98
   98   99
   99  100
  100  101
  101  102
  102  103
  103  104
  104  105
  105  106
  106  107
  107  108
  108  109
  109  110
  110  111
  111  112
  112  113
  113  114
  114  115
  115  116
  116  117
  117  118
  118  119
  119  120
  120  121
  121  122
  122  123
  123  124
  124  125
  125  126
  126  127
  127  128
  128  129
  129  130
  130  131
  131  132
  132  133
  133  134
  134  135
  135  136
  136  137
  137  138
  138  139
  139  140
  140  141
  141  142
  142  143
  143  144
  144  145
  145  146
  146  147
  147  148
  148  149
  149  150
  151  152
  152  153
  153  154
  154  155
  155  156
  156  157
  157  158
  158  159
  159  160
  160  161
  161  162
  162  163
  163  164
  164  165
  165  166
  166  167
  167  168
  168  169
  169  170
  170  171
  171  172
  172  173
  173  174
  174  175
  175  176
  176  177
  177  178
  178  179
  179  180
  180  181
  181  182
  182  183
  183  184
  184  185
  185  186
  186  187
  187  188
  188  189
  189  190
  190  191
  191  192
  192  193
  193  194
  194  195
  195  196
  196  197
  197  198
  198  199
  199  200
  200  201
  201  202
  202  203
  203  204
  204  205
  205  206
  206  207
  207  208
  208  209
  209  210
  210  211
  211  212
  212  213
  213  214
  214  215
  215  216
  216  217
  217  218
  218  219
  219  220
  220  221
  221  222
  222  223
  223  224
  224  225
  225  226
  226  227
  227  228
  228  229
  229  230
  230  231
  231  232
  232  233
  233  234
  234  235
  235  236
  236  237
  237  238
  238  239
  239  240
  240  241
  241  242
  242  243
  243  244
  244  245
  245  246
  246  247
  247  248
  248  249
  249  250
  250  251
  251  252
  252  253
  253  254
  254  255
  255  256
  256  257
  257  258
  258  259
  259  260
  260  261
  261  262
  262  263
  263  264
  264  265
  265  266
  266  267
  267  268
  268  269
  269  270
  270  271
  271  272
  272  273
  273  274
  274  275
  275  276
  276  277
  277  278
  278  279
  279  280
  280  281
  281  282
  282  283
  283  284
  284  285
  285  286
  286  287
  287  288
  288  289
  289  290
  290  291
  291  292
  292  293
  293  294
  294  295
  295  296
  296  297
  297  298
  298  299
  299  300
