 Title = "ADflow Slice Data"
Variables =  "CoordinateX"  "CoordinateY"  "CoordinateZ"  "XoC"  "YoC"  "ZoC" "VelocityX" "VelocityY" "VelocityZ" "CoefPressure" "Mach" 
Zone T= "Slice_0001 None Absolute Regular z = 0.50000000"
 Nodes =          300  Elements=          298  ZONETYPE=FELINESEG
 DATAPACKING=POINT
  4.708680E+00 -4.001101E-04  5.000000E-01  9.999998E-01 -5.900270E-04  0.000000E+00 -1.878120E-04  8.951620E-06 -1.478612E-18 -8.245857E-02  0.000000E+00
  4.689187E+00  3.420214E-03  5.000000E-01  9.958600E-01  2.213159E-04  0.000000E+00 -1.657584E-04  2.775439E-05 -1.700397E-18 -6.856242E-02  0.000000E+00
  4.658673E+00  9.700421E-03  5.000000E-01  9.893795E-01  1.555077E-03  0.000000E+00 -2.087315E-04  4.328618E-05 -3.002803E-18 -6.882097E-02  0.000000E+00
  4.626256E+00  1.668985E-02  5.000000E-01  9.824951E-01  3.039460E-03  0.000000E+00 -2.701259E-04  6.178227E-05 -3.323555E-18 -7.676241E-02  0.000000E+00
  4.593146E+00  2.408534E-02  5.000000E-01  9.754633E-01  4.610079E-03  0.000000E+00 -3.247095E-04  7.408852E-05 -1.394156E-18 -8.256326E-02  0.000000E+00
  4.560031E+00  3.167598E-02  5.000000E-01  9.684305E-01  6.222146E-03  0.000000E+00 -3.691458E-04  8.488634E-05  5.714078E-19 -8.639870E-02  0.000000E+00
  4.526891E+00  3.941430E-02  5.000000E-01  9.613922E-01  7.865575E-03  0.000000E+00 -4.016668E-04  9.427620E-05 -6.216386E-19 -9.056804E-02  0.000000E+00
  4.493752E+00  4.725065E-02  5.000000E-01  9.543544E-01  9.529822E-03  0.000000E+00 -4.189247E-04  9.954151E-05 -2.240134E-18 -9.520351E-02  0.000000E+00
  4.460612E+00  5.514552E-02  5.000000E-01  9.473163E-01  1.120650E-02  0.000000E+00 -4.199008E-04  1.002107E-04 -3.740626E-18 -9.995146E-02  0.000000E+00
  4.427470E+00  6.306524E-02  5.000000E-01  9.402778E-01  1.288845E-02  0.000000E+00 -4.057876E-04  9.685516E-05 -5.716148E-18 -1.048571E-01  0.000000E+00
  4.394325E+00  7.097330E-02  5.000000E-01  9.332386E-01  1.456793E-02  0.000000E+00 -3.782613E-04  9.002545E-05 -4.873981E-18 -1.100638E-01  0.000000E+00
  4.361178E+00  7.883820E-02  5.000000E-01  9.261990E-01  1.623824E-02  0.000000E+00 -3.390130E-04  8.008104E-05 -3.159337E-18 -1.155724E-01  0.000000E+00
  4.328027E+00  8.662733E-02  5.000000E-01  9.191585E-01  1.789246E-02  0.000000E+00 -2.893468E-04  6.751585E-05 -2.653771E-18 -1.214385E-01  0.000000E+00
  4.294876E+00  9.430625E-02  5.000000E-01  9.121179E-01  1.952327E-02  0.000000E+00 -2.295575E-04  5.276998E-05 -1.066761E-18 -1.277539E-01  0.000000E+00
  4.261727E+00  1.018431E-01  5.000000E-01  9.050781E-01  2.112391E-02  0.000000E+00 -1.590018E-04  3.583274E-05  2.955235E-18 -1.344925E-01  0.000000E+00
  4.228582E+00  1.092062E-01  5.000000E-01  8.980387E-01  2.268765E-02  0.000000E+00 -7.592802E-05  1.674548E-05  4.182521E-18 -1.416931E-01  0.000000E+00
  4.195443E+00  1.163591E-01  5.000000E-01  8.910009E-01  2.420676E-02  0.000000E+00  2.262691E-05 -4.597585E-06  2.602431E-18 -1.493841E-01  0.000000E+00
  4.162308E+00  1.232633E-01  5.000000E-01  8.839638E-01  2.567304E-02  0.000000E+00  1.402188E-04 -2.834386E-05  1.708622E-18 -1.575077E-01  0.000000E+00
  4.129179E+00  1.298806E-01  5.000000E-01  8.769280E-01  2.707839E-02  0.000000E+00  2.801486E-04 -5.420645E-05  3.877459E-19 -1.660103E-01  0.000000E+00
  4.096054E+00  1.361681E-01  5.000000E-01  8.698931E-01  2.841370E-02  0.000000E+00  4.444790E-04 -8.138222E-05 -1.436036E-19 -1.748097E-01  0.000000E+00
  4.062934E+00  1.420823E-01  5.000000E-01  8.628592E-01  2.966972E-02  0.000000E+00  6.329222E-04 -1.083768E-04 -4.327715E-19 -1.837621E-01  0.000000E+00
  4.029817E+00  1.475754E-01  5.000000E-01  8.558261E-01  3.083633E-02  0.000000E+00  8.420221E-04 -1.329223E-04  2.290865E-19 -1.926837E-01  0.000000E+00
  3.996705E+00  1.525968E-01  5.000000E-01  8.487938E-01  3.190275E-02  0.000000E+00  1.064971E-03 -1.521878E-04  6.668874E-19 -2.013593E-01  0.000000E+00
  3.963594E+00  1.570943E-01  5.000000E-01  8.417619E-01  3.285790E-02  0.000000E+00  1.291872E-03 -1.632029E-04  1.423243E-19 -2.095189E-01  0.000000E+00
  3.930486E+00  1.610126E-01  5.000000E-01  8.347305E-01  3.369006E-02  0.000000E+00  1.510283E-03 -1.631993E-04  1.210966E-19 -2.168686E-01  0.000000E+00
  3.897377E+00  1.642931E-01  5.000000E-01  8.276990E-01  3.438675E-02  0.000000E+00  1.706010E-03 -1.501408E-04  4.872474E-20 -2.231116E-01  0.000000E+00
  3.864269E+00  1.668770E-01  5.000000E-01  8.206676E-01  3.493551E-02  0.000000E+00  1.863974E-03 -1.232981E-04  3.178792E-19 -2.279011E-01  0.000000E+00
  3.831161E+00  1.687018E-01  5.000000E-01  8.136365E-01  3.532306E-02  0.000000E+00  1.969299E-03 -8.371487E-05  5.754488E-19 -2.309289E-01  0.000000E+00
  3.798054E+00  1.697082E-01  5.000000E-01  8.066052E-01  3.553678E-02  0.000000E+00  2.009384E-03 -3.443732E-05  3.748903E-19 -2.320584E-01  0.000000E+00
  3.764948E+00  1.698387E-01  5.000000E-01  7.995743E-01  3.556451E-02  0.000000E+00  1.976598E-03  1.942471E-05 -9.338912E-20 -2.312885E-01  0.000000E+00
  3.731842E+00  1.690434E-01  5.000000E-01  7.925434E-01  3.539561E-02  0.000000E+00  1.870121E-03  7.116402E-05 -2.042691E-19 -2.287952E-01  0.000000E+00
  3.698737E+00  1.672845E-01  5.000000E-01  7.855129E-01  3.502206E-02  0.000000E+00  1.696365E-03  1.135179E-04 -5.524262E-19 -2.250751E-01  0.000000E+00
  3.665634E+00  1.645544E-01  5.000000E-01  7.784826E-01  3.444226E-02  0.000000E+00  1.467527E-03  1.400106E-04 -2.605743E-19 -2.208867E-01  0.000000E+00
  3.632534E+00  1.608875E-01  5.000000E-01  7.714528E-01  3.366350E-02  0.000000E+00  1.198049E-03  1.468483E-04 -8.209027E-19 -2.170549E-01  0.000000E+00
  3.599434E+00  1.563285E-01  5.000000E-01  7.644233E-01  3.269528E-02  0.000000E+00  9.009664E-04  1.334514E-04 -4.658623E-19 -2.144386E-01  0.000000E+00
  3.566334E+00  1.509326E-01  5.000000E-01  7.573937E-01  3.154932E-02  0.000000E+00  5.864536E-04  1.005967E-04  1.113444E-18 -2.136067E-01  0.000000E+00
  3.533236E+00  1.447650E-01  5.000000E-01  7.503645E-01  3.023948E-02  0.000000E+00  2.619148E-04  4.977748E-05  1.209808E-18 -2.148374E-01  0.000000E+00
  3.500138E+00  1.379013E-01  5.000000E-01  7.433352E-01  2.878179E-02  0.000000E+00 -6.641495E-05 -1.599278E-05 -9.869568E-19 -2.185073E-01  0.000000E+00
  3.467038E+00  1.304302E-01  5.000000E-01  7.363056E-01  2.719511E-02  0.000000E+00 -3.918283E-04 -9.269850E-05 -4.849298E-18 -2.247924E-01  0.000000E+00
  3.433936E+00  1.224533E-01  5.000000E-01  7.292756E-01  2.550102E-02  0.000000E+00 -7.082084E-04 -1.757959E-04 -5.342089E-18 -2.335032E-01  0.000000E+00
  3.400832E+00  1.140842E-01  5.000000E-01  7.222452E-01  2.372362E-02  0.000000E+00 -1.011716E-03 -2.604518E-04 -4.904653E-18 -2.443214E-01  0.000000E+00
  3.367728E+00  1.054496E-01  5.000000E-01  7.152145E-01  2.188985E-02  0.000000E+00 -1.301073E-03 -3.421423E-04 -3.313935E-18 -2.568560E-01  0.000000E+00
  3.334620E+00  9.668698E-02  5.000000E-01  7.081834E-01  2.002888E-02  0.000000E+00 -1.576753E-03 -4.167836E-04 -1.030638E-18 -2.706228E-01  0.000000E+00
  3.301512E+00  8.794498E-02  5.000000E-01  7.011519E-01  1.817230E-02  0.000000E+00 -1.839356E-03 -4.803588E-04 -2.464188E-18 -2.851074E-01  0.000000E+00
  3.268401E+00  7.938089E-02  5.000000E-01  6.941200E-01  1.635349E-02  0.000000E+00 -2.088088E-03 -5.286522E-04  1.961101E-18 -2.998229E-01  0.000000E+00
  3.235290E+00  7.115879E-02  5.000000E-01  6.870880E-01  1.460732E-02  0.000000E+00 -2.320550E-03 -5.575067E-04  4.242990E-18 -3.143388E-01  0.000000E+00
  3.202177E+00  6.344612E-02  5.000000E-01  6.800556E-01  1.296934E-02  0.000000E+00 -2.534008E-03 -5.632283E-04  5.104880E-19 -3.283516E-01  0.000000E+00
  3.169063E+00  5.641206E-02  5.000000E-01  6.730230E-01  1.147548E-02  0.000000E+00 -2.727335E-03 -5.432291E-04  8.314657E-19 -3.416334E-01  0.000000E+00
  3.135947E+00  5.022300E-02  5.000000E-01  6.659901E-01  1.016108E-02  0.000000E+00 -2.901637E-03 -4.994533E-04  1.007903E-19 -3.539640E-01  0.000000E+00
  3.102831E+00  4.498531E-02  5.000000E-01  6.589570E-01  9.048719E-03  0.000000E+00 -3.057079E-03 -4.406754E-04 -1.281323E-18 -3.656450E-01  0.000000E+00
  3.069714E+00  4.065802E-02  5.000000E-01  6.519237E-01  8.129710E-03  0.000000E+00 -3.192736E-03 -3.756251E-04 -6.585294E-20 -3.769966E-01  0.000000E+00
  3.036593E+00  3.717618E-02  5.000000E-01  6.448898E-01  7.390252E-03  0.000000E+00 -3.309318E-03 -3.082747E-04  4.419251E-19 -3.878441E-01  0.000000E+00
  3.003475E+00  3.447515E-02  5.000000E-01  6.378563E-01  6.816620E-03  0.000000E+00 -3.408513E-03 -2.408146E-04 -7.160464E-19 -3.981106E-01  0.000000E+00
  2.970356E+00  3.248785E-02  5.000000E-01  6.308226E-01  6.394567E-03  0.000000E+00 -3.492095E-03 -1.750427E-04 -5.356221E-19 -4.078475E-01  0.000000E+00
  2.937236E+00  3.114896E-02  5.000000E-01  6.237887E-01  6.110220E-03  0.000000E+00 -3.561834E-03 -1.124856E-04 -1.444475E-19 -4.171203E-01  0.000000E+00
  2.904117E+00  3.039188E-02  5.000000E-01  6.167549E-01  5.949434E-03  0.000000E+00 -3.619691E-03 -5.443629E-05 -1.561793E-19 -4.259726E-01  0.000000E+00
  2.870996E+00  3.015002E-02  5.000000E-01  6.097210E-01  5.898070E-03  0.000000E+00 -3.667923E-03 -1.859145E-06 -8.550763E-20 -4.344415E-01  0.000000E+00
  2.837877E+00  3.035665E-02  5.000000E-01  6.026872E-01  5.941951E-03  0.000000E+00 -3.708962E-03  4.453569E-05 -2.276546E-20 -4.425831E-01  0.000000E+00
  2.804757E+00  3.094448E-02  5.000000E-01  5.956534E-01  6.066794E-03  0.000000E+00 -3.745284E-03  8.426078E-05 -9.810718E-20 -4.504613E-01  0.000000E+00
  2.771639E+00  3.184653E-02  5.000000E-01  5.886199E-01  6.258366E-03  0.000000E+00 -3.779189E-03  1.169620E-04  3.904604E-20 -4.581510E-01  0.000000E+00
  2.738522E+00  3.299444E-02  5.000000E-01  5.815867E-01  6.502154E-03  0.000000E+00 -3.812638E-03  1.424165E-04  1.167916E-19 -4.657231E-01  0.000000E+00
  2.705406E+00  3.432096E-02  5.000000E-01  5.745536E-01  6.783875E-03  0.000000E+00 -3.847082E-03  1.604877E-04 -1.229035E-20 -4.732460E-01  0.000000E+00
  2.672292E+00  3.575786E-02  5.000000E-01  5.675211E-01  7.089037E-03  0.000000E+00 -3.883414E-03  1.709416E-04 -2.974821E-19 -4.807833E-01  0.000000E+00
  2.639177E+00  3.723741E-02  5.000000E-01  5.604884E-01  7.403256E-03  0.000000E+00 -3.921943E-03  1.736154E-04  4.018530E-20 -4.884182E-01  0.000000E+00
  2.606068E+00  3.869165E-02  5.000000E-01  5.534567E-01  7.712101E-03  0.000000E+00 -3.962896E-03  1.698483E-04  1.528606E-19 -4.961923E-01  0.000000E+00
  2.572958E+00  4.007623E-02  5.000000E-01  5.464250E-01  8.006153E-03  0.000000E+00 -4.007691E-03  1.630436E-04 -3.905049E-20 -5.039848E-01  0.000000E+00
  2.539852E+00  4.138624E-02  5.000000E-01  5.393940E-01  8.284365E-03  0.000000E+00 -4.058024E-03  1.556861E-04  3.706909E-19 -5.118256E-01  0.000000E+00
  2.506749E+00  4.261878E-02  5.000000E-01  5.323638E-01  8.546127E-03  0.000000E+00 -4.114540E-03  1.481098E-04  4.937942E-19 -5.199020E-01  0.000000E+00
  2.473650E+00  4.377142E-02  5.000000E-01  5.253344E-01  8.790919E-03  0.000000E+00 -4.177292E-03  1.401606E-04  1.597733E-19 -5.282667E-01  0.000000E+00
  2.440554E+00  4.484165E-02  5.000000E-01  5.183056E-01  9.018211E-03  0.000000E+00 -4.246040E-03  1.318033E-04 -2.875081E-19 -5.369049E-01  0.000000E+00
  2.407460E+00  4.582793E-02  5.000000E-01  5.112773E-01  9.227672E-03  0.000000E+00 -4.320232E-03  1.229449E-04 -2.466923E-19 -5.458057E-01  0.000000E+00
  2.374373E+00  4.672715E-02  5.000000E-01  5.042504E-01  9.418644E-03  0.000000E+00 -4.398977E-03  1.134644E-04 -8.590409E-20 -5.549669E-01  0.000000E+00
  2.341286E+00  4.753695E-02  5.000000E-01  4.972235E-01  9.590625E-03  0.000000E+00 -4.481237E-03  1.034821E-04 -1.071417E-19 -5.643676E-01  0.000000E+00
  2.308194E+00  4.825747E-02  5.000000E-01  4.901958E-01  9.743646E-03  0.000000E+00 -4.565907E-03  9.321132E-05 -2.749962E-20 -5.739726E-01  0.000000E+00
  2.275097E+00  4.889032E-02  5.000000E-01  4.831666E-01  9.878047E-03  0.000000E+00 -4.651666E-03  8.276394E-05  6.521575E-20 -5.837454E-01  0.000000E+00
  2.241991E+00  4.943756E-02  5.000000E-01  4.761358E-01  9.994268E-03  0.000000E+00 -4.736719E-03  7.216757E-05 -1.638503E-19 -5.936438E-01  0.000000E+00
  2.208879E+00  4.990146E-02  5.000000E-01  4.691037E-01  1.009279E-02  0.000000E+00 -4.818518E-03  6.142450E-05 -1.990631E-19 -6.036107E-01  0.000000E+00
  2.175760E+00  5.028399E-02  5.000000E-01  4.620700E-01  1.017403E-02  0.000000E+00 -4.893695E-03  5.052983E-05 -3.054859E-20 -6.135502E-01  0.000000E+00
  2.142637E+00  5.058723E-02  5.000000E-01  4.550354E-01  1.023843E-02  0.000000E+00 -4.958033E-03  3.939504E-05  4.366939E-20 -6.233428E-01  0.000000E+00
  2.109507E+00  5.081292E-02  5.000000E-01  4.479993E-01  1.028636E-02  0.000000E+00 -5.006368E-03  2.829997E-05  1.022962E-19 -6.329055E-01  0.000000E+00
  2.076374E+00  5.096424E-02  5.000000E-01  4.409628E-01  1.031850E-02  0.000000E+00 -5.034195E-03  1.992013E-05  6.493834E-20 -6.420282E-01  0.000000E+00
  2.043241E+00  5.107551E-02  5.000000E-01  4.339261E-01  1.034213E-02  0.000000E+00 -5.039273E-03  1.916811E-05 -2.906239E-21 -6.503549E-01  0.000000E+00
  2.010106E+00  5.121700E-02  5.000000E-01  4.268892E-01  1.037218E-02  0.000000E+00 -5.019798E-03  2.899879E-05 -1.142134E-20 -6.577565E-01  0.000000E+00
  1.976970E+00  5.146057E-02  5.000000E-01  4.198518E-01  1.042391E-02  0.000000E+00 -4.973159E-03  4.937096E-05 -2.818200E-21 -6.642548E-01  0.000000E+00
  1.943835E+00  5.187770E-02  5.000000E-01  4.128148E-01  1.051249E-02  0.000000E+00 -4.896768E-03  7.946241E-05 -8.569098E-20 -6.697724E-01  0.000000E+00
  1.910699E+00  5.253957E-02  5.000000E-01  4.057775E-01  1.065306E-02  0.000000E+00 -4.788846E-03  1.182085E-04 -1.540246E-19 -6.741640E-01  0.000000E+00
  1.877561E+00  5.351864E-02  5.000000E-01  3.987398E-01  1.086099E-02  0.000000E+00 -4.648814E-03  1.640888E-04 -3.613745E-20 -6.773013E-01  0.000000E+00
  1.844424E+00  5.488636E-02  5.000000E-01  3.917024E-01  1.115146E-02  0.000000E+00 -4.477204E-03  2.152443E-04  3.751322E-19 -6.791391E-01  0.000000E+00
  1.811282E+00  5.671567E-02  5.000000E-01  3.846637E-01  1.153996E-02  0.000000E+00 -4.275661E-03  2.695411E-04  3.186410E-19 -6.796952E-01  0.000000E+00
  1.778139E+00  5.907970E-02  5.000000E-01  3.776250E-01  1.204202E-02  0.000000E+00 -4.046887E-03  3.245472E-04 -8.167307E-19 -6.790485E-01  0.000000E+00
  1.744992E+00  6.205109E-02  5.000000E-01  3.705853E-01  1.267307E-02  0.000000E+00 -3.794955E-03  3.777584E-04 -9.084914E-19 -6.772933E-01  0.000000E+00
  1.711843E+00  6.570316E-02  5.000000E-01  3.635455E-01  1.344868E-02  0.000000E+00 -3.525514E-03  4.268498E-04  1.143589E-19 -6.745517E-01  0.000000E+00
  1.678692E+00  7.010857E-02  5.000000E-01  3.565048E-01  1.438428E-02  0.000000E+00 -3.245599E-03  4.699418E-04  9.944704E-19 -6.710025E-01  0.000000E+00
  1.645539E+00  7.534073E-02  5.000000E-01  3.494640E-01  1.549546E-02  0.000000E+00 -2.963131E-03  5.057999E-04  8.461749E-19 -6.668805E-01  0.000000E+00
  1.612385E+00  8.147139E-02  5.000000E-01  3.424230E-01  1.679747E-02  0.000000E+00 -2.686362E-03  5.341501E-04 -3.002478E-19 -6.624213E-01  0.000000E+00
  1.579236E+00  8.857146E-02  5.000000E-01  3.353830E-01  1.830535E-02  0.000000E+00 -2.423892E-03  5.547955E-04 -6.342695E-19 -6.577598E-01  0.000000E+00
  1.546090E+00  9.669968E-02  5.000000E-01  3.283435E-01  2.003158E-02  0.000000E+00 -2.182706E-03  5.648006E-04 -4.843581E-19 -6.533027E-01  0.000000E+00
  1.512946E+00  1.057815E-01  5.000000E-01  3.213045E-01  2.196033E-02  0.000000E+00 -1.966657E-03  5.609979E-04  8.966390E-19 -6.494832E-01  0.000000E+00
  1.479807E+00  1.156483E-01  5.000000E-01  3.142666E-01  2.405580E-02  0.000000E+00 -1.778733E-03  5.453482E-04 -3.376413E-18 -6.462348E-01  0.000000E+00
  1.446672E+00  1.261272E-01  5.000000E-01  3.072295E-01  2.628126E-02  0.000000E+00 -1.623113E-03  5.236606E-04 -3.494133E-18 -6.435073E-01  0.000000E+00
  1.413540E+00  1.370462E-01  5.000000E-01  3.001932E-01  2.860020E-02  0.000000E+00 -1.505616E-03  5.021305E-04  1.932827E-18 -6.415304E-01  0.000000E+00
  1.380413E+00  1.482358E-01  5.000000E-01  2.931578E-01  3.097657E-02  0.000000E+00 -1.434550E-03  4.867609E-04  5.923176E-19 -6.405895E-01  0.000000E+00
  1.347294E+00  1.595309E-01  5.000000E-01  2.861242E-01  3.337538E-02  0.000000E+00 -1.422471E-03  4.841465E-04  1.639585E-18 -6.408745E-01  0.000000E+00
  1.314179E+00  1.707779E-01  5.000000E-01  2.790914E-01  3.576397E-02  0.000000E+00 -1.487551E-03  5.009533E-04  2.440541E-18 -6.423398E-01  0.000000E+00
  1.281074E+00  1.818312E-01  5.000000E-01  2.720606E-01  3.811141E-02  0.000000E+00 -1.649314E-03  5.419200E-04  3.421865E-19 -6.450530E-01  0.000000E+00
  1.247974E+00  1.925587E-01  5.000000E-01  2.650310E-01  4.038968E-02  0.000000E+00 -1.916222E-03  6.062364E-04  6.039609E-19 -6.495642E-01  0.000000E+00
  1.214880E+00  2.028420E-01  5.000000E-01  2.580027E-01  4.257359E-02  0.000000E+00 -2.272833E-03  6.856139E-04 -1.231883E-18 -6.560640E-01  0.000000E+00
  1.181795E+00  2.125738E-01  5.000000E-01  2.509763E-01  4.464039E-02  0.000000E+00 -2.682849E-03  7.654885E-04 -3.633928E-18 -6.623712E-01  0.000000E+00
  1.148718E+00  2.216610E-01  5.000000E-01  2.439515E-01  4.657028E-02  0.000000E+00 -3.100145E-03  8.228993E-04 -1.177140E-18 -6.659976E-01  0.000000E+00
  1.115646E+00  2.300247E-01  5.000000E-01  2.369279E-01  4.834653E-02  0.000000E+00 -3.425804E-03  8.214389E-04  1.105009E-18 -6.763095E-01  0.000000E+00
  1.082583E+00  2.375968E-01  5.000000E-01  2.299060E-01  4.995467E-02  0.000000E+00 -3.366248E-03  7.097003E-04 -1.737016E-20 -7.238490E-01  0.000000E+00
  1.049524E+00  2.443218E-01  5.000000E-01  2.228852E-01  5.138289E-02  0.000000E+00 -2.247468E-03  4.190448E-04  2.999647E-19 -8.378241E-01  0.000000E+00
  1.016475E+00  2.501531E-01  5.000000E-01  2.158664E-01  5.262131E-02  0.000000E+00  1.020113E-03 -1.258038E-04  2.675914E-18 -1.000248E+00  0.000000E+00
  9.834318E-01  2.550535E-01  5.000000E-01  2.088488E-01  5.366204E-02  0.000000E+00  7.175765E-03 -8.672996E-04  8.889420E-18 -1.142723E+00  0.000000E+00
  9.503976E-01  2.589688E-01  5.000000E-01  2.018331E-01  5.449355E-02  0.000000E+00  1.507349E-02 -1.459515E-03  2.002704E-17 -1.207825E+00  0.000000E+00
  9.173728E-01  2.618390E-01  5.000000E-01  1.948195E-01  5.510312E-02  0.000000E+00  2.167346E-02 -1.491893E-03  2.728109E-17 -1.194332E+00  0.000000E+00
  8.843598E-01  2.636309E-01  5.000000E-01  1.878083E-01  5.548366E-02  0.000000E+00  2.492477E-02 -9.422186E-04  2.627869E-17 -1.135644E+00  0.000000E+00
  8.513623E-01  2.643331E-01  5.000000E-01  1.808004E-01  5.563279E-02  0.000000E+00  2.546428E-02 -1.345752E-04  2.097542E-17 -1.060196E+00  0.000000E+00
  8.183794E-01  2.639533E-01  5.000000E-01  1.737957E-01  5.555212E-02  0.000000E+00  2.493566E-02  6.789460E-04  1.628576E-17 -9.801069E-01  0.000000E+00
  7.854121E-01  2.625133E-01  5.000000E-01  1.667942E-01  5.524632E-02  0.000000E+00  2.435157E-02  1.437296E-03  1.272807E-17 -8.988452E-01  0.000000E+00
  7.524593E-01  2.600454E-01  5.000000E-01  1.597959E-01  5.472220E-02  0.000000E+00  2.397621E-02  2.151422E-03  8.505965E-18 -8.173424E-01  0.000000E+00
  7.195226E-01  2.565888E-01  5.000000E-01  1.528009E-01  5.398809E-02  0.000000E+00  2.373139E-02  2.828418E-03  3.893205E-18 -7.359955E-01  0.000000E+00
  6.866079E-01  2.521860E-01  5.000000E-01  1.458107E-01  5.305306E-02  0.000000E+00  2.348662E-02  3.461184E-03  4.212649E-19 -6.550669E-01  0.000000E+00
  6.537221E-01  2.468801E-01  5.000000E-01  1.388265E-01  5.192621E-02  0.000000E+00  2.316613E-02  4.038457E-03 -1.182940E-18 -5.747224E-01  0.000000E+00
  6.208691E-01  2.407127E-01  5.000000E-01  1.318494E-01  5.061640E-02  0.000000E+00  2.275050E-02  4.552538E-03 -1.030331E-18 -4.950998E-01  0.000000E+00
  5.880524E-01  2.337243E-01  5.000000E-01  1.248799E-01  4.913223E-02  0.000000E+00  2.224913E-02  5.000387E-03 -4.079319E-18 -4.163465E-01  0.000000E+00
  5.552711E-01  2.259537E-01  5.000000E-01  1.179180E-01  4.748196E-02  0.000000E+00  2.167866E-02  5.381928E-03 -5.036915E-18 -3.385956E-01  0.000000E+00
  5.225283E-01  2.174405E-01  5.000000E-01  1.109642E-01  4.567396E-02  0.000000E+00  2.105398E-02  5.699059E-03 -2.212896E-18 -2.618623E-01  0.000000E+00
  4.898261E-01  2.082213E-01  5.000000E-01  1.040191E-01  4.371603E-02  0.000000E+00  2.038536E-02  5.953790E-03  8.538328E-19 -1.861038E-01  0.000000E+00
  4.571624E-01  1.983320E-01  5.000000E-01  9.708208E-02  4.161579E-02  0.000000E+00  1.967889E-02  6.147105E-03  5.680790E-18 -1.113563E-01  0.000000E+00
  4.245350E-01  1.878084E-01  5.000000E-01  9.015282E-02  3.938084E-02  0.000000E+00  1.893822E-02  6.279315E-03  4.099436E-18 -3.782604E-02  0.000000E+00
  3.919369E-01  1.766869E-01  5.000000E-01  8.322980E-02  3.701890E-02  0.000000E+00  1.816517E-02  6.350885E-03 -2.140002E-18  3.414120E-02  0.000000E+00
  3.593832E-01  1.650114E-01  5.000000E-01  7.631620E-02  3.453931E-02  0.000000E+00  1.735928E-02  6.364072E-03 -3.177345E-18  1.043942E-01  0.000000E+00
  3.269046E-01  1.528266E-01  5.000000E-01  6.941853E-02  3.195157E-02  0.000000E+00  1.651572E-02  6.322519E-03 -2.768789E-18  1.733916E-01  0.000000E+00
  2.945750E-01  1.401835E-01  5.000000E-01  6.255252E-02  2.926646E-02  0.000000E+00  1.562423E-02  6.227700E-03  2.072006E-18  2.423175E-01  0.000000E+00
  2.624265E-01  1.271074E-01  5.000000E-01  5.572497E-02  2.648942E-02  0.000000E+00  1.467258E-02  6.072718E-03  2.072085E-17  3.123974E-01  0.000000E+00
  2.304268E-01  1.136141E-01  5.000000E-01  4.892902E-02  2.362379E-02  0.000000E+00  1.366023E-02  5.850028E-03  3.175895E-17  3.846303E-01  0.000000E+00
  1.986088E-01  9.976041E-02  5.000000E-01  4.217166E-02  2.068160E-02  0.000000E+00  1.260990E-02  5.563087E-03 -5.898107E-18  4.593176E-01  0.000000E+00
  1.669282E-01  8.557919E-02  5.000000E-01  3.544349E-02  1.766986E-02  0.000000E+00  1.156357E-02  5.216768E-03 -1.202997E-16  5.334728E-01  0.000000E+00
  1.350509E-01  7.105984E-02  5.000000E-01  2.867353E-02  1.458631E-02  0.000000E+00  1.059418E-02  4.854246E-03 -2.402217E-16  6.055497E-01  0.000000E+00
  1.043791E-01  5.691781E-02  5.000000E-01  2.215958E-02  1.158289E-02  0.000000E+00  9.801295E-03  4.579468E-03 -1.546188E-16  6.839302E-01  0.000000E+00
  7.632629E-02  4.363795E-02  5.000000E-01  1.620187E-02  8.762573E-03  0.000000E+00  9.230851E-03  4.422746E-03  8.723200E-17  7.717820E-01  0.000000E+00
  5.118571E-02  3.143003E-02  5.000000E-01  1.086263E-02  6.169912E-03  0.000000E+00  8.800319E-03  4.326628E-03 -2.733112E-16  8.592880E-01  0.000000E+00
  3.264831E-02  2.219657E-02  5.000000E-01  6.925738E-03  4.208951E-03  0.000000E+00  8.172517E-03  4.182697E-03 -1.658841E-15  9.437435E-01  0.000000E+00
  2.051015E-02  1.580599E-02  5.000000E-01  4.347892E-03  2.851750E-03  0.000000E+00  6.538507E-03  3.542560E-03 -1.742462E-15  1.024270E+00  0.000000E+00
  1.247723E-02  1.127644E-02  5.000000E-01  2.641898E-03  1.889785E-03  0.000000E+00  2.584470E-03  1.450926E-03  4.149218E-15  1.090127E+00  0.000000E+00
  7.055255E-03  8.001891E-03  5.000000E-01  1.490404E-03  1.194351E-03  0.000000E+00 -5.161741E-03 -3.448350E-03  1.943646E-14  1.127525E+00  0.000000E+00
  3.418635E-03  5.575748E-03  5.000000E-01  7.180753E-04  6.790982E-04  0.000000E+00 -1.743877E-02 -1.318525E-02  4.485306E-14  1.130762E+00  0.000000E+00
  1.108798E-03  3.725818E-03  5.000000E-01  2.275226E-04  2.862187E-04  0.000000E+00 -3.041376E-02 -3.291484E-02  7.602292E-14  1.120501E+00  0.000000E+00
  3.747479E-05  2.378116E-03  5.000000E-01  0.000000E+00  0.000000E+00  0.000000E+00 -5.120544E-03 -7.648376E-02  9.009927E-14  8.378770E-01  0.000000E+00
  3.747479E-05  2.378116E-03  5.000000E-01  0.000000E+00  0.000000E+00  0.000000E+00 -5.120544E-03 -7.648376E-02  9.009927E-14  8.378770E-01  0.000000E+00
  2.534065E-04  1.452956E-03  5.000000E-01  4.585857E-05 -1.964813E-04  0.000000E+00  3.800137E-02 -6.275132E-02  5.966098E-14  3.827175E-04  0.000000E+00
  1.848580E-03  9.165175E-04  5.000000E-01  3.846342E-04 -3.104077E-04  0.000000E+00  2.472484E-02 -9.381756E-03  2.044171E-14 -4.601941E-01  0.000000E+00
  4.867645E-03  7.588908E-04  5.000000E-01  1.025809E-03 -3.438837E-04  0.000000E+00 -6.672099E-03 -1.521747E-04  4.913055E-15 -2.539314E-01  0.000000E+00
  9.380877E-03  9.282150E-04  5.000000E-01  1.984309E-03 -3.079234E-04  0.000000E+00 -1.188311E-02 -6.061376E-04 -7.690217E-16 -1.113088E-01  0.000000E+00
  1.589077E-02  1.455446E-03  5.000000E-01  3.366850E-03 -1.959525E-04  0.000000E+00 -9.701569E-03 -9.052900E-04 -1.156054E-15 -7.809577E-02  0.000000E+00
  2.547297E-02  2.503397E-03  5.000000E-01  5.401872E-03  2.660660E-05  0.000000E+00 -7.285017E-03 -8.762608E-04 -2.903581E-16 -8.069470E-02  0.000000E+00
  3.989163E-02  4.387163E-03  5.000000E-01  8.464042E-03  4.266720E-04  0.000000E+00 -5.577931E-03 -7.705691E-04  1.469478E-16 -7.587279E-02  0.000000E+00
  6.092142E-02  7.456492E-03  5.000000E-01  1.293025E-02  1.078522E-03  0.000000E+00 -4.391980E-03 -6.499477E-04  5.486377E-17 -5.851031E-02  0.000000E+00
  8.832839E-02  1.157678E-02  5.000000E-01  1.875082E-02  1.953569E-03  0.000000E+00 -3.555268E-03 -5.270346E-04 -7.628004E-17 -3.631854E-02  0.000000E+00
  1.189914E-01  1.607011E-02  5.000000E-01  2.526288E-02  2.907843E-03  0.000000E+00 -2.968429E-03 -4.226203E-04 -6.599870E-17 -1.752946E-02  0.000000E+00
  1.511926E-01  2.052916E-02  5.000000E-01  3.210162E-02  3.854835E-03  0.000000E+00 -2.575517E-03 -3.443236E-04 -1.629874E-17 -4.927221E-03  0.000000E+00
  1.838450E-01  2.471655E-02  5.000000E-01  3.903620E-02  4.744133E-03  0.000000E+00 -2.346051E-03 -2.906923E-04  4.718379E-18  3.959741E-03  0.000000E+00
  2.165049E-01  2.860003E-02  5.000000E-01  4.597235E-02  5.568889E-03  0.000000E+00 -2.250911E-03 -2.593440E-04  5.737748E-18  1.107969E-02  0.000000E+00
  2.491496E-01  3.223979E-02  5.000000E-01  5.290528E-02  6.341885E-03  0.000000E+00 -2.260131E-03 -2.441792E-04  2.077889E-18  1.655961E-02  0.000000E+00
  2.819003E-01  3.567155E-02  5.000000E-01  5.986073E-02  7.070707E-03  0.000000E+00 -2.347155E-03 -2.375649E-04 -9.874448E-19  2.057541E-02  0.000000E+00
  3.147601E-01  3.888581E-02  5.000000E-01  6.683935E-02  7.753336E-03  0.000000E+00 -2.488019E-03 -2.336400E-04 -1.470224E-18  2.378871E-02  0.000000E+00
  3.477303E-01  4.186059E-02  5.000000E-01  7.384141E-02  8.385106E-03  0.000000E+00 -2.660344E-03 -2.284182E-04 -6.145570E-19  2.674408E-02  0.000000E+00
  3.807756E-01  4.456368E-02  5.000000E-01  8.085940E-02  8.959175E-03  0.000000E+00 -2.844995E-03 -2.196240E-04 -6.317543E-19  2.979429E-02  0.000000E+00
  4.138291E-01  4.697302E-02  5.000000E-01  8.787916E-02  9.470861E-03  0.000000E+00 -3.027406E-03 -2.066109E-04 -1.010429E-18  3.324210E-02  0.000000E+00
  4.468689E-01  4.908360E-02  5.000000E-01  9.489600E-02  9.919096E-03  0.000000E+00 -3.197649E-03 -1.890571E-04 -2.988499E-19  3.727304E-02  0.000000E+00
  4.799091E-01  5.088861E-02  5.000000E-01  1.019129E-01  1.030244E-02  0.000000E+00 -3.350052E-03 -1.662891E-04  4.776237E-19  4.197645E-02  0.000000E+00
  5.129612E-01  5.237207E-02  5.000000E-01  1.089324E-01  1.061748E-02  0.000000E+00 -3.482125E-03 -1.376209E-04  7.487866E-19  4.742866E-02  0.000000E+00
  5.460360E-01  5.350911E-02  5.000000E-01  1.159566E-01  1.085897E-02  0.000000E+00 -3.593015E-03 -1.025746E-04  5.780214E-19  5.369573E-02  0.000000E+00
  5.791347E-01  5.426754E-02  5.000000E-01  1.229860E-01  1.102004E-02  0.000000E+00 -3.682208E-03 -6.097308E-05 -1.194546E-20  6.084645E-02  0.000000E+00
  6.122565E-01  5.461107E-02  5.000000E-01  1.300203E-01  1.109299E-02  0.000000E+00 -3.748645E-03 -1.290342E-05 -8.923554E-20  6.896935E-02  0.000000E+00
  6.454013E-01  5.449987E-02  5.000000E-01  1.370594E-01  1.106938E-02  0.000000E+00 -3.790298E-03  4.138736E-05  6.178078E-20  7.816134E-02  0.000000E+00
  6.785693E-01  5.388978E-02  5.000000E-01  1.441035E-01  1.093981E-02  0.000000E+00 -3.804230E-03  1.013187E-04 -1.516853E-19  8.850556E-02  0.000000E+00
  7.117575E-01  5.273334E-02  5.000000E-01  1.511518E-01  1.069421E-02  0.000000E+00 -3.786987E-03  1.656737E-04 -4.201885E-19  1.000757E-01  0.000000E+00
  7.449560E-01  5.098360E-02  5.000000E-01  1.582024E-01  1.032261E-02  0.000000E+00 -3.735014E-03  2.324475E-04  1.078700E-19  1.129025E-01  0.000000E+00
  7.781569E-01  4.859591E-02  5.000000E-01  1.652534E-01  9.815522E-03  0.000000E+00 -3.645138E-03  2.990640E-04 -7.380214E-19  1.269482E-01  0.000000E+00
  8.113578E-01  4.552684E-02  5.000000E-01  1.723045E-01  9.163727E-03  0.000000E+00 -3.515077E-03  3.624973E-04  3.701656E-19  1.421339E-01  0.000000E+00
  8.445597E-01  4.173385E-02  5.000000E-01  1.793557E-01  8.358190E-03  0.000000E+00 -3.343754E-03  4.193399E-04  2.881284E-18  1.584494E-01  0.000000E+00
  8.777625E-01  3.717663E-02  5.000000E-01  1.864072E-01  7.390348E-03  0.000000E+00 -3.131366E-03  4.660597E-04  1.618117E-18  1.759474E-01  0.000000E+00
  9.109638E-01  3.182148E-02  5.000000E-01  1.934583E-01  6.253047E-03  0.000000E+00 -2.880053E-03  4.986681E-04 -3.705895E-19  1.943704E-01  0.000000E+00
  9.441676E-01  2.564189E-02  5.000000E-01  2.005100E-01  4.940654E-03  0.000000E+00 -2.595381E-03  5.139138E-04  3.926674E-19  2.133913E-01  0.000000E+00
  9.773746E-01  1.862256E-02  5.000000E-01  2.075624E-01  3.449920E-03  0.000000E+00 -2.285356E-03  5.098661E-04 -6.764275E-19  2.328249E-01  0.000000E+00
  1.010583E+00  1.076522E-02  5.000000E-01  2.146150E-01  1.781215E-03  0.000000E+00 -1.957244E-03  4.851464E-04  9.717366E-19  2.522869E-01  0.000000E+00
  1.043798E+00  2.087382E-03  5.000000E-01  2.216690E-01 -6.174478E-05  0.000000E+00 -1.614959E-03  4.389507E-04  3.660072E-18  2.712234E-01  0.000000E+00
  1.077015E+00 -7.377054E-03  5.000000E-01  2.287236E-01 -2.071758E-03  0.000000E+00 -1.257430E-03  3.702606E-04 -3.395807E-18  2.889578E-01  0.000000E+00
  1.110238E+00 -1.758582E-02  5.000000E-01  2.357793E-01 -4.239848E-03  0.000000E+00 -8.785814E-04  2.770201E-04 -4.530547E-18  3.046908E-01  0.000000E+00
  1.143462E+00 -2.848395E-02  5.000000E-01  2.428353E-01 -6.554344E-03  0.000000E+00 -4.679606E-04  1.558506E-04  5.134444E-19  3.175200E-01  0.000000E+00
  1.176693E+00 -4.000861E-02  5.000000E-01  2.498927E-01 -9.001899E-03  0.000000E+00 -1.038260E-05  1.671730E-06  4.302373E-18  3.264085E-01  0.000000E+00
  1.209925E+00 -5.208162E-02  5.000000E-01  2.569504E-01 -1.156591E-02  0.000000E+00  5.158416E-04 -1.928814E-04  6.198925E-18  3.302151E-01  0.000000E+00
  1.243158E+00 -6.461091E-02  5.000000E-01  2.640083E-01 -1.422682E-02  0.000000E+00  1.140364E-03 -4.377634E-04  6.788924E-18  3.277456E-01  0.000000E+00
  1.276395E+00 -7.749443E-02  5.000000E-01  2.710670E-01 -1.696296E-02  0.000000E+00  1.899075E-03 -7.443013E-04  6.642656E-18  3.178128E-01  0.000000E+00
  1.309630E+00 -9.061251E-02  5.000000E-01  2.781253E-01 -1.974892E-02  0.000000E+00  2.827951E-03 -1.121321E-03 -2.013176E-18  2.993241E-01  0.000000E+00
  1.342868E+00 -1.038353E-01  5.000000E-01  2.851842E-01 -2.255711E-02  0.000000E+00  3.953829E-03 -1.570144E-03 -7.018543E-18  2.711940E-01  0.000000E+00
  1.376108E+00 -1.170213E-01  5.000000E-01  2.922435E-01 -2.535749E-02  0.000000E+00  5.287077E-03 -2.079707E-03 -4.533781E-18  2.324903E-01  0.000000E+00
  1.409347E+00 -1.300145E-01  5.000000E-01  2.993027E-01 -2.811694E-02  0.000000E+00  6.818402E-03 -2.624223E-03 -1.990085E-18  1.826719E-01  0.000000E+00
  1.442589E+00 -1.426541E-01  5.000000E-01  3.063624E-01 -3.080128E-02  0.000000E+00  8.516856E-03 -3.163658E-03 -2.615357E-18  1.214979E-01  0.000000E+00
  1.475831E+00 -1.547698E-01  5.000000E-01  3.134222E-01 -3.337436E-02  0.000000E+00  1.032730E-02 -3.645190E-03 -5.039743E-18  4.919232E-02  0.000000E+00
  1.509072E+00 -1.661883E-01  5.000000E-01  3.204818E-01 -3.579936E-02  0.000000E+00  1.216829E-02 -4.007069E-03 -3.961403E-18 -3.318234E-02  0.000000E+00
  1.542314E+00 -1.767357E-01  5.000000E-01  3.275416E-01 -3.803937E-02  0.000000E+00  1.393630E-02 -4.188838E-03 -8.532054E-18 -1.235876E-01  0.000000E+00
  1.575558E+00 -1.862432E-01  5.000000E-01  3.346017E-01 -4.005852E-02  0.000000E+00  1.553191E-02 -4.163611E-03 -1.797564E-17 -2.180738E-01  0.000000E+00
  1.608800E+00 -1.946149E-01  5.000000E-01  3.416615E-01 -4.183646E-02  0.000000E+00  1.690024E-02 -3.971199E-03 -2.526224E-17 -3.102105E-01  0.000000E+00
  1.642044E+00 -2.019063E-01  5.000000E-01  3.487219E-01 -4.338499E-02  0.000000E+00  1.802137E-02 -3.670333E-03 -3.164071E-17 -3.954686E-01  0.000000E+00
  1.675286E+00 -2.081880E-01  5.000000E-01  3.557815E-01 -4.471906E-02  0.000000E+00  1.888997E-02 -3.296290E-03 -3.824125E-17 -4.732831E-01  0.000000E+00
  1.708526E+00 -2.135317E-01  5.000000E-01  3.628410E-01 -4.585393E-02  0.000000E+00  1.952228E-02 -2.878731E-03 -4.603938E-17 -5.441039E-01  0.000000E+00
  1.741762E+00 -2.180082E-01  5.000000E-01  3.698995E-01 -4.680464E-02  0.000000E+00  1.994873E-02 -2.444068E-03 -5.869685E-17 -6.082436E-01  0.000000E+00
  1.774995E+00 -2.216878E-01  5.000000E-01  3.769573E-01 -4.758609E-02  0.000000E+00  2.020442E-02 -2.014095E-03 -7.611175E-17 -6.657424E-01  0.000000E+00
  1.808227E+00 -2.246428E-01  5.000000E-01  3.840149E-01 -4.821365E-02  0.000000E+00  2.032135E-02 -1.604909E-03 -9.257843E-17 -7.165841E-01  0.000000E+00
  1.841453E+00 -2.269432E-01  5.000000E-01  3.910714E-01 -4.870220E-02  0.000000E+00  2.032492E-02 -1.227268E-03 -1.056132E-16 -7.608310E-01  0.000000E+00
  1.874678E+00 -2.286603E-01  5.000000E-01  3.981275E-01 -4.906688E-02  0.000000E+00  2.023413E-02 -8.885531E-04 -1.118745E-16 -7.985737E-01  0.000000E+00
  1.907900E+00 -2.298652E-01  5.000000E-01  4.051830E-01 -4.932276E-02  0.000000E+00  2.006117E-02 -5.932527E-04 -1.099429E-16 -8.299266E-01  0.000000E+00
  1.941118E+00 -2.306286E-01  5.000000E-01  4.122377E-01 -4.948488E-02  0.000000E+00  1.981343E-02 -3.439159E-04 -1.010213E-16 -8.549743E-01  0.000000E+00
  1.974334E+00 -2.310212E-01  5.000000E-01  4.192919E-01 -4.956828E-02  0.000000E+00  1.949952E-02 -1.420463E-04 -8.729676E-17 -8.737338E-01  0.000000E+00
  2.007549E+00 -2.311151E-01  5.000000E-01  4.263460E-01 -4.958821E-02  0.000000E+00  1.913619E-02  1.235560E-05 -7.172477E-17 -8.862599E-01  0.000000E+00
  2.040760E+00 -2.309809E-01  5.000000E-01  4.333992E-01 -4.955970E-02  0.000000E+00  1.875370E-02  1.207184E-04 -5.672987E-17 -8.928153E-01  0.000000E+00
  2.073970E+00 -2.306896E-01  5.000000E-01  4.404522E-01 -4.949785E-02  0.000000E+00  1.839264E-02  1.861861E-04 -4.368424E-17 -8.940902E-01  0.000000E+00
  2.107177E+00 -2.303119E-01  5.000000E-01  4.475045E-01 -4.941763E-02  0.000000E+00  1.807863E-02  2.208745E-04 -3.298048E-17 -8.917999E-01  0.000000E+00
  2.140379E+00 -2.298845E-01  5.000000E-01  4.545558E-01 -4.932687E-02  0.000000E+00  1.780964E-02  2.441102E-04 -2.472220E-17 -8.883353E-01  0.000000E+00
  2.173577E+00 -2.294085E-01  5.000000E-01  4.616062E-01 -4.922577E-02  0.000000E+00  1.757868E-02  2.669705E-04 -1.851885E-17 -8.852037E-01  0.000000E+00
  2.206768E+00 -2.288817E-01  5.000000E-01  4.686553E-01 -4.911389E-02  0.000000E+00  1.738392E-02  2.909484E-04 -1.393497E-17 -8.827704E-01  0.000000E+00
  2.239954E+00 -2.283025E-01  5.000000E-01  4.757032E-01 -4.899088E-02  0.000000E+00  1.722134E-02  3.160030E-04 -1.060466E-17 -8.810232E-01  0.000000E+00
  2.273134E+00 -2.276687E-01  5.000000E-01  4.827498E-01 -4.885628E-02  0.000000E+00  1.708455E-02  3.420641E-04 -8.154772E-18 -8.798615E-01  0.000000E+00
  2.306309E+00 -2.269787E-01  5.000000E-01  4.897953E-01 -4.870974E-02  0.000000E+00  1.696640E-02  3.690520E-04 -6.526978E-18 -8.791723E-01  0.000000E+00
  2.339476E+00 -2.262305E-01  5.000000E-01  4.968391E-01 -4.855084E-02  0.000000E+00  1.685985E-02  3.969601E-04 -5.497497E-18 -8.788501E-01  0.000000E+00
  2.372638E+00 -2.254217E-01  5.000000E-01  5.038821E-01 -4.837908E-02  0.000000E+00  1.675997E-02  4.250247E-04 -4.704909E-18 -8.787299E-01  0.000000E+00
  2.405805E+00 -2.245529E-01  5.000000E-01  5.109258E-01 -4.819456E-02  0.000000E+00  1.666388E-02  4.520698E-04 -3.989876E-18 -8.786254E-01  0.000000E+00
  2.438976E+00 -2.236266E-01  5.000000E-01  5.179706E-01 -4.799784E-02  0.000000E+00  1.656852E-02  4.776910E-04 -3.732710E-18 -8.784419E-01  0.000000E+00
  2.472150E+00 -2.226447E-01  5.000000E-01  5.250159E-01 -4.778931E-02  0.000000E+00  1.647155E-02  5.018676E-04 -4.192839E-18 -8.781388E-01  0.000000E+00
  2.505329E+00 -2.216094E-01  5.000000E-01  5.320624E-01 -4.756943E-02  0.000000E+00  1.637430E-02  5.245478E-04 -5.002856E-18 -8.776870E-01  0.000000E+00
  2.538512E+00 -2.205231E-01  5.000000E-01  5.391096E-01 -4.733874E-02  0.000000E+00  1.628357E-02  5.460371E-04 -5.854060E-18 -8.771514E-01  0.000000E+00
  2.571700E+00 -2.193878E-01  5.000000E-01  5.461579E-01 -4.709762E-02  0.000000E+00  1.621275E-02  5.666932E-04 -6.288530E-18 -8.767635E-01  0.000000E+00
  2.604894E+00 -2.182064E-01  5.000000E-01  5.532073E-01 -4.684671E-02  0.000000E+00  1.617816E-02  5.880653E-04 -6.594853E-18 -8.770901E-01  0.000000E+00
  2.638090E+00 -2.169789E-01  5.000000E-01  5.602574E-01 -4.658603E-02  0.000000E+00  1.619119E-02  6.170775E-04 -7.081911E-18 -8.793392E-01  0.000000E+00
  2.671292E+00 -2.156817E-01  5.000000E-01  5.673087E-01 -4.631053E-02  0.000000E+00  1.626917E-02  6.639342E-04 -7.923309E-18 -8.849462E-01  0.000000E+00
  2.704497E+00 -2.142748E-01  5.000000E-01  5.743607E-01 -4.601174E-02  0.000000E+00  1.646310E-02  7.360944E-04 -1.038367E-17 -8.947866E-01  0.000000E+00
  2.737708E+00 -2.127181E-01  5.000000E-01  5.814140E-01 -4.568115E-02  0.000000E+00  1.685902E-02  8.405561E-04 -1.620629E-17 -9.092927E-01  0.000000E+00
  2.770923E+00 -2.109713E-01  5.000000E-01  5.884679E-01 -4.531016E-02  0.000000E+00  1.752025E-02  9.858420E-04 -2.645075E-17 -9.287938E-01  0.000000E+00
  2.804143E+00 -2.089934E-01  5.000000E-01  5.955230E-01 -4.489011E-02  0.000000E+00  1.834066E-02  1.172778E-03 -4.193559E-17 -9.531459E-01  0.000000E+00
  2.837367E+00 -2.067440E-01  5.000000E-01  6.025789E-01 -4.441240E-02  0.000000E+00  1.882844E-02  1.370357E-03 -5.765538E-17 -9.801036E-01  0.000000E+00
  2.870594E+00 -2.041819E-01  5.000000E-01  6.096356E-01 -4.386827E-02  0.000000E+00  1.805169E-02  1.487595E-03 -6.256143E-17 -1.001318E+00  0.000000E+00
  2.903823E+00 -2.012657E-01  5.000000E-01  6.166925E-01 -4.324893E-02  0.000000E+00  1.516920E-02  1.402397E-03 -4.994723E-17 -9.976125E-01  0.000000E+00
  2.937051E+00 -1.979520E-01  5.000000E-01  6.237495E-01 -4.254519E-02  0.000000E+00  1.043352E-02  1.074939E-03 -2.601850E-17 -9.433366E-01  0.000000E+00
  2.970283E+00 -1.941986E-01  5.000000E-01  6.308072E-01 -4.174805E-02  0.000000E+00  5.399408E-03  6.211739E-04 -6.990848E-18 -8.277843E-01  0.000000E+00
  3.003515E+00 -1.899626E-01  5.000000E-01  6.378648E-01 -4.084843E-02  0.000000E+00  1.609383E-03  2.107369E-04  6.418140E-20 -6.758274E-01  0.000000E+00
  3.036751E+00 -1.852006E-01  5.000000E-01  6.449232E-01 -3.983710E-02  0.000000E+00 -5.303130E-04 -7.368116E-05  1.091905E-18 -5.370280E-01  0.000000E+00
  3.069988E+00 -1.798698E-01  5.000000E-01  6.519819E-01 -3.870498E-02  0.000000E+00 -1.454849E-03 -2.405994E-04  1.335034E-18 -4.478234E-01  0.000000E+00
  3.103226E+00 -1.739260E-01  5.000000E-01  6.590409E-01 -3.744266E-02  0.000000E+00 -1.742048E-03 -3.294780E-04  1.068699E-18 -4.082068E-01  0.000000E+00
  3.136469E+00 -1.673254E-01  5.000000E-01  6.661009E-01 -3.604085E-02  0.000000E+00 -1.781038E-03 -3.755074E-04  8.237842E-19 -3.952676E-01  0.000000E+00
  3.169712E+00 -1.600448E-01  5.000000E-01  6.731610E-01 -3.449462E-02  0.000000E+00 -1.746098E-03 -3.995027E-04  2.295653E-19 -3.895992E-01  0.000000E+00
  3.202960E+00 -1.521831E-01  5.000000E-01  6.802219E-01 -3.282499E-02  0.000000E+00 -1.689118E-03 -4.103962E-04  2.081926E-18 -3.845442E-01  0.000000E+00
  3.236210E+00 -1.438866E-01  5.000000E-01  6.872834E-01 -3.106302E-02  0.000000E+00 -1.626471E-03 -4.124832E-04  2.476287E-18 -3.801072E-01  0.000000E+00
  3.269464E+00 -1.353013E-01  5.000000E-01  6.943458E-01 -2.923971E-02  0.000000E+00 -1.574580E-03 -4.098507E-04  9.760085E-20 -3.768479E-01  0.000000E+00
  3.302721E+00 -1.265704E-01  5.000000E-01  7.014088E-01 -2.738550E-02  0.000000E+00 -1.549999E-03 -4.071441E-04  3.609176E-19 -3.745704E-01  0.000000E+00
  3.335981E+00 -1.178307E-01  5.000000E-01  7.084724E-01 -2.552939E-02  0.000000E+00 -1.563273E-03 -4.078980E-04  1.108554E-18 -3.729921E-01  0.000000E+00
  3.369247E+00 -1.092107E-01  5.000000E-01  7.155372E-01 -2.369871E-02  0.000000E+00 -1.617828E-03 -4.131448E-04  1.132839E-18 -3.720052E-01  0.000000E+00
  3.402518E+00 -1.008317E-01  5.000000E-01  7.226032E-01 -2.191924E-02  0.000000E+00 -1.711652E-03 -4.217088E-04  8.900471E-19 -3.715434E-01  0.000000E+00
  3.435792E+00 -9.280254E-02  5.000000E-01  7.296698E-01 -2.021403E-02  0.000000E+00 -1.839274E-03 -4.309083E-04  1.629947E-18 -3.714653E-01  0.000000E+00
  3.469073E+00 -8.522042E-02  5.000000E-01  7.367378E-01 -1.860377E-02  0.000000E+00 -1.993212E-03 -4.374554E-04  1.132346E-18 -3.715741E-01  0.000000E+00
  3.502353E+00 -7.817156E-02  5.000000E-01  7.438056E-01 -1.710677E-02  0.000000E+00 -2.165063E-03 -4.380771E-04 -5.690479E-19 -3.716184E-01  0.000000E+00
  3.535630E+00 -7.172973E-02  5.000000E-01  7.508728E-01 -1.573868E-02  0.000000E+00 -2.346326E-03 -4.297278E-04  5.977731E-19 -3.713501E-01  0.000000E+00
  3.568904E+00 -6.595559E-02  5.000000E-01  7.579394E-01 -1.451240E-02  0.000000E+00 -2.529274E-03 -4.105870E-04  2.107588E-18 -3.707424E-01  0.000000E+00
  3.602176E+00 -6.089745E-02  5.000000E-01  7.650056E-01 -1.343817E-02  0.000000E+00 -2.708202E-03 -3.801127E-04  7.634753E-19 -3.697413E-01  0.000000E+00
  3.635446E+00 -5.659277E-02  5.000000E-01  7.720714E-01 -1.252396E-02  0.000000E+00 -2.878686E-03 -3.378246E-04  6.147095E-20 -3.679316E-01  0.000000E+00
  3.668713E+00 -5.306914E-02  5.000000E-01  7.791364E-01 -1.177563E-02  0.000000E+00 -3.035501E-03 -2.838460E-04 -1.075784E-19 -3.651711E-01  0.000000E+00
  3.701976E+00 -5.034698E-02  5.000000E-01  7.862008E-01 -1.119751E-02  0.000000E+00 -3.174069E-03 -2.210778E-04 -3.873693E-19 -3.617874E-01  0.000000E+00
  3.735241E+00 -4.841649E-02  5.000000E-01  7.932654E-01 -1.078752E-02  0.000000E+00 -3.291755E-03 -1.588103E-04  2.912326E-21 -3.575072E-01  0.000000E+00
  3.768500E+00 -4.712978E-02  5.000000E-01  8.003288E-01 -1.051426E-02  0.000000E+00 -3.384238E-03 -1.078479E-04 -4.742149E-20 -3.517593E-01  0.000000E+00
  3.801751E+00 -4.629196E-02  5.000000E-01  8.073903E-01 -1.033633E-02  0.000000E+00 -3.445170E-03 -7.245952E-05  1.103951E-20 -3.445544E-01  0.000000E+00
  3.834989E+00 -4.572768E-02  5.000000E-01  8.144494E-01 -1.021649E-02  0.000000E+00 -3.470289E-03 -5.223256E-05  9.836160E-20 -3.360894E-01  0.000000E+00
  3.868211E+00 -4.529137E-02  5.000000E-01  8.215049E-01 -1.012383E-02  0.000000E+00 -3.458754E-03 -4.520860E-05  9.056074E-20 -3.263949E-01  0.000000E+00
  3.901422E+00 -4.485972E-02  5.000000E-01  8.285581E-01 -1.003215E-02  0.000000E+00 -3.412102E-03 -4.894329E-05 -1.228803E-19 -3.156474E-01  0.000000E+00
  3.934617E+00 -4.433651E-02  5.000000E-01  8.356078E-01 -9.921038E-03  0.000000E+00 -3.334466E-03 -6.066015E-05 -2.914419E-19 -3.042508E-01  0.000000E+00
  3.967800E+00 -4.364850E-02  5.000000E-01  8.426551E-01 -9.774921E-03  0.000000E+00 -3.232675E-03 -7.743590E-05 -4.246773E-20 -2.925189E-01  0.000000E+00
  4.000972E+00 -4.274210E-02  5.000000E-01  8.497000E-01 -9.582424E-03  0.000000E+00 -3.114483E-03 -9.683171E-05  4.838830E-20 -2.806810E-01  0.000000E+00
  4.034139E+00 -4.157967E-02  5.000000E-01  8.567439E-01 -9.335553E-03  0.000000E+00 -2.987112E-03 -1.173864E-04  3.765286E-19 -2.689183E-01  0.000000E+00
  4.067311E+00 -4.012788E-02  5.000000E-01  8.637889E-01 -9.027228E-03  0.000000E+00 -2.856556E-03 -1.381655E-04  6.504015E-19 -2.573595E-01  0.000000E+00
  4.100488E+00 -3.836241E-02  5.000000E-01  8.708347E-01 -8.652285E-03  0.000000E+00 -2.727392E-03 -1.582294E-04  8.781909E-19 -2.461223E-01  0.000000E+00
  4.133669E+00 -3.626934E-02  5.000000E-01  8.778817E-01 -8.207770E-03  0.000000E+00 -2.603030E-03 -1.769984E-04  1.156637E-18 -2.353046E-01  0.000000E+00
  4.166856E+00 -3.384052E-02  5.000000E-01  8.849298E-01 -7.691947E-03  0.000000E+00 -2.485972E-03 -1.941674E-04  9.935476E-19 -2.249559E-01  0.000000E+00
  4.200049E+00 -3.107610E-02  5.000000E-01  8.919792E-01 -7.104852E-03  0.000000E+00 -2.377810E-03 -2.096253E-04  8.307982E-19 -2.150677E-01  0.000000E+00
  4.233242E+00 -2.798058E-02  5.000000E-01  8.990284E-01 -6.447440E-03  0.000000E+00 -2.279161E-03 -2.226389E-04  5.488505E-19 -2.055983E-01  0.000000E+00
  4.266405E+00 -2.458742E-02  5.000000E-01  9.060714E-01 -5.726817E-03  0.000000E+00 -2.189682E-03 -2.312747E-04  8.673870E-19 -1.965592E-01  0.000000E+00
  4.299502E+00 -2.097612E-02  5.000000E-01  9.131005E-01 -4.959865E-03  0.000000E+00 -2.108135E-03 -2.333656E-04  6.963138E-19 -1.879546E-01  0.000000E+00
  4.332522E+00 -1.726576E-02  5.000000E-01  9.201131E-01 -4.171876E-03  0.000000E+00 -2.031883E-03 -2.280054E-04  2.533000E-19 -1.796518E-01  0.000000E+00
  4.365472E+00 -1.357391E-02  5.000000E-01  9.271109E-01 -3.387817E-03  0.000000E+00 -1.956253E-03 -2.152947E-04 -1.267986E-20 -1.715101E-01  0.000000E+00
  4.398350E+00 -1.002243E-02  5.000000E-01  9.340934E-01 -2.633571E-03  0.000000E+00 -1.874935E-03 -1.953605E-04 -1.850490E-19 -1.634949E-01  0.000000E+00
  4.431155E+00 -6.734287E-03  5.000000E-01  9.410604E-01 -1.935250E-03  0.000000E+00 -1.780967E-03 -1.682526E-04  7.702143E-19 -1.555255E-01  0.000000E+00
  4.463888E+00 -3.841358E-03  5.000000E-01  9.480120E-01 -1.320863E-03  0.000000E+00 -1.667466E-03 -1.352847E-04  7.265884E-19 -1.474553E-01  0.000000E+00
  4.496579E+00 -1.444911E-03  5.000000E-01  9.549549E-01 -8.119169E-04  0.000000E+00 -1.528931E-03 -9.950801E-05 -4.845128E-20 -1.391726E-01  0.000000E+00
  4.529252E+00  3.867556E-04  5.000000E-01  9.618937E-01 -4.229160E-04  0.000000E+00 -1.363000E-03 -6.460971E-05 -4.829330E-19 -1.306600E-01  0.000000E+00
  4.561929E+00  1.626328E-03  5.000000E-01  9.688336E-01 -1.596614E-04  0.000000E+00 -1.171079E-03 -3.458074E-05 -5.440984E-19 -1.217769E-01  0.000000E+00
  4.594574E+00  2.252847E-03  5.000000E-01  9.757664E-01 -2.660406E-05  0.000000E+00 -9.562441E-04 -1.183158E-05 -8.062073E-20 -1.114154E-01  0.000000E+00
  4.627203E+00  2.256692E-03  5.000000E-01  9.826961E-01 -2.578761E-05  0.000000E+00 -7.230160E-04  5.792236E-06  3.574659E-19 -9.914663E-02  0.000000E+00
  4.659162E+00  1.657402E-03  5.000000E-01  9.894834E-01 -1.530619E-04  0.000000E+00 -4.899820E-04  1.676538E-05  4.193559E-19 -9.054401E-02  0.000000E+00
  4.689251E+00  5.636763E-04  5.000000E-01  9.958736E-01 -3.853425E-04  0.000000E+00 -2.993652E-04  6.896254E-06 -8.007816E-19 -9.047740E-02  0.000000E+00
  4.708680E+00 -4.001101E-04  5.000000E-01  9.999998E-01 -5.900270E-04  0.000000E+00 -1.878120E-04  8.951620E-06 -1.478612E-18 -8.245857E-02  0.000000E+00
    1    2
    2    3
    3    4
    4    5
    5    6
    6    7
    7    8
    8    9
    9   10
   10   11
   11   12
   12   13
   13   14
   14   15
   15   16
   16   17
   17   18
   18   19
   19   20
   20   21
   21   22
   22   23
   23   24
   24   25
   25   26
   26   27
   27   28
   28   29
   29   30
   30   31
   31   32
   32   33
   33   34
   34   35
   35   36
   36   37
   37   38
   38   39
   39   40
   40   41
   41   42
   42   43
   43   44
   44   45
   45   46
   46   47
   47   48
   48   49
   49   50
   50   51
   51   52
   52   53
   53   54
   54   55
   55   56
   56   57
   57   58
   58   59
   59   60
   60   61
   61   62
   62   63
   63   64
   64   65
   65   66
   66   67
   67   68
   68   69
   69   70
   70   71
   71   72
   72   73
   73   74
   74   75
   75   76
   76   77
   77   78
   78   79
   79   80
   80   81
   81   82
   82   83
   83   84
   84   85
   85   86
   86   87
   87   88
   88   89
   89   90
   90   91
   91   92
   92   93
   93   94
   94   95
   95   96
   96   97
   97   98
   98   99
   99  100
  100  101
  101  102
  102  103
  103  104
  104  105
  105  106
  106  107
  107  108
  108  109
  109  110
  110  111
  111  112
  112  113
  113  114
  114  115
  115  116
  116  117
  117  118
  118  119
  119  120
  120  121
  121  122
  122  123
  123  124
  124  125
  125  126
  126  127
  127  128
  128  129
  129  130
  130  131
  131  132
  132  133
  133  134
  134  135
  135  136
  136  137
  137  138
  138  139
  139  140
  140  141
  141  142
  142  143
  143  144
  144  145
  145  146
  146  147
  147  148
  148  149
  149  150
  151  152
  152  153
  153  154
  154  155
  155  156
  156  157
  157  158
  158  159
  159  160
  160  161
  161  162
  162  163
  163  164
  164  165
  165  166
  166  167
  167  168
  168  169
  169  170
  170  171
  171  172
  172  173
  173  174
  174  175
  175  176
  176  177
  177  178
  178  179
  179  180
  180  181
  181  182
  182  183
  183  184
  184  185
  185  186
  186  187
  187  188
  188  189
  189  190
  190  191
  191  192
  192  193
  193  194
  194  195
  195  196
  196  197
  197  198
  198  199
  199  200
  200  201
  201  202
  202  203
  203  204
  204  205
  205  206
  206  207
  207  208
  208  209
  209  210
  210  211
  211  212
  212  213
  213  214
  214  215
  215  216
  216  217
  217  218
  218  219
  219  220
  220  221
  221  222
  222  223
  223  224
  224  225
  225  226
  226  227
  227  228
  228  229
  229  230
  230  231
  231  232
  232  233
  233  234
  234  235
  235  236
  236  237
  237  238
  238  239
  239  240
  240  241
  241  242
  242  243
  243  244
  244  245
  245  246
  246  247
  247  248
  248  249
  249  250
  250  251
  251  252
  252  253
  253  254
  254  255
  255  256
  256  257
  257  258
  258  259
  259  260
  260  261
  261  262
  262  263
  263  264
  264  265
  265  266
  266  267
  267  268
  268  269
  269  270
  270  271
  271  272
  272  273
  273  274
  274  275
  275  276
  276  277
  277  278
  278  279
  279  280
  280  281
  281  282
  282  283
  283  284
  284  285
  285  286
  286  287
  287  288
  288  289
  289  290
  290  291
  291  292
  292  293
  293  294
  294  295
  295  296
  296  297
  297  298
  298  299
  299  300
