 Title = "ADflow Slice Data"
Variables =  "CoordinateX"  "CoordinateY"  "CoordinateZ"  "XoC"  "YoC"  "ZoC" "VelocityX" "VelocityY" "VelocityZ" "CoefPressure" "Mach" 
Zone T= "Slice_0001 None Absolute Regular z = 0.50000000"
 Nodes =          300  Elements=          298  ZONETYPE=FELINESEG
 DATAPACKING=POINT
  4.708680E+00 -6.498432E-04  5.000000E-01  9.999999E-01 -3.169948E-04  0.000000E+00  1.697938E-03 -5.697387E-05  4.627522E-18  1.414164E-01  0.000000E+00
  4.689187E+00  2.637906E-03  5.000000E-01  9.958601E-01  3.812423E-04  0.000000E+00  1.137760E-03 -1.593200E-04  6.721318E-19  7.914696E-02  0.000000E+00
  4.658673E+00  7.874786E-03  5.000000E-01  9.893797E-01  1.493427E-03  0.000000E+00  7.988787E-04 -1.587646E-04 -1.397635E-18  9.858711E-02  0.000000E+00
  4.626256E+00  1.351751E-02  5.000000E-01  9.824952E-01  2.691802E-03  0.000000E+00  5.773461E-04 -1.011512E-04 -1.831975E-18  8.757553E-02  0.000000E+00
  4.593146E+00  1.932405E-02  5.000000E-01  9.754635E-01  3.924969E-03  0.000000E+00  4.839811E-04 -7.938227E-05 -1.389915E-18  6.378713E-02  0.000000E+00
  4.560031E+00  2.514168E-02  5.000000E-01  9.684306E-01  5.160491E-03  0.000000E+00  5.052726E-04 -8.872812E-05 -1.803638E-18  4.623566E-02  0.000000E+00
  4.526891E+00  3.094679E-02  5.000000E-01  9.613923E-01  6.393354E-03  0.000000E+00  5.914546E-04 -1.043403E-04 -1.932916E-18  2.984663E-02  0.000000E+00
  4.493752E+00  3.671152E-02  5.000000E-01  9.543545E-01  7.617641E-03  0.000000E+00  7.076610E-04 -1.225057E-04 -5.665037E-20  9.961080E-03  0.000000E+00
  4.460612E+00  4.241345E-02  5.000000E-01  9.473164E-01  8.828589E-03  0.000000E+00  8.332595E-04 -1.428289E-04  1.266029E-18 -1.347471E-02  0.000000E+00
  4.427470E+00  4.803378E-02  5.000000E-01  9.402779E-01  1.002221E-02  0.000000E+00  9.518795E-04 -1.603523E-04  7.000923E-19 -4.000335E-02  0.000000E+00
  4.394325E+00  5.355011E-02  5.000000E-01  9.332387E-01  1.119374E-02  0.000000E+00  1.049589E-03 -1.709968E-04  1.109543E-18 -6.698307E-02  0.000000E+00
  4.361178E+00  5.894426E-02  5.000000E-01  9.261991E-01  1.233933E-02  0.000000E+00  1.113148E-03 -1.748591E-04  1.241085E-18 -8.983136E-02  0.000000E+00
  4.328027E+00  6.419702E-02  5.000000E-01  9.191586E-01  1.345489E-02  0.000000E+00  1.150476E-03 -1.776711E-04 -4.757694E-19 -1.103461E-01  0.000000E+00
  4.294876E+00  6.928834E-02  5.000000E-01  9.121181E-01  1.453616E-02  0.000000E+00  1.255215E-03 -1.938499E-04 -1.289750E-18 -1.452600E-01  0.000000E+00
  4.261727E+00  7.420138E-02  5.000000E-01  9.050782E-01  1.557957E-02  0.000000E+00  1.684941E-03 -2.530855E-04  1.476335E-19 -2.195961E-01  0.000000E+00
  4.228582E+00  7.892042E-02  5.000000E-01  8.980388E-01  1.658177E-02  0.000000E+00  2.870700E-03 -4.024134E-04 -3.193101E-19 -3.434084E-01  0.000000E+00
  4.195443E+00  8.342759E-02  5.000000E-01  8.910010E-01  1.753899E-02  0.000000E+00  5.265079E-03 -6.896702E-04 -3.160040E-19 -4.953944E-01  0.000000E+00
  4.162308E+00  8.770489E-02  5.000000E-01  8.839639E-01  1.844738E-02  0.000000E+00  8.915941E-03 -1.101435E-03  3.427222E-18 -6.343725E-01  0.000000E+00
  4.129179E+00  9.173750E-02  5.000000E-01  8.769281E-01  1.930381E-02  0.000000E+00  1.311076E-02 -1.528242E-03  9.060477E-18 -7.272130E-01  0.000000E+00
  4.096054E+00  9.550952E-02  5.000000E-01  8.698932E-01  2.010489E-02  0.000000E+00  1.663840E-02 -1.818990E-03  1.377361E-17 -7.663937E-01  0.000000E+00
  4.062934E+00  9.900826E-02  5.000000E-01  8.628593E-01  2.084794E-02  0.000000E+00  1.864904E-02 -1.890873E-03  1.343098E-17 -7.652648E-01  0.000000E+00
  4.029817E+00  1.022217E-01  5.000000E-01  8.558262E-01  2.153039E-02  0.000000E+00  1.919129E-02 -1.781269E-03  8.717841E-18 -7.420312E-01  0.000000E+00
  3.996705E+00  1.051403E-01  5.000000E-01  8.487940E-01  2.215024E-02  0.000000E+00  1.886864E-02 -1.582028E-03  4.447052E-18 -7.094050E-01  0.000000E+00
  3.963594E+00  1.077590E-01  5.000000E-01  8.417620E-01  2.270638E-02  0.000000E+00  1.826320E-02 -1.364819E-03  2.916257E-18 -6.736304E-01  0.000000E+00
  3.930486E+00  1.100765E-01  5.000000E-01  8.347306E-01  2.319856E-02  0.000000E+00  1.767655E-02 -1.160372E-03  2.707409E-18 -6.371228E-01  0.000000E+00
  3.897377E+00  1.120956E-01  5.000000E-01  8.276991E-01  2.362737E-02  0.000000E+00  1.717550E-02 -9.750054E-04  2.800147E-18 -6.006478E-01  0.000000E+00
  3.864269E+00  1.138268E-01  5.000000E-01  8.206677E-01  2.399503E-02  0.000000E+00  1.672331E-02 -8.075387E-04  2.689197E-18 -5.644425E-01  0.000000E+00
  3.831161E+00  1.152852E-01  5.000000E-01  8.136366E-01  2.430475E-02  0.000000E+00  1.627068E-02 -6.577065E-04  2.056369E-18 -5.288266E-01  0.000000E+00
  3.798054E+00  1.164957E-01  5.000000E-01  8.066053E-01  2.456184E-02  0.000000E+00  1.579172E-02 -5.280923E-04  1.547927E-18 -4.945036E-01  0.000000E+00
  3.764948E+00  1.174918E-01  5.000000E-01  7.995744E-01  2.477339E-02  0.000000E+00  1.528749E-02 -4.224699E-04  1.204129E-18 -4.625839E-01  0.000000E+00
  3.731842E+00  1.183173E-01  5.000000E-01  7.925435E-01  2.494871E-02  0.000000E+00  1.477594E-02 -3.443974E-04  7.981152E-19 -4.344331E-01  0.000000E+00
  3.698737E+00  1.190270E-01  5.000000E-01  7.855130E-01  2.509942E-02  0.000000E+00  1.428525E-02 -2.921782E-04  4.091694E-19 -4.108396E-01  0.000000E+00
  3.665634E+00  1.196655E-01  5.000000E-01  7.784827E-01  2.523504E-02  0.000000E+00  1.384491E-02 -2.566550E-04 -6.855866E-20 -3.913834E-01  0.000000E+00
  3.632534E+00  1.202498E-01  5.000000E-01  7.714529E-01  2.535912E-02  0.000000E+00  1.346886E-02 -2.299018E-04 -3.976475E-19 -3.752633E-01  0.000000E+00
  3.599434E+00  1.207911E-01  5.000000E-01  7.644234E-01  2.547408E-02  0.000000E+00  1.315293E-02 -2.094227E-04 -2.221577E-19 -3.619568E-01  0.000000E+00
  3.566334E+00  1.212997E-01  5.000000E-01  7.573938E-01  2.558209E-02  0.000000E+00  1.288610E-02 -1.938906E-04 -7.495854E-20 -3.510061E-01  0.000000E+00
  3.533236E+00  1.217833E-01  5.000000E-01  7.503646E-01  2.568480E-02  0.000000E+00  1.265712E-02 -1.819361E-04  7.055264E-20 -3.420133E-01  0.000000E+00
  3.500138E+00  1.222474E-01  5.000000E-01  7.433353E-01  2.578336E-02  0.000000E+00  1.245716E-02 -1.726761E-04  3.602051E-19 -3.347035E-01  0.000000E+00
  3.467038E+00  1.226972E-01  5.000000E-01  7.363057E-01  2.587889E-02  0.000000E+00  1.228106E-02 -1.654913E-04  3.577222E-19 -3.288807E-01  0.000000E+00
  3.433936E+00  1.231360E-01  5.000000E-01  7.292757E-01  2.597208E-02  0.000000E+00  1.212705E-02 -1.596319E-04  1.913770E-19 -3.244060E-01  0.000000E+00
  3.400832E+00  1.235652E-01  5.000000E-01  7.222453E-01  2.606324E-02  0.000000E+00  1.199557E-02 -1.544703E-04  1.441646E-19 -3.212634E-01  0.000000E+00
  3.367728E+00  1.239851E-01  5.000000E-01  7.152146E-01  2.615240E-02  0.000000E+00  1.188840E-02 -1.494043E-04  2.307102E-19 -3.195538E-01  0.000000E+00
  3.334620E+00  1.243935E-01  5.000000E-01  7.081834E-01  2.623915E-02  0.000000E+00  1.180716E-02 -1.438121E-04  2.766418E-19 -3.194261E-01  0.000000E+00
  3.301512E+00  1.247872E-01  5.000000E-01  7.011520E-01  2.632276E-02  0.000000E+00  1.175092E-02 -1.370606E-04  1.875194E-19 -3.208831E-01  0.000000E+00
  3.268401E+00  1.251612E-01  5.000000E-01  6.941201E-01  2.640218E-02  0.000000E+00  1.171317E-02 -1.283882E-04  3.420887E-20 -3.234397E-01  0.000000E+00
  3.235290E+00  1.255088E-01  5.000000E-01  6.870881E-01  2.647600E-02  0.000000E+00  1.167874E-02 -1.169637E-04  8.625636E-20 -3.259137E-01  0.000000E+00
  3.202177E+00  1.258214E-01  5.000000E-01  6.800557E-01  2.654239E-02  0.000000E+00  1.162345E-02 -1.021970E-04  2.644313E-19 -3.266401E-01  0.000000E+00
  3.169063E+00  1.260901E-01  5.000000E-01  6.730231E-01  2.659945E-02  0.000000E+00  1.152016E-02 -8.386182E-05  4.414528E-19 -3.242292E-01  0.000000E+00
  3.135947E+00  1.263042E-01  5.000000E-01  6.659902E-01  2.664492E-02  0.000000E+00  1.135150E-02 -6.276507E-05  7.102532E-19 -3.188177E-01  0.000000E+00
  3.102831E+00  1.264560E-01  5.000000E-01  6.589571E-01  2.667716E-02  0.000000E+00  1.112572E-02 -4.143662E-05  8.966697E-19 -3.130995E-01  0.000000E+00
  3.069714E+00  1.265468E-01  5.000000E-01  6.519238E-01  2.669644E-02  0.000000E+00  1.088859E-02 -2.193934E-05  9.964258E-19 -3.118663E-01  0.000000E+00
  3.036593E+00  1.265805E-01  5.000000E-01  6.448898E-01  2.670361E-02  0.000000E+00  1.072049E-02 -4.278540E-06  9.844264E-19 -3.198938E-01  0.000000E+00
  3.003475E+00  1.265617E-01  5.000000E-01  6.378564E-01  2.669960E-02  0.000000E+00  1.071447E-02  1.250706E-05  8.328697E-19 -3.391896E-01  0.000000E+00
  2.970356E+00  1.264940E-01  5.000000E-01  6.308226E-01  2.668523E-02  0.000000E+00  1.093884E-02  2.887560E-05  6.296067E-19 -3.674125E-01  0.000000E+00
  2.937236E+00  1.263837E-01  5.000000E-01  6.237888E-01  2.666180E-02  0.000000E+00  1.139704E-02  4.466595E-05  3.779342E-19 -3.988351E-01  0.000000E+00
  2.904117E+00  1.262363E-01  5.000000E-01  6.167550E-01  2.663051E-02  0.000000E+00  1.201038E-02  5.948961E-05  1.867487E-19 -4.273462E-01  0.000000E+00
  2.870996E+00  1.260584E-01  5.000000E-01  6.097211E-01  2.659271E-02  0.000000E+00  1.264558E-02  7.258432E-05  1.501336E-19 -4.492702E-01  0.000000E+00
  2.837877E+00  1.258565E-01  5.000000E-01  6.026873E-01  2.654985E-02  0.000000E+00  1.317629E-02  8.317112E-05  1.199020E-19 -4.641213E-01  0.000000E+00
  2.804757E+00  1.256375E-01  5.000000E-01  5.956535E-01  2.650334E-02  0.000000E+00  1.353649E-02  9.053639E-05  6.141885E-20 -4.735692E-01  0.000000E+00
  2.771639E+00  1.254090E-01  5.000000E-01  5.886200E-01  2.645480E-02  0.000000E+00  1.373344E-02  9.440243E-05 -6.771045E-20 -4.798683E-01  0.000000E+00
  2.738522E+00  1.251772E-01  5.000000E-01  5.815867E-01  2.640557E-02  0.000000E+00  1.382119E-02  9.472156E-05 -2.789353E-19 -4.848980E-01  0.000000E+00
  2.705406E+00  1.249501E-01  5.000000E-01  5.745537E-01  2.635735E-02  0.000000E+00  1.386326E-02  9.159000E-05 -4.714901E-19 -4.898975E-01  0.000000E+00
  2.672292E+00  1.247349E-01  5.000000E-01  5.675211E-01  2.631165E-02  0.000000E+00  1.390777E-02  8.526096E-05 -4.792475E-19 -4.955623E-01  0.000000E+00
  2.639177E+00  1.245393E-01  5.000000E-01  5.604885E-01  2.627011E-02  0.000000E+00  1.398019E-02  7.587385E-05 -4.057786E-19 -5.022036E-01  0.000000E+00
  2.606068E+00  1.243707E-01  5.000000E-01  5.534568E-01  2.623431E-02  0.000000E+00  1.408862E-02  6.451369E-05 -3.278257E-19 -5.097010E-01  0.000000E+00
  2.572958E+00  1.242317E-01  5.000000E-01  5.464251E-01  2.620477E-02  0.000000E+00  1.423022E-02  5.337402E-05 -1.954894E-19 -5.175575E-01  0.000000E+00
  2.539852E+00  1.241183E-01  5.000000E-01  5.393941E-01  2.618069E-02  0.000000E+00  1.439473E-02  4.422345E-05 -6.550711E-20 -5.251859E-01  0.000000E+00
  2.506749E+00  1.240242E-01  5.000000E-01  5.323639E-01  2.616070E-02  0.000000E+00  1.456826E-02  3.760327E-05  5.447299E-20 -5.321437E-01  0.000000E+00
  2.473650E+00  1.239432E-01  5.000000E-01  5.253345E-01  2.614351E-02  0.000000E+00  1.473793E-02  3.356945E-05  9.900245E-20 -5.381540E-01  0.000000E+00
  2.440554E+00  1.238691E-01  5.000000E-01  5.183056E-01  2.612777E-02  0.000000E+00  1.489461E-02  3.211271E-05  9.936558E-20 -5.430761E-01  0.000000E+00
  2.407460E+00  1.237962E-01  5.000000E-01  5.112774E-01  2.611229E-02  0.000000E+00  1.503367E-02  3.347872E-05  6.972345E-20 -5.468391E-01  0.000000E+00
  2.374373E+00  1.237175E-01  5.000000E-01  5.042504E-01  2.609558E-02  0.000000E+00  1.515369E-02  3.792957E-05  3.870529E-20 -5.494432E-01  0.000000E+00
  2.341286E+00  1.236263E-01  5.000000E-01  4.972236E-01  2.607621E-02  0.000000E+00  1.525467E-02  4.492501E-05  3.566352E-20 -5.510320E-01  0.000000E+00
  2.308194E+00  1.235182E-01  5.000000E-01  4.901958E-01  2.605324E-02  0.000000E+00  1.533837E-02  5.364720E-05  1.976343E-20 -5.518193E-01  0.000000E+00
  2.275097E+00  1.233903E-01  5.000000E-01  4.831667E-01  2.602608E-02  0.000000E+00  1.540835E-02  6.364572E-05  2.758790E-20 -5.519908E-01  0.000000E+00
  2.241991E+00  1.232402E-01  5.000000E-01  4.761359E-01  2.599420E-02  0.000000E+00  1.546868E-02  7.475604E-05  2.892163E-20 -5.516797E-01  0.000000E+00
  2.208879E+00  1.230657E-01  5.000000E-01  4.691038E-01  2.595715E-02  0.000000E+00  1.552277E-02  8.696892E-05 -8.945692E-21 -5.509642E-01  0.000000E+00
  2.175760E+00  1.228646E-01  5.000000E-01  4.620701E-01  2.591443E-02  0.000000E+00  1.557269E-02  1.002856E-04 -1.014162E-20 -5.498842E-01  0.000000E+00
  2.142637E+00  1.226346E-01  5.000000E-01  4.550354E-01  2.586559E-02  0.000000E+00  1.561932E-02  1.146997E-04 -5.243371E-20 -5.484569E-01  0.000000E+00
  2.109507E+00  1.223735E-01  5.000000E-01  4.479994E-01  2.581014E-02  0.000000E+00  1.566280E-02  1.301791E-04 -2.634891E-20 -5.466931E-01  0.000000E+00
  2.076374E+00  1.220794E-01  5.000000E-01  4.409628E-01  2.574768E-02  0.000000E+00  1.570303E-02  1.467197E-04  1.014424E-20 -5.446094E-01  0.000000E+00
  2.043241E+00  1.217498E-01  5.000000E-01  4.339262E-01  2.567768E-02  0.000000E+00  1.573966E-02  1.639585E-04 -3.114245E-20 -5.422759E-01  0.000000E+00
  2.010106E+00  1.213844E-01  5.000000E-01  4.268892E-01  2.560008E-02  0.000000E+00  1.577284E-02  1.814440E-04  5.870471E-20 -5.397795E-01  0.000000E+00
  1.976970E+00  1.209828E-01  5.000000E-01  4.198519E-01  2.551480E-02  0.000000E+00  1.580376E-02  1.992455E-04  9.781608E-21 -5.371482E-01  0.000000E+00
  1.943835E+00  1.205443E-01  5.000000E-01  4.128148E-01  2.542167E-02  0.000000E+00  1.583358E-02  2.175168E-04 -2.929865E-19 -5.343888E-01  0.000000E+00
  1.910699E+00  1.200678E-01  5.000000E-01  4.057776E-01  2.532047E-02  0.000000E+00  1.586273E-02  2.361101E-04 -4.860669E-19 -5.315295E-01  0.000000E+00
  1.877561E+00  1.195533E-01  5.000000E-01  3.987399E-01  2.521119E-02  0.000000E+00  1.589165E-02  2.549636E-04 -3.662280E-19 -5.285909E-01  0.000000E+00
  1.844424E+00  1.189999E-01  5.000000E-01  3.917024E-01  2.509367E-02  0.000000E+00  1.592079E-02  2.740389E-04  2.846617E-20 -5.255976E-01  0.000000E+00
  1.811282E+00  1.184077E-01  5.000000E-01  3.846638E-01  2.496791E-02  0.000000E+00  1.595060E-02  2.930577E-04  9.232493E-20 -5.226001E-01  0.000000E+00
  1.778139E+00  1.177774E-01  5.000000E-01  3.776250E-01  2.483404E-02  0.000000E+00  1.598216E-02  3.121079E-04 -1.117132E-19 -5.196099E-01  0.000000E+00
  1.744992E+00  1.171085E-01  5.000000E-01  3.705854E-01  2.469198E-02  0.000000E+00  1.601642E-02  3.312415E-04 -3.226635E-19 -5.166354E-01  0.000000E+00
  1.711843E+00  1.164017E-01  5.000000E-01  3.635455E-01  2.454187E-02  0.000000E+00  1.605410E-02  3.505374E-04 -3.560226E-19 -5.136719E-01  0.000000E+00
  1.678692E+00  1.156561E-01  5.000000E-01  3.565049E-01  2.438354E-02  0.000000E+00  1.609550E-02  3.700433E-04 -2.220906E-19 -5.107032E-01  0.000000E+00
  1.645539E+00  1.148725E-01  5.000000E-01  3.494640E-01  2.421712E-02  0.000000E+00  1.614065E-02  3.899353E-04 -4.288323E-19 -5.076789E-01  0.000000E+00
  1.612385E+00  1.140496E-01  5.000000E-01  3.424230E-01  2.404234E-02  0.000000E+00  1.618914E-02  4.106249E-04 -1.933747E-19 -5.045004E-01  0.000000E+00
  1.579236E+00  1.131862E-01  5.000000E-01  3.353830E-01  2.385898E-02  0.000000E+00  1.623975E-02  4.325131E-04  2.898168E-21 -5.010558E-01  0.000000E+00
  1.546090E+00  1.122793E-01  5.000000E-01  3.283435E-01  2.366637E-02  0.000000E+00  1.629043E-02  4.556959E-04 -2.741649E-19 -4.972651E-01  0.000000E+00
  1.512946E+00  1.113271E-01  5.000000E-01  3.213046E-01  2.346415E-02  0.000000E+00  1.633905E-02  4.800522E-04 -1.893559E-19 -4.930817E-01  0.000000E+00
  1.479807E+00  1.103271E-01  5.000000E-01  3.142666E-01  2.325179E-02  0.000000E+00  1.638420E-02  5.057114E-04  1.232754E-19 -4.884522E-01  0.000000E+00
  1.446672E+00  1.092767E-01  5.000000E-01  3.072296E-01  2.302871E-02  0.000000E+00  1.642463E-02  5.325249E-04 -1.890288E-19 -4.833646E-01  0.000000E+00
  1.413540E+00  1.081738E-01  5.000000E-01  3.001932E-01  2.279448E-02  0.000000E+00  1.645956E-02  5.603251E-04 -5.267282E-19 -4.778157E-01  0.000000E+00
  1.380413E+00  1.070164E-01  5.000000E-01  2.931579E-01  2.254866E-02  0.000000E+00  1.648868E-02  5.891852E-04 -1.055137E-20 -4.717791E-01  0.000000E+00
  1.347294E+00  1.058019E-01  5.000000E-01  2.861242E-01  2.229074E-02  0.000000E+00  1.651150E-02  6.191157E-04 -7.242731E-20 -4.652322E-01  0.000000E+00
  1.314179E+00  1.045280E-01  5.000000E-01  2.790914E-01  2.202020E-02  0.000000E+00  1.652713E-02  6.498745E-04 -1.978832E-19 -4.581749E-01  0.000000E+00
  1.281074E+00  1.031932E-01  5.000000E-01  2.720606E-01  2.173672E-02  0.000000E+00  1.653478E-02  6.813519E-04 -7.691161E-20 -4.506009E-01  0.000000E+00
  1.247974E+00  1.017950E-01  5.000000E-01  2.650310E-01  2.143978E-02  0.000000E+00  1.653342E-02  7.132203E-04 -1.242556E-19 -4.425301E-01  0.000000E+00
  1.214880E+00  1.003329E-01  5.000000E-01  2.580028E-01  2.112925E-02  0.000000E+00  1.652214E-02  7.451770E-04  3.317722E-20 -4.339782E-01  0.000000E+00
  1.181795E+00  9.880544E-02  5.000000E-01  2.509763E-01  2.080486E-02  0.000000E+00  1.650019E-02  7.771965E-04 -1.518433E-19 -4.249312E-01  0.000000E+00
  1.148718E+00  9.721158E-02  5.000000E-01  2.439516E-01  2.046637E-02  0.000000E+00  1.646606E-02  8.088107E-04 -9.581247E-20 -4.154138E-01  0.000000E+00
  1.115646E+00  9.555126E-02  5.000000E-01  2.369279E-01  2.011375E-02  0.000000E+00  1.641826E-02  8.395038E-04  1.138440E-19 -4.054532E-01  0.000000E+00
  1.082583E+00  9.382504E-02  5.000000E-01  2.299061E-01  1.974715E-02  0.000000E+00  1.635594E-02  8.690539E-04 -1.859925E-22 -3.950550E-01  0.000000E+00
  1.049524E+00  9.203312E-02  5.000000E-01  2.228852E-01  1.936659E-02  0.000000E+00  1.627889E-02  8.972087E-04 -5.400478E-20 -3.842643E-01  0.000000E+00
  1.016475E+00  9.017692E-02  5.000000E-01  2.158664E-01  1.897238E-02  0.000000E+00  1.618810E-02  9.236667E-04  4.395138E-19 -3.732354E-01  0.000000E+00
  9.834318E-01  8.825722E-02  5.000000E-01  2.088488E-01  1.856468E-02  0.000000E+00  1.608560E-02  9.470254E-04  1.101141E-18 -3.623908E-01  0.000000E+00
  9.503976E-01  8.628149E-02  5.000000E-01  2.018331E-01  1.814508E-02  0.000000E+00  1.597641E-02  9.657835E-04  3.146444E-19 -3.523006E-01  0.000000E+00
  9.173728E-01  8.425874E-02  5.000000E-01  1.948195E-01  1.771550E-02  0.000000E+00  1.586999E-02  9.805387E-04 -5.962496E-19 -3.433562E-01  0.000000E+00
  8.843598E-01  8.219629E-02  5.000000E-01  1.878083E-01  1.727749E-02  0.000000E+00  1.577690E-02  9.932463E-04 -3.347666E-19 -3.357119E-01  0.000000E+00
  8.513623E-01  8.009817E-02  5.000000E-01  1.808005E-01  1.683190E-02  0.000000E+00  1.570502E-02  1.005803E-03 -2.194943E-19 -3.293689E-01  0.000000E+00
  8.183794E-01  7.796593E-02  5.000000E-01  1.737957E-01  1.637906E-02  0.000000E+00  1.565804E-02  1.019368E-03 -8.494809E-19 -3.242692E-01  0.000000E+00
  7.854121E-01  7.579995E-02  5.000000E-01  1.667943E-01  1.591906E-02  0.000000E+00  1.563624E-02  1.034598E-03 -5.732106E-20 -3.203142E-01  0.000000E+00
  7.524593E-01  7.359942E-02  5.000000E-01  1.597959E-01  1.545172E-02  0.000000E+00  1.563760E-02  1.051829E-03  1.462273E-18 -3.173444E-01  0.000000E+00
  7.195226E-01  7.136320E-02  5.000000E-01  1.528009E-01  1.497681E-02  0.000000E+00  1.565836E-02  1.071389E-03  1.404888E-18 -3.150688E-01  0.000000E+00
  6.866079E-01  6.908897E-02  5.000000E-01  1.458107E-01  1.449381E-02  0.000000E+00  1.569280E-02  1.093745E-03  1.687343E-19 -3.130203E-01  0.000000E+00
  6.537221E-01  6.677260E-02  5.000000E-01  1.388265E-01  1.400187E-02  0.000000E+00  1.573257E-02  1.119094E-03 -1.516210E-18 -3.106308E-01  0.000000E+00
  6.208691E-01  6.440859E-02  5.000000E-01  1.318494E-01  1.349982E-02  0.000000E+00  1.576731E-02  1.147084E-03 -1.522313E-18 -3.073981E-01  0.000000E+00
  5.880524E-01  6.199107E-02  5.000000E-01  1.248799E-01  1.298640E-02  0.000000E+00  1.578698E-02  1.176857E-03 -4.397981E-19 -3.030967E-01  0.000000E+00
  5.552711E-01  5.951449E-02  5.000000E-01  1.179180E-01  1.246043E-02  0.000000E+00  1.578442E-02  1.207338E-03  4.348091E-19 -2.979540E-01  0.000000E+00
  5.225283E-01  5.697486E-02  5.000000E-01  1.109642E-01  1.192108E-02  0.000000E+00  1.575567E-02  1.237755E-03  2.700319E-19 -2.926650E-01  0.000000E+00
  4.898261E-01  5.436797E-02  5.000000E-01  1.040191E-01  1.136744E-02  0.000000E+00  1.569461E-02  1.267042E-03 -4.583879E-19 -2.881789E-01  0.000000E+00
  4.571624E-01  5.169101E-02  5.000000E-01  9.708209E-02  1.079892E-02  0.000000E+00  1.558245E-02  1.292726E-03 -1.164007E-18 -2.849996E-01  0.000000E+00
  4.245350E-01  4.894299E-02  5.000000E-01  9.015283E-02  1.021531E-02  0.000000E+00  1.537545E-02  1.309995E-03  1.756909E-19 -2.819481E-01  0.000000E+00
  3.919369E-01  4.612555E-02  5.000000E-01  8.322981E-02  9.616949E-03  0.000000E+00  1.499846E-02  1.311311E-03  1.552881E-18 -2.749665E-01  0.000000E+00
  3.593832E-01  4.324347E-02  5.000000E-01  7.631620E-02  9.004866E-03  0.000000E+00  1.435654E-02  1.287771E-03 -3.192484E-19 -2.574355E-01  0.000000E+00
  3.269046E-01  4.029971E-02  5.000000E-01  6.941854E-02  8.379684E-03  0.000000E+00  1.337524E-02  1.231777E-03 -5.300729E-18 -2.243453E-01  0.000000E+00
  2.945750E-01  3.729303E-02  5.000000E-01  6.255253E-02  7.741140E-03  0.000000E+00  1.205886E-02  1.140561E-03 -1.940118E-17 -1.810876E-01  0.000000E+00
  2.624265E-01  3.421019E-02  5.000000E-01  5.572497E-02  7.086421E-03  0.000000E+00  1.052694E-02  1.020015E-03 -4.283391E-17 -1.515061E-01  0.000000E+00
  2.304268E-01  3.104293E-02  5.000000E-01  4.892903E-02  6.413772E-03  0.000000E+00  9.021589E-03  8.938367E-04 -2.424105E-17 -1.725768E-01  0.000000E+00
  1.986088E-01  2.779829E-02  5.000000E-01  4.217166E-02  5.724689E-03  0.000000E+00  7.927450E-03  8.080300E-04  2.329787E-16 -2.695055E-01  0.000000E+00
  1.669282E-01  2.448036E-02  5.000000E-01  3.544349E-02  5.020044E-03  0.000000E+00  7.753713E-03  8.146266E-04  1.076451E-15 -4.298391E-01  0.000000E+00
  1.350509E-01  2.112846E-02  5.000000E-01  2.867354E-02  4.308181E-03  0.000000E+00  8.942800E-03  9.549756E-04  2.054163E-15 -6.051080E-01  0.000000E+00
  1.043791E-01  1.790796E-02  5.000000E-01  2.215959E-02  3.624226E-03  0.000000E+00  1.145889E-02  1.259153E-03 -8.205220E-16 -7.474271E-01  0.000000E+00
  7.632629E-02  1.476703E-02  5.000000E-01  1.620187E-02  2.957171E-03  0.000000E+00  1.450533E-02  1.693880E-03 -1.451906E-14 -8.514297E-01  0.000000E+00
  5.118571E-02  1.170620E-02  5.000000E-01  1.086263E-02  2.307125E-03  0.000000E+00  1.707656E-02  2.197017E-03 -3.073178E-14 -9.412805E-01  0.000000E+00
  3.264831E-02  9.197353E-03  5.000000E-01  6.925739E-03  1.774308E-03  0.000000E+00  1.903906E-02  2.889786E-03  1.638941E-14 -1.025255E+00  0.000000E+00
  2.051015E-02  7.176192E-03  5.000000E-01  4.347893E-03  1.345063E-03  0.000000E+00  2.130457E-02  4.007806E-03  2.710317E-13 -1.102141E+00  0.000000E+00
  1.247723E-02  5.497372E-03  5.000000E-01  2.641898E-03  9.885226E-04  0.000000E+00  2.609456E-02  6.089731E-03  8.389296E-13 -1.179520E+00  0.000000E+00
  7.055255E-03  4.110065E-03  5.000000E-01  1.490404E-03  6.938928E-04  0.000000E+00  3.826497E-02  1.141577E-02  1.338733E-12 -1.248196E+00  0.000000E+00
  3.418635E-03  2.923569E-03  5.000000E-01  7.180754E-04  4.419102E-04  0.000000E+00  6.325943E-02  2.628945E-02  2.862121E-13 -1.245545E+00  0.000000E+00
  1.108798E-03  1.843531E-03  5.000000E-01  2.275226E-04  2.125366E-04  0.000000E+00  8.024328E-02  5.930908E-02 -3.468850E-12 -9.765359E-01  0.000000E+00
  3.747479E-05  8.427719E-04  5.000000E-01  0.000000E+00  0.000000E+00  0.000000E+00  2.762937E-02  1.046728E-01 -7.600419E-12  1.553486E-01  0.000000E+00
  3.747479E-05  8.427719E-04  5.000000E-01  0.000000E+00  0.000000E+00  0.000000E+00  2.762937E-02  1.046728E-01 -7.600419E-12  1.553486E-01  0.000000E+00
  2.534065E-04 -1.581346E-04  5.000000E-01  4.585858E-05 -2.125679E-04  0.000000E+00 -2.935090E-02  7.515657E-02 -7.116720E-12  1.189091E+00  0.000000E+00
  1.848580E-03 -1.205026E-03  5.000000E-01  3.846343E-04 -4.349020E-04  0.000000E+00 -1.928959E-02  1.202766E-02 -3.486619E-12  1.187334E+00  0.000000E+00
  4.867645E-03 -2.301925E-03  5.000000E-01  1.025809E-03 -6.678564E-04  0.000000E+00  1.828314E-03 -3.676233E-04 -1.031584E-12  9.900845E-01  0.000000E+00
  9.380877E-03 -3.500277E-03  5.000000E-01  1.984309E-03 -9.223568E-04  0.000000E+00  1.206827E-02 -2.802192E-03  9.817652E-14  8.938422E-01  0.000000E+00
  1.589077E-02 -4.892670E-03  5.000000E-01  3.366850E-03 -1.218067E-03  0.000000E+00  1.535692E-02 -2.987541E-03  3.210744E-13  8.107857E-01  0.000000E+00
  2.547297E-02 -6.590480E-03  5.000000E-01  5.401873E-03 -1.578640E-03  0.000000E+00  1.536362E-02 -2.500684E-03  1.961870E-13  7.258689E-01  0.000000E+00
  3.989163E-02 -8.718562E-03  5.000000E-01  8.464043E-03 -2.030592E-03  0.000000E+00  1.426925E-02 -1.947530E-03  5.650126E-14  6.452980E-01  0.000000E+00
  6.092142E-02 -1.133378E-02  5.000000E-01  1.293025E-02 -2.585999E-03  0.000000E+00  1.320303E-02 -1.562774E-03 -5.150645E-15  5.765185E-01  0.000000E+00
  8.832839E-02 -1.439867E-02  5.000000E-01  1.875082E-02 -3.236908E-03  0.000000E+00  1.255961E-02 -1.375541E-03 -1.321434E-14  5.228667E-01  0.000000E+00
  1.189914E-01 -1.768543E-02  5.000000E-01  2.526288E-02 -3.934936E-03  0.000000E+00  1.234694E-02 -1.319734E-03 -6.271485E-15  4.811805E-01  0.000000E+00
  1.511926E-01 -2.112073E-02  5.000000E-01  3.210163E-02 -4.664508E-03  0.000000E+00  1.245556E-02 -1.337381E-03 -1.228176E-15  4.471964E-01  0.000000E+00
  1.838450E-01 -2.465406E-02  5.000000E-01  3.903620E-02 -5.414899E-03  0.000000E+00  1.275302E-02 -1.385408E-03  2.836841E-16  4.167058E-01  0.000000E+00
  2.165049E-01 -2.822248E-02  5.000000E-01  4.597235E-02 -6.172744E-03  0.000000E+00  1.311525E-02 -1.430305E-03  3.114168E-16  3.872929E-01  0.000000E+00
  2.491496E-01 -3.178052E-02  5.000000E-01  5.290529E-02 -6.928386E-03  0.000000E+00  1.346040E-02 -1.461224E-03  1.143167E-16  3.597914E-01  0.000000E+00
  2.819003E-01 -3.532425E-02  5.000000E-01  5.986073E-02 -7.680987E-03  0.000000E+00  1.375353E-02 -1.482367E-03  1.466094E-17  3.355536E-01  0.000000E+00
  3.147601E-01 -3.885550E-02  5.000000E-01  6.683936E-02 -8.430936E-03  0.000000E+00  1.398991E-02 -1.498831E-03 -7.668546E-18  3.143185E-01  0.000000E+00
  3.477303E-01 -4.238140E-02  5.000000E-01  7.384142E-02 -9.179752E-03  0.000000E+00  1.417990E-02 -1.513768E-03 -5.987708E-18  2.949457E-01  0.000000E+00
  3.807756E-01 -4.590771E-02  5.000000E-01  8.085941E-02 -9.928653E-03  0.000000E+00  1.433581E-02 -1.526869E-03 -2.027903E-18  2.763408E-01  0.000000E+00
  4.138291E-01 -4.942656E-02  5.000000E-01  8.787917E-02 -1.067597E-02  0.000000E+00  1.446428E-02 -1.534496E-03  7.134073E-19  2.578516E-01  0.000000E+00
  4.468689E-01 -5.292432E-02  5.000000E-01  9.489601E-02 -1.141881E-02  0.000000E+00  1.456858E-02 -1.534762E-03  1.176791E-18  2.395671E-01  0.000000E+00
  4.799091E-01 -5.639224E-02  5.000000E-01  1.019129E-01 -1.215531E-02  0.000000E+00  1.465228E-02 -1.528926E-03  6.666560E-19  2.219411E-01  0.000000E+00
  5.129612E-01 -5.982510E-02  5.000000E-01  1.089324E-01 -1.288437E-02  0.000000E+00  1.471978E-02 -1.519159E-03  7.537136E-19  2.052208E-01  0.000000E+00
  5.460360E-01 -6.322124E-02  5.000000E-01  1.159567E-01 -1.360562E-02  0.000000E+00  1.477612E-02 -1.507394E-03 -9.257924E-19  1.893470E-01  0.000000E+00
  5.791347E-01 -6.658036E-02  5.000000E-01  1.229860E-01 -1.431902E-02  0.000000E+00  1.482641E-02 -1.494822E-03 -2.013091E-18  1.740888E-01  0.000000E+00
  6.122565E-01 -6.990233E-02  5.000000E-01  1.300203E-01 -1.502452E-02  0.000000E+00  1.487558E-02 -1.482053E-03 -7.049360E-19  1.592059E-01  0.000000E+00
  6.454013E-01 -7.318712E-02  5.000000E-01  1.370594E-01 -1.572213E-02  0.000000E+00  1.492853E-02 -1.469694E-03 -3.271061E-19  1.445368E-01  0.000000E+00
  6.785693E-01 -7.643529E-02  5.000000E-01  1.441035E-01 -1.641196E-02  0.000000E+00  1.498962E-02 -1.458268E-03 -5.872365E-19  1.299587E-01  0.000000E+00
  7.117575E-01 -7.964720E-02  5.000000E-01  1.511518E-01 -1.709409E-02  0.000000E+00  1.506148E-02 -1.447511E-03  5.772793E-19  1.153089E-01  0.000000E+00
  7.449560E-01 -8.282029E-02  5.000000E-01  1.582024E-01 -1.776798E-02  0.000000E+00  1.514422E-02 -1.436205E-03  7.808614E-19  1.004101E-01  0.000000E+00
  7.781569E-01 -8.594907E-02  5.000000E-01  1.652534E-01 -1.843245E-02  0.000000E+00  1.523607E-02 -1.422904E-03 -4.050138E-19  8.517993E-02  0.000000E+00
  8.113578E-01 -8.902645E-02  5.000000E-01  1.723045E-01 -1.908601E-02  0.000000E+00  1.533431E-02 -1.406495E-03 -1.171937E-18  6.966610E-02  0.000000E+00
  8.445597E-01 -9.204450E-02  5.000000E-01  1.793558E-01 -1.972697E-02  0.000000E+00  1.543551E-02 -1.386165E-03 -5.158615E-21  5.399172E-02  0.000000E+00
  8.777625E-01 -9.499474E-02  5.000000E-01  1.864072E-01 -2.035353E-02  0.000000E+00  1.553490E-02 -1.360915E-03  1.141289E-18  3.827857E-02  0.000000E+00
  9.109638E-01 -9.786678E-02  5.000000E-01  1.934584E-01 -2.096348E-02  0.000000E+00  1.562623E-02 -1.329623E-03  8.811939E-19  2.266678E-02  0.000000E+00
  9.441676E-01 -1.006501E-01  5.000000E-01  2.005100E-01 -2.155459E-02  0.000000E+00  1.570264E-02 -1.291503E-03 -1.440909E-19  7.379510E-03  0.000000E+00
  9.773746E-01 -1.033339E-01  5.000000E-01  2.075624E-01 -2.212457E-02  0.000000E+00  1.575759E-02 -1.245902E-03 -8.454098E-19 -7.320302E-03  0.000000E+00
  1.010583E+00 -1.059063E-01  5.000000E-01  2.146150E-01 -2.267088E-02  0.000000E+00  1.578732E-02 -1.193593E-03 -5.615173E-19 -2.108101E-02  0.000000E+00
  1.043798E+00 -1.083604E-01  5.000000E-01  2.216690E-01 -2.319207E-02  0.000000E+00  1.579246E-02 -1.137323E-03 -1.111810E-19 -3.350882E-02  0.000000E+00
  1.077015E+00 -1.106950E-01  5.000000E-01  2.287237E-01 -2.368788E-02  0.000000E+00  1.577547E-02 -1.079386E-03  4.113006E-19 -4.445027E-02  0.000000E+00
  1.110238E+00 -1.129110E-01  5.000000E-01  2.357793E-01 -2.415850E-02  0.000000E+00  1.573826E-02 -1.020700E-03 -3.691390E-19 -5.400953E-02  0.000000E+00
  1.143462E+00 -1.150090E-01  5.000000E-01  2.428354E-01 -2.460407E-02  0.000000E+00  1.568275E-02 -9.621137E-04 -3.151841E-19 -6.229843E-02  0.000000E+00
  1.176693E+00 -1.169924E-01  5.000000E-01  2.498927E-01 -2.502529E-02  0.000000E+00  1.561087E-02 -9.045643E-04  7.158903E-19 -6.936364E-02  0.000000E+00
  1.209925E+00 -1.188646E-01  5.000000E-01  2.569505E-01 -2.542291E-02  0.000000E+00  1.552389E-02 -8.484836E-04  2.406595E-20 -7.525807E-02  0.000000E+00
  1.243158E+00 -1.206295E-01  5.000000E-01  2.640083E-01 -2.579772E-02  0.000000E+00  1.542331E-02 -7.945778E-04 -5.124317E-19 -7.999340E-02  0.000000E+00
  1.276395E+00 -1.222932E-01  5.000000E-01  2.710670E-01 -2.615106E-02  0.000000E+00  1.531117E-02 -7.437070E-04  6.815641E-20 -8.358836E-02  0.000000E+00
  1.309630E+00 -1.238624E-01  5.000000E-01  2.781253E-01 -2.648432E-02  0.000000E+00  1.518977E-02 -6.964109E-04  4.435099E-19 -8.614452E-02  0.000000E+00
  1.342868E+00 -1.253449E-01  5.000000E-01  2.851842E-01 -2.679917E-02  0.000000E+00  1.506280E-02 -6.536868E-04  2.141332E-19 -8.777008E-02  0.000000E+00
  1.376108E+00 -1.267515E-01  5.000000E-01  2.922436E-01 -2.709789E-02  0.000000E+00  1.493503E-02 -6.162681E-04 -1.289837E-19 -8.866027E-02  0.000000E+00
  1.409347E+00 -1.280923E-01  5.000000E-01  2.993027E-01 -2.738263E-02  0.000000E+00  1.481278E-02 -5.847018E-04 -2.996746E-19 -8.908654E-02  0.000000E+00
  1.442589E+00 -1.293798E-01  5.000000E-01  3.063625E-01 -2.765608E-02  0.000000E+00  1.470518E-02 -5.598328E-04  7.875706E-20 -8.934040E-02  0.000000E+00
  1.475831E+00 -1.306275E-01  5.000000E-01  3.134222E-01 -2.792106E-02  0.000000E+00  1.462364E-02 -5.422269E-04 -4.309217E-20 -8.980736E-02  0.000000E+00
  1.509072E+00 -1.318493E-01  5.000000E-01  3.204819E-01 -2.818053E-02  0.000000E+00  1.458071E-02 -5.323763E-04 -2.879493E-19 -9.095745E-02  0.000000E+00
  1.542314E+00 -1.330592E-01  5.000000E-01  3.275416E-01 -2.843749E-02  0.000000E+00  1.458747E-02 -5.308425E-04  3.582393E-19 -9.328341E-02  0.000000E+00
  1.575558E+00 -1.342730E-01  5.000000E-01  3.346018E-01 -2.869527E-02  0.000000E+00  1.464754E-02 -5.357652E-04  1.447388E-19 -9.740899E-02  0.000000E+00
  1.608800E+00 -1.354961E-01  5.000000E-01  3.416615E-01 -2.895503E-02  0.000000E+00  1.475296E-02 -5.412455E-04 -1.585309E-19 -1.040258E-01  0.000000E+00
  1.642044E+00 -1.367175E-01  5.000000E-01  3.487219E-01 -2.921441E-02  0.000000E+00  1.489042E-02 -5.423030E-04  6.812946E-20 -1.132309E-01  0.000000E+00
  1.675286E+00 -1.379222E-01  5.000000E-01  3.557816E-01 -2.947027E-02  0.000000E+00  1.504793E-02 -5.372681E-04 -3.813204E-19 -1.244343E-01  0.000000E+00
  1.708526E+00 -1.390956E-01  5.000000E-01  3.628410E-01 -2.971946E-02  0.000000E+00  1.521512E-02 -5.253592E-04 -4.314734E-19 -1.369408E-01  0.000000E+00
  1.741762E+00 -1.402222E-01  5.000000E-01  3.698996E-01 -2.995873E-02  0.000000E+00  1.538293E-02 -5.057626E-04 -1.711640E-19 -1.502442E-01  0.000000E+00
  1.774995E+00 -1.412858E-01  5.000000E-01  3.769573E-01 -3.018461E-02  0.000000E+00  1.554404E-02 -4.781373E-04 -8.801553E-20 -1.639698E-01  0.000000E+00
  1.808227E+00 -1.422717E-01  5.000000E-01  3.840150E-01 -3.039399E-02  0.000000E+00  1.569184E-02 -4.421968E-04 -1.362071E-19 -1.778177E-01  0.000000E+00
  1.841453E+00 -1.431638E-01  5.000000E-01  3.910714E-01 -3.058346E-02  0.000000E+00  1.581898E-02 -3.974519E-04 -1.478292E-19 -1.914875E-01  0.000000E+00
  1.874678E+00 -1.439465E-01  5.000000E-01  3.981276E-01 -3.074969E-02  0.000000E+00  1.591675E-02 -3.437863E-04  1.392595E-21 -2.045510E-01  0.000000E+00
  1.907900E+00 -1.446042E-01  5.000000E-01  4.051830E-01 -3.088936E-02  0.000000E+00  1.597355E-02 -2.811362E-04 -2.198829E-19 -2.164606E-01  0.000000E+00
  1.941118E+00 -1.451209E-01  5.000000E-01  4.122377E-01 -3.099910E-02  0.000000E+00  1.597365E-02 -2.096576E-04 -3.508713E-19 -2.265404E-01  0.000000E+00
  1.974334E+00 -1.454809E-01  5.000000E-01  4.192920E-01 -3.107554E-02  0.000000E+00  1.589714E-02 -1.301735E-04 -3.807176E-19 -2.339649E-01  0.000000E+00
  2.007549E+00 -1.456690E-01  5.000000E-01  4.263460E-01 -3.111551E-02  0.000000E+00  1.572150E-02 -4.391250E-05 -4.454069E-19 -2.378192E-01  0.000000E+00
  2.040760E+00 -1.456696E-01  5.000000E-01  4.333993E-01 -3.111563E-02  0.000000E+00  1.542737E-02  4.743849E-05 -3.545176E-19 -2.371582E-01  0.000000E+00
  2.073970E+00 -1.454669E-01  5.000000E-01  4.404522E-01 -3.107259E-02  0.000000E+00  1.500847E-02  1.408354E-04 -2.234555E-19 -2.311178E-01  0.000000E+00
  2.107177E+00 -1.450467E-01  5.000000E-01  4.475046E-01 -3.098334E-02  0.000000E+00  1.448352E-02  2.286734E-04 -3.062825E-19 -2.189356E-01  0.000000E+00
  2.140379E+00 -1.444166E-01  5.000000E-01  4.545558E-01 -3.084952E-02  0.000000E+00  1.389623E-02  3.001159E-04 -2.363863E-19 -2.004009E-01  0.000000E+00
  2.173577E+00 -1.436116E-01  5.000000E-01  4.616063E-01 -3.067856E-02  0.000000E+00  1.329345E-02  3.505467E-04  2.504804E-19 -1.768976E-01  0.000000E+00
  2.206768E+00 -1.426673E-01  5.000000E-01  4.686553E-01 -3.047802E-02  0.000000E+00  1.270943E-02  3.819041E-04  3.970754E-19 -1.509206E-01  0.000000E+00
  2.239954E+00 -1.416199E-01  5.000000E-01  4.757033E-01 -3.025556E-02  0.000000E+00  1.216564E-02  3.969968E-04  2.458530E-19 -1.246398E-01  0.000000E+00
  2.273134E+00 -1.405050E-01  5.000000E-01  4.827499E-01 -3.001880E-02  0.000000E+00  1.167283E-02  3.983343E-04 -2.224234E-19 -9.933079E-02  0.000000E+00
  2.306309E+00 -1.393590E-01  5.000000E-01  4.897953E-01 -2.977541E-02  0.000000E+00  1.123499E-02  3.879471E-04 -7.640870E-20 -7.548214E-02  0.000000E+00
  2.339476E+00 -1.382178E-01  5.000000E-01  4.968392E-01 -2.953305E-02  0.000000E+00  1.085337E-02  3.674715E-04  1.390197E-19 -5.322595E-02  0.000000E+00
  2.372638E+00 -1.371170E-01  5.000000E-01  5.038821E-01 -2.929926E-02  0.000000E+00  1.052995E-02  3.376866E-04 -6.744411E-19 -3.263673E-02  0.000000E+00
  2.405805E+00 -1.360947E-01  5.000000E-01  5.109259E-01 -2.908215E-02  0.000000E+00  1.026896E-02  2.987990E-04 -4.381910E-19 -1.391971E-02  0.000000E+00
  2.438976E+00 -1.351910E-01  5.000000E-01  5.179706E-01 -2.889024E-02  0.000000E+00  1.007738E-02  2.511336E-04  1.100329E-19  2.503370E-03  0.000000E+00
  2.472150E+00 -1.344456E-01  5.000000E-01  5.250160E-01 -2.873192E-02  0.000000E+00  9.966594E-03  1.947650E-04  9.324076E-20  1.611870E-02  0.000000E+00
  2.505329E+00 -1.338979E-01  5.000000E-01  5.320624E-01 -2.861560E-02  0.000000E+00  9.954450E-03  1.290109E-04  2.274904E-19  2.639798E-02  0.000000E+00
  2.538512E+00 -1.335878E-01  5.000000E-01  5.391097E-01 -2.854974E-02  0.000000E+00  1.006462E-02  5.216381E-05  1.960303E-19  3.268087E-02  0.000000E+00
  2.571700E+00 -1.335542E-01  5.000000E-01  5.461580E-01 -2.854262E-02  0.000000E+00  1.032280E-02 -3.933121E-05  1.642397E-19  3.414358E-02  0.000000E+00
  2.604894E+00 -1.338373E-01  5.000000E-01  5.532074E-01 -2.860274E-02  0.000000E+00  1.074804E-02 -1.490086E-04  3.493102E-20  2.978641E-02  0.000000E+00
  2.638090E+00 -1.344699E-01  5.000000E-01  5.602575E-01 -2.873709E-02  0.000000E+00  1.133614E-02 -2.697861E-04 -1.241623E-19  1.777028E-02  0.000000E+00
  2.671292E+00 -1.354151E-01  5.000000E-01  5.673087E-01 -2.893781E-02  0.000000E+00  1.205814E-02 -3.849518E-04  2.952257E-19 -3.521397E-03  0.000000E+00
  2.704497E+00 -1.365879E-01  5.000000E-01  5.743608E-01 -2.918689E-02  0.000000E+00  1.287965E-02 -4.828303E-04  5.112562E-19 -3.349600E-02  0.000000E+00
  2.737708E+00 -1.379033E-01  5.000000E-01  5.814140E-01 -2.946626E-02  0.000000E+00  1.376825E-02 -5.568243E-04 -8.158331E-20 -7.038519E-02  0.000000E+00
  2.770923E+00 -1.392757E-01  5.000000E-01  5.884680E-01 -2.975771E-02  0.000000E+00  1.469130E-02 -5.996289E-04 -2.500628E-19 -1.129205E-01  0.000000E+00
  2.804143E+00 -1.406197E-01  5.000000E-01  5.955231E-01 -3.004314E-02  0.000000E+00  1.562002E-02 -6.034075E-04 -5.309552E-19 -1.605352E-01  0.000000E+00
  2.837367E+00 -1.418503E-01  5.000000E-01  6.025790E-01 -3.030450E-02  0.000000E+00  1.654049E-02 -5.606159E-04 -1.289314E-18 -2.130852E-01  0.000000E+00
  2.870594E+00 -1.428823E-01  5.000000E-01  6.096357E-01 -3.052366E-02  0.000000E+00  1.747228E-02 -4.646568E-04 -1.164811E-18 -2.705773E-01  0.000000E+00
  2.903823E+00 -1.436303E-01  5.000000E-01  6.166926E-01 -3.068254E-02  0.000000E+00  1.848717E-02 -3.086693E-04 -5.415677E-19 -3.331387E-01  0.000000E+00
  2.937051E+00 -1.440077E-01  5.000000E-01  6.237496E-01 -3.076268E-02  0.000000E+00  1.970259E-02 -8.255588E-05  5.173718E-20 -4.010541E-01  0.000000E+00
  2.970283E+00 -1.439298E-01  5.000000E-01  6.308072E-01 -3.074614E-02  0.000000E+00  2.119491E-02  2.311611E-04  1.334510E-18 -4.749449E-01  0.000000E+00
  3.003515E+00 -1.433116E-01  5.000000E-01  6.378649E-01 -3.061485E-02  0.000000E+00  2.278195E-02  6.503682E-04  4.170334E-18 -5.556090E-01  0.000000E+00
  3.036751E+00 -1.420688E-01  5.000000E-01  6.449232E-01 -3.035090E-02  0.000000E+00  2.371419E-02  1.151023E-03  9.116011E-18 -6.419259E-01  0.000000E+00
  3.069988E+00 -1.401185E-01  5.000000E-01  6.519820E-01 -2.993671E-02  0.000000E+00  2.261638E-02  1.589083E-03  1.225277E-17 -7.238811E-01  0.000000E+00
  3.103226E+00 -1.373772E-01  5.000000E-01  6.590410E-01 -2.935452E-02  0.000000E+00  1.841357E-02  1.712036E-03  1.042053E-17 -7.712681E-01  0.000000E+00
  3.136469E+00 -1.337639E-01  5.000000E-01  6.661010E-01 -2.858715E-02  0.000000E+00  1.187206E-02  1.379609E-03  5.887638E-18 -7.379511E-01  0.000000E+00
  3.169712E+00 -1.292248E-01  5.000000E-01  6.731611E-01 -2.762316E-02  0.000000E+00  5.537896E-03  7.734552E-04  1.054556E-18 -5.995581E-01  0.000000E+00
  3.202960E+00 -1.238672E-01  5.000000E-01  6.802220E-01 -2.648534E-02  0.000000E+00  1.368968E-03  2.276241E-04 -2.059235E-18 -3.947008E-01  0.000000E+00
  3.236210E+00 -1.178599E-01  5.000000E-01  6.872835E-01 -2.520952E-02  0.000000E+00 -5.847286E-04 -9.473466E-05 -3.060984E-18 -2.070399E-01  0.000000E+00
  3.269464E+00 -1.113726E-01  5.000000E-01  6.943459E-01 -2.383179E-02  0.000000E+00 -1.199393E-03 -2.299144E-04 -1.643604E-18 -9.383135E-02  0.000000E+00
  3.302721E+00 -1.045728E-01  5.000000E-01  7.014089E-01 -2.238768E-02  0.000000E+00 -1.277605E-03 -2.669474E-04 -1.020460E-19 -4.662114E-02  0.000000E+00
  3.335981E+00 -9.762112E-02  5.000000E-01  7.084724E-01 -2.091131E-02  0.000000E+00 -1.245914E-03 -2.664691E-04 -2.239978E-20 -2.376723E-02  0.000000E+00
  3.369247E+00 -9.066982E-02  5.000000E-01  7.155373E-01 -1.943503E-02  0.000000E+00 -1.223726E-03 -2.549933E-04  2.643672E-18  1.073719E-03  0.000000E+00
  3.402518E+00 -8.386260E-02  5.000000E-01  7.226033E-01 -1.798934E-02  0.000000E+00 -1.199544E-03 -2.395043E-04  2.776310E-18  2.967008E-02  0.000000E+00
  3.435792E+00 -7.732866E-02  5.000000E-01  7.296699E-01 -1.660169E-02  0.000000E+00 -1.155583E-03 -2.194480E-04 -1.296921E-18  5.624612E-02  0.000000E+00
  3.469073E+00 -7.118417E-02  5.000000E-01  7.367379E-01 -1.529675E-02  0.000000E+00 -1.093983E-03 -1.942159E-04 -1.383202E-18  7.913540E-02  0.000000E+00
  3.502353E+00 -6.553147E-02  5.000000E-01  7.438057E-01 -1.409626E-02  0.000000E+00 -1.016873E-03 -1.645296E-04  1.226744E-18  1.000030E-01  0.000000E+00
  3.535630E+00 -6.045804E-02  5.000000E-01  7.508729E-01 -1.301879E-02  0.000000E+00 -9.161698E-04 -1.314036E-04  1.500314E-18  1.201747E-01  0.000000E+00
  3.568904E+00 -5.603575E-02  5.000000E-01  7.579395E-01 -1.207960E-02  0.000000E+00 -7.782711E-04 -9.603633E-05  1.328061E-18  1.397715E-01  0.000000E+00
  3.602176E+00 -5.232152E-02  5.000000E-01  7.650057E-01 -1.129079E-02  0.000000E+00 -5.895944E-04 -6.039772E-05  1.000959E-18  1.584045E-01  0.000000E+00
  3.635446E+00 -4.935876E-02  5.000000E-01  7.720714E-01 -1.066157E-02  0.000000E+00 -3.375357E-04 -2.781961E-05  3.338889E-19  1.755533E-01  0.000000E+00
  3.668713E+00 -4.717826E-02  5.000000E-01  7.791365E-01 -1.019849E-02  0.000000E+00 -8.763899E-06 -2.909648E-06  5.600332E-19  1.906484E-01  0.000000E+00
  3.701976E+00 -4.580040E-02  5.000000E-01  7.862009E-01 -9.905864E-03  0.000000E+00  4.122371E-04  9.322696E-06  4.667643E-19  2.029410E-01  0.000000E+00
  3.735241E+00 -4.521284E-02  5.000000E-01  7.932655E-01 -9.781080E-03  0.000000E+00  9.406368E-04  5.186490E-06  2.335446E-19  2.108136E-01  0.000000E+00
  3.768500E+00 -4.525739E-02  5.000000E-01  8.003289E-01 -9.790542E-03  0.000000E+00  1.585129E-03 -1.425764E-05 -3.030024E-20  2.124207E-01  0.000000E+00
  3.801751E+00 -4.572720E-02  5.000000E-01  8.073904E-01 -9.890318E-03  0.000000E+00  2.343070E-03 -4.287588E-05 -9.735160E-20  2.071744E-01  0.000000E+00
  3.834989E+00 -4.643654E-02  5.000000E-01  8.144495E-01 -1.004096E-02  0.000000E+00  3.196652E-03 -7.263767E-05 -8.791565E-20  1.955398E-01  0.000000E+00
  3.868211E+00 -4.722910E-02  5.000000E-01  8.215050E-01 -1.020928E-02  0.000000E+00  4.110610E-03 -9.457796E-05  6.921554E-20  1.785011E-01  0.000000E+00
  3.901422E+00 -4.797284E-02  5.000000E-01  8.285582E-01 -1.036724E-02  0.000000E+00  5.036053E-03 -9.996044E-05  1.089244E-19  1.575660E-01  0.000000E+00
  3.934617E+00 -4.856270E-02  5.000000E-01  8.356079E-01 -1.049251E-02  0.000000E+00  5.919346E-03 -8.258834E-05 -1.203162E-21  1.345353E-01  0.000000E+00
  3.967800E+00 -4.891752E-02  5.000000E-01  8.426552E-01 -1.056786E-02  0.000000E+00  6.711180E-03 -4.006430E-05 -1.624962E-22  1.112200E-01  0.000000E+00
  4.000972E+00 -4.897652E-02  5.000000E-01  8.497001E-01 -1.058039E-02  0.000000E+00  7.373072E-03  2.630791E-05 -1.037031E-19  8.939237E-02  0.000000E+00
  4.034139E+00 -4.869592E-02  5.000000E-01  8.567440E-01 -1.052080E-02  0.000000E+00  7.878567E-03  1.128075E-04 -3.554107E-19  7.057211E-02  0.000000E+00
  4.067311E+00 -4.803871E-02  5.000000E-01  8.637890E-01 -1.038123E-02  0.000000E+00  8.211194E-03  2.136544E-04  1.822843E-19  5.594295E-02  0.000000E+00
  4.100488E+00 -4.697738E-02  5.000000E-01  8.708348E-01 -1.015582E-02  0.000000E+00  8.363022E-03  3.210383E-04  3.689800E-19  4.650451E-02  0.000000E+00
  4.133669E+00 -4.549468E-02  5.000000E-01  8.778818E-01 -9.840935E-03  0.000000E+00  8.333378E-03  4.264825E-04 -8.690147E-19  4.296307E-02  0.000000E+00
  4.166856E+00 -4.357933E-02  5.000000E-01  8.849299E-01 -9.434163E-03  0.000000E+00  8.129285E-03  5.218230E-04 -6.043542E-19  4.567227E-02  0.000000E+00
  4.200049E+00 -4.122778E-02  5.000000E-01  8.919793E-01 -8.934751E-03  0.000000E+00  7.767237E-03  6.000390E-04  1.173874E-19  5.457410E-02  0.000000E+00
  4.233242E+00 -3.844056E-02  5.000000E-01  8.990286E-01 -8.342814E-03  0.000000E+00  7.276228E-03  6.546372E-04  5.376938E-19  6.930356E-02  0.000000E+00
  4.266405E+00 -3.524362E-02  5.000000E-01  9.060715E-01 -7.663862E-03  0.000000E+00  6.698809E-03  6.794554E-04  1.163343E-19  8.925771E-02  0.000000E+00
  4.299502E+00 -3.170446E-02  5.000000E-01  9.131007E-01 -6.912232E-03  0.000000E+00  6.085347E-03  6.723264E-04 -2.167479E-18  1.133031E-01  0.000000E+00
  4.332522E+00 -2.792809E-02  5.000000E-01  9.201132E-01 -6.110223E-03  0.000000E+00  5.483231E-03  6.382874E-04 -2.903822E-19  1.394942E-01  0.000000E+00
  4.365472E+00 -2.402157E-02  5.000000E-01  9.271110E-01 -5.280576E-03  0.000000E+00  4.930423E-03  5.865235E-04  2.171216E-18  1.657192E-01  0.000000E+00
  4.398350E+00 -2.009965E-02  5.000000E-01  9.340935E-01 -4.447655E-03  0.000000E+00  4.455316E-03  5.254077E-04  5.778166E-19  1.905467E-01  0.000000E+00
  4.431155E+00 -1.628206E-02  5.000000E-01  9.410605E-01 -3.636894E-03  0.000000E+00  4.077541E-03  4.609746E-04 -1.222947E-19  2.132496E-01  0.000000E+00
  4.463888E+00 -1.270131E-02  5.000000E-01  9.480121E-01 -2.876430E-03  0.000000E+00  3.805726E-03  3.972459E-04  8.036031E-19  2.332463E-01  0.000000E+00
  4.496579E+00 -9.465517E-03  5.000000E-01  9.549550E-01 -2.189227E-03  0.000000E+00  3.632949E-03  3.362478E-04  2.182055E-19  2.501508E-01  0.000000E+00
  4.529252E+00 -6.656057E-03  5.000000E-01  9.618938E-01 -1.592567E-03  0.000000E+00  3.531336E-03  2.785234E-04 -4.876025E-19  2.640297E-01  0.000000E+00
  4.561929E+00 -4.318309E-03  5.000000E-01  9.688337E-01 -1.096087E-03  0.000000E+00  3.443336E-03  2.215543E-04  2.299676E-19  2.739885E-01  0.000000E+00
  4.594574E+00 -2.496760E-03  5.000000E-01  9.757666E-01 -7.092345E-04  0.000000E+00  3.292976E-03  1.555940E-04 -8.574112E-20  2.793730E-01  0.000000E+00
  4.627203E+00 -1.227182E-03  5.000000E-01  9.826962E-01 -4.396073E-04  0.000000E+00  3.053043E-03  8.183085E-05 -5.652214E-19  2.882157E-01  0.000000E+00
  4.659162E+00 -5.492654E-04  5.000000E-01  9.894836E-01 -2.956345E-04  0.000000E+00  2.762255E-03  4.034345E-05  6.966478E-19  3.026405E-01  0.000000E+00
  4.689251E+00 -4.416875E-04  5.000000E-01  9.958737E-01 -2.727876E-04  0.000000E+00  2.334911E-03  2.373599E-05  4.772125E-18  2.651898E-01  0.000000E+00
  4.708680E+00 -6.498432E-04  5.000000E-01  9.999999E-01 -3.169948E-04  0.000000E+00  1.697938E-03 -5.697387E-05  4.627522E-18  1.414164E-01  0.000000E+00
    1    2
    2    3
    3    4
    4    5
    5    6
    6    7
    7    8
    8    9
    9   10
   10   11
   11   12
   12   13
   13   14
   14   15
   15   16
   16   17
   17   18
   18   19
   19   20
   20   21
   21   22
   22   23
   23   24
   24   25
   25   26
   26   27
   27   28
   28   29
   29   30
   30   31
   31   32
   32   33
   33   34
   34   35
   35   36
   36   37
   37   38
   38   39
   39   40
   40   41
   41   42
   42   43
   43   44
   44   45
   45   46
   46   47
   47   48
   48   49
   49   50
   50   51
   51   52
   52   53
   53   54
   54   55
   55   56
   56   57
   57   58
   58   59
   59   60
   60   61
   61   62
   62   63
   63   64
   64   65
   65   66
   66   67
   67   68
   68   69
   69   70
   70   71
   71   72
   72   73
   73   74
   74   75
   75   76
   76   77
   77   78
   78   79
   79   80
   80   81
   81   82
   82   83
   83   84
   84   85
   85   86
   86   87
   87   88
   88   89
   89   90
   90   91
   91   92
   92   93
   93   94
   94   95
   95   96
   96   97
   97   98
   98   99
   99  100
  100  101
  101  102
  102  103
  103  104
  104  105
  105  106
  106  107
  107  108
  108  109
  109  110
  110  111
  111  112
  112  113
  113  114
  114  115
  115  116
  116  117
  117  118
  118  119
  119  120
  120  121
  121  122
  122  123
  123  124
  124  125
  125  126
  126  127
  127  128
  128  129
  129  130
  130  131
  131  132
  132  133
  133  134
  134  135
  135  136
  136  137
  137  138
  138  139
  139  140
  140  141
  141  142
  142  143
  143  144
  144  145
  145  146
  146  147
  147  148
  148  149
  149  150
  151  152
  152  153
  153  154
  154  155
  155  156
  156  157
  157  158
  158  159
  159  160
  160  161
  161  162
  162  163
  163  164
  164  165
  165  166
  166  167
  167  168
  168  169
  169  170
  170  171
  171  172
  172  173
  173  174
  174  175
  175  176
  176  177
  177  178
  178  179
  179  180
  180  181
  181  182
  182  183
  183  184
  184  185
  185  186
  186  187
  187  188
  188  189
  189  190
  190  191
  191  192
  192  193
  193  194
  194  195
  195  196
  196  197
  197  198
  198  199
  199  200
  200  201
  201  202
  202  203
  203  204
  204  205
  205  206
  206  207
  207  208
  208  209
  209  210
  210  211
  211  212
  212  213
  213  214
  214  215
  215  216
  216  217
  217  218
  218  219
  219  220
  220  221
  221  222
  222  223
  223  224
  224  225
  225  226
  226  227
  227  228
  228  229
  229  230
  230  231
  231  232
  232  233
  233  234
  234  235
  235  236
  236  237
  237  238
  238  239
  239  240
  240  241
  241  242
  242  243
  243  244
  244  245
  245  246
  246  247
  247  248
  248  249
  249  250
  250  251
  251  252
  252  253
  253  254
  254  255
  255  256
  256  257
  257  258
  258  259
  259  260
  260  261
  261  262
  262  263
  263  264
  264  265
  265  266
  266  267
  267  268
  268  269
  269  270
  270  271
  271  272
  272  273
  273  274
  274  275
  275  276
  276  277
  277  278
  278  279
  279  280
  280  281
  281  282
  282  283
  283  284
  284  285
  285  286
  286  287
  287  288
  288  289
  289  290
  290  291
  291  292
  292  293
  293  294
  294  295
  295  296
  296  297
  297  298
  298  299
  299  300
