 Title = "ADflow Slice Data"
Variables =  "CoordinateX"  "CoordinateY"  "CoordinateZ"  "XoC"  "YoC"  "ZoC" "VelocityX" "VelocityY" "VelocityZ" "CoefPressure" "Mach" 
Zone T= "Slice_0001 None Absolute Regular z = 0.50000000"
 Nodes =          300  Elements=          298  ZONETYPE=FELINESEG
 DATAPACKING=POINT
  4.708680E+00  6.105585E-06  5.000000E-01  1.000000E+00 -2.203507E-04  0.000000E+00  2.492425E-03 -4.792755E-04  8.407003E-18  1.183392E-01  0.000000E+00
  4.689187E+00  5.752938E-03  5.000000E-01  9.958601E-01  1.000135E-03  0.000000E+00  2.574053E-03 -6.711842E-04  2.279330E-18  2.064711E-02  0.000000E+00
  4.658673E+00  1.354552E-02  5.000000E-01  9.893797E-01  2.655087E-03  0.000000E+00  3.325013E-03 -7.938576E-04 -1.451613E-18 -3.266878E-03  0.000000E+00
  4.626256E+00  2.051700E-02  5.000000E-01  9.824952E-01  4.135660E-03  0.000000E+00  4.506035E-03 -8.808100E-04 -5.486518E-19 -5.664531E-02  0.000000E+00
  4.593146E+00  2.653435E-02  5.000000E-01  9.754635E-01  5.413598E-03  0.000000E+00  6.034233E-03 -9.990416E-04  1.824151E-18 -1.138908E-01  0.000000E+00
  4.560031E+00  3.166326E-02  5.000000E-01  9.684306E-01  6.502851E-03  0.000000E+00  7.689907E-03 -1.099808E-03  1.530811E-18 -1.567720E-01  0.000000E+00
  4.526891E+00  3.608089E-02  5.000000E-01  9.613924E-01  7.441046E-03  0.000000E+00  9.167798E-03 -1.137386E-03  1.038256E-18 -1.887964E-01  0.000000E+00
  4.493752E+00  3.992003E-02  5.000000E-01  9.543545E-01  8.256387E-03  0.000000E+00  1.029073E-02 -1.116122E-03 -1.145771E-19 -2.122878E-01  0.000000E+00
  4.460612E+00  4.328957E-02  5.000000E-01  9.473165E-01  8.971994E-03  0.000000E+00  1.102984E-02 -1.056823E-03 -1.567899E-18 -2.270160E-01  0.000000E+00
  4.427470E+00  4.627839E-02  5.000000E-01  9.402779E-01  9.606745E-03  0.000000E+00  1.144155E-02 -9.784794E-04 -1.522932E-18 -2.340431E-01  0.000000E+00
  4.394325E+00  4.895838E-02  5.000000E-01  9.332387E-01  1.017591E-02  0.000000E+00  1.161291E-02 -8.961179E-04 -1.007556E-18 -2.352300E-01  0.000000E+00
  4.361178E+00  5.139073E-02  5.000000E-01  9.261991E-01  1.069248E-02  0.000000E+00  1.162342E-02 -8.192375E-04  8.248285E-20 -2.322868E-01  0.000000E+00
  4.328027E+00  5.362692E-02  5.000000E-01  9.191586E-01  1.116739E-02  0.000000E+00  1.152889E-02 -7.520054E-04  5.677411E-19 -2.266402E-01  0.000000E+00
  4.294876E+00  5.571067E-02  5.000000E-01  9.121181E-01  1.160993E-02  0.000000E+00  1.136380E-02 -6.955985E-04 -1.416150E-19 -2.194995E-01  0.000000E+00
  4.261727E+00  5.768035E-02  5.000000E-01  9.050782E-01  1.202824E-02  0.000000E+00  1.115041E-02 -6.497904E-04 -6.068616E-19 -2.117790E-01  0.000000E+00
  4.228582E+00  5.956955E-02  5.000000E-01  8.980389E-01  1.242946E-02  0.000000E+00  1.090536E-02 -6.137014E-04  1.746156E-19 -2.040757E-01  0.000000E+00
  4.195443E+00  6.140683E-02  5.000000E-01  8.910010E-01  1.281965E-02  0.000000E+00  1.064215E-02 -5.861914E-04  7.540993E-19 -1.968428E-01  0.000000E+00
  4.162308E+00  6.321690E-02  5.000000E-01  8.839640E-01  1.320407E-02  0.000000E+00  1.037181E-02 -5.662410E-04 -2.177706E-20 -1.906239E-01  0.000000E+00
  4.129179E+00  6.502145E-02  5.000000E-01  8.769281E-01  1.358731E-02  0.000000E+00  1.010296E-02 -5.528167E-04 -1.237987E-19 -1.861755E-01  0.000000E+00
  4.096054E+00  6.683827E-02  5.000000E-01  8.698932E-01  1.397316E-02  0.000000E+00  9.840578E-03 -5.446105E-04  8.256789E-20 -1.843290E-01  0.000000E+00
  4.062934E+00  6.868234E-02  5.000000E-01  8.628593E-01  1.436479E-02  0.000000E+00  9.584773E-03 -5.399708E-04  5.414199E-19 -1.853262E-01  0.000000E+00
  4.029817E+00  7.056490E-02  5.000000E-01  8.558262E-01  1.476460E-02  0.000000E+00  9.330794E-03 -5.369838E-04  5.964112E-19 -1.879531E-01  0.000000E+00
  3.996705E+00  7.249363E-02  5.000000E-01  8.487940E-01  1.517422E-02  0.000000E+00  9.071730E-03 -5.342174E-04 -2.968741E-19 -1.897004E-01  0.000000E+00
  3.963594E+00  7.447288E-02  5.000000E-01  8.417620E-01  1.559456E-02  0.000000E+00  8.807748E-03 -5.316042E-04 -9.652233E-19 -1.891137E-01  0.000000E+00
  3.930486E+00  7.650295E-02  5.000000E-01  8.347307E-01  1.602570E-02  0.000000E+00  8.564017E-03 -5.308175E-04 -2.543975E-18 -1.897904E-01  0.000000E+00
  3.897377E+00  7.857925E-02  5.000000E-01  8.276991E-01  1.646665E-02  0.000000E+00  8.414383E-03 -5.351975E-04 -3.155213E-18 -2.023699E-01  0.000000E+00
  3.864269E+00  8.069283E-02  5.000000E-01  8.206678E-01  1.691553E-02  0.000000E+00  8.502104E-03 -5.504246E-04 -3.144998E-18 -2.398002E-01  0.000000E+00
  3.831161E+00  8.282743E-02  5.000000E-01  8.136366E-01  1.736886E-02  0.000000E+00  9.028231E-03 -5.854833E-04 -2.960273E-18 -3.067407E-01  0.000000E+00
  3.798054E+00  8.496113E-02  5.000000E-01  8.066053E-01  1.782201E-02  0.000000E+00  1.016885E-02 -6.498754E-04 -7.138383E-19 -3.921847E-01  0.000000E+00
  3.764948E+00  8.706358E-02  5.000000E-01  7.995744E-01  1.826852E-02  0.000000E+00  1.190771E-02 -7.392688E-04  8.412874E-19 -4.740328E-01  0.000000E+00
  3.731842E+00  8.909673E-02  5.000000E-01  7.925435E-01  1.870031E-02  0.000000E+00  1.393127E-02 -8.263057E-04  1.270721E-18 -5.325625E-01  0.000000E+00
  3.698737E+00  9.101543E-02  5.000000E-01  7.855130E-01  1.910779E-02  0.000000E+00  1.573771E-02 -8.734844E-04  1.221260E-18 -5.606717E-01  0.000000E+00
  3.665634E+00  9.278138E-02  5.000000E-01  7.784827E-01  1.948284E-02  0.000000E+00  1.692305E-02 -8.610290E-04  1.203472E-18 -5.635846E-01  0.000000E+00
  3.632534E+00  9.438032E-02  5.000000E-01  7.714530E-01  1.982241E-02  0.000000E+00  1.740388E-02 -7.967519E-04  4.571798E-19 -5.510209E-01  0.000000E+00
  3.599434E+00  9.580317E-02  5.000000E-01  7.644234E-01  2.012459E-02  0.000000E+00  1.736791E-02 -7.016396E-04 -6.316749E-19 -5.306939E-01  0.000000E+00
  3.566334E+00  9.704530E-02  5.000000E-01  7.573939E-01  2.038839E-02  0.000000E+00  1.707438E-02 -5.958433E-04 -6.727483E-19 -5.068590E-01  0.000000E+00
  3.533236E+00  9.810510E-02  5.000000E-01  7.503646E-01  2.061346E-02  0.000000E+00  1.670751E-02 -4.911436E-04 -1.012208E-18 -4.813330E-01  0.000000E+00
  3.500138E+00  9.898402E-02  5.000000E-01  7.433353E-01  2.080013E-02  0.000000E+00  1.634407E-02 -3.927183E-04 -1.769175E-18 -4.548677E-01  0.000000E+00
  3.467038E+00  9.968900E-02  5.000000E-01  7.363057E-01  2.094985E-02  0.000000E+00  1.599048E-02 -3.026217E-04 -1.997494E-18 -4.278681E-01  0.000000E+00
  3.433936E+00  1.002305E-01  5.000000E-01  7.292757E-01  2.106485E-02  0.000000E+00  1.562841E-02 -2.218367E-04 -1.923006E-18 -4.006432E-01  0.000000E+00
  3.400832E+00  1.006224E-01  5.000000E-01  7.222453E-01  2.114808E-02  0.000000E+00  1.524092E-02 -1.515642E-04 -1.682817E-18 -3.735273E-01  0.000000E+00
  3.367728E+00  1.008827E-01  5.000000E-01  7.152146E-01  2.120336E-02  0.000000E+00  1.482136E-02 -9.303577E-05 -1.464149E-18 -3.468578E-01  0.000000E+00
  3.334620E+00  1.010321E-01  5.000000E-01  7.081835E-01  2.123510E-02  0.000000E+00  1.437227E-02 -4.727108E-05 -1.122043E-18 -3.209669E-01  0.000000E+00
  3.301512E+00  1.010950E-01  5.000000E-01  7.011520E-01  2.124844E-02  0.000000E+00  1.390152E-02 -1.492998E-05 -6.998289E-19 -2.962396E-01  0.000000E+00
  3.268401E+00  1.010983E-01  5.000000E-01  6.941201E-01  2.124914E-02  0.000000E+00  1.342042E-02  3.917564E-06 -3.462019E-19 -2.731209E-01  0.000000E+00
  3.235290E+00  1.010714E-01  5.000000E-01  6.870881E-01  2.124344E-02  0.000000E+00  1.294297E-02  9.659059E-06 -1.536823E-19 -2.521539E-01  0.000000E+00
  3.202177E+00  1.010452E-01  5.000000E-01  6.800557E-01  2.123788E-02  0.000000E+00  1.248477E-02  2.857369E-06 -1.167378E-19 -2.340823E-01  0.000000E+00
  3.169063E+00  1.010526E-01  5.000000E-01  6.730231E-01  2.123944E-02  0.000000E+00  1.206225E-02 -1.550500E-05 -1.301590E-19 -2.197630E-01  0.000000E+00
  3.135947E+00  1.011265E-01  5.000000E-01  6.659902E-01  2.125513E-02  0.000000E+00  1.169275E-02 -4.233279E-05 -1.049199E-19 -2.096707E-01  0.000000E+00
  3.102831E+00  1.012897E-01  5.000000E-01  6.589571E-01  2.128980E-02  0.000000E+00  1.139191E-02 -7.111679E-05 -7.292123E-20 -2.033689E-01  0.000000E+00
  3.069714E+00  1.015380E-01  5.000000E-01  6.519238E-01  2.134253E-02  0.000000E+00  1.116496E-02 -9.703211E-05 -1.871486E-19 -2.001117E-01  0.000000E+00
  3.036593E+00  1.018628E-01  5.000000E-01  6.448899E-01  2.141150E-02  0.000000E+00  1.100499E-02 -1.195658E-04 -1.560021E-19 -1.994215E-01  0.000000E+00
  3.003475E+00  1.022549E-01  5.000000E-01  6.378564E-01  2.149477E-02  0.000000E+00  1.090061E-02 -1.388730E-04  1.946031E-20 -2.008435E-01  0.000000E+00
  2.970356E+00  1.027036E-01  5.000000E-01  6.308226E-01  2.159008E-02  0.000000E+00  1.083996E-02 -1.551742E-04  5.857250E-20 -2.039843E-01  0.000000E+00
  2.937236E+00  1.032000E-01  5.000000E-01  6.237888E-01  2.169549E-02  0.000000E+00  1.081324E-02 -1.685919E-04  1.002612E-19 -2.084889E-01  0.000000E+00
  2.904117E+00  1.037334E-01  5.000000E-01  6.167550E-01  2.180878E-02  0.000000E+00  1.081361E-02 -1.790275E-04  4.979586E-20 -2.140144E-01  0.000000E+00
  2.870996E+00  1.042938E-01  5.000000E-01  6.097211E-01  2.192779E-02  0.000000E+00  1.083662E-02 -1.865023E-04 -1.414897E-19 -2.203562E-01  0.000000E+00
  2.837877E+00  1.048706E-01  5.000000E-01  6.026873E-01  2.205029E-02  0.000000E+00  1.087971E-02 -1.909547E-04 -2.774960E-19 -2.275457E-01  0.000000E+00
  2.804757E+00  1.054530E-01  5.000000E-01  5.956535E-01  2.217397E-02  0.000000E+00  1.094104E-02 -1.922893E-04 -2.374802E-19 -2.358648E-01  0.000000E+00
  2.771639E+00  1.060303E-01  5.000000E-01  5.886200E-01  2.229659E-02  0.000000E+00  1.101743E-02 -1.901086E-04 -1.647208E-19 -2.455116E-01  0.000000E+00
  2.738522E+00  1.065906E-01  5.000000E-01  5.815868E-01  2.241558E-02  0.000000E+00  1.110033E-02 -1.839400E-04  2.171973E-19 -2.560251E-01  0.000000E+00
  2.705406E+00  1.071231E-01  5.000000E-01  5.745537E-01  2.252867E-02  0.000000E+00  1.117164E-02 -1.733181E-04  6.654390E-19 -2.657865E-01  0.000000E+00
  2.672292E+00  1.076160E-01  5.000000E-01  5.675211E-01  2.263335E-02  0.000000E+00  1.120300E-02 -1.578373E-04  8.239228E-19 -2.722998E-01  0.000000E+00
  2.639177E+00  1.080580E-01  5.000000E-01  5.604885E-01  2.272721E-02  0.000000E+00  1.116366E-02 -1.378047E-04  8.128916E-19 -2.737293E-01  0.000000E+00
  2.606068E+00  1.084375E-01  5.000000E-01  5.534568E-01  2.280781E-02  0.000000E+00  1.103927E-02 -1.149699E-04  7.015505E-19 -2.712250E-01  0.000000E+00
  2.572958E+00  1.087481E-01  5.000000E-01  5.464251E-01  2.287378E-02  0.000000E+00  1.085560E-02 -9.251747E-05  5.734532E-19 -2.703357E-01  0.000000E+00
  2.539852E+00  1.089940E-01  5.000000E-01  5.393941E-01  2.292600E-02  0.000000E+00  1.069463E-02 -7.200252E-05  3.630802E-19 -2.791530E-01  0.000000E+00
  2.506749E+00  1.091781E-01  5.000000E-01  5.323639E-01  2.296510E-02  0.000000E+00  1.068446E-02 -5.269426E-05  1.454183E-19 -3.036587E-01  0.000000E+00
  2.473650E+00  1.093041E-01  5.000000E-01  5.253345E-01  2.299186E-02  0.000000E+00  1.095596E-02 -3.387249E-05 -9.135221E-20 -3.432041E-01  0.000000E+00
  2.440554E+00  1.093757E-01  5.000000E-01  5.183057E-01  2.300705E-02  0.000000E+00  1.157305E-02 -1.562823E-05 -2.719981E-19 -3.898059E-01  0.000000E+00
  2.407460E+00  1.093976E-01  5.000000E-01  5.112774E-01  2.301171E-02  0.000000E+00  1.246821E-02  2.087319E-06 -3.042441E-19 -4.326143E-01  0.000000E+00
  2.374373E+00  1.093731E-01  5.000000E-01  5.042504E-01  2.300650E-02  0.000000E+00  1.344660E-02  1.961166E-05 -2.095761E-19 -4.639840E-01  0.000000E+00
  2.341286E+00  1.093060E-01  5.000000E-01  4.972236E-01  2.299227E-02  0.000000E+00  1.427916E-02  3.633166E-05 -5.813265E-20 -4.824201E-01  0.000000E+00
  2.308194E+00  1.092034E-01  5.000000E-01  4.901958E-01  2.297047E-02  0.000000E+00  1.482207E-02  5.080312E-05  5.969366E-20 -4.910870E-01  0.000000E+00
  2.275097E+00  1.090737E-01  5.000000E-01  4.831667E-01  2.294294E-02  0.000000E+00  1.507072E-02  6.157765E-05  3.218355E-20 -4.944986E-01  0.000000E+00
  2.241991E+00  1.089263E-01  5.000000E-01  4.761359E-01  2.291162E-02  0.000000E+00  1.512108E-02  6.788679E-05 -6.931985E-20 -4.962322E-01  0.000000E+00
  2.208879E+00  1.087704E-01  5.000000E-01  4.691038E-01  2.287851E-02  0.000000E+00  1.509347E-02  6.973532E-05 -1.294465E-19 -4.983451E-01  0.000000E+00
  2.175760E+00  1.086150E-01  5.000000E-01  4.620701E-01  2.284551E-02  0.000000E+00  1.507714E-02  6.745602E-05 -2.126396E-19 -5.017639E-01  0.000000E+00
  2.142637E+00  1.084690E-01  5.000000E-01  4.550355E-01  2.281451E-02  0.000000E+00  1.511510E-02  6.131164E-05 -3.366972E-19 -5.067782E-01  0.000000E+00
  2.109507E+00  1.083411E-01  5.000000E-01  4.479994E-01  2.278733E-02  0.000000E+00  1.521543E-02  5.158601E-05 -3.436894E-19 -5.132765E-01  0.000000E+00
  2.076374E+00  1.082393E-01  5.000000E-01  4.409628E-01  2.276573E-02  0.000000E+00  1.536968E-02  4.034841E-05 -2.373027E-19 -5.206651E-01  0.000000E+00
  2.043241E+00  1.081627E-01  5.000000E-01  4.339262E-01  2.274945E-02  0.000000E+00  1.556277E-02  3.099232E-05 -1.167567E-19 -5.280375E-01  0.000000E+00
  2.010106E+00  1.081031E-01  5.000000E-01  4.268892E-01  2.273679E-02  0.000000E+00  1.577543E-02  2.525206E-05  1.011074E-19 -5.346563E-01  0.000000E+00
  1.976970E+00  1.080522E-01  5.000000E-01  4.198519E-01  2.272598E-02  0.000000E+00  1.598936E-02  2.351258E-05  3.796537E-19 -5.400664E-01  0.000000E+00
  1.943835E+00  1.080012E-01  5.000000E-01  4.128148E-01  2.271515E-02  0.000000E+00  1.619157E-02  2.603664E-05  6.809257E-19 -5.440282E-01  0.000000E+00
  1.910699E+00  1.079410E-01  5.000000E-01  4.057776E-01  2.270237E-02  0.000000E+00  1.637494E-02  3.275818E-05  1.061477E-18 -5.464998E-01  0.000000E+00
  1.877561E+00  1.078639E-01  5.000000E-01  3.987399E-01  2.268600E-02  0.000000E+00  1.653782E-02  4.367302E-05  1.470582E-18 -5.475261E-01  0.000000E+00
  1.844424E+00  1.077613E-01  5.000000E-01  3.917024E-01  2.266421E-02  0.000000E+00  1.668178E-02  5.876155E-05  1.830275E-18 -5.471913E-01  0.000000E+00
  1.811282E+00  1.076256E-01  5.000000E-01  3.846638E-01  2.263539E-02  0.000000E+00  1.680923E-02  7.768906E-05  2.032245E-18 -5.456108E-01  0.000000E+00
  1.778139E+00  1.074501E-01  5.000000E-01  3.776250E-01  2.259812E-02  0.000000E+00  1.692289E-02  1.005208E-04  2.038753E-18 -5.428389E-01  0.000000E+00
  1.744992E+00  1.072270E-01  5.000000E-01  3.705854E-01  2.255074E-02  0.000000E+00  1.702422E-02  1.272527E-04  1.767154E-18 -5.389055E-01  0.000000E+00
  1.711843E+00  1.069497E-01  5.000000E-01  3.635455E-01  2.249185E-02  0.000000E+00  1.711327E-02  1.578915E-04  1.503169E-18 -5.338057E-01  0.000000E+00
  1.678692E+00  1.066104E-01  5.000000E-01  3.565049E-01  2.241978E-02  0.000000E+00  1.718877E-02  1.923784E-04  1.445082E-18 -5.275062E-01  0.000000E+00
  1.645539E+00  1.062027E-01  5.000000E-01  3.494640E-01  2.233320E-02  0.000000E+00  1.724872E-02  2.307798E-04  1.216574E-18 -5.199273E-01  0.000000E+00
  1.612385E+00  1.057184E-01  5.000000E-01  3.424231E-01  2.223035E-02  0.000000E+00  1.729093E-02  2.734109E-04  1.041187E-18 -5.109543E-01  0.000000E+00
  1.579236E+00  1.051497E-01  5.000000E-01  3.353830E-01  2.210956E-02  0.000000E+00  1.731296E-02  3.202927E-04  9.474787E-19 -5.005495E-01  0.000000E+00
  1.546090E+00  1.044872E-01  5.000000E-01  3.283435E-01  2.196886E-02  0.000000E+00  1.731175E-02  3.696036E-04  8.357433E-19 -4.889563E-01  0.000000E+00
  1.512946E+00  1.037291E-01  5.000000E-01  3.213046E-01  2.180787E-02  0.000000E+00  1.728652E-02  4.184944E-04  7.367947E-19 -4.766254E-01  0.000000E+00
  1.479807E+00  1.028772E-01  5.000000E-01  3.142666E-01  2.162694E-02  0.000000E+00  1.724197E-02  4.658653E-04  3.792400E-19 -4.638939E-01  0.000000E+00
  1.446672E+00  1.019332E-01  5.000000E-01  3.072296E-01  2.142645E-02  0.000000E+00  1.718476E-02  5.114449E-04  4.604000E-19 -4.509930E-01  0.000000E+00
  1.413540E+00  1.008997E-01  5.000000E-01  3.001932E-01  2.120697E-02  0.000000E+00  1.712065E-02  5.551060E-04  4.050005E-19 -4.380663E-01  0.000000E+00
  1.380413E+00  9.977962E-02  5.000000E-01  2.931579E-01  2.096909E-02  0.000000E+00  1.705348E-02  5.970108E-04 -8.275144E-20 -4.251603E-01  0.000000E+00
  1.347294E+00  9.857539E-02  5.000000E-01  2.861242E-01  2.071334E-02  0.000000E+00  1.698468E-02  6.372462E-04 -1.061713E-19 -4.122838E-01  0.000000E+00
  1.314179E+00  9.728943E-02  5.000000E-01  2.790915E-01  2.044024E-02  0.000000E+00  1.691391E-02  6.756178E-04 -8.934701E-20 -3.994519E-01  0.000000E+00
  1.281074E+00  9.592515E-02  5.000000E-01  2.720606E-01  2.015050E-02  0.000000E+00  1.684042E-02  7.120849E-04  9.521809E-20 -3.866616E-01  0.000000E+00
  1.247974E+00  9.448485E-02  5.000000E-01  2.650310E-01  1.984461E-02  0.000000E+00  1.676314E-02  7.463884E-04  4.771518E-19 -3.739315E-01  0.000000E+00
  1.214880E+00  9.297271E-02  5.000000E-01  2.580028E-01  1.952347E-02  0.000000E+00  1.668118E-02  7.783133E-04  7.478117E-19 -3.612710E-01  0.000000E+00
  1.181795E+00  9.139204E-02  5.000000E-01  2.509763E-01  1.918778E-02  0.000000E+00  1.659385E-02  8.079505E-04  9.497889E-19 -3.486502E-01  0.000000E+00
  1.148718E+00  8.974622E-02  5.000000E-01  2.439516E-01  1.883824E-02  0.000000E+00  1.649964E-02  8.349261E-04  7.394547E-19 -3.360697E-01  0.000000E+00
  1.115646E+00  8.803965E-02  5.000000E-01  2.369279E-01  1.847581E-02  0.000000E+00  1.639694E-02  8.588251E-04  4.014448E-19 -3.235205E-01  0.000000E+00
  1.082583E+00  8.627729E-02  5.000000E-01  2.299061E-01  1.810153E-02  0.000000E+00  1.628476E-02  8.795332E-04  4.648577E-20 -3.109640E-01  0.000000E+00
  1.049524E+00  8.446362E-02  5.000000E-01  2.228852E-01  1.771635E-02  0.000000E+00  1.616286E-02  8.969024E-04  1.225695E-19 -2.984169E-01  0.000000E+00
  1.016475E+00  8.260435E-02  5.000000E-01  2.158665E-01  1.732149E-02  0.000000E+00  1.603242E-02  9.107104E-04  1.072877E-19 -2.860543E-01  0.000000E+00
  9.834318E-01  8.070456E-02  5.000000E-01  2.088488E-01  1.691802E-02  0.000000E+00  1.589606E-02  9.195500E-04 -1.028110E-18 -2.743969E-01  0.000000E+00
  9.503976E-01  7.877673E-02  5.000000E-01  2.018331E-01  1.650859E-02  0.000000E+00  1.576029E-02  9.222702E-04 -3.955590E-19 -2.641194E-01  0.000000E+00
  9.173728E-01  7.683374E-02  5.000000E-01  1.948195E-01  1.609595E-02  0.000000E+00  1.563681E-02  9.205446E-04  4.556168E-19 -2.556160E-01  0.000000E+00
  8.843598E-01  7.488415E-02  5.000000E-01  1.878083E-01  1.568191E-02  0.000000E+00  1.553775E-02  9.174791E-04  6.001334E-19 -2.489493E-01  0.000000E+00
  8.513623E-01  7.293122E-02  5.000000E-01  1.808005E-01  1.526715E-02  0.000000E+00  1.547088E-02  9.156510E-04  1.665119E-18 -2.439818E-01  0.000000E+00
  8.183794E-01  7.097446E-02  5.000000E-01  1.737957E-01  1.485159E-02  0.000000E+00  1.543834E-02  9.165055E-04  1.889086E-18 -2.405020E-01  0.000000E+00
  7.854121E-01  6.901148E-02  5.000000E-01  1.667943E-01  1.443470E-02  0.000000E+00  1.543816E-02  9.207242E-04  1.131131E-18 -2.382902E-01  0.000000E+00
  7.524593E-01  6.703844E-02  5.000000E-01  1.597959E-01  1.401567E-02  0.000000E+00  1.546646E-02  9.285413E-04  5.244869E-19 -2.371502E-01  0.000000E+00
  7.195226E-01  6.505112E-02  5.000000E-01  1.528010E-01  1.359361E-02  0.000000E+00  1.551907E-02  9.401298E-04  5.635149E-19 -2.368786E-01  0.000000E+00
  6.866079E-01  6.304460E-02  5.000000E-01  1.458107E-01  1.316748E-02  0.000000E+00  1.559182E-02  9.557964E-04  4.585786E-19 -2.372198E-01  0.000000E+00
  6.537221E-01  6.101288E-02  5.000000E-01  1.388265E-01  1.273599E-02  0.000000E+00  1.567967E-02  9.756774E-04  9.883787E-19 -2.378636E-01  0.000000E+00
  6.208691E-01  5.894941E-02  5.000000E-01  1.318494E-01  1.229776E-02  0.000000E+00  1.577593E-02  9.994933E-04  1.001260E-18 -2.384590E-01  0.000000E+00
  5.880524E-01  5.684786E-02  5.000000E-01  1.248799E-01  1.185144E-02  0.000000E+00  1.587246E-02  1.026513E-03  4.590210E-19 -2.386390E-01  0.000000E+00
  5.552711E-01  5.470264E-02  5.000000E-01  1.179180E-01  1.139585E-02  0.000000E+00  1.596071E-02  1.055712E-03  2.913727E-19 -2.380733E-01  0.000000E+00
  5.225283E-01  5.250967E-02  5.000000E-01  1.109642E-01  1.093012E-02  0.000000E+00  1.603344E-02  1.086225E-03 -9.058636E-19 -2.365709E-01  0.000000E+00
  4.898261E-01  5.026495E-02  5.000000E-01  1.040191E-01  1.045339E-02  0.000000E+00  1.608580E-02  1.117245E-03 -1.621576E-18 -2.343075E-01  0.000000E+00
  4.571624E-01  4.796551E-02  5.000000E-01  9.708209E-02  9.965048E-03  0.000000E+00  1.611620E-02  1.147892E-03 -9.877009E-19 -2.320053E-01  0.000000E+00
  4.245350E-01  4.560963E-02  5.000000E-01  9.015284E-02  9.464717E-03  0.000000E+00  1.612576E-02  1.177377E-03  6.573849E-20 -2.308068E-01  0.000000E+00
  3.919369E-01  4.319709E-02  5.000000E-01  8.322981E-02  8.952353E-03  0.000000E+00  1.611456E-02  1.205203E-03  7.551108E-20 -2.316567E-01  0.000000E+00
  3.593832E-01  4.072978E-02  5.000000E-01  7.631621E-02  8.428356E-03  0.000000E+00  1.607424E-02  1.231552E-03 -4.759764E-19 -2.342312E-01  0.000000E+00
  3.269046E-01  3.820787E-02  5.000000E-01  6.941854E-02  7.892766E-03  0.000000E+00  1.597851E-02  1.256861E-03  7.070153E-19 -2.360829E-01  0.000000E+00
  2.945750E-01  3.562841E-02  5.000000E-01  6.255253E-02  7.344950E-03  0.000000E+00  1.577836E-02  1.279964E-03  8.021008E-18 -2.330857E-01  0.000000E+00
  2.624265E-01  3.297809E-02  5.000000E-01  5.572497E-02  6.782088E-03  0.000000E+00  1.541318E-02  1.294699E-03  2.498761E-17 -2.221362E-01  0.000000E+00
  2.304268E-01  3.024424E-02  5.000000E-01  4.892903E-02  6.201487E-03  0.000000E+00  1.484885E-02  1.293367E-03  3.786896E-17 -2.051826E-01  0.000000E+00
  1.986088E-01  2.742321E-02  5.000000E-01  4.217167E-02  5.602370E-03  0.000000E+00  1.412341E-02  1.274398E-03 -1.685924E-17 -1.927568E-01  0.000000E+00
  1.669282E-01  2.450418E-02  5.000000E-01  3.544349E-02  4.982439E-03  0.000000E+00  1.336610E-02  1.240763E-03 -2.653856E-16 -2.042659E-01  0.000000E+00
  1.350509E-01  2.149344E-02  5.000000E-01  2.867354E-02  4.343030E-03  0.000000E+00  1.281987E-02  1.222472E-03 -7.036071E-16 -2.573132E-01  0.000000E+00
  1.043791E-01  1.851813E-02  5.000000E-01  2.215959E-02  3.711149E-03  0.000000E+00  1.283863E-02  1.302791E-03 -5.373566E-16 -3.525751E-01  0.000000E+00
  7.632629E-02  1.553659E-02  5.000000E-01  1.620187E-02  3.077942E-03  0.000000E+00  1.375592E-02  1.556233E-03  2.115715E-15 -4.779966E-01  0.000000E+00
  5.118571E-02  1.252473E-02  5.000000E-01  1.086263E-02  2.438297E-03  0.000000E+00  1.582799E-02  2.066362E-03  5.018231E-15 -6.139867E-01  0.000000E+00
  3.264831E-02  9.954165E-03  5.000000E-01  6.925739E-03  1.892373E-03  0.000000E+00  1.933224E-02  3.084980E-03 -1.573700E-14 -7.309386E-01  0.000000E+00
  2.051015E-02  7.829389E-03  5.000000E-01  4.347893E-03  1.441122E-03  0.000000E+00  2.429119E-02  4.891823E-03 -1.158074E-13 -8.161577E-01  0.000000E+00
  1.247723E-02  6.034534E-03  5.000000E-01  2.641898E-03  1.059939E-03  0.000000E+00  3.103467E-02  7.806992E-03 -3.223227E-13 -8.884042E-01  0.000000E+00
  7.055255E-03  4.533332E-03  5.000000E-01  1.490404E-03  7.411210E-04  0.000000E+00  4.254372E-02  1.364753E-02 -4.285900E-13 -9.552376E-01  0.000000E+00
  3.418635E-03  3.247066E-03  5.000000E-01  7.180754E-04  4.679497E-04  0.000000E+00  6.385774E-02  2.834124E-02  2.917558E-13 -9.560184E-01  0.000000E+00
  1.108798E-03  2.088844E-03  5.000000E-01  2.275226E-04  2.219717E-04  0.000000E+00  7.743099E-02  5.929728E-02  2.600682E-12 -6.757609E-01  0.000000E+00
  3.747479E-05  1.043658E-03  5.000000E-01  0.000000E+00  0.000000E+00  0.000000E+00  2.741977E-02  9.589588E-02  5.503952E-12  4.350888E-01  0.000000E+00
  3.747479E-05  1.043658E-03  5.000000E-01  0.000000E+00  0.000000E+00  0.000000E+00  2.741977E-02  9.589588E-02  5.503952E-12  4.350888E-01  0.000000E+00
  2.534065E-04  4.724864E-05  5.000000E-01  4.585858E-05 -2.116129E-04  0.000000E+00 -1.873186E-02  6.096205E-02  5.327093E-12  1.304671E+00  0.000000E+00
  1.848580E-03 -9.289258E-04  5.000000E-01  3.846343E-04 -4.189284E-04  0.000000E+00 -2.359410E-03  3.055665E-03  2.599915E-12  1.110607E+00  0.000000E+00
  4.867645E-03 -1.872775E-03  5.000000E-01  1.025809E-03 -6.193788E-04  0.000000E+00  1.504987E-02 -3.865768E-03  6.853508E-13  8.398147E-01  0.000000E+00
  9.380877E-03 -2.817820E-03  5.000000E-01  1.984309E-03 -8.200832E-04  0.000000E+00  2.048496E-02 -3.659271E-03 -1.283033E-13  7.317838E-01  0.000000E+00
  1.589077E-02 -3.811568E-03  5.000000E-01  3.366850E-03 -1.031131E-03  0.000000E+00  2.030016E-02 -2.687319E-03 -2.351608E-13  6.517754E-01  0.000000E+00
  2.547297E-02 -4.877800E-03  5.000000E-01  5.401873E-03 -1.257572E-03  0.000000E+00  1.812284E-02 -1.734590E-03 -1.206070E-13  5.778603E-01  0.000000E+00
  3.989163E-02 -6.001472E-03  5.000000E-01  8.464043E-03 -1.496213E-03  0.000000E+00  1.572265E-02 -1.040933E-03 -2.752193E-14  5.165769E-01  0.000000E+00
  6.092142E-02 -7.107797E-03  5.000000E-01  1.293025E-02 -1.731169E-03  0.000000E+00  1.385387E-02 -6.440196E-04  4.375188E-15  4.744665E-01  0.000000E+00
  8.832839E-02 -8.190246E-03  5.000000E-01  1.875082E-02 -1.961054E-03  0.000000E+00  1.265809E-02 -4.747589E-04  6.113228E-15  4.511744E-01  0.000000E+00
  1.189914E-01 -9.278276E-03  5.000000E-01  2.526288E-02 -2.192125E-03  0.000000E+00  1.201199E-02 -4.310028E-04  2.378670E-15  4.391608E-01  0.000000E+00
  1.511926E-01 -1.045312E-02  5.000000E-01  3.210163E-02 -2.441633E-03  0.000000E+00  1.174781E-02 -4.487882E-04  3.583706E-16  4.316421E-01  0.000000E+00
  1.838450E-01 -1.176370E-02  5.000000E-01  3.903620E-02 -2.719968E-03  0.000000E+00  1.170965E-02 -4.926460E-04 -1.188785E-16  4.246388E-01  0.000000E+00
  2.165049E-01 -1.320692E-02  5.000000E-01  4.597236E-02 -3.026474E-03  0.000000E+00  1.176815E-02 -5.413508E-04 -9.550358E-17  4.170539E-01  0.000000E+00
  2.491496E-01 -1.477063E-02  5.000000E-01  5.290529E-02 -3.358565E-03  0.000000E+00  1.184089E-02 -5.899089E-04 -2.971996E-17  4.102271E-01  0.000000E+00
  2.819003E-01 -1.646655E-02  5.000000E-01  5.986074E-02 -3.718737E-03  0.000000E+00  1.189099E-02 -6.414346E-04 -3.379073E-18  4.052960E-01  0.000000E+00
  3.147601E-01 -1.831276E-02  5.000000E-01  6.683936E-02 -4.110828E-03  0.000000E+00  1.191091E-02 -6.982251E-04  2.837825E-18  4.018710E-01  0.000000E+00
  3.477303E-01 -2.032962E-02  5.000000E-01  7.384142E-02 -4.539159E-03  0.000000E+00  1.190805E-02 -7.609748E-04  2.710069E-18  3.989599E-01  0.000000E+00
  3.807756E-01 -2.253579E-02  5.000000E-01  8.085941E-02 -5.007695E-03  0.000000E+00  1.189334E-02 -8.285878E-04  1.101657E-18  3.957729E-01  0.000000E+00
  4.138291E-01 -2.493895E-02  5.000000E-01  8.787917E-02 -5.518067E-03  0.000000E+00  1.187453E-02 -8.985033E-04  2.501413E-19  3.918987E-01  0.000000E+00
  4.468689E-01 -2.754080E-02  5.000000E-01  9.489601E-02 -6.070636E-03  0.000000E+00  1.185666E-02 -9.695071E-04  3.721079E-19  3.873799E-01  0.000000E+00
  4.799091E-01 -3.034582E-02  5.000000E-01  1.019129E-01 -6.666353E-03  0.000000E+00  1.184431E-02 -1.042348E-03  8.155043E-19  3.824284E-01  0.000000E+00
  5.129612E-01 -3.336071E-02  5.000000E-01  1.089324E-01 -7.306642E-03  0.000000E+00  1.184247E-02 -1.118399E-03  2.675188E-19  3.770774E-01  0.000000E+00
  5.460360E-01 -3.659437E-02  5.000000E-01  1.159567E-01 -7.993391E-03  0.000000E+00  1.185663E-02 -1.198999E-03  6.249668E-19  3.711560E-01  0.000000E+00
  5.791347E-01 -4.005598E-02  5.000000E-01  1.229860E-01 -8.728553E-03  0.000000E+00  1.189258E-02 -1.285182E-03 -1.625705E-19  3.643899E-01  0.000000E+00
  6.122565E-01 -4.375386E-02  5.000000E-01  1.300203E-01 -9.513892E-03  0.000000E+00  1.195628E-02 -1.377770E-03  2.279659E-19  3.564908E-01  0.000000E+00
  6.454013E-01 -4.769513E-02  5.000000E-01  1.370594E-01 -1.035092E-02  0.000000E+00  1.205401E-02 -1.477695E-03  2.114037E-18  3.471957E-01  0.000000E+00
  6.785693E-01 -5.188567E-02  5.000000E-01  1.441035E-01 -1.124089E-02  0.000000E+00  1.219241E-02 -1.585926E-03  2.844962E-18  3.362301E-01  0.000000E+00
  7.117575E-01 -5.632857E-02  5.000000E-01  1.511518E-01 -1.218445E-02  0.000000E+00  1.237789E-02 -1.702919E-03  3.094345E-18  3.232505E-01  0.000000E+00
  7.449560E-01 -6.102082E-02  5.000000E-01  1.582024E-01 -1.318097E-02  0.000000E+00  1.261623E-02 -1.828274E-03  6.681575E-19  3.078658E-01  0.000000E+00
  7.781569E-01 -6.595232E-02  5.000000E-01  1.652535E-01 -1.422830E-02  0.000000E+00  1.291234E-02 -1.960874E-03 -1.755811E-18  2.897211E-01  0.000000E+00
  8.113578E-01 -7.110592E-02  5.000000E-01  1.723045E-01 -1.532280E-02  0.000000E+00  1.326936E-02 -2.098775E-03 -5.761055E-19  2.685317E-01  0.000000E+00
  8.445597E-01 -7.645640E-02  5.000000E-01  1.793558E-01 -1.645911E-02  0.000000E+00  1.368595E-02 -2.238419E-03 -1.308168E-18  2.440733E-01  0.000000E+00
  8.777625E-01 -8.196867E-02  5.000000E-01  1.864072E-01 -1.762978E-02  0.000000E+00  1.415222E-02 -2.373211E-03 -6.818465E-20  2.161910E-01  0.000000E+00
  9.109638E-01 -8.759473E-02  5.000000E-01  1.934584E-01 -1.882462E-02  0.000000E+00  1.464630E-02 -2.492661E-03  3.662583E-18  1.849402E-01  0.000000E+00
  9.441676E-01 -9.327433E-02  5.000000E-01  2.005100E-01 -2.003082E-02  0.000000E+00  1.513480E-02 -2.582610E-03  2.798885E-18  1.507933E-01  0.000000E+00
  9.773746E-01 -9.893313E-02  5.000000E-01  2.075624E-01 -2.123261E-02  0.000000E+00  1.557871E-02 -2.627244E-03 -1.600256E-19  1.146726E-01  0.000000E+00
  1.010583E+00 -1.044820E-01  5.000000E-01  2.146150E-01 -2.241106E-02  0.000000E+00  1.595048E-02 -2.622028E-03 -1.387249E-18  7.843751E-02  0.000000E+00
  1.043798E+00 -1.098573E-01  5.000000E-01  2.216690E-01 -2.355264E-02  0.000000E+00  1.624983E-02 -2.583255E-03  8.519590E-19  4.475947E-02  0.000000E+00
  1.077015E+00 -1.150474E-01  5.000000E-01  2.287237E-01 -2.465488E-02  0.000000E+00  1.648946E-02 -2.527525E-03  1.859301E-18  1.479307E-02  0.000000E+00
  1.110238E+00 -1.200475E-01  5.000000E-01  2.357793E-01 -2.571679E-02  0.000000E+00  1.667851E-02 -2.459617E-03  6.547719E-19 -1.229122E-02  0.000000E+00
  1.143462E+00 -1.248531E-01  5.000000E-01  2.428354E-01 -2.673737E-02  0.000000E+00  1.682427E-02 -2.382007E-03  4.411479E-19 -3.743846E-02  0.000000E+00
  1.176693E+00 -1.294626E-01  5.000000E-01  2.498927E-01 -2.771632E-02  0.000000E+00  1.693254E-02 -2.296983E-03  9.142434E-19 -6.104715E-02  0.000000E+00
  1.209925E+00 -1.338750E-01  5.000000E-01  2.569505E-01 -2.865341E-02  0.000000E+00  1.700637E-02 -2.206000E-03  2.304401E-18 -8.311074E-02  0.000000E+00
  1.243158E+00 -1.380897E-01  5.000000E-01  2.640083E-01 -2.954851E-02  0.000000E+00  1.704697E-02 -2.110642E-03  3.749437E-18 -1.034038E-01  0.000000E+00
  1.276395E+00 -1.421100E-01  5.000000E-01  2.710670E-01 -3.040232E-02  0.000000E+00  1.705458E-02 -2.012611E-03  1.146278E-18 -1.216953E-01  0.000000E+00
  1.309630E+00 -1.459392E-01  5.000000E-01  2.781253E-01 -3.121554E-02  0.000000E+00  1.702897E-02 -1.913254E-03 -1.441681E-18 -1.378769E-01  0.000000E+00
  1.342868E+00 -1.495832E-01  5.000000E-01  2.851842E-01 -3.198945E-02  0.000000E+00  1.697155E-02 -1.814638E-03 -1.279905E-18 -1.518732E-01  0.000000E+00
  1.376108E+00 -1.530517E-01  5.000000E-01  2.922436E-01 -3.272608E-02  0.000000E+00  1.688544E-02 -1.718668E-03  5.469741E-20 -1.637194E-01  0.000000E+00
  1.409347E+00 -1.563543E-01  5.000000E-01  2.993027E-01 -3.342745E-02  0.000000E+00  1.677637E-02 -1.627178E-03  3.084973E-19 -1.735557E-01  0.000000E+00
  1.442589E+00 -1.595042E-01  5.000000E-01  3.063625E-01 -3.409642E-02  0.000000E+00  1.665429E-02 -1.542541E-03 -9.174208E-19 -1.815875E-01  0.000000E+00
  1.475831E+00 -1.625164E-01  5.000000E-01  3.134222E-01 -3.473613E-02  0.000000E+00  1.653292E-02 -1.466844E-03  2.609186E-19 -1.881872E-01  0.000000E+00
  1.509072E+00 -1.654072E-01  5.000000E-01  3.204819E-01 -3.535007E-02  0.000000E+00  1.642855E-02 -1.401992E-03  1.169550E-18 -1.938926E-01  0.000000E+00
  1.542314E+00 -1.681944E-01  5.000000E-01  3.275416E-01 -3.594201E-02  0.000000E+00  1.635728E-02 -1.349786E-03  3.798333E-19 -1.993436E-01  0.000000E+00
  1.575558E+00 -1.708982E-01  5.000000E-01  3.346018E-01 -3.651623E-02  0.000000E+00  1.632823E-02 -1.309187E-03 -4.441276E-19 -2.053689E-01  0.000000E+00
  1.608800E+00 -1.735307E-01  5.000000E-01  3.416616E-01 -3.707530E-02  0.000000E+00  1.633875E-02 -1.274756E-03 -9.533574E-19 -2.128850E-01  0.000000E+00
  1.642044E+00 -1.760912E-01  5.000000E-01  3.487219E-01 -3.761910E-02  0.000000E+00  1.637997E-02 -1.241655E-03 -2.003254E-19 -2.222662E-01  0.000000E+00
  1.675286E+00 -1.785758E-01  5.000000E-01  3.557816E-01 -3.814676E-02  0.000000E+00  1.644303E-02 -1.208088E-03 -5.560104E-19 -2.332175E-01  0.000000E+00
  1.708526E+00 -1.809807E-01  5.000000E-01  3.628410E-01 -3.865750E-02  0.000000E+00  1.652007E-02 -1.173180E-03 -1.024998E-18 -2.452475E-01  0.000000E+00
  1.741762E+00 -1.833017E-01  5.000000E-01  3.698996E-01 -3.915042E-02  0.000000E+00  1.660456E-02 -1.136096E-03  1.168409E-19 -2.579740E-01  0.000000E+00
  1.774995E+00 -1.855336E-01  5.000000E-01  3.769573E-01 -3.962442E-02  0.000000E+00  1.669249E-02 -1.096689E-03  2.294247E-19 -2.711342E-01  0.000000E+00
  1.808227E+00 -1.876735E-01  5.000000E-01  3.840150E-01 -4.007888E-02  0.000000E+00  1.678168E-02 -1.054931E-03 -1.794995E-19 -2.846066E-01  0.000000E+00
  1.841453E+00 -1.897165E-01  5.000000E-01  3.910714E-01 -4.051278E-02  0.000000E+00  1.687061E-02 -1.010511E-03 -2.707390E-19 -2.983818E-01  0.000000E+00
  1.874678E+00 -1.916590E-01  5.000000E-01  3.981276E-01 -4.092531E-02  0.000000E+00  1.695861E-02 -9.634904E-04  5.924537E-19 -3.124381E-01  0.000000E+00
  1.907900E+00 -1.934970E-01  5.000000E-01  4.051831E-01 -4.131565E-02  0.000000E+00  1.704511E-02 -9.138241E-04  1.188922E-18 -3.267585E-01  0.000000E+00
  1.941118E+00 -1.952263E-01  5.000000E-01  4.122377E-01 -4.168292E-02  0.000000E+00  1.712974E-02 -8.614507E-04  3.971517E-19 -3.413217E-01  0.000000E+00
  1.974334E+00 -1.968432E-01  5.000000E-01  4.192920E-01 -4.202631E-02  0.000000E+00  1.721305E-02 -8.066699E-04  3.020392E-19 -3.560800E-01  0.000000E+00
  2.007549E+00 -1.983448E-01  5.000000E-01  4.263460E-01 -4.234522E-02  0.000000E+00  1.729606E-02 -7.495735E-04  5.883735E-19 -3.710266E-01  0.000000E+00
  2.040760E+00 -1.997274E-01  5.000000E-01  4.333993E-01 -4.263883E-02  0.000000E+00  1.738008E-02 -6.900417E-04  1.421533E-19 -3.862021E-01  0.000000E+00
  2.073970E+00 -2.009873E-01  5.000000E-01  4.404522E-01 -4.290641E-02  0.000000E+00  1.746723E-02 -6.282799E-04 -7.338036E-21 -4.016399E-01  0.000000E+00
  2.107177E+00 -2.021218E-01  5.000000E-01  4.475046E-01 -4.314735E-02  0.000000E+00  1.755879E-02 -5.638824E-04  8.179471E-21 -4.174398E-01  0.000000E+00
  2.140379E+00 -2.031255E-01  5.000000E-01  4.545558E-01 -4.336052E-02  0.000000E+00  1.765513E-02 -4.961884E-04 -3.248495E-20 -4.337115E-01  0.000000E+00
  2.173577E+00 -2.039935E-01  5.000000E-01  4.616063E-01 -4.354486E-02  0.000000E+00  1.775608E-02 -4.247276E-04 -6.773417E-20 -4.505132E-01  0.000000E+00
  2.206768E+00 -2.047193E-01  5.000000E-01  4.686554E-01 -4.369899E-02  0.000000E+00  1.786079E-02 -3.491388E-04  1.359549E-19 -4.678585E-01  0.000000E+00
  2.239954E+00 -2.052968E-01  5.000000E-01  4.757033E-01 -4.382164E-02  0.000000E+00  1.796764E-02 -2.692115E-04  4.799237E-19 -4.857225E-01  0.000000E+00
  2.273134E+00 -2.057194E-01  5.000000E-01  4.827499E-01 -4.391139E-02  0.000000E+00  1.807389E-02 -1.847961E-04  6.099991E-19 -5.040558E-01  0.000000E+00
  2.306309E+00 -2.059810E-01  5.000000E-01  4.897953E-01 -4.396695E-02  0.000000E+00  1.817562E-02 -9.579583E-05  4.537899E-19 -5.227812E-01  0.000000E+00
  2.339476E+00 -2.060750E-01  5.000000E-01  4.968392E-01 -4.398691E-02  0.000000E+00  1.826828E-02 -2.061495E-06 -5.919236E-20 -5.418013E-01  0.000000E+00
  2.372638E+00 -2.059943E-01  5.000000E-01  5.038821E-01 -4.396977E-02  0.000000E+00  1.834968E-02  9.548416E-05 -5.995381E-19 -5.609135E-01  0.000000E+00
  2.405805E+00 -2.057353E-01  5.000000E-01  5.109259E-01 -4.391477E-02  0.000000E+00  1.842098E-02  1.952681E-04 -1.081664E-18 -5.798827E-01  0.000000E+00
  2.438976E+00 -2.052966E-01  5.000000E-01  5.179707E-01 -4.382161E-02  0.000000E+00  1.848393E-02  2.967110E-04 -1.451107E-18 -5.986172E-01  0.000000E+00
  2.472150E+00 -2.046760E-01  5.000000E-01  5.250160E-01 -4.368980E-02  0.000000E+00  1.853979E-02  3.997295E-04 -1.091153E-18 -6.171162E-01  0.000000E+00
  2.505329E+00 -2.038717E-01  5.000000E-01  5.320625E-01 -4.351898E-02  0.000000E+00  1.858808E-02  5.039951E-04 -4.275658E-19 -6.353706E-01  0.000000E+00
  2.538512E+00 -2.028824E-01  5.000000E-01  5.391097E-01 -4.330888E-02  0.000000E+00  1.862348E-02  6.092379E-04  2.234995E-19 -6.533544E-01  0.000000E+00
  2.571700E+00 -2.017062E-01  5.000000E-01  5.461580E-01 -4.305908E-02  0.000000E+00  1.863542E-02  7.146487E-04  1.731381E-18 -6.709332E-01  0.000000E+00
  2.604894E+00 -2.003425E-01  5.000000E-01  5.532074E-01 -4.276947E-02  0.000000E+00  1.861043E-02  8.187690E-04  3.824209E-18 -6.878435E-01  0.000000E+00
  2.638090E+00 -1.987906E-01  5.000000E-01  5.602575E-01 -4.243989E-02  0.000000E+00  1.854338E-02  9.177622E-04  5.401425E-18 -7.035660E-01  0.000000E+00
  2.671292E+00 -1.970607E-01  5.000000E-01  5.673087E-01 -4.207250E-02  0.000000E+00  1.844865E-02  1.007106E-03  6.220289E-18 -7.175240E-01  0.000000E+00
  2.704497E+00 -1.951698E-01  5.000000E-01  5.743608E-01 -4.167092E-02  0.000000E+00  1.836446E-02  1.086651E-03  5.534230E-18 -7.295735E-01  0.000000E+00
  2.737708E+00 -1.931356E-01  5.000000E-01  5.814141E-01 -4.123889E-02  0.000000E+00  1.835307E-02  1.160535E-03  3.797533E-18 -7.399849E-01  0.000000E+00
  2.770923E+00 -1.909752E-01  5.000000E-01  5.884680E-01 -4.078008E-02  0.000000E+00  1.847380E-02  1.233829E-03  1.687364E-18 -7.491582E-01  0.000000E+00
  2.804143E+00 -1.887056E-01  5.000000E-01  5.955231E-01 -4.029808E-02  0.000000E+00  1.870309E-02  1.306155E-03  6.585801E-19 -7.572222E-01  0.000000E+00
  2.837367E+00 -1.863443E-01  5.000000E-01  6.025790E-01 -3.979659E-02  0.000000E+00  1.881085E-02  1.361618E-03  1.560022E-19 -7.633230E-01  0.000000E+00
  2.870594E+00 -1.839079E-01  5.000000E-01  6.096357E-01 -3.927916E-02  0.000000E+00  1.829584E-02  1.361062E-03 -1.255287E-18 -7.641204E-01  0.000000E+00
  2.903823E+00 -1.814128E-01  5.000000E-01  6.166926E-01 -3.874927E-02  0.000000E+00  1.657746E-02  1.255934E-03 -1.720139E-18 -7.512856E-01  0.000000E+00
  2.937051E+00 -1.788733E-01  5.000000E-01  6.237496E-01 -3.820995E-02  0.000000E+00  1.349983E-02  1.031652E-03 -1.566396E-18 -7.102891E-01  0.000000E+00
  2.970283E+00 -1.763051E-01  5.000000E-01  6.308072E-01 -3.766451E-02  0.000000E+00  9.721232E-03  7.443706E-04 -9.256023E-19 -6.264497E-01  0.000000E+00
  3.003515E+00 -1.737229E-01  5.000000E-01  6.378649E-01 -3.711613E-02  0.000000E+00  6.382403E-03  4.902664E-04 -3.104440E-19 -4.993208E-01  0.000000E+00
  3.036751E+00 -1.711416E-01  5.000000E-01  6.449233E-01 -3.656792E-02  0.000000E+00  4.304411E-03  3.360477E-04  3.657420E-19 -3.532764E-01  0.000000E+00
  3.069988E+00 -1.685765E-01  5.000000E-01  6.519820E-01 -3.602315E-02  0.000000E+00  3.582319E-03  2.837938E-04  1.078435E-18 -2.291708E-01  0.000000E+00
  3.103226E+00 -1.660411E-01  5.000000E-01  6.590410E-01 -3.548470E-02  0.000000E+00  3.840777E-03  2.971411E-04  3.141989E-19 -1.579134E-01  0.000000E+00
  3.136469E+00 -1.635508E-01  5.000000E-01  6.661010E-01 -3.495583E-02  0.000000E+00  4.649544E-03  3.454814E-04  3.967533E-19 -1.400494E-01  0.000000E+00
  3.169712E+00 -1.611077E-01  5.000000E-01  6.731611E-01 -3.443697E-02  0.000000E+00  5.696101E-03  4.170738E-04  8.442660E-19 -1.526968E-01  0.000000E+00
  3.202960E+00 -1.586474E-01  5.000000E-01  6.802220E-01 -3.391445E-02  0.000000E+00  6.780374E-03  5.103707E-04 -3.963999E-19 -1.717531E-01  0.000000E+00
  3.236210E+00 -1.560820E-01  5.000000E-01  6.872835E-01 -3.336963E-02  0.000000E+00  7.771205E-03  6.222951E-04 -6.098334E-19 -1.855371E-01  0.000000E+00
  3.269464E+00 -1.533279E-01  5.000000E-01  6.943460E-01 -3.278472E-02  0.000000E+00  8.581076E-03  7.477389E-04 -1.094065E-19 -1.937358E-01  0.000000E+00
  3.302721E+00 -1.503057E-01  5.000000E-01  7.014089E-01 -3.214289E-02  0.000000E+00  9.150270E-03  8.808284E-04  1.907170E-19 -1.992108E-01  0.000000E+00
  3.335981E+00 -1.469420E-01  5.000000E-01  7.084725E-01 -3.142852E-02  0.000000E+00  9.439524E-03  1.013294E-03  2.451703E-18 -2.021467E-01  0.000000E+00
  3.369247E+00 -1.431712E-01  5.000000E-01  7.155373E-01 -3.062770E-02  0.000000E+00  9.429276E-03  1.133652E-03  4.247874E-18 -1.996891E-01  0.000000E+00
  3.402518E+00 -1.389382E-01  5.000000E-01  7.226033E-01 -2.972870E-02  0.000000E+00  9.118523E-03  1.228143E-03  3.804877E-18 -1.885489E-01  0.000000E+00
  3.435792E+00 -1.341943E-01  5.000000E-01  7.296699E-01 -2.872122E-02  0.000000E+00  8.523860E-03  1.282370E-03  1.854904E-18 -1.670189E-01  0.000000E+00
  3.469073E+00 -1.289014E-01  5.000000E-01  7.367379E-01 -2.759713E-02  0.000000E+00  7.677637E-03  1.283663E-03  8.245904E-19 -1.353923E-01  0.000000E+00
  3.502353E+00 -1.230305E-01  5.000000E-01  7.438057E-01 -2.635031E-02  0.000000E+00  6.626222E-03  1.223494E-03  8.574480E-19 -9.542210E-02  0.000000E+00
  3.535630E+00 -1.165625E-01  5.000000E-01  7.508729E-01 -2.497667E-02  0.000000E+00  5.432862E-03  1.100210E-03  4.703433E-19 -4.950631E-02  0.000000E+00
  3.568904E+00 -1.094854E-01  5.000000E-01  7.579396E-01 -2.347365E-02  0.000000E+00  4.181285E-03  9.222181E-04 -5.856614E-19 -2.293425E-04  0.000000E+00
  3.602176E+00 -1.017939E-01  5.000000E-01  7.650057E-01 -2.184016E-02  0.000000E+00  2.970880E-03  7.087882E-04 -9.474669E-19  4.979724E-02  0.000000E+00
  3.635446E+00 -9.349010E-02  5.000000E-01  7.720715E-01 -2.007665E-02  0.000000E+00  1.896195E-03  4.861460E-04  5.441992E-19  9.789888E-02  0.000000E+00
  3.668713E+00 -8.458317E-02  5.000000E-01  7.791365E-01 -1.818503E-02  0.000000E+00  1.020653E-03  2.793148E-04  1.477604E-18  1.413550E-01  0.000000E+00
  3.701976E+00 -7.508971E-02  5.000000E-01  7.862009E-01 -1.616886E-02  0.000000E+00  3.633225E-04  1.046180E-04 -2.404904E-18  1.780164E-01  0.000000E+00
  3.735241E+00 -6.505296E-02  5.000000E-01  7.932655E-01 -1.403730E-02  0.000000E+00 -9.450697E-05 -2.981779E-05 -2.551060E-18  2.074282E-01  0.000000E+00
  3.768500E+00 -5.470236E-02  5.000000E-01  8.003289E-01 -1.183908E-02  0.000000E+00 -3.927126E-04 -1.222040E-04  2.167335E-18  2.299392E-01  0.000000E+00
  3.801751E+00 -4.432222E-02  5.000000E-01  8.073904E-01 -9.634597E-03  0.000000E+00 -5.783879E-04 -1.783219E-04  6.280201E-19  2.459259E-01  0.000000E+00
  3.834989E+00 -3.415764E-02  5.000000E-01  8.144495E-01 -7.475891E-03  0.000000E+00 -6.952568E-04 -2.080673E-04  1.886308E-19  2.568344E-01  0.000000E+00
  3.868211E+00 -2.441467E-02  5.000000E-01  8.215051E-01 -5.406722E-03  0.000000E+00 -7.753306E-04 -2.205151E-04 -1.174610E-18  2.648008E-01  0.000000E+00
  3.901422E+00 -1.525236E-02  5.000000E-01  8.285582E-01 -3.460875E-03  0.000000E+00 -8.370616E-04 -2.219066E-04 -2.630039E-18  2.714841E-01  0.000000E+00
  3.934617E+00 -6.794325E-03  5.000000E-01  8.356080E-01 -1.664595E-03  0.000000E+00 -8.889971E-04 -2.157227E-04 -3.135808E-18  2.777793E-01  0.000000E+00
  3.967800E+00  8.735881E-04  5.000000E-01  8.426552E-01 -3.611874E-05  0.000000E+00 -9.338653E-04 -2.036714E-04 -4.950345E-18  2.841587E-01  0.000000E+00
  4.000972E+00  7.695349E-03  5.000000E-01  8.497001E-01  1.412656E-03  0.000000E+00 -9.709377E-04 -1.866744E-04 -3.535716E-18  2.909187E-01  0.000000E+00
  4.034139E+00  1.364235E-02  5.000000E-01  8.567440E-01  2.675652E-03  0.000000E+00 -9.972012E-04 -1.654538E-04 -1.784088E-18  2.982839E-01  0.000000E+00
  4.067311E+00  1.870977E-02  5.000000E-01  8.637890E-01  3.751847E-03  0.000000E+00 -1.008069E-03 -1.407941E-04 -1.243542E-18  3.064243E-01  0.000000E+00
  4.100488E+00  2.290849E-02  5.000000E-01  8.708349E-01  4.643554E-03  0.000000E+00 -9.980781E-04 -1.137704E-04 -8.215140E-19  3.154025E-01  0.000000E+00
  4.133669E+00  2.626334E-02  5.000000E-01  8.778818E-01  5.356041E-03  0.000000E+00 -9.617486E-04 -8.587012E-05  1.545598E-19  3.251662E-01  0.000000E+00
  4.166856E+00  2.881138E-02  5.000000E-01  8.849300E-01  5.897183E-03  0.000000E+00 -8.943856E-04 -5.892679E-05  1.202510E-19  3.355544E-01  0.000000E+00
  4.200049E+00  3.059956E-02  5.000000E-01  8.919793E-01  6.276948E-03  0.000000E+00 -7.927409E-04 -3.495539E-05  2.596608E-21  3.462861E-01  0.000000E+00
  4.233242E+00  3.168449E-02  5.000000E-01  8.990286E-01  6.507360E-03  0.000000E+00 -6.554544E-04 -1.585434E-05  2.542727E-19  3.569687E-01  0.000000E+00
  4.266405E+00  3.212785E-02  5.000000E-01  9.060715E-01  6.601519E-03  0.000000E+00 -4.830268E-04 -3.073471E-06  1.464646E-19  3.671369E-01  0.000000E+00
  4.299502E+00  3.199391E-02  5.000000E-01  9.131007E-01  6.573074E-03  0.000000E+00 -2.772198E-04  2.435700E-06 -2.114244E-19  3.762725E-01  0.000000E+00
  4.332522E+00  3.134705E-02  5.000000E-01  9.201132E-01  6.435697E-03  0.000000E+00 -3.986697E-05  2.148184E-07  1.592990E-19  3.838790E-01  0.000000E+00
  4.365472E+00  3.025395E-02  5.000000E-01  9.271110E-01  6.203547E-03  0.000000E+00  2.288485E-04 -9.751780E-06  5.726638E-19  3.895668E-01  0.000000E+00
  4.398350E+00  2.877888E-02  5.000000E-01  9.340936E-01  5.890281E-03  0.000000E+00  5.318047E-04 -2.728936E-05 -3.152440E-19  3.930489E-01  0.000000E+00
  4.431155E+00  2.697922E-02  5.000000E-01  9.410605E-01  5.508076E-03  0.000000E+00  8.745588E-04 -5.251512E-05 -6.297786E-19  3.940782E-01  0.000000E+00
  4.463888E+00  2.489646E-02  5.000000E-01  9.480122E-01  5.065749E-03  0.000000E+00  1.262282E-03 -8.611007E-05  2.636673E-19  3.925338E-01  0.000000E+00
  4.496579E+00  2.255784E-02  5.000000E-01  9.549550E-01  4.569083E-03  0.000000E+00  1.693860E-03 -1.286755E-04  2.118463E-19  3.887202E-01  0.000000E+00
  4.529252E+00  1.997736E-02  5.000000E-01  9.618939E-01  4.021054E-03  0.000000E+00  2.151380E-03 -1.785074E-04  4.498709E-19  3.829578E-01  0.000000E+00
  4.561929E+00  1.715783E-02  5.000000E-01  9.688337E-01  3.422253E-03  0.000000E+00  2.584478E-03 -2.321663E-04  1.191869E-18  3.738188E-01  0.000000E+00
  4.594574E+00  1.408160E-02  5.000000E-01  9.757666E-01  2.768938E-03  0.000000E+00  2.911678E-03 -2.908329E-04  1.149711E-18  3.603277E-01  0.000000E+00
  4.627203E+00  1.069160E-02  5.000000E-01  9.826962E-01  2.048986E-03  0.000000E+00  3.080173E-03 -3.511331E-04  9.373190E-19  3.505508E-01  0.000000E+00
  4.659162E+00  6.966082E-03  5.000000E-01  9.894836E-01  1.257777E-03  0.000000E+00  3.094174E-03 -3.796016E-04  3.054395E-18  3.437075E-01  0.000000E+00
  4.689251E+00  2.951327E-03  5.000000E-01  9.958737E-01  4.051420E-04  0.000000E+00  2.867708E-03 -3.778569E-04  8.858670E-18  2.760027E-01  0.000000E+00
  4.708680E+00  6.105585E-06  5.000000E-01  1.000000E+00 -2.203507E-04  0.000000E+00  2.492425E-03 -4.792755E-04  8.407003E-18  1.183392E-01  0.000000E+00
    1    2
    2    3
    3    4
    4    5
    5    6
    6    7
    7    8
    8    9
    9   10
   10   11
   11   12
   12   13
   13   14
   14   15
   15   16
   16   17
   17   18
   18   19
   19   20
   20   21
   21   22
   22   23
   23   24
   24   25
   25   26
   26   27
   27   28
   28   29
   29   30
   30   31
   31   32
   32   33
   33   34
   34   35
   35   36
   36   37
   37   38
   38   39
   39   40
   40   41
   41   42
   42   43
   43   44
   44   45
   45   46
   46   47
   47   48
   48   49
   49   50
   50   51
   51   52
   52   53
   53   54
   54   55
   55   56
   56   57
   57   58
   58   59
   59   60
   60   61
   61   62
   62   63
   63   64
   64   65
   65   66
   66   67
   67   68
   68   69
   69   70
   70   71
   71   72
   72   73
   73   74
   74   75
   75   76
   76   77
   77   78
   78   79
   79   80
   80   81
   81   82
   82   83
   83   84
   84   85
   85   86
   86   87
   87   88
   88   89
   89   90
   90   91
   91   92
   92   93
   93   94
   94   95
   95   96
   96   97
   97   98
   98   99
   99  100
  100  101
  101  102
  102  103
  103  104
  104  105
  105  106
  106  107
  107  108
  108  109
  109  110
  110  111
  111  112
  112  113
  113  114
  114  115
  115  116
  116  117
  117  118
  118  119
  119  120
  120  121
  121  122
  122  123
  123  124
  124  125
  125  126
  126  127
  127  128
  128  129
  129  130
  130  131
  131  132
  132  133
  133  134
  134  135
  135  136
  136  137
  137  138
  138  139
  139  140
  140  141
  141  142
  142  143
  143  144
  144  145
  145  146
  146  147
  147  148
  148  149
  149  150
  151  152
  152  153
  153  154
  154  155
  155  156
  156  157
  157  158
  158  159
  159  160
  160  161
  161  162
  162  163
  163  164
  164  165
  165  166
  166  167
  167  168
  168  169
  169  170
  170  171
  171  172
  172  173
  173  174
  174  175
  175  176
  176  177
  177  178
  178  179
  179  180
  180  181
  181  182
  182  183
  183  184
  184  185
  185  186
  186  187
  187  188
  188  189
  189  190
  190  191
  191  192
  192  193
  193  194
  194  195
  195  196
  196  197
  197  198
  198  199
  199  200
  200  201
  201  202
  202  203
  203  204
  204  205
  205  206
  206  207
  207  208
  208  209
  209  210
  210  211
  211  212
  212  213
  213  214
  214  215
  215  216
  216  217
  217  218
  218  219
  219  220
  220  221
  221  222
  222  223
  223  224
  224  225
  225  226
  226  227
  227  228
  228  229
  229  230
  230  231
  231  232
  232  233
  233  234
  234  235
  235  236
  236  237
  237  238
  238  239
  239  240
  240  241
  241  242
  242  243
  243  244
  244  245
  245  246
  246  247
  247  248
  248  249
  249  250
  250  251
  251  252
  252  253
  253  254
  254  255
  255  256
  256  257
  257  258
  258  259
  259  260
  260  261
  261  262
  262  263
  263  264
  264  265
  265  266
  266  267
  267  268
  268  269
  269  270
  270  271
  271  272
  272  273
  273  274
  274  275
  275  276
  276  277
  277  278
  278  279
  279  280
  280  281
  281  282
  282  283
  283  284
  284  285
  285  286
  286  287
  287  288
  288  289
  289  290
  290  291
  291  292
  292  293
  293  294
  294  295
  295  296
  296  297
  297  298
  298  299
  299  300
