 Title = "ADflow Slice Data"
Variables =  "CoordinateX"  "CoordinateY"  "CoordinateZ"  "XoC"  "YoC"  "ZoC" "VelocityX" "VelocityY" "VelocityZ" "CoefPressure" "Mach" 
Zone T= "Slice_0001 None Absolute Regular z = 0.50000000"
 Nodes =          300  Elements=          298  ZONETYPE=FELINESEG
 DATAPACKING=POINT
  4.708680E+00 -5.286873E-04  5.000000E-01  9.999999E-01 -3.194806E-04  0.000000E+00  2.216686E-03 -1.367748E-04  5.667941E-18  1.700207E-01  0.000000E+00
  4.689187E+00  2.842965E-03  5.000000E-01  9.958601E-01  3.965754E-04  0.000000E+00  1.800474E-03 -2.808006E-04  5.261418E-19  1.131093E-01  0.000000E+00
  4.658673E+00  8.123589E-03  5.000000E-01  9.893797E-01  1.518050E-03  0.000000E+00  1.716771E-03 -3.173970E-04 -3.960158E-19  1.342580E-01  0.000000E+00
  4.626256E+00  1.371750E-02  5.000000E-01  9.824952E-01  2.706059E-03  0.000000E+00  1.774921E-03 -3.048686E-04  1.261136E-18  1.208429E-01  0.000000E+00
  4.593146E+00  1.939386E-02  5.000000E-01  9.754635E-01  3.911579E-03  0.000000E+00  1.988745E-03 -3.340179E-04 -8.529631E-20  9.373200E-02  0.000000E+00
  4.560031E+00  2.501682E-02  5.000000E-01  9.684306E-01  5.105758E-03  0.000000E+00  2.349402E-03 -3.966240E-04 -2.029304E-18  7.164138E-02  0.000000E+00
  4.526891E+00  3.057580E-02  5.000000E-01  9.613923E-01  6.286349E-03  0.000000E+00  2.796542E-03 -4.665281E-04  1.162332E-18  4.990916E-02  0.000000E+00
  4.493752E+00  3.605377E-02  5.000000E-01  9.543545E-01  7.449734E-03  0.000000E+00  3.288161E-03 -5.384481E-04  2.583255E-18  2.518043E-02  0.000000E+00
  4.460612E+00  4.143728E-02  5.000000E-01  9.473164E-01  8.593060E-03  0.000000E+00  3.800728E-03 -6.107843E-04  1.757765E-18 -1.251926E-03  0.000000E+00
  4.427470E+00  4.671508E-02  5.000000E-01  9.402779E-01  9.713934E-03  0.000000E+00  4.316221E-03 -6.790133E-04  7.260429E-19 -2.846633E-02  0.000000E+00
  4.394325E+00  5.187146E-02  5.000000E-01  9.332387E-01  1.080902E-02  0.000000E+00  4.826121E-03 -7.406277E-04 -5.102692E-19 -5.640585E-02  0.000000E+00
  4.361178E+00  5.689405E-02  5.000000E-01  9.261991E-01  1.187570E-02  0.000000E+00  5.332678E-03 -7.956486E-04  7.570721E-19 -8.510770E-02  0.000000E+00
  4.328027E+00  6.176881E-02  5.000000E-01  9.191586E-01  1.291098E-02  0.000000E+00  5.842762E-03 -8.444160E-04  3.202497E-19 -1.146676E-01  0.000000E+00
  4.294876E+00  6.648042E-02  5.000000E-01  9.121181E-01  1.391161E-02  0.000000E+00  6.362070E-03 -8.870866E-04  3.267517E-19 -1.452501E-01  0.000000E+00
  4.261727E+00  7.101631E-02  5.000000E-01  9.050782E-01  1.487492E-02  0.000000E+00  6.892903E-03 -9.232890E-04  1.073855E-18 -1.766351E-01  0.000000E+00
  4.228582E+00  7.536465E-02  5.000000E-01  8.980388E-01  1.579840E-02  0.000000E+00  7.433709E-03 -9.517190E-04  1.469425E-18 -2.078474E-01  0.000000E+00
  4.195443E+00  7.951131E-02  5.000000E-01  8.910010E-01  1.667905E-02  0.000000E+00  7.980502E-03 -9.711932E-04  1.833858E-18 -2.376088E-01  0.000000E+00
  4.162308E+00  8.344158E-02  5.000000E-01  8.839639E-01  1.751374E-02  0.000000E+00  8.531285E-03 -9.816068E-04  1.893619E-18 -2.661662E-01  0.000000E+00
  4.129179E+00  8.714387E-02  5.000000E-01  8.769281E-01  1.830002E-02  0.000000E+00  9.098680E-03 -9.838377E-04  2.041254E-18 -2.967401E-01  0.000000E+00
  4.096054E+00  9.060516E-02  5.000000E-01  8.698932E-01  1.903511E-02  0.000000E+00  9.724801E-03 -9.804627E-04  1.233247E-18 -3.343003E-01  0.000000E+00
  4.062934E+00  9.381559E-02  5.000000E-01  8.628593E-01  1.971692E-02  0.000000E+00  1.047818E-02 -9.751664E-04  5.176143E-19 -3.814256E-01  0.000000E+00
  4.029817E+00  9.676578E-02  5.000000E-01  8.558262E-01  2.034347E-02  0.000000E+00  1.141783E-02 -9.699019E-04 -8.576900E-19 -4.343258E-01  0.000000E+00
  3.996705E+00  9.944885E-02  5.000000E-01  8.487940E-01  2.091329E-02  0.000000E+00  1.252877E-02 -9.609827E-04 -2.133776E-18 -4.833507E-01  0.000000E+00
  3.963594E+00  1.018621E-01  5.000000E-01  8.417620E-01  2.142581E-02  0.000000E+00  1.368130E-02 -9.381761E-04 -2.840523E-18 -5.181103E-01  0.000000E+00
  3.930486E+00  1.040072E-01  5.000000E-01  8.347306E-01  2.188137E-02  0.000000E+00  1.466369E-02 -8.896834E-04 -3.026858E-18 -5.329726E-01  0.000000E+00
  3.897377E+00  1.058893E-01  5.000000E-01  8.276991E-01  2.228109E-02  0.000000E+00  1.528417E-02 -8.111852E-04 -2.209457E-18 -5.287935E-01  0.000000E+00
  3.864269E+00  1.075218E-01  5.000000E-01  8.206677E-01  2.262779E-02  0.000000E+00  1.547036E-02 -7.099735E-04 -9.947610E-20 -5.106062E-01  0.000000E+00
  3.831161E+00  1.089220E-01  5.000000E-01  8.136366E-01  2.292515E-02  0.000000E+00  1.528195E-02 -6.009851E-04  1.020424E-18 -4.844105E-01  0.000000E+00
  3.798054E+00  1.101170E-01  5.000000E-01  8.066053E-01  2.317895E-02  0.000000E+00  1.485093E-02 -4.998153E-04  5.038514E-19 -4.552720E-01  0.000000E+00
  3.764948E+00  1.111418E-01  5.000000E-01  7.995744E-01  2.339658E-02  0.000000E+00  1.431162E-02 -4.175932E-04  1.983153E-19 -4.268975E-01  0.000000E+00
  3.731842E+00  1.120404E-01  5.000000E-01  7.925435E-01  2.358743E-02  0.000000E+00  1.376096E-02 -3.602816E-04  1.865234E-19 -4.019674E-01  0.000000E+00
  3.698737E+00  1.128673E-01  5.000000E-01  7.855130E-01  2.376304E-02  0.000000E+00  1.325879E-02 -3.258784E-04 -1.438166E-19 -3.817574E-01  0.000000E+00
  3.665634E+00  1.136625E-01  5.000000E-01  7.784827E-01  2.393192E-02  0.000000E+00  1.283824E-02 -3.044638E-04 -3.024498E-19 -3.658255E-01  0.000000E+00
  3.632534E+00  1.144337E-01  5.000000E-01  7.714529E-01  2.409571E-02  0.000000E+00  1.250488E-02 -2.881370E-04 -1.647782E-19 -3.532325E-01  0.000000E+00
  3.599434E+00  1.151840E-01  5.000000E-01  7.644234E-01  2.425506E-02  0.000000E+00  1.224441E-02 -2.749947E-04 -4.585353E-20 -3.433542E-01  0.000000E+00
  3.566334E+00  1.159168E-01  5.000000E-01  7.573938E-01  2.441068E-02  0.000000E+00  1.203841E-02 -2.643051E-04  1.046717E-19 -3.356262E-01  0.000000E+00
  3.533236E+00  1.166340E-01  5.000000E-01  7.503646E-01  2.456300E-02  0.000000E+00  1.187125E-02 -2.551631E-04  8.680934E-20 -3.295761E-01  0.000000E+00
  3.500138E+00  1.173362E-01  5.000000E-01  7.433353E-01  2.471212E-02  0.000000E+00  1.173174E-02 -2.471067E-04  1.802922E-20 -3.249163E-01  0.000000E+00
  3.467038E+00  1.180248E-01  5.000000E-01  7.363057E-01  2.485837E-02  0.000000E+00  1.161344E-02 -2.399107E-04  1.986653E-19 -3.214512E-01  0.000000E+00
  3.433936E+00  1.187003E-01  5.000000E-01  7.292757E-01  2.500183E-02  0.000000E+00  1.151335E-02 -2.331378E-04  3.447040E-19 -3.189995E-01  0.000000E+00
  3.400832E+00  1.193620E-01  5.000000E-01  7.222453E-01  2.514235E-02  0.000000E+00  1.142976E-02 -2.264065E-04  1.361713E-19 -3.174156E-01  0.000000E+00
  3.367728E+00  1.200084E-01  5.000000E-01  7.152146E-01  2.527962E-02  0.000000E+00  1.136118E-02 -2.193167E-04 -7.574439E-20 -3.165447E-01  0.000000E+00
  3.334620E+00  1.206367E-01  5.000000E-01  7.081834E-01  2.541308E-02  0.000000E+00  1.130559E-02 -2.114845E-04  1.005904E-19 -3.162104E-01  0.000000E+00
  3.301512E+00  1.212435E-01  5.000000E-01  7.011520E-01  2.554195E-02  0.000000E+00  1.125972E-02 -2.025557E-04  1.805233E-19 -3.162516E-01  0.000000E+00
  3.268401E+00  1.218244E-01  5.000000E-01  6.941201E-01  2.566532E-02  0.000000E+00  1.121911E-02 -1.921051E-04 -4.212545E-20 -3.164779E-01  0.000000E+00
  3.235290E+00  1.223740E-01  5.000000E-01  6.870881E-01  2.578202E-02  0.000000E+00  1.117794E-02 -1.797095E-04 -6.935792E-20 -3.166181E-01  0.000000E+00
  3.202177E+00  1.228857E-01  5.000000E-01  6.800557E-01  2.589069E-02  0.000000E+00  1.112859E-02 -1.650853E-04 -5.678770E-20 -3.163371E-01  0.000000E+00
  3.169063E+00  1.233531E-01  5.000000E-01  6.730231E-01  2.598996E-02  0.000000E+00  1.106201E-02 -1.480358E-04 -4.852139E-21 -3.152400E-01  0.000000E+00
  3.135947E+00  1.237689E-01  5.000000E-01  6.659902E-01  2.607828E-02  0.000000E+00  1.096863E-02 -1.289019E-04  2.602757E-19 -3.129863E-01  0.000000E+00
  3.102831E+00  1.241284E-01  5.000000E-01  6.589571E-01  2.615463E-02  0.000000E+00  1.084002E-02 -1.092426E-04  3.295274E-19 -3.094945E-01  0.000000E+00
  3.069714E+00  1.244335E-01  5.000000E-01  6.519238E-01  2.621941E-02  0.000000E+00  1.067206E-02 -9.054576E-05  3.090207E-19 -3.049830E-01  0.000000E+00
  3.036593E+00  1.246874E-01  5.000000E-01  6.448898E-01  2.627334E-02  0.000000E+00  1.046589E-02 -7.325091E-05  2.917249E-19 -3.000181E-01  0.000000E+00
  3.003475E+00  1.248934E-01  5.000000E-01  6.378564E-01  2.631708E-02  0.000000E+00  1.022551E-02 -5.727676E-05  2.134274E-19 -2.955151E-01  0.000000E+00
  2.970356E+00  1.250531E-01  5.000000E-01  6.308226E-01  2.635100E-02  0.000000E+00  9.953532E-03 -4.256949E-05  1.640152E-19 -2.923467E-01  0.000000E+00
  2.937236E+00  1.251700E-01  5.000000E-01  6.237888E-01  2.637582E-02  0.000000E+00  9.647298E-03 -2.892613E-05  1.183770E-19 -2.904418E-01  0.000000E+00
  2.904117E+00  1.252463E-01  5.000000E-01  6.167550E-01  2.639204E-02  0.000000E+00  9.296857E-03 -1.609823E-05  2.341909E-20 -2.880823E-01  0.000000E+00
  2.870996E+00  1.252847E-01  5.000000E-01  6.097211E-01  2.640019E-02  0.000000E+00  8.888186E-03 -4.512233E-06 -2.659371E-20 -2.826190E-01  0.000000E+00
  2.837877E+00  1.252877E-01  5.000000E-01  6.026873E-01  2.640083E-02  0.000000E+00  8.417805E-03  4.752669E-06 -5.287989E-20 -2.731881E-01  0.000000E+00
  2.804757E+00  1.252575E-01  5.000000E-01  5.956535E-01  2.639441E-02  0.000000E+00  7.917287E-03  1.076097E-05 -9.824812E-20 -2.643033E-01  0.000000E+00
  2.771639E+00  1.251966E-01  5.000000E-01  5.886200E-01  2.638149E-02  0.000000E+00  7.475516E-03  1.444477E-05 -1.839923E-19 -2.666854E-01  0.000000E+00
  2.738522E+00  1.251064E-01  5.000000E-01  5.815867E-01  2.636231E-02  0.000000E+00  7.247385E-03  1.873081E-05 -3.873147E-19 -2.922592E-01  0.000000E+00
  2.705406E+00  1.249892E-01  5.000000E-01  5.745537E-01  2.633743E-02  0.000000E+00  7.431037E-03  2.660641E-05 -6.124916E-19 -3.452685E-01  0.000000E+00
  2.672292E+00  1.248467E-01  5.000000E-01  5.675211E-01  2.630718E-02  0.000000E+00  8.189163E-03  3.860469E-05 -8.000627E-19 -4.172802E-01  0.000000E+00
  2.639177E+00  1.246810E-01  5.000000E-01  5.604885E-01  2.627198E-02  0.000000E+00  9.521211E-03  5.328012E-05 -9.478990E-19 -4.916200E-01  0.000000E+00
  2.606068E+00  1.244938E-01  5.000000E-01  5.534568E-01  2.623223E-02  0.000000E+00  1.118780E-02  6.923715E-05 -8.037567E-19 -5.532770E-01  0.000000E+00
  2.572958E+00  1.242854E-01  5.000000E-01  5.464251E-01  2.618797E-02  0.000000E+00  1.279468E-02  8.544245E-05 -3.859734E-19 -5.956609E-01  0.000000E+00
  2.539852E+00  1.240558E-01  5.000000E-01  5.393941E-01  2.613921E-02  0.000000E+00  1.400286E-02  1.013503E-04 -1.167113E-20 -6.202550E-01  0.000000E+00
  2.506749E+00  1.238029E-01  5.000000E-01  5.323639E-01  2.608550E-02  0.000000E+00  1.469303E-02  1.163375E-04  2.048909E-19 -6.322740E-01  0.000000E+00
  2.473650E+00  1.235253E-01  5.000000E-01  5.253345E-01  2.602654E-02  0.000000E+00  1.495762E-02  1.299246E-04  2.027101E-19 -6.368746E-01  0.000000E+00
  2.440554E+00  1.232214E-01  5.000000E-01  5.183056E-01  2.596200E-02  0.000000E+00  1.497713E-02  1.422887E-04 -6.606228E-20 -6.376796E-01  0.000000E+00
  2.407460E+00  1.228906E-01  5.000000E-01  5.112774E-01  2.589175E-02  0.000000E+00  1.490679E-02  1.543473E-04 -2.232927E-19 -6.368241E-01  0.000000E+00
  2.374373E+00  1.225310E-01  5.000000E-01  5.042504E-01  2.581537E-02  0.000000E+00  1.483348E-02  1.669460E-04 -1.412171E-19 -6.354442E-01  0.000000E+00
  2.341286E+00  1.221410E-01  5.000000E-01  4.972236E-01  2.573255E-02  0.000000E+00  1.478629E-02  1.797823E-04 -2.886134E-20 -6.341529E-01  0.000000E+00
  2.308194E+00  1.217217E-01  5.000000E-01  4.901958E-01  2.564350E-02  0.000000E+00  1.476506E-02  1.920633E-04 -9.664507E-22 -6.332569E-01  0.000000E+00
  2.275097E+00  1.212756E-01  5.000000E-01  4.831667E-01  2.554875E-02  0.000000E+00  1.476206E-02  2.033111E-04 -1.440407E-19 -6.328664E-01  0.000000E+00
  2.241991E+00  1.208056E-01  5.000000E-01  4.761359E-01  2.544893E-02  0.000000E+00  1.477135E-02  2.133566E-04 -4.052638E-19 -6.329968E-01  0.000000E+00
  2.208879E+00  1.203148E-01  5.000000E-01  4.691038E-01  2.534471E-02  0.000000E+00  1.479045E-02  2.222254E-04 -5.737331E-19 -6.336254E-01  0.000000E+00
  2.175760E+00  1.198061E-01  5.000000E-01  4.620701E-01  2.523667E-02  0.000000E+00  1.481904E-02  2.299881E-04 -4.719124E-19 -6.347232E-01  0.000000E+00
  2.142637E+00  1.192823E-01  5.000000E-01  4.550354E-01  2.512544E-02  0.000000E+00  1.485740E-02  2.367207E-04 -1.123075E-19 -6.362540E-01  0.000000E+00
  2.109507E+00  1.187460E-01  5.000000E-01  4.479994E-01  2.501152E-02  0.000000E+00  1.490550E-02  2.425733E-04 -1.174517E-19 -6.381438E-01  0.000000E+00
  2.076374E+00  1.181995E-01  5.000000E-01  4.409628E-01  2.489547E-02  0.000000E+00  1.496295E-02  2.484436E-04 -5.379583E-19 -6.401967E-01  0.000000E+00
  2.043241E+00  1.176414E-01  5.000000E-01  4.339262E-01  2.477695E-02  0.000000E+00  1.502784E-02  2.555129E-04 -4.082567E-19 -6.421554E-01  0.000000E+00
  2.010106E+00  1.170685E-01  5.000000E-01  4.268892E-01  2.465528E-02  0.000000E+00  1.509602E-02  2.641751E-04 -3.182030E-19 -6.438393E-01  0.000000E+00
  1.976970E+00  1.164774E-01  5.000000E-01  4.198519E-01  2.452974E-02  0.000000E+00  1.516303E-02  2.745057E-04 -7.130359E-19 -6.451318E-01  0.000000E+00
  1.943835E+00  1.158645E-01  5.000000E-01  4.128148E-01  2.439957E-02  0.000000E+00  1.522540E-02  2.865650E-04 -8.704506E-19 -6.459685E-01  0.000000E+00
  1.910699E+00  1.152257E-01  5.000000E-01  4.057776E-01  2.426391E-02  0.000000E+00  1.528084E-02  3.001549E-04 -8.980397E-19 -6.463547E-01  0.000000E+00
  1.877561E+00  1.145583E-01  5.000000E-01  3.987399E-01  2.412216E-02  0.000000E+00  1.532865E-02  3.151695E-04 -9.888974E-19 -6.463148E-01  0.000000E+00
  1.844424E+00  1.138586E-01  5.000000E-01  3.917024E-01  2.397358E-02  0.000000E+00  1.536912E-02  3.315291E-04 -9.243595E-19 -6.458864E-01  0.000000E+00
  1.811282E+00  1.131240E-01  5.000000E-01  3.846638E-01  2.381756E-02  0.000000E+00  1.540269E-02  3.489290E-04 -8.367852E-19 -6.451338E-01  0.000000E+00
  1.778139E+00  1.123525E-01  5.000000E-01  3.776250E-01  2.365372E-02  0.000000E+00  1.543026E-02  3.673944E-04 -8.914457E-19 -6.440835E-01  0.000000E+00
  1.744992E+00  1.115411E-01  5.000000E-01  3.705854E-01  2.348140E-02  0.000000E+00  1.545221E-02  3.869028E-04 -9.174399E-19 -6.427574E-01  0.000000E+00
  1.711843E+00  1.106881E-01  5.000000E-01  3.635455E-01  2.330022E-02  0.000000E+00  1.546835E-02  4.074386E-04 -6.652789E-19 -6.411643E-01  0.000000E+00
  1.678692E+00  1.097902E-01  5.000000E-01  3.565049E-01  2.310955E-02  0.000000E+00  1.547789E-02  4.289432E-04 -3.073534E-19 -6.393003E-01  0.000000E+00
  1.645539E+00  1.088460E-01  5.000000E-01  3.494640E-01  2.290901E-02  0.000000E+00  1.547989E-02  4.514698E-04 -4.456173E-19 -6.371334E-01  0.000000E+00
  1.612385E+00  1.078520E-01  5.000000E-01  3.424230E-01  2.269791E-02  0.000000E+00  1.547357E-02  4.752895E-04 -3.500915E-19 -6.346125E-01  0.000000E+00
  1.579236E+00  1.068052E-01  5.000000E-01  3.353830E-01  2.247561E-02  0.000000E+00  1.545828E-02  5.004482E-04  2.204425E-19 -6.317627E-01  0.000000E+00
  1.546090E+00  1.057014E-01  5.000000E-01  3.283435E-01  2.224118E-02  0.000000E+00  1.543321E-02  5.255246E-04  2.057173E-19 -6.288505E-01  0.000000E+00
  1.512946E+00  1.045432E-01  5.000000E-01  3.213046E-01  2.199520E-02  0.000000E+00  1.539985E-02  5.484057E-04 -1.670145E-19 -6.262950E-01  0.000000E+00
  1.479807E+00  1.033362E-01  5.000000E-01  3.142666E-01  2.173887E-02  0.000000E+00  1.536409E-02  5.685945E-04 -6.949528E-20 -6.243783E-01  0.000000E+00
  1.446672E+00  1.020858E-01  5.000000E-01  3.072296E-01  2.147331E-02  0.000000E+00  1.533298E-02  5.863715E-04 -6.554037E-20 -6.232556E-01  0.000000E+00
  1.413540E+00  1.007973E-01  5.000000E-01  3.001932E-01  2.119967E-02  0.000000E+00  1.531202E-02  6.020959E-04 -6.243754E-19 -6.229858E-01  0.000000E+00
  1.380413E+00  9.947580E-02  5.000000E-01  2.931579E-01  2.091901E-02  0.000000E+00  1.530435E-02  6.162828E-04 -4.869694E-19 -6.235342E-01  0.000000E+00
  1.347294E+00  9.812521E-02  5.000000E-01  2.861242E-01  2.063218E-02  0.000000E+00  1.531062E-02  6.293379E-04 -1.275954E-19 -6.248278E-01  0.000000E+00
  1.314179E+00  9.674878E-02  5.000000E-01  2.790914E-01  2.033986E-02  0.000000E+00  1.532977E-02  6.414128E-04 -4.157782E-20 -6.267940E-01  0.000000E+00
  1.281074E+00  9.535002E-02  5.000000E-01  2.720606E-01  2.004280E-02  0.000000E+00  1.536033E-02  6.527576E-04 -3.283936E-19 -6.293487E-01  0.000000E+00
  1.247974E+00  9.393080E-02  5.000000E-01  2.650310E-01  1.974139E-02  0.000000E+00  1.540072E-02  6.634441E-04 -3.839685E-19 -6.324315E-01  0.000000E+00
  1.214880E+00  9.249397E-02  5.000000E-01  2.580028E-01  1.943625E-02  0.000000E+00  1.544985E-02  6.735768E-04 -5.132335E-20 -6.359832E-01  0.000000E+00
  1.181795E+00  9.104112E-02  5.000000E-01  2.509763E-01  1.912770E-02  0.000000E+00  1.550723E-02  6.835069E-04 -4.322674E-19 -6.399287E-01  0.000000E+00
  1.148718E+00  8.957326E-02  5.000000E-01  2.439516E-01  1.881596E-02  0.000000E+00  1.557219E-02  6.932217E-04 -6.914846E-19 -6.442389E-01  0.000000E+00
  1.115646E+00  8.809182E-02  5.000000E-01  2.369279E-01  1.850134E-02  0.000000E+00  1.564448E-02  7.026687E-04 -3.247367E-19 -6.489005E-01  0.000000E+00
  1.082583E+00  8.659825E-02  5.000000E-01  2.299061E-01  1.818414E-02  0.000000E+00  1.572443E-02  7.120289E-04  1.906816E-19 -6.538872E-01  0.000000E+00
  1.049524E+00  8.509309E-02  5.000000E-01  2.228852E-01  1.786448E-02  0.000000E+00  1.581230E-02  7.214072E-04  3.850386E-19 -6.591795E-01  0.000000E+00
  1.016475E+00  8.357752E-02  5.000000E-01  2.158664E-01  1.754261E-02  0.000000E+00  1.590816E-02  7.309519E-04  4.267203E-19 -6.647382E-01  0.000000E+00
  9.834318E-01  8.205147E-02  5.000000E-01  2.088488E-01  1.721852E-02  0.000000E+00  1.601174E-02  7.410441E-04  4.623138E-19 -6.704692E-01  0.000000E+00
  9.503976E-01  8.051467E-02  5.000000E-01  2.018331E-01  1.689214E-02  0.000000E+00  1.612236E-02  7.526736E-04  7.081198E-19 -6.761800E-01  0.000000E+00
  9.173728E-01  7.896292E-02  5.000000E-01  1.948195E-01  1.656258E-02  0.000000E+00  1.623783E-02  7.667992E-04  4.217815E-19 -6.816574E-01  0.000000E+00
  8.843598E-01  7.739157E-02  5.000000E-01  1.878083E-01  1.622887E-02  0.000000E+00  1.635442E-02  7.838755E-04 -3.620434E-19 -6.867461E-01  0.000000E+00
  8.513623E-01  7.579446E-02  5.000000E-01  1.808005E-01  1.588968E-02  0.000000E+00  1.646830E-02  8.042127E-04 -7.007923E-19 -6.913474E-01  0.000000E+00
  8.183794E-01  7.416489E-02  5.000000E-01  1.737957E-01  1.554360E-02  0.000000E+00  1.657623E-02  8.277290E-04 -3.775475E-19 -6.954605E-01  0.000000E+00
  7.854121E-01  7.249659E-02  5.000000E-01  1.667943E-01  1.518929E-02  0.000000E+00  1.667650E-02  8.541820E-04  9.526863E-20 -6.991538E-01  0.000000E+00
  7.524593E-01  7.078365E-02  5.000000E-01  1.597959E-01  1.482551E-02  0.000000E+00  1.676900E-02  8.833123E-04  1.660175E-19 -7.025261E-01  0.000000E+00
  7.195226E-01  6.902102E-02  5.000000E-01  1.528009E-01  1.445117E-02  0.000000E+00  1.685478E-02  9.151199E-04  1.583451E-19 -7.056530E-01  0.000000E+00
  6.866079E-01  6.720352E-02  5.000000E-01  1.458107E-01  1.406517E-02  0.000000E+00  1.693502E-02  9.499990E-04  2.913843E-20 -7.085583E-01  0.000000E+00
  6.537221E-01  6.532512E-02  5.000000E-01  1.388265E-01  1.366625E-02  0.000000E+00  1.700969E-02  9.883301E-04 -5.473392E-19 -7.112531E-01  0.000000E+00
  6.208691E-01  6.337917E-02  5.000000E-01  1.318494E-01  1.325298E-02  0.000000E+00  1.707726E-02  1.030143E-03 -1.061963E-18 -7.137915E-01  0.000000E+00
  5.880524E-01  6.135908E-02  5.000000E-01  1.248799E-01  1.282396E-02  0.000000E+00  1.713537E-02  1.075031E-03 -1.761602E-18 -7.163039E-01  0.000000E+00
  5.552711E-01  5.925894E-02  5.000000E-01  1.179180E-01  1.237794E-02  0.000000E+00  1.718207E-02  1.122308E-03 -3.349329E-18 -7.189916E-01  0.000000E+00
  5.225283E-01  5.707440E-02  5.000000E-01  1.109642E-01  1.191400E-02  0.000000E+00  1.721672E-02  1.171514E-03 -4.153068E-18 -7.220882E-01  0.000000E+00
  4.898261E-01  5.480102E-02  5.000000E-01  1.040191E-01  1.143119E-02  0.000000E+00  1.723921E-02  1.222117E-03 -3.728927E-18 -7.258989E-01  0.000000E+00
  4.571624E-01  5.243569E-02  5.000000E-01  9.708209E-02  1.092885E-02  0.000000E+00  1.724913E-02  1.273125E-03 -3.612838E-18 -7.308417E-01  0.000000E+00
  4.245350E-01  4.997695E-02  5.000000E-01  9.015283E-02  1.040668E-02  0.000000E+00  1.724555E-02  1.323191E-03 -3.808436E-18 -7.374038E-01  0.000000E+00
  3.919369E-01  4.742572E-02  5.000000E-01  8.322981E-02  9.864856E-03  0.000000E+00  1.722660E-02  1.371133E-03 -3.402454E-18 -7.459944E-01  0.000000E+00
  3.593832E-01  4.478570E-02  5.000000E-01  7.631620E-02  9.304182E-03  0.000000E+00  1.718842E-02  1.417231E-03 -4.008947E-18 -7.567067E-01  0.000000E+00
  3.269046E-01  4.205858E-02  5.000000E-01  6.941854E-02  8.725009E-03  0.000000E+00  1.712187E-02  1.463767E-03 -9.606638E-18 -7.692521E-01  0.000000E+00
  2.945750E-01  3.924139E-02  5.000000E-01  6.255253E-02  8.126707E-03  0.000000E+00  1.700913E-02  1.513198E-03 -1.981819E-17 -7.833130E-01  0.000000E+00
  2.624265E-01  3.631875E-02  5.000000E-01  5.572497E-02  7.506010E-03  0.000000E+00  1.682486E-02  1.562723E-03 -1.422072E-17 -7.993828E-01  0.000000E+00
  2.304268E-01  3.327901E-02  5.000000E-01  4.892903E-02  6.860444E-03  0.000000E+00  1.655637E-02  1.606337E-03  6.806206E-17 -8.189833E-01  0.000000E+00
  1.986088E-01  3.012392E-02  5.000000E-01  4.217166E-02  6.190380E-03  0.000000E+00  1.622727E-02  1.640389E-03  3.102134E-16 -8.445552E-01  0.000000E+00
  1.669282E-01  2.685060E-02  5.000000E-01  3.544349E-02  5.495207E-03  0.000000E+00  1.589543E-02  1.654680E-03  6.768416E-16 -8.804402E-01  0.000000E+00
  1.350509E-01  2.349106E-02  5.000000E-01  2.867354E-02  4.781723E-03  0.000000E+00  1.569171E-02  1.668515E-03  6.620499E-16 -9.290365E-01  0.000000E+00
  1.043791E-01  2.020351E-02  5.000000E-01  2.215959E-02  4.083529E-03  0.000000E+00  1.582141E-02  1.774275E-03 -9.965133E-16 -9.861487E-01  0.000000E+00
  7.632629E-02  1.691882E-02  5.000000E-01  1.620187E-02  3.385942E-03  0.000000E+00  1.631879E-02  2.018056E-03 -5.246188E-15 -1.051980E+00  0.000000E+00
  5.118571E-02  1.362270E-02  5.000000E-01  1.086263E-02  2.685926E-03  0.000000E+00  1.711566E-02  2.418347E-03 -8.219795E-15 -1.128798E+00  0.000000E+00
  3.264831E-02  1.083351E-02  5.000000E-01  6.925739E-03  2.093572E-03  0.000000E+00  1.857960E-02  3.199703E-03  5.696679E-15 -1.202934E+00  0.000000E+00
  2.051015E-02  8.519762E-03  5.000000E-01  4.347893E-03  1.602188E-03  0.000000E+00  2.142745E-02  4.688455E-03  6.114651E-14 -1.264886E+00  0.000000E+00
  1.247723E-02  6.554881E-03  5.000000E-01  2.641898E-03  1.184895E-03  0.000000E+00  2.719549E-02  7.520794E-03  1.628924E-13 -1.323192E+00  0.000000E+00
  7.055255E-03  4.905615E-03  5.000000E-01  1.490404E-03  8.346316E-04  0.000000E+00  3.995402E-02  1.426456E-02  2.365209E-13 -1.368940E+00  0.000000E+00
  3.418635E-03  3.481215E-03  5.000000E-01  7.180754E-04  5.321241E-04  0.000000E+00  6.326875E-02  3.146032E-02  1.052707E-13 -1.340059E+00  0.000000E+00
  1.108798E-03  2.179327E-03  5.000000E-01  2.275226E-04  2.556350E-04  0.000000E+00  7.598738E-02  6.609779E-02 -2.209583E-13 -1.064141E+00  0.000000E+00
  3.747479E-05  9.756328E-04  5.000000E-01  0.000000E+00  0.000000E+00  0.000000E+00  2.530262E-02  1.121626E-01 -4.067111E-13 -4.200651E-02  0.000000E+00
  3.747479E-05  9.756328E-04  5.000000E-01  0.000000E+00  0.000000E+00  0.000000E+00  2.530262E-02  1.121626E-01 -4.067111E-13 -4.200651E-02  0.000000E+00
  2.534065E-04 -2.163619E-04  5.000000E-01  4.585858E-05 -2.531504E-04  0.000000E+00 -3.424295E-02  8.558959E-02 -2.674075E-13  1.009347E+00  0.000000E+00
  1.848580E-03 -1.442358E-03  5.000000E-01  3.846343E-04 -5.135218E-04  0.000000E+00 -3.112587E-02  2.113091E-02 -8.242316E-14  1.191082E+00  0.000000E+00
  4.867645E-03 -2.698139E-03  5.000000E-01  1.025809E-03 -7.802189E-04  0.000000E+00 -7.672457E-03  3.190380E-03 -2.392201E-14  1.058417E+00  0.000000E+00
  9.380877E-03 -4.034925E-03  5.000000E-01  1.984309E-03 -1.064119E-03  0.000000E+00  6.566219E-03 -1.587489E-03  5.456940E-15  9.631532E-01  0.000000E+00
  1.589077E-02 -5.542007E-03  5.000000E-01  3.366850E-03 -1.384187E-03  0.000000E+00  1.248431E-02 -2.559590E-03  2.264705E-14  8.782979E-01  0.000000E+00
  2.547297E-02 -7.311814E-03  5.000000E-01  5.401873E-03 -1.760050E-03  0.000000E+00  1.384537E-02 -2.293184E-03  2.333926E-14  7.904260E-01  0.000000E+00
  3.989163E-02 -9.426356E-03  5.000000E-01  8.464043E-03 -2.209127E-03  0.000000E+00  1.332185E-02 -1.761934E-03  1.269128E-14  7.056336E-01  0.000000E+00
  6.092142E-02 -1.188214E-02  5.000000E-01  1.293025E-02 -2.730674E-03  0.000000E+00  1.244319E-02 -1.353554E-03  2.270852E-15  6.331355E-01  0.000000E+00
  8.832839E-02 -1.462460E-02  5.000000E-01  1.875082E-02 -3.313105E-03  0.000000E+00  1.184302E-02 -1.143949E-03 -1.898215E-15  5.773926E-01  0.000000E+00
  1.189914E-01 -1.747731E-02  5.000000E-01  2.526288E-02 -3.918952E-03  0.000000E+00  1.162737E-02 -1.070159E-03 -1.692872E-15  5.350817E-01  0.000000E+00
  1.511926E-01 -2.041185E-02  5.000000E-01  3.210163E-02 -4.542176E-03  0.000000E+00  1.171151E-02 -1.070112E-03 -6.000681E-16  5.014277E-01  0.000000E+00
  1.838450E-01 -2.340847E-02  5.000000E-01  3.903620E-02 -5.178584E-03  0.000000E+00  1.196897E-02 -1.099715E-03 -2.872284E-17  4.718369E-01  0.000000E+00
  2.165049E-01 -2.641960E-02  5.000000E-01  4.597235E-02 -5.818075E-03  0.000000E+00  1.228265E-02 -1.127423E-03  8.433767E-17  4.437885E-01  0.000000E+00
  2.491496E-01 -2.940712E-02  5.000000E-01  5.290529E-02 -6.452550E-03  0.000000E+00  1.257786E-02 -1.144302E-03  4.715653E-17  4.180869E-01  0.000000E+00
  2.819003E-01 -3.237145E-02  5.000000E-01  5.986073E-02 -7.082101E-03  0.000000E+00  1.282347E-02 -1.154960E-03  1.014450E-17  3.959295E-01  0.000000E+00
  3.147601E-01 -3.531963E-02  5.000000E-01  6.683936E-02 -7.708221E-03  0.000000E+00  1.301538E-02 -1.163970E-03 -8.642697E-19  3.768829E-01  0.000000E+00
  3.477303E-01 -3.826280E-02  5.000000E-01  7.384142E-02 -8.333279E-03  0.000000E+00  1.316288E-02 -1.173683E-03 -2.225916E-18  3.597629E-01  0.000000E+00
  3.807756E-01 -4.121042E-02  5.000000E-01  8.085941E-02 -8.959281E-03  0.000000E+00  1.327741E-02 -1.183358E-03 -9.270102E-19  3.435471E-01  0.000000E+00
  4.138291E-01 -4.415863E-02  5.000000E-01  8.787917E-02 -9.585409E-03  0.000000E+00  1.336558E-02 -1.189562E-03  1.550579E-18  3.276669E-01  0.000000E+00
  4.468689E-01 -4.709726E-02  5.000000E-01  9.489601E-02 -1.020950E-02  0.000000E+00  1.343106E-02 -1.190631E-03  1.796485E-18  3.122152E-01  0.000000E+00
  4.799091E-01 -5.002037E-02  5.000000E-01  1.019129E-01 -1.083030E-02  0.000000E+00  1.347758E-02 -1.187716E-03  7.308180E-19  2.975734E-01  0.000000E+00
  5.129612E-01 -5.292552E-02  5.000000E-01  1.089324E-01 -1.144728E-02  0.000000E+00  1.350937E-02 -1.182716E-03  9.191012E-19  2.839082E-01  0.000000E+00
  5.460360E-01 -5.581363E-02  5.000000E-01  1.159567E-01 -1.206064E-02  0.000000E+00  1.353115E-02 -1.177273E-03  7.815685E-19  2.711196E-01  0.000000E+00
  5.791347E-01 -5.868705E-02  5.000000E-01  1.229860E-01 -1.267089E-02  0.000000E+00  1.354766E-02 -1.172367E-03  3.312309E-19  2.589799E-01  0.000000E+00
  6.122565E-01 -6.154833E-02  5.000000E-01  1.300203E-01 -1.327855E-02  0.000000E+00  1.356338E-02 -1.168498E-03  1.381573E-18  2.472707E-01  0.000000E+00
  6.454013E-01 -6.440016E-02  5.000000E-01  1.370594E-01 -1.388421E-02  0.000000E+00  1.358270E-02 -1.166177E-03  1.057085E-18  2.358475E-01  0.000000E+00
  6.785693E-01 -6.724589E-02  5.000000E-01  1.441035E-01 -1.448858E-02  0.000000E+00  1.360950E-02 -1.165872E-03  7.224476E-19  2.245954E-01  0.000000E+00
  7.117575E-01 -7.008877E-02  5.000000E-01  1.511518E-01 -1.509233E-02  0.000000E+00  1.364626E-02 -1.167431E-03  6.183178E-19  2.133585E-01  0.000000E+00
  7.449560E-01 -7.292951E-02  5.000000E-01  1.582024E-01 -1.569564E-02  0.000000E+00  1.369353E-02 -1.169968E-03  4.325746E-20  2.019654E-01  0.000000E+00
  7.781569E-01 -7.576620E-02  5.000000E-01  1.652534E-01 -1.629808E-02  0.000000E+00  1.375055E-02 -1.172448E-03  1.887995E-19  1.903226E-01  0.000000E+00
  8.113578E-01 -7.859556E-02  5.000000E-01  1.723045E-01 -1.689897E-02  0.000000E+00  1.381595E-02 -1.174138E-03  1.040049E-19  1.784356E-01  0.000000E+00
  8.445597E-01 -8.141360E-02  5.000000E-01  1.793558E-01 -1.749745E-02  0.000000E+00  1.388810E-02 -1.174543E-03  5.064603E-19  1.663550E-01  0.000000E+00
  8.777625E-01 -8.421581E-02  5.000000E-01  1.864072E-01 -1.809257E-02  0.000000E+00  1.396457E-02 -1.172984E-03  9.728464E-19  1.541084E-01  0.000000E+00
  9.109638E-01 -8.699575E-02  5.000000E-01  1.934584E-01 -1.868296E-02  0.000000E+00  1.404202E-02 -1.168609E-03 -1.672450E-20  1.417222E-01  0.000000E+00
  9.441676E-01 -8.974657E-02  5.000000E-01  2.005100E-01 -1.926717E-02  0.000000E+00  1.411677E-02 -1.160710E-03 -3.570936E-19  1.292806E-01  0.000000E+00
  9.773746E-01 -9.246064E-02  5.000000E-01  2.075624E-01 -1.984357E-02  0.000000E+00  1.418522E-02 -1.148501E-03  9.951098E-19  1.168865E-01  0.000000E+00
  1.010583E+00 -9.512835E-02  5.000000E-01  2.146150E-01 -2.041012E-02  0.000000E+00  1.424540E-02 -1.132091E-03  2.066893E-18  1.047088E-01  0.000000E+00
  1.043798E+00 -9.774357E-02  5.000000E-01  2.216690E-01 -2.096553E-02  0.000000E+00  1.429805E-02 -1.113012E-03  1.473956E-18  9.296694E-02  0.000000E+00
  1.077015E+00 -1.003039E-01  5.000000E-01  2.287236E-01 -2.150929E-02  0.000000E+00  1.434496E-02 -1.092507E-03  3.654392E-19  8.171518E-02  0.000000E+00
  1.110238E+00 -1.028081E-01  5.000000E-01  2.357793E-01 -2.204112E-02  0.000000E+00  1.438735E-02 -1.070797E-03  8.987556E-20  7.083098E-02  0.000000E+00
  1.143462E+00 -1.052539E-01  5.000000E-01  2.428354E-01 -2.256053E-02  0.000000E+00  1.442626E-02 -1.048052E-03  5.633949E-19  6.021481E-02  0.000000E+00
  1.176693E+00 -1.076404E-01  5.000000E-01  2.498927E-01 -2.306739E-02  0.000000E+00  1.446250E-02 -1.024502E-03  1.315990E-18  4.983687E-02  0.000000E+00
  1.209925E+00 -1.099665E-01  5.000000E-01  2.569505E-01 -2.356138E-02  0.000000E+00  1.449613E-02 -9.999315E-04  1.873973E-18  3.966442E-02  0.000000E+00
  1.243158E+00 -1.122297E-01  5.000000E-01  2.640083E-01 -2.404202E-02  0.000000E+00  1.452695E-02 -9.743507E-04  1.569439E-18  2.971380E-02  0.000000E+00
  1.276395E+00 -1.144292E-01  5.000000E-01  2.710670E-01 -2.450914E-02  0.000000E+00  1.455476E-02 -9.479043E-04  2.355016E-19  2.001988E-02  0.000000E+00
  1.309630E+00 -1.165633E-01  5.000000E-01  2.781253E-01 -2.496237E-02  0.000000E+00  1.457908E-02 -9.204764E-04  2.934516E-19  1.057761E-02  0.000000E+00
  1.342868E+00 -1.186305E-01  5.000000E-01  2.851842E-01 -2.540140E-02  0.000000E+00  1.459997E-02 -8.924088E-04  6.790663E-19  1.420994E-03  0.000000E+00
  1.376108E+00 -1.206311E-01  5.000000E-01  2.922436E-01 -2.582628E-02  0.000000E+00  1.461756E-02 -8.638579E-04  3.101987E-19 -7.451311E-03  0.000000E+00
  1.409347E+00 -1.225637E-01  5.000000E-01  2.993027E-01 -2.623672E-02  0.000000E+00  1.463205E-02 -8.348646E-04 -1.763405E-19 -1.606482E-02  0.000000E+00
  1.442589E+00 -1.244287E-01  5.000000E-01  3.063625E-01 -2.663280E-02  0.000000E+00  1.464431E-02 -8.057959E-04 -2.041843E-19 -2.441584E-02  0.000000E+00
  1.475831E+00 -1.262264E-01  5.000000E-01  3.134222E-01 -2.701458E-02  0.000000E+00  1.465540E-02 -7.768061E-04  4.325868E-19 -3.253630E-02  0.000000E+00
  1.509072E+00 -1.279571E-01  5.000000E-01  3.204819E-01 -2.738214E-02  0.000000E+00  1.466664E-02 -7.480028E-04  2.353488E-20 -4.047737E-02  0.000000E+00
  1.542314E+00 -1.296214E-01  5.000000E-01  3.275416E-01 -2.773561E-02  0.000000E+00  1.467972E-02 -7.197538E-04 -1.929524E-19 -4.827129E-02  0.000000E+00
  1.575558E+00 -1.312213E-01  5.000000E-01  3.346018E-01 -2.807539E-02  0.000000E+00  1.469577E-02 -6.920191E-04 -9.807678E-21 -5.599176E-02  0.000000E+00
  1.608800E+00 -1.327568E-01  5.000000E-01  3.416615E-01 -2.840147E-02  0.000000E+00  1.471469E-02 -6.642232E-04 -2.652422E-19 -6.373901E-02  0.000000E+00
  1.642044E+00 -1.342271E-01  5.000000E-01  3.487219E-01 -2.871374E-02  0.000000E+00  1.473573E-02 -6.358962E-04 -2.052743E-19 -7.154658E-02  0.000000E+00
  1.675286E+00 -1.356304E-01  5.000000E-01  3.557816E-01 -2.901176E-02  0.000000E+00  1.475773E-02 -6.067050E-04 -1.584827E-19 -7.938739E-02  0.000000E+00
  1.708526E+00 -1.369647E-01  5.000000E-01  3.628410E-01 -2.929514E-02  0.000000E+00  1.477941E-02 -5.764683E-04 -3.137183E-19 -8.719770E-02  0.000000E+00
  1.741762E+00 -1.382278E-01  5.000000E-01  3.698996E-01 -2.956339E-02  0.000000E+00  1.479928E-02 -5.449030E-04 -4.053634E-19 -9.492973E-02  0.000000E+00
  1.774995E+00 -1.394165E-01  5.000000E-01  3.769573E-01 -2.981585E-02  0.000000E+00  1.481639E-02 -5.121184E-04 -4.223049E-19 -1.025077E-01  0.000000E+00
  1.808227E+00 -1.405296E-01  5.000000E-01  3.840150E-01 -3.005223E-02  0.000000E+00  1.483002E-02 -4.782206E-04 -4.893023E-19 -1.098746E-01  0.000000E+00
  1.841453E+00 -1.415641E-01  5.000000E-01  3.910714E-01 -3.027194E-02  0.000000E+00  1.483923E-02 -4.430583E-04 -3.743953E-19 -1.170143E-01  0.000000E+00
  1.874678E+00 -1.425181E-01  5.000000E-01  3.981276E-01 -3.047454E-02  0.000000E+00  1.484331E-02 -4.067345E-04  3.787273E-20 -1.238798E-01  0.000000E+00
  1.907900E+00 -1.433893E-01  5.000000E-01  4.051830E-01 -3.065957E-02  0.000000E+00  1.484144E-02 -3.692669E-04  2.297701E-19 -1.304266E-01  0.000000E+00
  1.941118E+00 -1.441756E-01  5.000000E-01  4.122377E-01 -3.082656E-02  0.000000E+00  1.483270E-02 -3.306560E-04  6.601449E-20 -1.366093E-01  0.000000E+00
  1.974334E+00 -1.448747E-01  5.000000E-01  4.192920E-01 -3.097503E-02  0.000000E+00  1.481635E-02 -2.911500E-04 -8.028692E-20 -1.423566E-01  0.000000E+00
  2.007549E+00 -1.454854E-01  5.000000E-01  4.263460E-01 -3.110472E-02  0.000000E+00  1.479136E-02 -2.508368E-04 -2.526656E-19 -1.476165E-01  0.000000E+00
  2.040760E+00 -1.460056E-01  5.000000E-01  4.333993E-01 -3.121520E-02  0.000000E+00  1.475644E-02 -2.096527E-04 -2.547857E-19 -1.523508E-01  0.000000E+00
  2.073970E+00 -1.464334E-01  5.000000E-01  4.404522E-01 -3.130605E-02  0.000000E+00  1.471089E-02 -1.678337E-04 -1.144833E-19 -1.564843E-01  0.000000E+00
  2.107177E+00 -1.467676E-01  5.000000E-01  4.475046E-01 -3.137702E-02  0.000000E+00  1.465475E-02 -1.257113E-04 -1.227610E-19 -1.599463E-01  0.000000E+00
  2.140379E+00 -1.470072E-01  5.000000E-01  4.545558E-01 -3.142791E-02  0.000000E+00  1.458919E-02 -8.396785E-05 -8.780945E-20 -1.626650E-01  0.000000E+00
  2.173577E+00 -1.471538E-01  5.000000E-01  4.616063E-01 -3.145905E-02  0.000000E+00  1.451553E-02 -4.304425E-05 -7.106378E-21 -1.646378E-01  0.000000E+00
  2.206768E+00 -1.472082E-01  5.000000E-01  4.686553E-01 -3.147060E-02  0.000000E+00  1.443433E-02 -2.925571E-06 -2.792800E-20 -1.659313E-01  0.000000E+00
  2.239954E+00 -1.471714E-01  5.000000E-01  4.757033E-01 -3.146278E-02  0.000000E+00  1.434552E-02  3.637775E-05 -6.064282E-20 -1.665915E-01  0.000000E+00
  2.273134E+00 -1.470439E-01  5.000000E-01  4.827499E-01 -3.143572E-02  0.000000E+00  1.424838E-02  7.482410E-05 -7.432216E-20 -1.666259E-01  0.000000E+00
  2.306309E+00 -1.468269E-01  5.000000E-01  4.897953E-01 -3.138962E-02  0.000000E+00  1.414189E-02  1.123624E-04 -9.432358E-20 -1.660106E-01  0.000000E+00
  2.339476E+00 -1.465208E-01  5.000000E-01  4.968392E-01 -3.132461E-02  0.000000E+00  1.402517E-02  1.490246E-04 -8.346522E-20 -1.647252E-01  0.000000E+00
  2.372638E+00 -1.461259E-01  5.000000E-01  5.038821E-01 -3.124075E-02  0.000000E+00  1.389914E-02  1.842205E-04 -6.224581E-20 -1.627065E-01  0.000000E+00
  2.405805E+00 -1.456452E-01  5.000000E-01  5.109259E-01 -3.113867E-02  0.000000E+00  1.376663E-02  2.170259E-04  1.344143E-20 -1.599144E-01  0.000000E+00
  2.438976E+00 -1.450837E-01  5.000000E-01  5.179706E-01 -3.101942E-02  0.000000E+00  1.363065E-02  2.472075E-04  1.918686E-19 -1.564592E-01  0.000000E+00
  2.472150E+00 -1.444457E-01  5.000000E-01  5.250160E-01 -3.088392E-02  0.000000E+00  1.349387E-02  2.748733E-04  2.232518E-19 -1.525190E-01  0.000000E+00
  2.505329E+00 -1.437358E-01  5.000000E-01  5.320624E-01 -3.073316E-02  0.000000E+00  1.335882E-02  3.000309E-04 -1.103819E-19 -1.482355E-01  0.000000E+00
  2.538512E+00 -1.429590E-01  5.000000E-01  5.391097E-01 -3.056818E-02  0.000000E+00  1.322754E-02  3.228441E-04 -3.718674E-19 -1.437326E-01  0.000000E+00
  2.571700E+00 -1.421196E-01  5.000000E-01  5.461580E-01 -3.038991E-02  0.000000E+00  1.310183E-02  3.433329E-04 -2.952118E-19 -1.390909E-01  0.000000E+00
  2.604894E+00 -1.412232E-01  5.000000E-01  5.532074E-01 -3.019953E-02  0.000000E+00  1.298285E-02  3.616362E-04 -2.944248E-19 -1.343901E-01  0.000000E+00
  2.638090E+00 -1.402740E-01  5.000000E-01  5.602575E-01 -2.999796E-02  0.000000E+00  1.287063E-02  3.782067E-04 -2.455925E-19 -1.297294E-01  0.000000E+00
  2.671292E+00 -1.392758E-01  5.000000E-01  5.673087E-01 -2.978595E-02  0.000000E+00  1.276460E-02  3.934529E-04  1.573746E-19 -1.251710E-01  0.000000E+00
  2.704497E+00 -1.382308E-01  5.000000E-01  5.743608E-01 -2.956403E-02  0.000000E+00  1.266417E-02  4.075634E-04  3.133747E-19 -1.207188E-01  0.000000E+00
  2.737708E+00 -1.371420E-01  5.000000E-01  5.814140E-01 -2.933278E-02  0.000000E+00  1.256901E-02  4.206007E-04  4.406677E-20 -1.163517E-01  0.000000E+00
  2.770923E+00 -1.360116E-01  5.000000E-01  5.884680E-01 -2.909273E-02  0.000000E+00  1.247900E-02  4.326637E-04  1.999637E-20 -1.120676E-01  0.000000E+00
  2.804143E+00 -1.348422E-01  5.000000E-01  5.955231E-01 -2.884437E-02  0.000000E+00  1.239424E-02  4.437523E-04  2.383848E-19 -1.078698E-01  0.000000E+00
  2.837367E+00 -1.336364E-01  5.000000E-01  6.025790E-01 -2.858828E-02  0.000000E+00  1.231472E-02  4.539605E-04  4.229673E-19 -1.037806E-01  0.000000E+00
  2.870594E+00 -1.323962E-01  5.000000E-01  6.096357E-01 -2.832490E-02  0.000000E+00  1.224003E-02  4.634634E-04  6.755737E-19 -9.982466E-02  0.000000E+00
  2.903823E+00 -1.311237E-01  5.000000E-01  6.166926E-01 -2.805466E-02  0.000000E+00  1.216921E-02  4.726015E-04  3.986998E-19 -9.603019E-02  0.000000E+00
  2.937051E+00 -1.298189E-01  5.000000E-01  6.237496E-01 -2.777755E-02  0.000000E+00  1.210142E-02  4.814241E-04 -2.529018E-19 -9.236998E-02  0.000000E+00
  2.970283E+00 -1.284833E-01  5.000000E-01  6.308072E-01 -2.749389E-02  0.000000E+00  1.203618E-02  4.898179E-04 -4.076333E-19 -8.879303E-02  0.000000E+00
  3.003515E+00 -1.271177E-01  5.000000E-01  6.378649E-01 -2.720388E-02  0.000000E+00  1.197303E-02  4.978528E-04 -5.113897E-19 -8.528672E-02  0.000000E+00
  3.036751E+00 -1.257230E-01  5.000000E-01  6.449232E-01 -2.690768E-02  0.000000E+00  1.191180E-02  5.054329E-04 -4.853827E-19 -8.183331E-02  0.000000E+00
  3.069988E+00 -1.243008E-01  5.000000E-01  6.519820E-01 -2.660563E-02  0.000000E+00  1.185217E-02  5.126688E-04 -3.835737E-19 -7.845458E-02  0.000000E+00
  3.103226E+00 -1.228511E-01  5.000000E-01  6.590410E-01 -2.629776E-02  0.000000E+00  1.179424E-02  5.194841E-04 -3.854837E-19 -7.513934E-02  0.000000E+00
  3.136469E+00 -1.213761E-01  5.000000E-01  6.661010E-01 -2.598449E-02  0.000000E+00  1.173836E-02  5.258584E-04 -3.635451E-19 -7.188534E-02  0.000000E+00
  3.169712E+00 -1.198762E-01  5.000000E-01  6.731611E-01 -2.566595E-02  0.000000E+00  1.168501E-02  5.317912E-04 -9.186991E-20 -6.871701E-02  0.000000E+00
  3.202960E+00 -1.183535E-01  5.000000E-01  6.802220E-01 -2.534257E-02  0.000000E+00  1.163510E-02  5.371377E-04 -2.065766E-20 -6.564311E-02  0.000000E+00
  3.236210E+00 -1.168097E-01  5.000000E-01  6.872835E-01 -2.501472E-02  0.000000E+00  1.158957E-02  5.419235E-04 -2.135869E-19 -6.269431E-02  0.000000E+00
  3.269464E+00 -1.152472E-01  5.000000E-01  6.943459E-01 -2.468288E-02  0.000000E+00  1.154906E-02  5.462782E-04 -3.669163E-20 -5.992470E-02  0.000000E+00
  3.302721E+00 -1.136673E-01  5.000000E-01  7.014089E-01 -2.434733E-02  0.000000E+00  1.151369E-02  5.505074E-04 -6.342067E-20 -5.740748E-02  0.000000E+00
  3.335981E+00 -1.120704E-01  5.000000E-01  7.084724E-01 -2.400819E-02  0.000000E+00  1.148379E-02  5.546862E-04 -4.802619E-19 -5.516024E-02  0.000000E+00
  3.369247E+00 -1.104573E-01  5.000000E-01  7.155373E-01 -2.366562E-02  0.000000E+00  1.146027E-02  5.587238E-04 -3.734301E-19 -5.315411E-02  0.000000E+00
  3.402518E+00 -1.088299E-01  5.000000E-01  7.226033E-01 -2.332001E-02  0.000000E+00  1.144357E-02  5.628889E-04  1.268660E-19 -5.144448E-02  0.000000E+00
  3.435792E+00 -1.071876E-01  5.000000E-01  7.296699E-01 -2.297121E-02  0.000000E+00  1.143388E-02  5.674020E-04  8.400669E-21 -5.009666E-02  0.000000E+00
  3.469073E+00 -1.055306E-01  5.000000E-01  7.367379E-01 -2.261931E-02  0.000000E+00  1.143166E-02  5.723954E-04 -3.594626E-19 -4.913075E-02  0.000000E+00
  3.502353E+00 -1.038583E-01  5.000000E-01  7.438057E-01 -2.226415E-02  0.000000E+00  1.143763E-02  5.780845E-04 -3.656999E-19 -4.858065E-02  0.000000E+00
  3.535630E+00 -1.021701E-01  5.000000E-01  7.508729E-01 -2.190563E-02  0.000000E+00  1.145327E-02  5.846477E-04 -2.155196E-19 -4.848450E-02  0.000000E+00
  3.568904E+00 -1.004646E-01  5.000000E-01  7.579395E-01 -2.154342E-02  0.000000E+00  1.148108E-02  5.926492E-04 -4.491955E-19 -4.891467E-02  0.000000E+00
  3.602176E+00 -9.873855E-02  5.000000E-01  7.650057E-01 -2.117684E-02  0.000000E+00  1.152506E-02  6.027549E-04 -4.419009E-19 -4.993784E-02  0.000000E+00
  3.635446E+00 -9.698812E-02  5.000000E-01  7.720714E-01 -2.080509E-02  0.000000E+00  1.158937E-02  6.154345E-04 -7.811259E-20 -5.163229E-02  0.000000E+00
  3.668713E+00 -9.520882E-02  5.000000E-01  7.791365E-01 -2.042721E-02  0.000000E+00  1.167543E-02  6.307236E-04 -8.227073E-21 -5.403223E-02  0.000000E+00
  3.701976E+00 -9.339742E-02  5.000000E-01  7.862009E-01 -2.004252E-02  0.000000E+00  1.177636E-02  6.498843E-04 -9.041906E-21 -5.716885E-02  0.000000E+00
  3.735241E+00 -9.154209E-02  5.000000E-01  7.932655E-01 -1.964849E-02  0.000000E+00  1.186998E-02  6.784202E-04  1.114850E-18 -6.128118E-02  0.000000E+00
  3.768500E+00 -8.960078E-02  5.000000E-01  8.003289E-01 -1.923620E-02  0.000000E+00  1.192619E-02  7.207498E-04  1.361041E-18 -6.596975E-02  0.000000E+00
  3.801751E+00 -8.752666E-02  5.000000E-01  8.073904E-01 -1.879571E-02  0.000000E+00  1.192093E-02  7.747339E-04  9.609021E-19 -6.973493E-02  0.000000E+00
  3.834989E+00 -8.528208E-02  5.000000E-01  8.144495E-01 -1.831902E-02  0.000000E+00  1.184072E-02  8.345214E-04  6.349276E-19 -7.095131E-02  0.000000E+00
  3.868211E+00 -8.284426E-02  5.000000E-01  8.215050E-01 -1.780128E-02  0.000000E+00  1.168157E-02  8.945758E-04  1.224742E-18 -6.870268E-02  0.000000E+00
  3.901422E+00 -8.019593E-02  5.000000E-01  8.285582E-01 -1.723884E-02  0.000000E+00  1.144753E-02  9.506018E-04  2.000857E-18 -6.278362E-02  0.000000E+00
  3.934617E+00 -7.733058E-02  5.000000E-01  8.356079E-01 -1.663031E-02  0.000000E+00  1.114897E-02  9.990580E-04  7.425841E-19 -5.335412E-02  0.000000E+00
  3.967800E+00 -7.424802E-02  5.000000E-01  8.426552E-01 -1.597566E-02  0.000000E+00  1.079826E-02  1.037721E-03 -2.873058E-19 -4.081931E-02  0.000000E+00
  4.000972E+00 -7.095348E-02  5.000000E-01  8.497001E-01 -1.527598E-02  0.000000E+00  1.040652E-02  1.065530E-03 -4.140285E-19 -2.562413E-02  0.000000E+00
  4.034139E+00 -6.745492E-02  5.000000E-01  8.567440E-01 -1.453297E-02  0.000000E+00  9.980484E-03  1.082880E-03  8.321126E-20 -8.235795E-03  0.000000E+00
  4.067311E+00 -6.375473E-02  5.000000E-01  8.637890E-01 -1.374714E-02  0.000000E+00  9.522040E-03  1.090265E-03 -9.924818E-19  1.099661E-02  0.000000E+00
  4.100488E+00 -5.985619E-02  5.000000E-01  8.708348E-01 -1.291918E-02  0.000000E+00  9.030311E-03  1.086941E-03 -1.268315E-18  3.199395E-02  0.000000E+00
  4.133669E+00 -5.576487E-02  5.000000E-01  8.778818E-01 -1.205029E-02  0.000000E+00  8.502625E-03  1.071903E-03 -1.915815E-18  5.472617E-02  0.000000E+00
  4.166856E+00 -5.148577E-02  5.000000E-01  8.849299E-01 -1.114151E-02  0.000000E+00  7.937239E-03  1.044405E-03 -2.288778E-18  7.913540E-02  0.000000E+00
  4.200049E+00 -4.702630E-02  5.000000E-01  8.919793E-01 -1.019443E-02  0.000000E+00  7.337144E-03  1.004342E-03  4.414138E-19  1.050796E-01  0.000000E+00
  4.233242E+00 -4.239374E-02  5.000000E-01  8.990286E-01 -9.210590E-03  0.000000E+00  6.714523E-03  9.514881E-04  1.229799E-18  1.324114E-01  0.000000E+00
  4.266405E+00 -3.761780E-02  5.000000E-01  9.060715E-01 -8.196296E-03  0.000000E+00  6.092837E-03  8.850467E-04 -4.650097E-19  1.609722E-01  0.000000E+00
  4.299502E+00 -3.276455E-02  5.000000E-01  9.131007E-01 -7.165586E-03  0.000000E+00  5.502256E-03  8.063217E-04 -3.300061E-19  1.902063E-01  0.000000E+00
  4.332522E+00 -2.793042E-02  5.000000E-01  9.201132E-01 -6.138935E-03  0.000000E+00  4.970515E-03  7.206802E-04  5.909036E-19  2.188200E-01  0.000000E+00
  4.365472E+00 -2.320810E-02  5.000000E-01  9.271110E-01 -5.136030E-03  0.000000E+00  4.517952E-03  6.347320E-04  1.176722E-18  2.453777E-01  0.000000E+00
  4.398350E+00 -1.869417E-02  5.000000E-01  9.340935E-01 -4.177382E-03  0.000000E+00  4.159284E-03  5.530124E-04  8.234097E-19  2.691069E-01  0.000000E+00
  4.431155E+00 -1.448677E-02  5.000000E-01  9.410605E-01 -3.283835E-03  0.000000E+00  3.905368E-03  4.774258E-04  6.445158E-19  2.897903E-01  0.000000E+00
  4.463888E+00 -1.069362E-02  5.000000E-01  9.480121E-01 -2.478262E-03  0.000000E+00  3.760618E-03  4.079494E-04  9.103398E-19  3.071471E-01  0.000000E+00
  4.496579E+00 -7.397491E-03  5.000000E-01  9.549550E-01 -1.778246E-03  0.000000E+00  3.717473E-03  3.431883E-04  1.991623E-20  3.209510E-01  0.000000E+00
  4.529252E+00 -4.656135E-03  5.000000E-01  9.618938E-01 -1.196049E-03  0.000000E+00  3.747855E-03  2.811075E-04  1.265441E-19  3.312721E-01  0.000000E+00
  4.561929E+00 -2.494609E-03  5.000000E-01  9.688337E-01 -7.369940E-04  0.000000E+00  3.789543E-03  2.173535E-04  4.125173E-19  3.371390E-01  0.000000E+00
  4.594574E+00 -9.386874E-04  5.000000E-01  9.757666E-01 -4.065546E-04  0.000000E+00  3.753773E-03  1.418195E-04  9.775048E-20  3.381308E-01  0.000000E+00
  4.627203E+00 -8.180807E-06  5.000000E-01  9.826962E-01 -2.089378E-04  0.000000E+00  3.594108E-03  5.769426E-05 -1.945776E-19  3.424414E-01  0.000000E+00
  4.659162E+00  2.784681E-04  5.000000E-01  9.894836E-01 -1.480606E-04  0.000000E+00  3.328337E-03  6.583523E-06  1.102469E-18  3.498064E-01  0.000000E+00
  4.689251E+00 -2.913239E-05  5.000000E-01  9.958737E-01 -2.133874E-04  0.000000E+00  2.863296E-03 -2.290480E-05  5.874985E-18  2.993801E-01  0.000000E+00
  4.708680E+00 -5.286873E-04  5.000000E-01  9.999999E-01 -3.194806E-04  0.000000E+00  2.216686E-03 -1.367748E-04  5.667941E-18  1.700207E-01  0.000000E+00
    1    2
    2    3
    3    4
    4    5
    5    6
    6    7
    7    8
    8    9
    9   10
   10   11
   11   12
   12   13
   13   14
   14   15
   15   16
   16   17
   17   18
   18   19
   19   20
   20   21
   21   22
   22   23
   23   24
   24   25
   25   26
   26   27
   27   28
   28   29
   29   30
   30   31
   31   32
   32   33
   33   34
   34   35
   35   36
   36   37
   37   38
   38   39
   39   40
   40   41
   41   42
   42   43
   43   44
   44   45
   45   46
   46   47
   47   48
   48   49
   49   50
   50   51
   51   52
   52   53
   53   54
   54   55
   55   56
   56   57
   57   58
   58   59
   59   60
   60   61
   61   62
   62   63
   63   64
   64   65
   65   66
   66   67
   67   68
   68   69
   69   70
   70   71
   71   72
   72   73
   73   74
   74   75
   75   76
   76   77
   77   78
   78   79
   79   80
   80   81
   81   82
   82   83
   83   84
   84   85
   85   86
   86   87
   87   88
   88   89
   89   90
   90   91
   91   92
   92   93
   93   94
   94   95
   95   96
   96   97
   97   98
   98   99
   99  100
  100  101
  101  102
  102  103
  103  104
  104  105
  105  106
  106  107
  107  108
  108  109
  109  110
  110  111
  111  112
  112  113
  113  114
  114  115
  115  116
  116  117
  117  118
  118  119
  119  120
  120  121
  121  122
  122  123
  123  124
  124  125
  125  126
  126  127
  127  128
  128  129
  129  130
  130  131
  131  132
  132  133
  133  134
  134  135
  135  136
  136  137
  137  138
  138  139
  139  140
  140  141
  141  142
  142  143
  143  144
  144  145
  145  146
  146  147
  147  148
  148  149
  149  150
  151  152
  152  153
  153  154
  154  155
  155  156
  156  157
  157  158
  158  159
  159  160
  160  161
  161  162
  162  163
  163  164
  164  165
  165  166
  166  167
  167  168
  168  169
  169  170
  170  171
  171  172
  172  173
  173  174
  174  175
  175  176
  176  177
  177  178
  178  179
  179  180
  180  181
  181  182
  182  183
  183  184
  184  185
  185  186
  186  187
  187  188
  188  189
  189  190
  190  191
  191  192
  192  193
  193  194
  194  195
  195  196
  196  197
  197  198
  198  199
  199  200
  200  201
  201  202
  202  203
  203  204
  204  205
  205  206
  206  207
  207  208
  208  209
  209  210
  210  211
  211  212
  212  213
  213  214
  214  215
  215  216
  216  217
  217  218
  218  219
  219  220
  220  221
  221  222
  222  223
  223  224
  224  225
  225  226
  226  227
  227  228
  228  229
  229  230
  230  231
  231  232
  232  233
  233  234
  234  235
  235  236
  236  237
  237  238
  238  239
  239  240
  240  241
  241  242
  242  243
  243  244
  244  245
  245  246
  246  247
  247  248
  248  249
  249  250
  250  251
  251  252
  252  253
  253  254
  254  255
  255  256
  256  257
  257  258
  258  259
  259  260
  260  261
  261  262
  262  263
  263  264
  264  265
  265  266
  266  267
  267  268
  268  269
  269  270
  270  271
  271  272
  272  273
  273  274
  274  275
  275  276
  276  277
  277  278
  278  279
  279  280
  280  281
  281  282
  282  283
  283  284
  284  285
  285  286
  286  287
  287  288
  288  289
  289  290
  290  291
  291  292
  292  293
  293  294
  294  295
  295  296
  296  297
  297  298
  298  299
  299  300
