 Title = "ADflow Slice Data"
Variables =  "CoordinateX"  "CoordinateY"  "CoordinateZ"  "XoC"  "YoC"  "ZoC" "VelocityX" "VelocityY" "VelocityZ" "CoefPressure" "Mach" 
Zone T= "Slice_0001 None Absolute Regular z = 0.50000000"
 Nodes =          300  Elements=          298  ZONETYPE=FELINESEG
 DATAPACKING=POINT
  4.708680E+00 -4.030419E-04  5.000000E-01  1.000000E+00 -3.158195E-04  0.000000E+00  1.507268E-03 -7.977045E-05  3.372234E-18  1.594466E-01  0.000000E+00
  4.689187E+00  3.369430E-03  5.000000E-01  9.958601E-01  4.853608E-04  0.000000E+00  9.372261E-04 -1.440051E-04  1.278368E-18  7.383200E-02  0.000000E+00
  4.658673E+00  9.431772E-03  5.000000E-01  9.893797E-01  1.772853E-03  0.000000E+00  5.579318E-04 -1.332087E-04  3.899551E-19  8.769009E-02  0.000000E+00
  4.626256E+00  1.599526E-02  5.000000E-01  9.824952E-01  3.166777E-03  0.000000E+00  3.100971E-04 -6.458307E-05  7.571434E-19  7.411150E-02  0.000000E+00
  4.593146E+00  2.274484E-02  5.000000E-01  9.754635E-01  4.600223E-03  0.000000E+00  2.072029E-04 -3.604028E-05 -3.547385E-19  4.602227E-02  0.000000E+00
  4.560031E+00  2.947244E-02  5.000000E-01  9.684306E-01  6.028998E-03  0.000000E+00  2.373819E-04 -4.780213E-05 -7.303878E-19  2.407257E-02  0.000000E+00
  4.526891E+00  3.612607E-02  5.000000E-01  9.613923E-01  7.442067E-03  0.000000E+00  3.519769E-04 -7.195878E-05  7.404703E-19  2.088350E-03  0.000000E+00
  4.493752E+00  4.265349E-02  5.000000E-01  9.543545E-01  8.828329E-03  0.000000E+00  5.204776E-04 -1.021656E-04 -2.556099E-19 -2.654388E-02  0.000000E+00
  4.460612E+00  4.901229E-02  5.000000E-01  9.473164E-01  1.017878E-02  0.000000E+00  7.265591E-04 -1.361172E-04 -6.209103E-19 -5.987700E-02  0.000000E+00
  4.427470E+00  5.516656E-02  5.000000E-01  9.402779E-01  1.148580E-02  0.000000E+00  9.411199E-04 -1.668341E-04 -1.627108E-20 -9.111393E-02  0.000000E+00
  4.394325E+00  6.107831E-02  5.000000E-01  9.332387E-01  1.274131E-02  0.000000E+00  1.125926E-03 -1.913385E-04 -1.511298E-18 -1.162008E-01  0.000000E+00
  4.361178E+00  6.671567E-02  5.000000E-01  9.261991E-01  1.393854E-02  0.000000E+00  1.297932E-03 -2.170965E-04 -3.606817E-18 -1.470563E-01  0.000000E+00
  4.328027E+00  7.204671E-02  5.000000E-01  9.191586E-01  1.507073E-02  0.000000E+00  1.645097E-03 -2.666427E-04 -2.295845E-18 -2.144390E-01  0.000000E+00
  4.294876E+00  7.703968E-02  5.000000E-01  9.121181E-01  1.613111E-02  0.000000E+00  2.609062E-03 -3.848931E-04  7.786274E-19 -3.420039E-01  0.000000E+00
  4.261727E+00  8.166743E-02  5.000000E-01  9.050782E-01  1.711393E-02  0.000000E+00  4.798344E-03 -6.311986E-04  6.838207E-18 -5.130874E-01  0.000000E+00
  4.228582E+00  8.590509E-02  5.000000E-01  8.980388E-01  1.801391E-02  0.000000E+00  8.525116E-03 -1.009338E-03  1.849979E-17 -6.747620E-01  0.000000E+00
  4.195443E+00  8.972661E-02  5.000000E-01  8.910010E-01  1.882550E-02  0.000000E+00  1.320961E-02 -1.406577E-03  3.234506E-17 -7.784744E-01  0.000000E+00
  4.162308E+00  9.310667E-02  5.000000E-01  8.839639E-01  1.954335E-02  0.000000E+00  1.740560E-02 -1.640250E-03  4.060083E-17 -8.122085E-01  0.000000E+00
  4.129179E+00  9.602546E-02  5.000000E-01  8.769281E-01  2.016322E-02  0.000000E+00  1.987489E-02 -1.607293E-03  3.728199E-17 -7.955683E-01  0.000000E+00
  4.096054E+00  9.846354E-02  5.000000E-01  8.698932E-01  2.068101E-02  0.000000E+00  2.052014E-02 -1.363722E-03  2.332617E-17 -7.542173E-01  0.000000E+00
  4.062934E+00  1.004078E-01  5.000000E-01  8.628593E-01  2.109392E-02  0.000000E+00  2.006509E-02 -1.031673E-03  7.130409E-18 -7.036759E-01  0.000000E+00
  4.029817E+00  1.018487E-01  5.000000E-01  8.558262E-01  2.139994E-02  0.000000E+00  1.925484E-02 -6.958796E-04 -3.450456E-18 -6.496051E-01  0.000000E+00
  3.996705E+00  1.027839E-01  5.000000E-01  8.487940E-01  2.159854E-02  0.000000E+00  1.845956E-02 -3.865098E-04 -7.960689E-18 -5.934764E-01  0.000000E+00
  3.963594E+00  1.032202E-01  5.000000E-01  8.417620E-01  2.169121E-02  0.000000E+00  1.773763E-02 -1.087596E-04 -8.398876E-18 -5.357596E-01  0.000000E+00
  3.930486E+00  1.031758E-01  5.000000E-01  8.347306E-01  2.168177E-02  0.000000E+00  1.702061E-02  1.351820E-04 -7.020435E-18 -4.769078E-01  0.000000E+00
  3.897377E+00  1.026798E-01  5.000000E-01  8.276991E-01  2.157645E-02  0.000000E+00  1.623596E-02  3.387222E-04 -5.112705E-18 -4.175907E-01  0.000000E+00
  3.864269E+00  1.017796E-01  5.000000E-01  8.206677E-01  2.138527E-02  0.000000E+00  1.535195E-02  4.935112E-04 -3.298576E-18 -3.586541E-01  0.000000E+00
  3.831161E+00  1.005370E-01  5.000000E-01  8.136366E-01  2.112136E-02  0.000000E+00  1.437680E-02  5.930082E-04 -2.598766E-18 -3.012765E-01  0.000000E+00
  3.798054E+00  9.903591E-02  5.000000E-01  8.066053E-01  2.080257E-02  0.000000E+00  1.334510E-02  6.341869E-04 -1.930577E-18 -2.471343E-01  0.000000E+00
  3.764948E+00  9.738118E-02  5.000000E-01  7.995744E-01  2.045115E-02  0.000000E+00  1.230503E-02  6.186356E-04 -7.596670E-19 -1.984715E-01  0.000000E+00
  3.731842E+00  9.570038E-02  5.000000E-01  7.925435E-01  2.009418E-02  0.000000E+00  1.130637E-02  5.524936E-04  1.832436E-19 -1.580459E-01  0.000000E+00
  3.698737E+00  9.414310E-02  5.000000E-01  7.855130E-01  1.976346E-02  0.000000E+00  1.039969E-02  4.537914E-04  2.096796E-19 -1.272430E-01  0.000000E+00
  3.665634E+00  9.281685E-02  5.000000E-01  7.784827E-01  1.948179E-02  0.000000E+00  9.629019E-03  3.512815E-04  4.394211E-21 -1.045548E-01  0.000000E+00
  3.632534E+00  9.173558E-02  5.000000E-01  7.714529E-01  1.925216E-02  0.000000E+00  9.008877E-03  2.615568E-04  2.307916E-19 -8.801944E-02  0.000000E+00
  3.599434E+00  9.089975E-02  5.000000E-01  7.644234E-01  1.907465E-02  0.000000E+00  8.525420E-03  1.844122E-04  2.093344E-19 -7.668004E-02  0.000000E+00
  3.566334E+00  9.030738E-02  5.000000E-01  7.573938E-01  1.894884E-02  0.000000E+00  8.156427E-03  1.171119E-04  1.572358E-19 -6.966431E-02  0.000000E+00
  3.533236E+00  8.995198E-02  5.000000E-01  7.503646E-01  1.887337E-02  0.000000E+00  7.880882E-03  5.791246E-05  2.211335E-20 -6.625474E-02  0.000000E+00
  3.500138E+00  8.982214E-02  5.000000E-01  7.433353E-01  1.884579E-02  0.000000E+00  7.682913E-03  5.572047E-06 -9.220141E-20 -6.601038E-02  0.000000E+00
  3.467038E+00  8.990391E-02  5.000000E-01  7.363057E-01  1.886316E-02  0.000000E+00  7.552946E-03 -4.076425E-05 -1.527424E-19 -6.860523E-02  0.000000E+00
  3.433936E+00  9.017846E-02  5.000000E-01  7.292757E-01  1.892147E-02  0.000000E+00  7.486084E-03 -8.139724E-05 -2.251858E-19 -7.372307E-02  0.000000E+00
  3.400832E+00  9.062185E-02  5.000000E-01  7.222453E-01  1.901563E-02  0.000000E+00  7.479433E-03 -1.163230E-04 -1.873884E-19 -8.107117E-02  0.000000E+00
  3.367728E+00  9.120558E-02  5.000000E-01  7.152146E-01  1.913960E-02  0.000000E+00  7.530190E-03 -1.452047E-04 -3.332044E-22 -9.032054E-02  0.000000E+00
  3.334620E+00  9.189576E-02  5.000000E-01  7.081834E-01  1.928618E-02  0.000000E+00  7.633915E-03 -1.673593E-04 -9.928977E-20 -1.010830E-01  0.000000E+00
  3.301512E+00  9.265408E-02  5.000000E-01  7.011520E-01  1.944723E-02  0.000000E+00  7.782795E-03 -1.816670E-04 -1.863031E-19 -1.129462E-01  0.000000E+00
  3.268401E+00  9.343806E-02  5.000000E-01  6.941201E-01  1.961372E-02  0.000000E+00  7.964300E-03 -1.864693E-04 -3.102334E-20 -1.253667E-01  0.000000E+00
  3.235290E+00  9.420127E-02  5.000000E-01  6.870881E-01  1.977581E-02  0.000000E+00  8.159700E-03 -1.797070E-04  2.947196E-20 -1.374465E-01  0.000000E+00
  3.202177E+00  9.489408E-02  5.000000E-01  6.800557E-01  1.992295E-02  0.000000E+00  8.342835E-03 -1.592877E-04 -6.354744E-20 -1.477693E-01  0.000000E+00
  3.169063E+00  9.546555E-02  5.000000E-01  6.730231E-01  2.004431E-02  0.000000E+00  8.480475E-03 -1.238625E-04 -8.135969E-20 -1.545112E-01  0.000000E+00
  3.135947E+00  9.586330E-02  5.000000E-01  6.659902E-01  2.012879E-02  0.000000E+00  8.534709E-03 -7.615718E-05  2.688232E-20 -1.563609E-01  0.000000E+00
  3.102831E+00  9.605563E-02  5.000000E-01  6.589571E-01  2.016963E-02  0.000000E+00  8.471127E-03 -2.630026E-05  9.317439E-20 -1.536200E-01  0.000000E+00
  3.069714E+00  9.606463E-02  5.000000E-01  6.519238E-01  2.017154E-02  0.000000E+00  8.274207E-03  1.609638E-05  1.490246E-19 -1.473695E-01  0.000000E+00
  3.036593E+00  9.592193E-02  5.000000E-01  6.448898E-01  2.014124E-02  0.000000E+00  7.950730E-03  4.799997E-05  7.782544E-20 -1.385224E-01  0.000000E+00
  3.003475E+00  9.565948E-02  5.000000E-01  6.378564E-01  2.008550E-02  0.000000E+00  7.519564E-03  6.906480E-05  1.881855E-20 -1.280332E-01  0.000000E+00
  2.970356E+00  9.530832E-02  5.000000E-01  6.308226E-01  2.001092E-02  0.000000E+00  7.003511E-03  7.965862E-05  4.667149E-20 -1.168632E-01  0.000000E+00
  2.937236E+00  9.490151E-02  5.000000E-01  6.237888E-01  1.992453E-02  0.000000E+00  6.424429E-03  8.085140E-05  1.145508E-19 -1.058991E-01  0.000000E+00
  2.904117E+00  9.447141E-02  5.000000E-01  6.167550E-01  1.983318E-02  0.000000E+00  5.801243E-03  7.436680E-05  9.141976E-20 -9.591259E-02  0.000000E+00
  2.870996E+00  9.405087E-02  5.000000E-01  6.097211E-01  1.974387E-02  0.000000E+00  5.149940E-03  6.216689E-05 -7.336404E-20 -8.756377E-02  0.000000E+00
  2.837877E+00  9.367295E-02  5.000000E-01  6.026873E-01  1.966361E-02  0.000000E+00  4.484507E-03  4.638241E-05 -1.525706E-19 -8.140505E-02  0.000000E+00
  2.804757E+00  9.337051E-02  5.000000E-01  5.956535E-01  1.959938E-02  0.000000E+00  3.817725E-03  2.912032E-05 -9.034185E-20 -7.797457E-02  0.000000E+00
  2.771639E+00  9.317695E-02  5.000000E-01  5.886200E-01  1.955827E-02  0.000000E+00  3.161910E-03  1.233952E-05 -1.557338E-20 -7.793547E-02  0.000000E+00
  2.738522E+00  9.312456E-02  5.000000E-01  5.815867E-01  1.954714E-02  0.000000E+00  2.529608E-03 -2.158837E-06  1.142954E-20 -8.216912E-02  0.000000E+00
  2.705406E+00  9.324672E-02  5.000000E-01  5.745537E-01  1.957309E-02  0.000000E+00  1.934052E-03 -1.267504E-05 -2.748989E-20 -9.139810E-02  0.000000E+00
  2.672292E+00  9.357599E-02  5.000000E-01  5.675211E-01  1.964302E-02  0.000000E+00  1.387836E-03 -1.781391E-05  1.147083E-19 -1.052844E-01  0.000000E+00
  2.639177E+00  9.414522E-02  5.000000E-01  5.604885E-01  1.976391E-02  0.000000E+00  9.004288E-04 -1.692618E-05  7.342107E-20 -1.220595E-01  0.000000E+00
  2.606068E+00  9.498640E-02  5.000000E-01  5.534568E-01  1.994255E-02  0.000000E+00  4.823789E-04 -1.114478E-05 -2.665979E-20 -1.402555E-01  0.000000E+00
  2.572958E+00  9.610530E-02  5.000000E-01  5.464251E-01  2.018018E-02  0.000000E+00  1.678590E-04 -4.844430E-06  1.994074E-19 -1.634656E-01  0.000000E+00
  2.539852E+00  9.746589E-02  5.000000E-01  5.393941E-01  2.046914E-02  0.000000E+00  6.337636E-05 -5.971313E-06 -9.075008E-20 -2.045836E-01  0.000000E+00
  2.506749E+00  9.902639E-02  5.000000E-01  5.323639E-01  2.080055E-02  0.000000E+00  4.066130E-04 -2.784556E-05 -2.311297E-19 -2.815916E-01  0.000000E+00
  2.473650E+00  1.007449E-01  5.000000E-01  5.253345E-01  2.116551E-02  0.000000E+00  1.581121E-03 -9.215333E-05 -1.374593E-19 -4.030710E-01  0.000000E+00
  2.440554E+00  1.025790E-01  5.000000E-01  5.183056E-01  2.155503E-02  0.000000E+00  3.999652E-03 -2.272791E-04  1.741765E-19 -5.546827E-01  0.000000E+00
  2.407460E+00  1.044868E-01  5.000000E-01  5.112774E-01  2.196020E-02  0.000000E+00  7.738631E-03 -4.431150E-04  6.475196E-19 -7.021091E-01  0.000000E+00
  2.374373E+00  1.064246E-01  5.000000E-01  5.042504E-01  2.237174E-02  0.000000E+00  1.215176E-02 -7.004346E-04  2.352132E-18 -8.119396E-01  0.000000E+00
  2.341286E+00  1.083493E-01  5.000000E-01  4.972236E-01  2.278051E-02  0.000000E+00  1.601927E-02 -9.149784E-04  3.959658E-18 -8.717848E-01  0.000000E+00
  2.308194E+00  1.102204E-01  5.000000E-01  4.901958E-01  2.317789E-02  0.000000E+00  1.839749E-02 -1.016290E-03  2.322661E-18 -8.911102E-01  0.000000E+00
  2.275097E+00  1.119987E-01  5.000000E-01  4.831667E-01  2.355555E-02  0.000000E+00  1.925878E-02 -1.000599E-03  6.864878E-19 -8.869590E-01  0.000000E+00
  2.241991E+00  1.136457E-01  5.000000E-01  4.761359E-01  2.390533E-02  0.000000E+00  1.921220E-02 -9.103740E-04  5.719835E-20 -8.719857E-01  0.000000E+00
  2.208879E+00  1.151237E-01  5.000000E-01  4.691038E-01  2.421922E-02  0.000000E+00  1.888515E-02 -7.866763E-04 -8.210796E-19 -8.520863E-01  0.000000E+00
  2.175760E+00  1.163951E-01  5.000000E-01  4.620701E-01  2.448925E-02  0.000000E+00  1.860619E-02 -6.478492E-04 -1.512129E-18 -8.289143E-01  0.000000E+00
  2.142637E+00  1.174234E-01  5.000000E-01  4.550354E-01  2.470761E-02  0.000000E+00  1.843585E-02 -4.957680E-04 -2.786746E-18 -8.023724E-01  0.000000E+00
  2.109507E+00  1.181720E-01  5.000000E-01  4.479994E-01  2.486660E-02  0.000000E+00  1.831164E-02 -3.283288E-04 -3.980386E-18 -7.721411E-01  0.000000E+00
  2.076374E+00  1.186065E-01  5.000000E-01  4.409628E-01  2.495889E-02  0.000000E+00  1.815174E-02 -1.516632E-04 -4.227782E-18 -7.388413E-01  0.000000E+00
  2.043241E+00  1.187182E-01  5.000000E-01  4.339262E-01  2.498261E-02  0.000000E+00  1.790469E-02  1.887972E-05 -3.840897E-18 -7.041404E-01  0.000000E+00
  2.010106E+00  1.185280E-01  5.000000E-01  4.268892E-01  2.494220E-02  0.000000E+00  1.756747E-02  1.728169E-04 -3.078777E-18 -6.694454E-01  0.000000E+00
  1.976970E+00  1.180578E-01  5.000000E-01  4.198519E-01  2.484236E-02  0.000000E+00  1.716508E-02  3.082055E-04 -1.972619E-18 -6.354175E-01  0.000000E+00
  1.943835E+00  1.173297E-01  5.000000E-01  4.128148E-01  2.468772E-02  0.000000E+00  1.672164E-02  4.250933E-04 -3.097962E-19 -6.024126E-01  0.000000E+00
  1.910699E+00  1.163649E-01  5.000000E-01  4.057776E-01  2.448283E-02  0.000000E+00  1.625090E-02  5.236848E-04  1.789406E-18 -5.706590E-01  0.000000E+00
  1.877561E+00  1.151861E-01  5.000000E-01  3.987399E-01  2.423248E-02  0.000000E+00  1.575814E-02  6.044888E-04  3.083934E-18 -5.403267E-01  0.000000E+00
  1.844424E+00  1.138151E-01  5.000000E-01  3.917024E-01  2.394130E-02  0.000000E+00  1.524464E-02  6.681316E-04  3.574575E-18 -5.116101E-01  0.000000E+00
  1.811282E+00  1.122740E-01  5.000000E-01  3.846638E-01  2.361401E-02  0.000000E+00  1.471172E-02  7.151177E-04  3.373172E-18 -4.847965E-01  0.000000E+00
  1.778139E+00  1.105862E-01  5.000000E-01  3.776250E-01  2.325556E-02  0.000000E+00  1.416397E-02  7.466160E-04  2.554206E-18 -4.602339E-01  0.000000E+00
  1.744992E+00  1.087733E-01  5.000000E-01  3.705854E-01  2.287054E-02  0.000000E+00  1.360978E-02  7.641203E-04  1.196229E-18 -4.383970E-01  0.000000E+00
  1.711843E+00  1.068581E-01  5.000000E-01  3.635455E-01  2.246381E-02  0.000000E+00  1.306179E-02  7.695221E-04  4.727526E-19 -4.198899E-01  0.000000E+00
  1.678692E+00  1.048618E-01  5.000000E-01  3.565049E-01  2.203984E-02  0.000000E+00  1.253680E-02  7.650936E-04  5.823751E-20 -4.054329E-01  0.000000E+00
  1.645539E+00  1.028066E-01  5.000000E-01  3.494640E-01  2.160337E-02  0.000000E+00  1.205529E-02  7.534934E-04 -2.127807E-19 -3.957773E-01  0.000000E+00
  1.612385E+00  1.007128E-01  5.000000E-01  3.424230E-01  2.115869E-02  0.000000E+00  1.164008E-02  7.376688E-04  1.939695E-20 -3.915785E-01  0.000000E+00
  1.579236E+00  9.860059E-02  5.000000E-01  3.353830E-01  2.071012E-02  0.000000E+00  1.131368E-02  7.202739E-04 -1.214958E-19 -3.933154E-01  0.000000E+00
  1.546090E+00  9.648808E-02  5.000000E-01  3.283435E-01  2.026147E-02  0.000000E+00  1.109524E-02  7.029568E-04 -5.153967E-20 -4.012412E-01  0.000000E+00
  1.512946E+00  9.439656E-02  5.000000E-01  3.213046E-01  1.981729E-02  0.000000E+00  1.099830E-02  6.864314E-04 -1.846950E-19 -4.152558E-01  0.000000E+00
  1.479807E+00  9.234723E-02  5.000000E-01  3.142666E-01  1.938206E-02  0.000000E+00  1.102871E-02  6.711335E-04 -4.634146E-19 -4.347671E-01  0.000000E+00
  1.446672E+00  9.035954E-02  5.000000E-01  3.072296E-01  1.895992E-02  0.000000E+00  1.118201E-02  6.566252E-04 -1.460373E-18 -4.588118E-01  0.000000E+00
  1.413540E+00  8.845172E-02  5.000000E-01  3.001932E-01  1.855475E-02  0.000000E+00  1.144321E-02  6.416213E-04 -1.166333E-18 -4.862018E-01  0.000000E+00
  1.380413E+00  8.663993E-02  5.000000E-01  2.931579E-01  1.816997E-02  0.000000E+00  1.178899E-02  6.244777E-04 -7.156168E-19 -5.156865E-01  0.000000E+00
  1.347294E+00  8.493774E-02  5.000000E-01  2.861242E-01  1.780846E-02  0.000000E+00  1.219169E-02  6.034781E-04 -6.123138E-19 -5.461463E-01  0.000000E+00
  1.314179E+00  8.335613E-02  5.000000E-01  2.790914E-01  1.747257E-02  0.000000E+00  1.262428E-02  5.771369E-04  4.403378E-20 -5.767120E-01  0.000000E+00
  1.281074E+00  8.190476E-02  5.000000E-01  2.720606E-01  1.716433E-02  0.000000E+00  1.306496E-02  5.447067E-04  3.701660E-19 -6.067750E-01  0.000000E+00
  1.247974E+00  8.058995E-02  5.000000E-01  2.650310E-01  1.688510E-02  0.000000E+00  1.349929E-02  5.059926E-04  7.731507E-19 -6.359868E-01  0.000000E+00
  1.214880E+00  7.941749E-02  5.000000E-01  2.580028E-01  1.663610E-02  0.000000E+00  1.392075E-02  4.613743E-04  7.081226E-19 -6.641758E-01  0.000000E+00
  1.181795E+00  7.839044E-02  5.000000E-01  2.509763E-01  1.641798E-02  0.000000E+00  1.432926E-02  4.117605E-04  3.346379E-19 -6.912670E-01  0.000000E+00
  1.148718E+00  7.751003E-02  5.000000E-01  2.439516E-01  1.623100E-02  0.000000E+00  1.472838E-02  3.578839E-04 -1.688064E-19 -7.172876E-01  0.000000E+00
  1.115646E+00  7.677673E-02  5.000000E-01  2.369279E-01  1.607527E-02  0.000000E+00  1.512360E-02  3.003981E-04 -5.612037E-19 -7.423055E-01  0.000000E+00
  1.082583E+00  7.618987E-02  5.000000E-01  2.299061E-01  1.595063E-02  0.000000E+00  1.552042E-02  2.400219E-04 -7.528188E-19 -7.663711E-01  0.000000E+00
  1.049524E+00  7.574717E-02  5.000000E-01  2.228852E-01  1.585661E-02  0.000000E+00  1.592179E-02  1.772541E-04 -5.811875E-19 -7.894517E-01  0.000000E+00
  1.016475E+00  7.544588E-02  5.000000E-01  2.158664E-01  1.579263E-02  0.000000E+00  1.632761E-02  1.134430E-04 -4.487573E-19 -8.111778E-01  0.000000E+00
  9.834318E-01  7.528050E-02  5.000000E-01  2.088488E-01  1.575750E-02  0.000000E+00  1.673894E-02  5.648913E-05 -4.885231E-19 -8.302691E-01  0.000000E+00
  9.503976E-01  7.521815E-02  5.000000E-01  2.018331E-01  1.574426E-02  0.000000E+00  1.715112E-02  1.993680E-05 -5.872737E-19 -8.448655E-01  0.000000E+00
  9.173728E-01  7.520005E-02  5.000000E-01  1.948195E-01  1.574042E-02  0.000000E+00  1.753926E-02  1.090093E-05 -6.795100E-19 -8.539847E-01  0.000000E+00
  8.843598E-01  7.517294E-02  5.000000E-01  1.878083E-01  1.573466E-02  0.000000E+00  1.787165E-02  2.861706E-05 -6.058499E-19 -8.577874E-01  0.000000E+00
  8.513623E-01  7.509001E-02  5.000000E-01  1.808005E-01  1.571705E-02  0.000000E+00  1.813164E-02  7.043840E-05 -3.449515E-19 -8.569276E-01  0.000000E+00
  8.183794E-01  7.491200E-02  5.000000E-01  1.737957E-01  1.567924E-02  0.000000E+00  1.831991E-02  1.327799E-04  4.733629E-20 -8.522605E-01  0.000000E+00
  7.854121E-01  7.460715E-02  5.000000E-01  1.667943E-01  1.561450E-02  0.000000E+00  1.844802E-02  2.116966E-04  4.771255E-19 -8.446266E-01  0.000000E+00
  7.524593E-01  7.415048E-02  5.000000E-01  1.597959E-01  1.551752E-02  0.000000E+00  1.853021E-02  3.034241E-04  6.208672E-19 -8.347489E-01  0.000000E+00
  7.195226E-01  7.352304E-02  5.000000E-01  1.528009E-01  1.538426E-02  0.000000E+00  1.857825E-02  4.048877E-04  5.263051E-20 -8.231938E-01  0.000000E+00
  6.866079E-01  7.271011E-02  5.000000E-01  1.458107E-01  1.521162E-02  0.000000E+00  1.859961E-02  5.138983E-04 -9.546423E-19 -8.103751E-01  0.000000E+00
  6.537221E-01  7.169978E-02  5.000000E-01  1.388265E-01  1.499705E-02  0.000000E+00  1.859751E-02  6.287166E-04 -1.927715E-18 -7.966149E-01  0.000000E+00
  6.208691E-01  7.048244E-02  5.000000E-01  1.318494E-01  1.473851E-02  0.000000E+00  1.857200E-02  7.476361E-04 -3.534421E-18 -7.822112E-01  0.000000E+00
  5.880524E-01  6.905079E-02  5.000000E-01  1.248799E-01  1.443447E-02  0.000000E+00  1.852170E-02  8.687977E-04 -5.195168E-18 -7.674839E-01  0.000000E+00
  5.552711E-01  6.739987E-02  5.000000E-01  1.179180E-01  1.408385E-02  0.000000E+00  1.844525E-02  9.902709E-04 -6.580312E-18 -7.527838E-01  0.000000E+00
  5.225283E-01  6.552738E-02  5.000000E-01  1.109642E-01  1.368618E-02  0.000000E+00  1.834243E-02  1.110525E-03 -8.468475E-18 -7.384662E-01  0.000000E+00
  4.898261E-01  6.343190E-02  5.000000E-01  1.040191E-01  1.324115E-02  0.000000E+00  1.821349E-02  1.228112E-03 -9.674157E-18 -7.249443E-01  0.000000E+00
  4.571624E-01  6.111400E-02  5.000000E-01  9.708209E-02  1.274889E-02  0.000000E+00  1.805841E-02  1.341269E-03 -8.674267E-18 -7.127530E-01  0.000000E+00
  4.245350E-01  5.857633E-02  5.000000E-01  9.015283E-02  1.220995E-02  0.000000E+00  1.787689E-02  1.448036E-03 -6.395941E-18 -7.025361E-01  0.000000E+00
  3.919369E-01  5.582411E-02  5.000000E-01  8.322981E-02  1.162545E-02  0.000000E+00  1.766831E-02  1.546770E-03 -4.170645E-18 -6.949189E-01  0.000000E+00
  3.593832E-01  5.286584E-02  5.000000E-01  7.631620E-02  1.099718E-02  0.000000E+00  1.743104E-02  1.637383E-03 -2.490977E-18 -6.902643E-01  0.000000E+00
  3.269046E-01  4.970894E-02  5.000000E-01  6.941854E-02  1.032673E-02  0.000000E+00  1.715957E-02  1.721680E-03 -1.372030E-18 -6.885725E-01  0.000000E+00
  2.945750E-01  4.635821E-02  5.000000E-01  6.255253E-02  9.615121E-03  0.000000E+00  1.684130E-02  1.801373E-03  5.829705E-19 -6.897969E-01  0.000000E+00
  2.624265E-01  4.280712E-02  5.000000E-01  5.572497E-02  8.860956E-03  0.000000E+00  1.645761E-02  1.872956E-03  2.516692E-18 -6.946686E-01  0.000000E+00
  2.304268E-01  3.905189E-02  5.000000E-01  4.892903E-02  8.063439E-03  0.000000E+00  1.600212E-02  1.930248E-03  1.587960E-18 -7.049321E-01  0.000000E+00
  1.986088E-01  3.510409E-02  5.000000E-01  4.217166E-02  7.225022E-03  0.000000E+00  1.550224E-02  1.970503E-03 -5.731126E-18 -7.232185E-01  0.000000E+00
  1.669282E-01  3.096990E-02  5.000000E-01  3.544349E-02  6.347022E-03  0.000000E+00  1.501678E-02  1.987023E-03 -2.723704E-17 -7.539297E-01  0.000000E+00
  1.350509E-01  2.667773E-02  5.000000E-01  2.867354E-02  5.435470E-03  0.000000E+00  1.466001E-02  1.999935E-03 -4.984880E-17 -7.996943E-01  0.000000E+00
  1.043791E-01  2.244084E-02  5.000000E-01  2.215959E-02  4.535659E-03  0.000000E+00  1.458592E-02  2.088256E-03  1.548202E-17 -8.573832E-01  0.000000E+00
  7.632629E-02  1.828021E-02  5.000000E-01  1.620187E-02  3.652044E-03  0.000000E+00  1.478460E-02  2.279811E-03  3.050909E-16 -9.286031E-01  0.000000E+00
  5.118571E-02  1.422938E-02  5.000000E-01  1.086263E-02  2.791747E-03  0.000000E+00  1.513004E-02  2.565908E-03  6.475001E-16 -1.016465E+00  0.000000E+00
  3.264831E-02  1.094062E-02  5.000000E-01  6.925739E-03  2.093296E-03  0.000000E+00  1.584214E-02  3.091200E-03 -3.354274E-16 -1.107794E+00  0.000000E+00
  2.051015E-02  8.384266E-03  5.000000E-01  4.347893E-03  1.550389E-03  0.000000E+00  1.759797E-02  4.101870E-03 -5.742107E-15 -1.191780E+00  0.000000E+00
  1.247723E-02  6.338202E-03  5.000000E-01  2.641898E-03  1.115855E-03  0.000000E+00  2.222418E-02  6.223899E-03 -1.798097E-14 -1.273863E+00  0.000000E+00
  7.055255E-03  4.695361E-03  5.000000E-01  1.490404E-03  7.669560E-04  0.000000E+00  3.431187E-02  1.190812E-02 -2.925707E-14 -1.344783E+00  0.000000E+00
  3.418635E-03  3.333102E-03  5.000000E-01  7.180754E-04  4.776457E-04  0.000000E+00  5.914120E-02  2.748776E-02 -8.483336E-15 -1.345484E+00  0.000000E+00
  1.108798E-03  2.138948E-03  5.000000E-01  2.275226E-04  2.240368E-04  0.000000E+00  7.678680E-02  6.108674E-02  6.802647E-14 -1.093797E+00  0.000000E+00
  3.747479E-05  1.084039E-03  5.000000E-01  0.000000E+00  0.000000E+00  0.000000E+00  2.547047E-02  1.084031E-01  1.490574E-13  1.787867E-02  0.000000E+00
  3.747479E-05  1.084039E-03  5.000000E-01  0.000000E+00  0.000000E+00  0.000000E+00  2.547047E-02  1.084031E-01  1.490574E-13  1.787867E-02  0.000000E+00
  2.534065E-04  9.344856E-05  5.000000E-01  4.585858E-05 -2.103771E-04  0.000000E+00 -3.343628E-02  7.910537E-02  1.362146E-13  1.116783E+00  0.000000E+00
  1.848580E-03 -8.722412E-04  5.000000E-01  3.846343E-04 -4.154659E-04  0.000000E+00 -2.525211E-02  1.392118E-02  6.514588E-14  1.201143E+00  0.000000E+00
  4.867645E-03 -1.813233E-03  5.000000E-01  1.025809E-03 -6.153095E-04  0.000000E+00 -2.758525E-03  9.779480E-04  1.936234E-14  1.020645E+00  0.000000E+00
  9.380877E-03 -2.776060E-03  5.000000E-01  1.984309E-03 -8.197903E-04  0.000000E+00  8.882723E-03 -1.562775E-03 -1.794177E-15  9.290501E-01  0.000000E+00
  1.589077E-02 -3.825922E-03  5.000000E-01  3.366850E-03 -1.042755E-03  0.000000E+00  1.314356E-02 -1.853744E-03 -6.211838E-15  8.520019E-01  0.000000E+00
  2.547297E-02 -5.016883E-03  5.000000E-01  5.401873E-03 -1.295686E-03  0.000000E+00  1.374094E-02 -1.507219E-03 -3.990753E-15  7.722605E-01  0.000000E+00
  3.989163E-02 -6.382199E-03  5.000000E-01  8.464043E-03 -1.585645E-03  0.000000E+00  1.293871E-02 -1.084081E-03 -1.302118E-15  6.966072E-01  0.000000E+00
  6.092142E-02 -7.894033E-03  5.000000E-01  1.293025E-02 -1.906722E-03  0.000000E+00  1.197571E-02 -7.946376E-04 -2.212437E-18  6.334691E-01  0.000000E+00
  8.832839E-02 -9.545064E-03  5.000000E-01  1.875082E-02 -2.257360E-03  0.000000E+00  1.133616E-02 -6.636932E-04  2.427300E-16  5.864290E-01  0.000000E+00
  1.189914E-01 -1.128729E-02  5.000000E-01  2.526288E-02 -2.627366E-03  0.000000E+00  1.107338E-02 -6.336486E-04  1.361998E-16  5.520188E-01  0.000000E+00
  1.511926E-01 -1.314618E-02  5.000000E-01  3.210163E-02 -3.022148E-03  0.000000E+00  1.109466E-02 -6.566183E-04  3.677773E-17  5.255326E-01  0.000000E+00
  1.838450E-01 -1.513086E-02  5.000000E-01  3.903620E-02 -3.443647E-03  0.000000E+00  1.127965E-02 -6.999871E-04  5.883064E-20  5.026525E-01  0.000000E+00
  2.165049E-01 -1.720504E-02  5.000000E-01  4.597235E-02 -3.884151E-03  0.000000E+00  1.151910E-02 -7.402088E-04 -5.853545E-18  4.810782E-01  0.000000E+00
  2.491496E-01 -1.933052E-02  5.000000E-01  5.290529E-02 -4.335550E-03  0.000000E+00  1.174297E-02 -7.716172E-04 -2.230597E-18  4.615606E-01  0.000000E+00
  2.819003E-01 -2.150364E-02  5.000000E-01  5.986073E-02 -4.797068E-03  0.000000E+00  1.192190E-02 -7.991322E-04  2.938644E-19  4.451899E-01  0.000000E+00
  3.147601E-01 -2.373103E-02  5.000000E-01  6.683936E-02 -5.270112E-03  0.000000E+00  1.205207E-02 -8.269796E-04 -2.583895E-19  4.315498E-01  0.000000E+00
  3.477303E-01 -2.602436E-02  5.000000E-01  7.384142E-02 -5.757159E-03  0.000000E+00  1.214244E-02 -8.571045E-04 -9.512806E-19  4.195526E-01  0.000000E+00
  3.807756E-01 -2.839489E-02  5.000000E-01  8.085941E-02 -6.260600E-03  0.000000E+00  1.220414E-02 -8.886955E-04 -2.869416E-19  4.082815E-01  0.000000E+00
  4.138291E-01 -3.084184E-02  5.000000E-01  8.787917E-02 -6.780272E-03  0.000000E+00  1.224416E-02 -9.187010E-04  5.123527E-19  3.972268E-01  0.000000E+00
  4.468689E-01 -3.335790E-02  5.000000E-01  9.489601E-02 -7.314621E-03  0.000000E+00  1.226673E-02 -9.457053E-04  9.440829E-20  3.864568E-01  0.000000E+00
  4.799091E-01 -3.593977E-02  5.000000E-01  1.019129E-01 -7.862947E-03  0.000000E+00  1.227599E-02 -9.707708E-04 -9.669412E-19  3.762784E-01  0.000000E+00
  5.129612E-01 -3.858790E-02  5.000000E-01  1.089324E-01 -8.425344E-03  0.000000E+00  1.227652E-02 -9.956158E-04 -1.522521E-18  3.667917E-01  0.000000E+00
  5.460360E-01 -4.130627E-02  5.000000E-01  1.159567E-01 -9.002660E-03  0.000000E+00  1.227335E-02 -1.021727E-03 -3.579006E-19  3.578591E-01  0.000000E+00
  5.791347E-01 -4.410049E-02  5.000000E-01  1.229860E-01 -9.596084E-03  0.000000E+00  1.227152E-02 -1.050026E-03  1.565304E-19  3.492363E-01  0.000000E+00
  6.122565E-01 -4.697637E-02  5.000000E-01  1.300203E-01 -1.020685E-02  0.000000E+00  1.227590E-02 -1.081030E-03 -5.716305E-19  3.406895E-01  0.000000E+00
  6.454013E-01 -4.993981E-02  5.000000E-01  1.370594E-01 -1.083621E-02  0.000000E+00  1.229126E-02 -1.115277E-03 -1.512822E-18  3.320458E-01  0.000000E+00
  6.785693E-01 -5.299711E-02  5.000000E-01  1.441035E-01 -1.148551E-02  0.000000E+00  1.232197E-02 -1.153270E-03 -8.531528E-19  3.231517E-01  0.000000E+00
  7.117575E-01 -5.615404E-02  5.000000E-01  1.511518E-01 -1.215596E-02  0.000000E+00  1.237134E-02 -1.194972E-03  8.994827E-19  3.138111E-01  0.000000E+00
  7.449560E-01 -5.941320E-02  5.000000E-01  1.582024E-01 -1.284813E-02  0.000000E+00  1.244121E-02 -1.239665E-03  5.767363E-19  3.038118E-01  0.000000E+00
  7.781569E-01 -6.277381E-02  5.000000E-01  1.652534E-01 -1.356184E-02  0.000000E+00  1.253222E-02 -1.286405E-03 -1.263460E-18  2.930087E-01  0.000000E+00
  8.113578E-01 -6.623271E-02  5.000000E-01  1.723045E-01 -1.429642E-02  0.000000E+00  1.264417E-02 -1.334315E-03 -1.905038E-18  2.813418E-01  0.000000E+00
  8.445597E-01 -6.978462E-02  5.000000E-01  1.793558E-01 -1.505076E-02  0.000000E+00  1.277554E-02 -1.382429E-03  2.135922E-19  2.687930E-01  0.000000E+00
  8.777625E-01 -7.342181E-02  5.000000E-01  1.864072E-01 -1.582321E-02  0.000000E+00  1.292255E-02 -1.429189E-03  1.265658E-18  2.553423E-01  0.000000E+00
  9.109638E-01 -7.713236E-02  5.000000E-01  1.934584E-01 -1.661124E-02  0.000000E+00  1.307861E-02 -1.472366E-03  1.257799E-18  2.410126E-01  0.000000E+00
  9.441676E-01 -8.090135E-02  5.000000E-01  2.005100E-01 -1.741168E-02  0.000000E+00  1.323508E-02 -1.509323E-03  8.780055E-20  2.259472E-01  0.000000E+00
  9.773746E-01 -8.470990E-02  5.000000E-01  2.075624E-01 -1.822052E-02  0.000000E+00  1.338307E-02 -1.537158E-03 -1.169512E-18  2.103674E-01  0.000000E+00
  1.010583E+00 -8.853396E-02  5.000000E-01  2.146150E-01 -1.903266E-02  0.000000E+00  1.351762E-02 -1.555588E-03 -1.579360E-18  1.946959E-01  0.000000E+00
  1.043798E+00 -9.235742E-02  5.000000E-01  2.216690E-01 -1.984467E-02  0.000000E+00  1.364105E-02 -1.568886E-03 -2.318202E-18  1.795235E-01  0.000000E+00
  1.077015E+00 -9.617811E-02  5.000000E-01  2.287237E-01 -2.065609E-02  0.000000E+00  1.375885E-02 -1.580872E-03  1.987582E-19  1.649721E-01  0.000000E+00
  1.110238E+00 -9.999563E-02  5.000000E-01  2.357793E-01 -2.146684E-02  0.000000E+00  1.387516E-02 -1.592288E-03  1.552711E-18  1.506318E-01  0.000000E+00
  1.143462E+00 -1.038080E-01  5.000000E-01  2.428354E-01 -2.227648E-02  0.000000E+00  1.399345E-02 -1.603329E-03  1.551597E-18  1.361387E-01  0.000000E+00
  1.176693E+00 -1.076143E-01  5.000000E-01  2.498927E-01 -2.308485E-02  0.000000E+00  1.411666E-02 -1.614170E-03  2.065755E-18  1.213251E-01  0.000000E+00
  1.209925E+00 -1.114121E-01  5.000000E-01  2.569505E-01 -2.389142E-02  0.000000E+00  1.424659E-02 -1.624493E-03  6.854935E-19  1.060980E-01  0.000000E+00
  1.243158E+00 -1.151975E-01  5.000000E-01  2.640083E-01 -2.469534E-02  0.000000E+00  1.438435E-02 -1.634096E-03 -6.421131E-19  9.042004E-02  0.000000E+00
  1.276395E+00 -1.189676E-01  5.000000E-01  2.710670E-01 -2.549603E-02  0.000000E+00  1.453053E-02 -1.642814E-03 -1.189072E-18  7.425529E-02  0.000000E+00
  1.309630E+00 -1.227174E-01  5.000000E-01  2.781253E-01 -2.629238E-02  0.000000E+00  1.468517E-02 -1.650148E-03 -7.645819E-19  5.751880E-02  0.000000E+00
  1.342868E+00 -1.264417E-01  5.000000E-01  2.851842E-01 -2.708333E-02  0.000000E+00  1.484861E-02 -1.656014E-03 -2.014520E-18  4.016241E-02  0.000000E+00
  1.376108E+00 -1.301361E-01  5.000000E-01  2.922436E-01 -2.786793E-02  0.000000E+00  1.502138E-02 -1.660147E-03 -1.689627E-18  2.210396E-02  0.000000E+00
  1.409347E+00 -1.337937E-01  5.000000E-01  2.993027E-01 -2.864471E-02  0.000000E+00  1.520480E-02 -1.662240E-03  7.270914E-19  3.233397E-03  0.000000E+00
  1.442589E+00 -1.374088E-01  5.000000E-01  3.063625E-01 -2.941248E-02  0.000000E+00  1.540221E-02 -1.662495E-03  2.132284E-19 -1.654672E-02  0.000000E+00
  1.475831E+00 -1.409748E-01  5.000000E-01  3.134222E-01 -3.016980E-02  0.000000E+00  1.561915E-02 -1.661111E-03 -6.993631E-19 -3.740757E-02  0.000000E+00
  1.509072E+00 -1.444845E-01  5.000000E-01  3.204819E-01 -3.091518E-02  0.000000E+00  1.586306E-02 -1.658437E-03 -8.349163E-19 -5.960457E-02  0.000000E+00
  1.542314E+00 -1.479305E-01  5.000000E-01  3.275416E-01 -3.164703E-02  0.000000E+00  1.614200E-02 -1.655070E-03 -8.439008E-19 -8.344273E-02  0.000000E+00
  1.575558E+00 -1.513067E-01  5.000000E-01  3.346018E-01 -3.236406E-02  0.000000E+00  1.645985E-02 -1.649138E-03 -8.010326E-19 -1.094074E-01  0.000000E+00
  1.608800E+00 -1.545981E-01  5.000000E-01  3.416615E-01 -3.306306E-02  0.000000E+00  1.681241E-02 -1.634352E-03 -1.868770E-19 -1.381386E-01  0.000000E+00
  1.642044E+00 -1.577768E-01  5.000000E-01  3.487219E-01 -3.373814E-02  0.000000E+00  1.719157E-02 -1.604721E-03  1.155526E-19 -1.698590E-01  0.000000E+00
  1.675286E+00 -1.608111E-01  5.000000E-01  3.557816E-01 -3.438254E-02  0.000000E+00  1.758924E-02 -1.557073E-03 -6.278299E-19 -2.042514E-01  0.000000E+00
  1.708526E+00 -1.636692E-01  5.000000E-01  3.628410E-01 -3.498954E-02  0.000000E+00  1.799571E-02 -1.488890E-03 -4.226132E-19 -2.408903E-01  0.000000E+00
  1.741762E+00 -1.663187E-01  5.000000E-01  3.698996E-01 -3.555223E-02  0.000000E+00  1.839771E-02 -1.397383E-03 -6.199635E-19 -2.794728E-01  0.000000E+00
  1.774995E+00 -1.687258E-01  5.000000E-01  3.769573E-01 -3.606343E-02  0.000000E+00  1.877948E-02 -1.280430E-03 -6.198947E-19 -3.197735E-01  0.000000E+00
  1.808227E+00 -1.708586E-01  5.000000E-01  3.840150E-01 -3.651639E-02  0.000000E+00  1.912758E-02 -1.136580E-03  1.505700E-19 -3.616553E-01  0.000000E+00
  1.841453E+00 -1.726831E-01  5.000000E-01  3.910714E-01 -3.690387E-02  0.000000E+00  1.944515E-02 -9.654369E-04  3.636894E-19 -4.050688E-01  0.000000E+00
  1.874678E+00 -1.741661E-01  5.000000E-01  3.981276E-01 -3.721881E-02  0.000000E+00  1.977715E-02 -7.685497E-04  4.351860E-19 -4.500118E-01  0.000000E+00
  1.907900E+00 -1.752739E-01  5.000000E-01  4.051830E-01 -3.745410E-02  0.000000E+00  2.022936E-02 -5.469061E-04 -2.902093E-19 -4.966984E-01  0.000000E+00
  1.941118E+00 -1.759728E-01  5.000000E-01  4.122377E-01 -3.760253E-02  0.000000E+00  2.094359E-02 -2.963983E-04 -1.101891E-18 -5.458199E-01  0.000000E+00
  1.974334E+00 -1.762289E-01  5.000000E-01  4.192920E-01 -3.765692E-02  0.000000E+00  2.197372E-02 -4.931836E-06 -1.703852E-18 -5.987951E-01  0.000000E+00
  2.007549E+00 -1.760093E-01  5.000000E-01  4.263460E-01 -3.761027E-02  0.000000E+00  2.303815E-02  3.390890E-04 -1.853898E-18 -6.574368E-01  0.000000E+00
  2.040760E+00 -1.752802E-01  5.000000E-01  4.333993E-01 -3.745542E-02  0.000000E+00  2.327131E-02  7.099722E-04 -1.565124E-18 -7.209674E-01  0.000000E+00
  2.073970E+00 -1.740078E-01  5.000000E-01  4.404522E-01 -3.718521E-02  0.000000E+00  2.142007E-02  9.967769E-04 -6.912584E-19 -7.771043E-01  0.000000E+00
  2.107177E+00 -1.721611E-01  5.000000E-01  4.475046E-01 -3.679301E-02  0.000000E+00  1.695152E-02  1.046994E-03 -1.920099E-19 -7.915680E-01  0.000000E+00
  2.140379E+00 -1.697571E-01  5.000000E-01  4.545558E-01 -3.628247E-02  0.000000E+00  1.111432E-02  8.403833E-04  7.368355E-20 -7.199920E-01  0.000000E+00
  2.173577E+00 -1.668706E-01  5.000000E-01  4.616063E-01 -3.566943E-02  0.000000E+00  6.116030E-03  5.458242E-04  2.182814E-19 -5.512834E-01  0.000000E+00
  2.206768E+00 -1.635790E-01  5.000000E-01  4.686553E-01 -3.497039E-02  0.000000E+00  3.186453E-03  3.374560E-04  5.679739E-19 -3.367988E-01  0.000000E+00
  2.239954E+00 -1.599610E-01  5.000000E-01  4.757033E-01 -3.420202E-02  0.000000E+00  2.041842E-03  2.475762E-04  1.097864E-18 -1.590177E-01  0.000000E+00
  2.273134E+00 -1.560953E-01  5.000000E-01  4.827499E-01 -3.338104E-02  0.000000E+00  1.828804E-03  2.254350E-04  1.267998E-18 -6.261766E-02  0.000000E+00
  2.306309E+00 -1.520615E-01  5.000000E-01  4.897953E-01 -3.252434E-02  0.000000E+00  1.901303E-03  2.293256E-04  1.503535E-18 -2.654463E-02  0.000000E+00
  2.339476E+00 -1.479395E-01  5.000000E-01  4.968392E-01 -3.164893E-02  0.000000E+00  1.963032E-03  2.378036E-04 -8.755405E-19 -4.927491E-03  0.000000E+00
  2.372638E+00 -1.438087E-01  5.000000E-01  5.038821E-01 -3.077166E-02  0.000000E+00  1.960658E-03  2.402047E-04 -3.479217E-18  2.656944E-02  0.000000E+00
  2.405805E+00 -1.397510E-01  5.000000E-01  5.109259E-01 -2.990990E-02  0.000000E+00  1.932199E-03  2.332079E-04 -1.946472E-18  6.570006E-02  0.000000E+00
  2.438976E+00 -1.358508E-01  5.000000E-01  5.179706E-01 -2.908159E-02  0.000000E+00  1.914914E-03  2.195108E-04  1.299687E-19  1.025569E-01  0.000000E+00
  2.472150E+00 -1.321918E-01  5.000000E-01  5.250160E-01 -2.830452E-02  0.000000E+00  1.929155E-03  2.034174E-04  8.563731E-19  1.328451E-01  0.000000E+00
  2.505329E+00 -1.288576E-01  5.000000E-01  5.320624E-01 -2.759642E-02  0.000000E+00  1.992944E-03  1.874031E-04  1.410345E-18  1.577259E-01  0.000000E+00
  2.538512E+00 -1.259319E-01  5.000000E-01  5.391097E-01 -2.697507E-02  0.000000E+00  2.128026E-03  1.710426E-04  1.296047E-18  1.789872E-01  0.000000E+00
  2.571700E+00 -1.234971E-01  5.000000E-01  5.461580E-01 -2.645797E-02  0.000000E+00  2.355246E-03  1.510872E-04  3.887642E-19  1.969678E-01  0.000000E+00
  2.604894E+00 -1.216363E-01  5.000000E-01  5.532074E-01 -2.606278E-02  0.000000E+00  2.689405E-03  1.226141E-04 -5.345330E-19  2.111218E-01  0.000000E+00
  2.638090E+00 -1.204244E-01  5.000000E-01  5.602575E-01 -2.580541E-02  0.000000E+00  3.135033E-03  8.202969E-05 -3.443040E-19  2.202493E-01  0.000000E+00
  2.671292E+00 -1.198548E-01  5.000000E-01  5.673087E-01 -2.568444E-02  0.000000E+00  3.685524E-03  2.860784E-05  8.423988E-20  2.232309E-01  0.000000E+00
  2.704497E+00 -1.198654E-01  5.000000E-01  5.743608E-01 -2.568670E-02  0.000000E+00  4.328726E-03 -3.777934E-05  1.722029E-19  2.202492E-01  0.000000E+00
  2.737708E+00 -1.203936E-01  5.000000E-01  5.814140E-01 -2.579887E-02  0.000000E+00  5.051569E-03 -1.174191E-04  3.649307E-19  2.121245E-01  0.000000E+00
  2.770923E+00 -1.213759E-01  5.000000E-01  5.884680E-01 -2.600749E-02  0.000000E+00  5.840653E-03 -2.093491E-04  3.751564E-19  1.993339E-01  0.000000E+00
  2.804143E+00 -1.227491E-01  5.000000E-01  5.955231E-01 -2.629912E-02  0.000000E+00  6.682613E-03 -3.110876E-04  4.090359E-19  1.820340E-01  0.000000E+00
  2.837367E+00 -1.244501E-01  5.000000E-01  6.025790E-01 -2.666036E-02  0.000000E+00  7.565023E-03 -4.188631E-04  2.445653E-19  1.603298E-01  0.000000E+00
  2.870594E+00 -1.264151E-01  5.000000E-01  6.096357E-01 -2.707769E-02  0.000000E+00  8.477079E-03 -5.279464E-04 -1.360283E-18  1.344225E-01  0.000000E+00
  2.903823E+00 -1.285806E-01  5.000000E-01  6.166926E-01 -2.753758E-02  0.000000E+00  9.409317E-03 -6.328760E-04 -2.161892E-18  1.045571E-01  0.000000E+00
  2.937051E+00 -1.308812E-01  5.000000E-01  6.237496E-01 -2.802617E-02  0.000000E+00  1.035306E-02 -7.279743E-04 -1.258321E-18  7.101359E-02  0.000000E+00
  2.970283E+00 -1.332536E-01  5.000000E-01  6.308072E-01 -2.853002E-02  0.000000E+00  1.129908E-02 -8.073731E-04 -1.167108E-18  3.409330E-02  0.000000E+00
  3.003515E+00 -1.356336E-01  5.000000E-01  6.378649E-01 -2.903546E-02  0.000000E+00  1.223548E-02 -8.648407E-04 -1.170583E-18 -5.876061E-03  0.000000E+00
  3.036751E+00 -1.379577E-01  5.000000E-01  6.449232E-01 -2.952905E-02  0.000000E+00  1.314548E-02 -8.941440E-04  3.848499E-19 -4.844382E-02  0.000000E+00
  3.069988E+00 -1.401633E-01  5.000000E-01  6.519820E-01 -2.999746E-02  0.000000E+00  1.400585E-02 -8.888912E-04  7.990783E-19 -9.299964E-02  0.000000E+00
  3.103226E+00 -1.421866E-01  5.000000E-01  6.590410E-01 -3.042715E-02  0.000000E+00  1.478900E-02 -8.436220E-04 -9.539772E-21 -1.386463E-01  0.000000E+00
  3.136469E+00 -1.439668E-01  5.000000E-01  6.661010E-01 -3.080524E-02  0.000000E+00  1.546937E-02 -7.564609E-04  3.258877E-19 -1.841603E-01  0.000000E+00
  3.169712E+00 -1.454481E-01  5.000000E-01  6.731611E-01 -3.111983E-02  0.000000E+00  1.603734E-02 -6.368739E-04  2.766152E-19 -2.276636E-01  0.000000E+00
  3.202960E+00 -1.466156E-01  5.000000E-01  6.802220E-01 -3.136777E-02  0.000000E+00  1.649899E-02 -4.994822E-04  6.563834E-21 -2.675255E-01  0.000000E+00
  3.236210E+00 -1.474693E-01  5.000000E-01  6.872835E-01 -3.154908E-02  0.000000E+00  1.686190E-02 -3.521422E-04 -1.940031E-19 -3.034122E-01  0.000000E+00
  3.269464E+00 -1.480124E-01  5.000000E-01  6.943459E-01 -3.166443E-02  0.000000E+00  1.713067E-02 -1.988497E-04 -7.106464E-19 -3.355583E-01  0.000000E+00
  3.302721E+00 -1.482488E-01  5.000000E-01  7.014089E-01 -3.171463E-02  0.000000E+00  1.730519E-02 -4.281021E-05 -7.610634E-19 -3.640514E-01  0.000000E+00
  3.335981E+00 -1.481836E-01  5.000000E-01  7.084724E-01 -3.170078E-02  0.000000E+00  1.737978E-02  1.124810E-04 -1.641984E-19 -3.885585E-01  0.000000E+00
  3.369247E+00 -1.478237E-01  5.000000E-01  7.155373E-01 -3.162435E-02  0.000000E+00  1.734447E-02  2.631188E-04  7.992151E-19 -4.083579E-01  0.000000E+00
  3.402518E+00 -1.471786E-01  5.000000E-01  7.226033E-01 -3.148733E-02  0.000000E+00  1.718823E-02  4.057507E-04  2.204813E-18 -4.225823E-01  0.000000E+00
  3.435792E+00 -1.462558E-01  5.000000E-01  7.296699E-01 -3.129137E-02  0.000000E+00  1.690718E-02  5.372203E-04  3.887411E-18 -4.303399E-01  0.000000E+00
  3.469073E+00 -1.450653E-01  5.000000E-01  7.367379E-01 -3.103853E-02  0.000000E+00  1.651237E-02  6.550215E-04  5.736352E-18 -4.309651E-01  0.000000E+00
  3.502353E+00 -1.436158E-01  5.000000E-01  7.438057E-01 -3.073069E-02  0.000000E+00  1.603138E-02  7.582672E-04  6.979972E-18 -4.244115E-01  0.000000E+00
  3.535630E+00 -1.419169E-01  5.000000E-01  7.508729E-01 -3.036989E-02  0.000000E+00  1.550354E-02  8.476526E-04  7.068264E-18 -4.114828E-01  0.000000E+00
  3.568904E+00 -1.399771E-01  5.000000E-01  7.579395E-01 -2.995792E-02  0.000000E+00  1.496878E-02  9.256169E-04  6.348414E-18 -3.938427E-01  0.000000E+00
  3.602176E+00 -1.378026E-01  5.000000E-01  7.650057E-01 -2.949611E-02  0.000000E+00  1.445770E-02  9.950757E-04  5.566019E-18 -3.735620E-01  0.000000E+00
  3.635446E+00 -1.353987E-01  5.000000E-01  7.720714E-01 -2.898559E-02  0.000000E+00  1.398544E-02  1.058344E-03  5.212106E-18 -3.525031E-01  0.000000E+00
  3.668713E+00 -1.327692E-01  5.000000E-01  7.791365E-01 -2.842715E-02  0.000000E+00  1.355055E-02  1.116465E-03  6.126602E-18 -3.317667E-01  0.000000E+00
  3.701976E+00 -1.299186E-01  5.000000E-01  7.862009E-01 -2.782173E-02  0.000000E+00  1.313578E-02  1.170492E-03  6.908409E-18 -3.116125E-01  0.000000E+00
  3.735241E+00 -1.268426E-01  5.000000E-01  7.932655E-01 -2.716848E-02  0.000000E+00  1.271065E-02  1.222974E-03  7.360315E-18 -2.917982E-01  0.000000E+00
  3.768500E+00 -1.235183E-01  5.000000E-01  8.003289E-01 -2.646246E-02  0.000000E+00  1.224585E-02  1.273772E-03  8.386476E-18 -2.713710E-01  0.000000E+00
  3.801751E+00 -1.199223E-01  5.000000E-01  8.073904E-01 -2.569876E-02  0.000000E+00  1.172659E-02  1.318200E-03  6.776918E-18 -2.488779E-01  0.000000E+00
  3.834989E+00 -1.160396E-01  5.000000E-01  8.144495E-01 -2.487418E-02  0.000000E+00  1.115356E-02  1.350571E-03  4.098763E-18 -2.232945E-01  0.000000E+00
  3.868211E+00 -1.118692E-01  5.000000E-01  8.215050E-01 -2.398850E-02  0.000000E+00  1.053746E-02  1.367409E-03  2.048516E-18 -1.945721E-01  0.000000E+00
  3.901422E+00 -1.074133E-01  5.000000E-01  8.285582E-01 -2.304216E-02  0.000000E+00  9.893520E-03  1.367667E-03  1.628491E-18 -1.633818E-01  0.000000E+00
  3.934617E+00 -1.026836E-01  5.000000E-01  8.356079E-01 -2.203770E-02  0.000000E+00  9.237900E-03  1.351485E-03  2.491203E-18 -1.305655E-01  0.000000E+00
  3.967800E+00 -9.769657E-02  5.000000E-01  8.426552E-01 -2.097857E-02  0.000000E+00  8.583514E-03  1.320084E-03  2.110610E-18 -9.692815E-02  0.000000E+00
  4.000972E+00 -9.247277E-02  5.000000E-01  8.497001E-01 -1.986917E-02  0.000000E+00  7.938344E-03  1.275232E-03  1.257330E-19 -6.303752E-02  0.000000E+00
  4.034139E+00 -8.703397E-02  5.000000E-01  8.567440E-01 -1.871410E-02  0.000000E+00  7.304402E-03  1.219205E-03 -8.897564E-19 -2.929952E-02  0.000000E+00
  4.067311E+00 -8.139409E-02  5.000000E-01  8.637890E-01 -1.751633E-02  0.000000E+00  6.679225E-03  1.153680E-03  6.272612E-19  4.061451E-03  0.000000E+00
  4.100488E+00 -7.556731E-02  5.000000E-01  8.708348E-01 -1.627886E-02  0.000000E+00  6.059363E-03  1.079095E-03  1.996888E-18  3.706773E-02  0.000000E+00
  4.133669E+00 -6.956970E-02  5.000000E-01  8.778818E-01 -1.500512E-02  0.000000E+00  5.442421E-03  9.958252E-04  1.739346E-18  6.973376E-02  0.000000E+00
  4.166856E+00 -6.341623E-02  5.000000E-01  8.849299E-01 -1.369827E-02  0.000000E+00  4.829402E-03  9.049147E-04  1.660047E-18  1.019903E-01  0.000000E+00
  4.200049E+00 -5.712458E-02  5.000000E-01  8.919793E-01 -1.236208E-02  0.000000E+00  4.226751E-03  8.083883E-04  2.583589E-18  1.336554E-01  0.000000E+00
  4.233242E+00 -5.071277E-02  5.000000E-01  8.990286E-01 -1.100037E-02  0.000000E+00  3.647776E-03  7.087624E-04  2.640473E-18  1.645348E-01  0.000000E+00
  4.266405E+00 -4.422592E-02  5.000000E-01  9.060715E-01 -9.622721E-03  0.000000E+00  3.112050E-03  6.086748E-04  3.713854E-19  1.944567E-01  0.000000E+00
  4.299502E+00 -3.775184E-02  5.000000E-01  9.131007E-01 -8.247786E-03  0.000000E+00  2.640877E-03  5.122019E-04 -1.287305E-18  2.230343E-01  0.000000E+00
  4.332522E+00 -3.141284E-02  5.000000E-01  9.201132E-01 -6.901539E-03  0.000000E+00  2.250932E-03  4.247772E-04 -1.413047E-19  2.494092E-01  0.000000E+00
  4.365472E+00 -2.532597E-02  5.000000E-01  9.271110E-01 -5.608838E-03  0.000000E+00  1.951667E-03  3.506582E-04 -1.572103E-18  2.727113E-01  0.000000E+00
  4.398350E+00 -1.961206E-02  5.000000E-01  9.340935E-01 -4.395343E-03  0.000000E+00  1.748319E-03  2.915601E-04 -2.022039E-18  2.927461E-01  0.000000E+00
  4.431155E+00 -1.439190E-02  5.000000E-01  9.410605E-01 -3.286709E-03  0.000000E+00  1.645062E-03  2.466910E-04 -1.016855E-18  3.097205E-01  0.000000E+00
  4.463888E+00 -9.794239E-03  5.000000E-01  9.480121E-01 -2.310279E-03  0.000000E+00  1.643724E-03  2.127566E-04 -1.062790E-18  3.236242E-01  0.000000E+00
  4.496579E+00 -5.915491E-03  5.000000E-01  9.549550E-01 -1.486528E-03  0.000000E+00  1.738821E-03  1.843833E-04  3.818856E-19  3.345051E-01  0.000000E+00
  4.529252E+00 -2.819808E-03  5.000000E-01  9.618938E-01 -8.290812E-04  0.000000E+00  1.909848E-03  1.560527E-04  6.592630E-19  3.427058E-01  0.000000E+00
  4.561929E+00 -5.306172E-04  5.000000E-01  9.688337E-01 -3.429134E-04  0.000000E+00  2.109255E-03  1.219421E-04  1.543389E-19  3.470741E-01  0.000000E+00
  4.594574E+00  9.332721E-04  5.000000E-01  9.757666E-01 -3.201926E-05  0.000000E+00  2.263413E-03  7.112270E-05 -1.675741E-19  3.460380E-01  0.000000E+00
  4.627203E+00  1.566425E-03  5.000000E-01  9.826962E-01  1.024468E-04  0.000000E+00  2.324330E-03  4.213837E-06 -2.928874E-19  3.477704E-01  0.000000E+00
  4.659162E+00  1.385511E-03  5.000000E-01  9.894836E-01  6.402512E-05  0.000000E+00  2.292484E-03 -3.578567E-05  7.753111E-19  3.559256E-01  0.000000E+00
  4.689251E+00  5.095489E-04  5.000000E-01  9.958737E-01 -1.220077E-04  0.000000E+00  2.054937E-03 -4.210245E-05  3.503679E-18  3.086343E-01  0.000000E+00
  4.708680E+00 -4.030419E-04  5.000000E-01  1.000000E+00 -3.158195E-04  0.000000E+00  1.507268E-03 -7.977045E-05  3.372234E-18  1.594466E-01  0.000000E+00
    1    2
    2    3
    3    4
    4    5
    5    6
    6    7
    7    8
    8    9
    9   10
   10   11
   11   12
   12   13
   13   14
   14   15
   15   16
   16   17
   17   18
   18   19
   19   20
   20   21
   21   22
   22   23
   23   24
   24   25
   25   26
   26   27
   27   28
   28   29
   29   30
   30   31
   31   32
   32   33
   33   34
   34   35
   35   36
   36   37
   37   38
   38   39
   39   40
   40   41
   41   42
   42   43
   43   44
   44   45
   45   46
   46   47
   47   48
   48   49
   49   50
   50   51
   51   52
   52   53
   53   54
   54   55
   55   56
   56   57
   57   58
   58   59
   59   60
   60   61
   61   62
   62   63
   63   64
   64   65
   65   66
   66   67
   67   68
   68   69
   69   70
   70   71
   71   72
   72   73
   73   74
   74   75
   75   76
   76   77
   77   78
   78   79
   79   80
   80   81
   81   82
   82   83
   83   84
   84   85
   85   86
   86   87
   87   88
   88   89
   89   90
   90   91
   91   92
   92   93
   93   94
   94   95
   95   96
   96   97
   97   98
   98   99
   99  100
  100  101
  101  102
  102  103
  103  104
  104  105
  105  106
  106  107
  107  108
  108  109
  109  110
  110  111
  111  112
  112  113
  113  114
  114  115
  115  116
  116  117
  117  118
  118  119
  119  120
  120  121
  121  122
  122  123
  123  124
  124  125
  125  126
  126  127
  127  128
  128  129
  129  130
  130  131
  131  132
  132  133
  133  134
  134  135
  135  136
  136  137
  137  138
  138  139
  139  140
  140  141
  141  142
  142  143
  143  144
  144  145
  145  146
  146  147
  147  148
  148  149
  149  150
  151  152
  152  153
  153  154
  154  155
  155  156
  156  157
  157  158
  158  159
  159  160
  160  161
  161  162
  162  163
  163  164
  164  165
  165  166
  166  167
  167  168
  168  169
  169  170
  170  171
  171  172
  172  173
  173  174
  174  175
  175  176
  176  177
  177  178
  178  179
  179  180
  180  181
  181  182
  182  183
  183  184
  184  185
  185  186
  186  187
  187  188
  188  189
  189  190
  190  191
  191  192
  192  193
  193  194
  194  195
  195  196
  196  197
  197  198
  198  199
  199  200
  200  201
  201  202
  202  203
  203  204
  204  205
  205  206
  206  207
  207  208
  208  209
  209  210
  210  211
  211  212
  212  213
  213  214
  214  215
  215  216
  216  217
  217  218
  218  219
  219  220
  220  221
  221  222
  222  223
  223  224
  224  225
  225  226
  226  227
  227  228
  228  229
  229  230
  230  231
  231  232
  232  233
  233  234
  234  235
  235  236
  236  237
  237  238
  238  239
  239  240
  240  241
  241  242
  242  243
  243  244
  244  245
  245  246
  246  247
  247  248
  248  249
  249  250
  250  251
  251  252
  252  253
  253  254
  254  255
  255  256
  256  257
  257  258
  258  259
  259  260
  260  261
  261  262
  262  263
  263  264
  264  265
  265  266
  266  267
  267  268
  268  269
  269  270
  270  271
  271  272
  272  273
  273  274
  274  275
  275  276
  276  277
  277  278
  278  279
  279  280
  280  281
  281  282
  282  283
  283  284
  284  285
  285  286
  286  287
  287  288
  288  289
  289  290
  290  291
  291  292
  292  293
  293  294
  294  295
  295  296
  296  297
  297  298
  298  299
  299  300
