 Title = "ADflow Slice Data"
Variables =  "CoordinateX"  "CoordinateY"  "CoordinateZ"  "XoC"  "YoC"  "ZoC" "VelocityX" "VelocityY" "VelocityZ" "CoefPressure" "Mach" 
Zone T= "Slice_0001 None Absolute Regular z = 0.50000000"
 Nodes =          300  Elements=          298  ZONETYPE=FELINESEG
 DATAPACKING=POINT
  4.708680E+00 -2.737063E-04  5.000000E-01  9.999999E-01 -3.609570E-04  0.000000E+00  2.717290E-03 -2.211595E-04  6.167525E-18  1.497733E-01  0.000000E+00
  4.689187E+00  2.996319E-03  5.000000E-01  9.958601E-01  3.335160E-04  0.000000E+00  2.351263E-03 -3.599867E-04  2.079024E-18  9.145398E-02  0.000000E+00
  4.658673E+00  7.994435E-03  5.000000E-01  9.893797E-01  1.394993E-03  0.000000E+00  2.449774E-03 -4.154250E-04  8.482619E-19  1.096524E-01  0.000000E+00
  4.626256E+00  1.316106E-02  5.000000E-01  9.824952E-01  2.492258E-03  0.000000E+00  2.710529E-03 -4.260404E-04  2.070683E-18  9.659591E-02  0.000000E+00
  4.593146E+00  1.830231E-02  5.000000E-01  9.754634E-01  3.584133E-03  0.000000E+00  3.101605E-03 -4.705889E-04  2.951223E-18  7.068494E-02  0.000000E+00
  4.560031E+00  2.331941E-02  5.000000E-01  9.684306E-01  4.649641E-03  0.000000E+00  3.594073E-03 -5.380601E-04  1.322163E-18  4.956478E-02  0.000000E+00
  4.526891E+00  2.822428E-02  5.000000E-01  9.613923E-01  5.691315E-03  0.000000E+00  4.114754E-03 -6.027289E-04  1.471132E-20  2.956290E-02  0.000000E+00
  4.493752E+00  3.301892E-02  5.000000E-01  9.543545E-01  6.709578E-03  0.000000E+00  4.619935E-03 -6.604810E-04 -2.487815E-18  7.998616E-03  0.000000E+00
  4.460612E+00  3.770582E-02  5.000000E-01  9.473164E-01  7.704960E-03  0.000000E+00  5.093451E-03 -7.117756E-04 -2.461841E-18 -1.394905E-02  0.000000E+00
  4.427470E+00  4.228688E-02  5.000000E-01  9.402779E-01  8.677865E-03  0.000000E+00  5.529620E-03 -7.550286E-04  1.793746E-19 -3.562693E-02  0.000000E+00
  4.394325E+00  4.675904E-02  5.000000E-01  9.332387E-01  9.627643E-03  0.000000E+00  5.932628E-03 -7.904090E-04  1.896002E-18 -5.713634E-02  0.000000E+00
  4.361178E+00  5.112043E-02  5.000000E-01  9.261991E-01  1.055390E-02  0.000000E+00  6.313871E-03 -8.196303E-04  1.546699E-18 -7.855224E-02  0.000000E+00
  4.328027E+00  5.536696E-02  5.000000E-01  9.191586E-01  1.145575E-02  0.000000E+00  6.684926E-03 -8.439959E-04 -3.734328E-19 -9.983476E-02  0.000000E+00
  4.294876E+00  5.949264E-02  5.000000E-01  9.121180E-01  1.233195E-02  0.000000E+00  7.053277E-03 -8.643597E-04 -8.180463E-19 -1.209668E-01  0.000000E+00
  4.261727E+00  6.349282E-02  5.000000E-01  9.050782E-01  1.318149E-02  0.000000E+00  7.422428E-03 -8.811018E-04 -9.990578E-19 -1.419556E-01  0.000000E+00
  4.228582E+00  6.736292E-02  5.000000E-01  8.980388E-01  1.400340E-02  0.000000E+00  7.793592E-03 -8.938653E-04 -1.144091E-18 -1.627986E-01  0.000000E+00
  4.195443E+00  7.109592E-02  5.000000E-01  8.910010E-01  1.479620E-02  0.000000E+00  8.167062E-03 -9.021009E-04 -1.087604E-19 -1.833834E-01  0.000000E+00
  4.162308E+00  7.468400E-02  5.000000E-01  8.839639E-01  1.555822E-02  0.000000E+00  8.541937E-03 -9.055174E-04  1.421155E-18 -2.035647E-01  0.000000E+00
  4.129179E+00  7.812103E-02  5.000000E-01  8.769281E-01  1.628816E-02  0.000000E+00  8.916123E-03 -9.036454E-04  1.824813E-18 -2.231835E-01  0.000000E+00
  4.096054E+00  8.139924E-02  5.000000E-01  8.698932E-01  1.698437E-02  0.000000E+00  9.286314E-03 -8.959622E-04  2.399370E-19 -2.420125E-01  0.000000E+00
  4.062934E+00  8.451268E-02  5.000000E-01  8.628593E-01  1.764559E-02  0.000000E+00  9.647506E-03 -8.820256E-04  1.680384E-19 -2.597527E-01  0.000000E+00
  4.029817E+00  8.745503E-02  5.000000E-01  8.558262E-01  1.827047E-02  0.000000E+00  9.992652E-03 -8.613142E-04  9.711000E-19 -2.760028E-01  0.000000E+00
  3.996705E+00  9.022108E-02  5.000000E-01  8.487939E-01  1.885791E-02  0.000000E+00  1.031213E-02 -8.336281E-04  8.291672E-19 -2.903091E-01  0.000000E+00
  3.963594E+00  9.280805E-02  5.000000E-01  8.417620E-01  1.940732E-02  0.000000E+00  1.059411E-02 -7.991211E-04  7.451450E-19 -3.021867E-01  0.000000E+00
  3.930486E+00  9.521526E-02  5.000000E-01  8.347306E-01  1.991855E-02  0.000000E+00  1.082550E-02 -7.580969E-04 -2.147612E-19 -3.111731E-01  0.000000E+00
  3.897377E+00  9.744387E-02  5.000000E-01  8.276991E-01  2.039185E-02  0.000000E+00  1.099337E-02 -7.115734E-04 -1.920713E-19 -3.169262E-01  0.000000E+00
  3.864269E+00  9.949968E-02  5.000000E-01  8.206677E-01  2.082846E-02  0.000000E+00  1.108751E-02 -6.611162E-04  1.139855E-18 -3.192710E-01  0.000000E+00
  3.831161E+00  1.013899E-01  5.000000E-01  8.136366E-01  2.122990E-02  0.000000E+00  1.110229E-02 -6.088215E-04  7.886073E-19 -3.183708E-01  0.000000E+00
  3.798054E+00  1.031279E-01  5.000000E-01  8.066053E-01  2.159899E-02  0.000000E+00  1.103870E-02 -5.574368E-04  2.647908E-19 -3.148213E-01  0.000000E+00
  3.764948E+00  1.047302E-01  5.000000E-01  7.995744E-01  2.193928E-02  0.000000E+00  1.090537E-02 -5.099099E-04  4.074708E-19 -3.095747E-01  0.000000E+00
  3.731842E+00  1.062190E-01  5.000000E-01  7.925435E-01  2.225547E-02  0.000000E+00  1.071671E-02 -4.690053E-04  1.449516E-20 -3.038316E-01  0.000000E+00
  3.698737E+00  1.076222E-01  5.000000E-01  7.855129E-01  2.255348E-02  0.000000E+00  1.049135E-02 -4.348977E-04 -8.103978E-19 -2.984012E-01  0.000000E+00
  3.665634E+00  1.089592E-01  5.000000E-01  7.784827E-01  2.283743E-02  0.000000E+00  1.024751E-02 -4.043507E-04 -3.415718E-19 -2.932228E-01  0.000000E+00
  3.632534E+00  1.102314E-01  5.000000E-01  7.714529E-01  2.310762E-02  0.000000E+00  9.994519E-03 -3.747068E-04  6.748564E-19 -2.879979E-01  0.000000E+00
  3.599434E+00  1.114382E-01  5.000000E-01  7.644234E-01  2.336392E-02  0.000000E+00  9.732109E-03 -3.457470E-04  8.487106E-19 -2.828340E-01  0.000000E+00
  3.566334E+00  1.125802E-01  5.000000E-01  7.573938E-01  2.360643E-02  0.000000E+00  9.456052E-03 -3.176565E-04  5.671550E-19 -2.783210E-01  0.000000E+00
  3.533236E+00  1.136574E-01  5.000000E-01  7.503646E-01  2.383520E-02  0.000000E+00  9.160513E-03 -2.901821E-04  4.567608E-19 -2.753918E-01  0.000000E+00
  3.500138E+00  1.146698E-01  5.000000E-01  7.433353E-01  2.405021E-02  0.000000E+00  8.837664E-03 -2.629606E-04  2.899133E-19 -2.745285E-01  0.000000E+00
  3.467038E+00  1.156193E-01  5.000000E-01  7.363057E-01  2.425187E-02  0.000000E+00  8.476769E-03 -2.356440E-04  3.396688E-19 -2.745060E-01  0.000000E+00
  3.433936E+00  1.165078E-01  5.000000E-01  7.292757E-01  2.444056E-02  0.000000E+00  8.064823E-03 -2.082591E-04  5.970688E-19 -2.722611E-01  0.000000E+00
  3.400832E+00  1.173372E-01  5.000000E-01  7.222452E-01  2.461670E-02  0.000000E+00  7.595338E-03 -1.820506E-04  6.729839E-19 -2.654655E-01  0.000000E+00
  3.367728E+00  1.181099E-01  5.000000E-01  7.152146E-01  2.478081E-02  0.000000E+00  7.090573E-03 -1.591629E-04  6.872673E-19 -2.571044E-01  0.000000E+00
  3.334620E+00  1.188281E-01  5.000000E-01  7.081834E-01  2.493334E-02  0.000000E+00  6.629168E-03 -1.411044E-04  3.733791E-19 -2.580864E-01  0.000000E+00
  3.301512E+00  1.194943E-01  5.000000E-01  7.011520E-01  2.507483E-02  0.000000E+00  6.365792E-03 -1.279935E-04  2.162513E-19 -2.829603E-01  0.000000E+00
  3.268401E+00  1.201112E-01  5.000000E-01  6.941201E-01  2.520585E-02  0.000000E+00  6.520917E-03 -1.202441E-04  1.851564E-19 -3.391887E-01  0.000000E+00
  3.235290E+00  1.206813E-01  5.000000E-01  6.870881E-01  2.532692E-02  0.000000E+00  7.304957E-03 -1.204415E-04 -4.501905E-21 -4.191968E-01  0.000000E+00
  3.202177E+00  1.212069E-01  5.000000E-01  6.800557E-01  2.543854E-02  0.000000E+00  8.766297E-03 -1.302495E-04  3.267779E-21 -5.039098E-01  0.000000E+00
  3.169063E+00  1.216910E-01  5.000000E-01  6.730231E-01  2.554134E-02  0.000000E+00  1.066675E-02 -1.460309E-04  1.582513E-19 -5.746908E-01  0.000000E+00
  3.135947E+00  1.221359E-01  5.000000E-01  6.659902E-01  2.563584E-02  0.000000E+00  1.254299E-02 -1.601214E-04  3.056940E-19 -6.227008E-01  0.000000E+00
  3.102831E+00  1.225449E-01  5.000000E-01  6.589570E-01  2.572269E-02  0.000000E+00  1.396077E-02 -1.662622E-04  3.682312E-19 -6.494554E-01  0.000000E+00
  3.069714E+00  1.229221E-01  5.000000E-01  6.519238E-01  2.580279E-02  0.000000E+00  1.474898E-02 -1.635336E-04  4.109773E-19 -6.615282E-01  0.000000E+00
  3.036593E+00  1.232722E-01  5.000000E-01  6.448898E-01  2.587715E-02  0.000000E+00  1.501465E-02 -1.551927E-04  3.697374E-19 -6.654580E-01  0.000000E+00
  3.003475E+00  1.235994E-01  5.000000E-01  6.378564E-01  2.594665E-02  0.000000E+00  1.498732E-02 -1.450170E-04  1.195365E-19 -6.657132E-01  0.000000E+00
  2.970356E+00  1.239067E-01  5.000000E-01  6.308226E-01  2.601191E-02  0.000000E+00  1.486567E-02 -1.356721E-04  7.422690E-20 -6.648724E-01  0.000000E+00
  2.937236E+00  1.241984E-01  5.000000E-01  6.237888E-01  2.607386E-02  0.000000E+00  1.475931E-02 -1.283201E-04  8.531072E-20 -6.642378E-01  0.000000E+00
  2.904117E+00  1.244777E-01  5.000000E-01  6.167550E-01  2.613318E-02  0.000000E+00  1.470349E-02 -1.230178E-04 -6.682612E-20 -6.643163E-01  0.000000E+00
  2.870996E+00  1.247480E-01  5.000000E-01  6.097211E-01  2.619059E-02  0.000000E+00  1.469460E-02 -1.196416E-04 -1.542491E-19 -6.652069E-01  0.000000E+00
  2.837877E+00  1.250127E-01  5.000000E-01  6.026873E-01  2.624679E-02  0.000000E+00  1.471794E-02 -1.179331E-04 -2.825875E-19 -6.668127E-01  0.000000E+00
  2.804757E+00  1.252745E-01  5.000000E-01  5.956534E-01  2.630239E-02  0.000000E+00  1.476079E-02 -1.177405E-04 -4.041804E-19 -6.689976E-01  0.000000E+00
  2.771639E+00  1.255368E-01  5.000000E-01  5.886200E-01  2.635810E-02  0.000000E+00  1.481600E-02 -1.188210E-04 -4.764096E-19 -6.716326E-01  0.000000E+00
  2.738522E+00  1.258014E-01  5.000000E-01  5.815867E-01  2.641430E-02  0.000000E+00  1.488072E-02 -1.211220E-04 -5.816696E-19 -6.746457E-01  0.000000E+00
  2.705406E+00  1.260715E-01  5.000000E-01  5.745537E-01  2.647166E-02  0.000000E+00  1.495467E-02 -1.247184E-04 -5.285995E-19 -6.780128E-01  0.000000E+00
  2.672292E+00  1.263493E-01  5.000000E-01  5.675211E-01  2.653066E-02  0.000000E+00  1.503865E-02 -1.295682E-04 -3.656390E-19 -6.817123E-01  0.000000E+00
  2.639177E+00  1.266374E-01  5.000000E-01  5.604885E-01  2.659184E-02  0.000000E+00  1.513313E-02 -1.356503E-04 -1.735134E-19 -6.856935E-01  0.000000E+00
  2.606068E+00  1.269382E-01  5.000000E-01  5.534568E-01  2.665572E-02  0.000000E+00  1.523832E-02 -1.419809E-04 -1.094774E-20 -6.897362E-01  0.000000E+00
  2.572958E+00  1.272499E-01  5.000000E-01  5.464251E-01  2.672192E-02  0.000000E+00  1.535286E-02 -1.465887E-04  9.172320E-21 -6.934530E-01  0.000000E+00
  2.539852E+00  1.275661E-01  5.000000E-01  5.393941E-01  2.678908E-02  0.000000E+00  1.547211E-02 -1.478265E-04  1.118475E-19 -6.964688E-01  0.000000E+00
  2.506749E+00  1.278782E-01  5.000000E-01  5.323638E-01  2.685536E-02  0.000000E+00  1.558883E-02 -1.451221E-04  1.893109E-19 -6.985611E-01  0.000000E+00
  2.473650E+00  1.281780E-01  5.000000E-01  5.253345E-01  2.691904E-02  0.000000E+00  1.569618E-02 -1.384495E-04  1.671632E-19 -6.996409E-01  0.000000E+00
  2.440554E+00  1.284576E-01  5.000000E-01  5.183056E-01  2.697840E-02  0.000000E+00  1.578979E-02 -1.279291E-04  1.583898E-19 -6.996965E-01  0.000000E+00
  2.407460E+00  1.287098E-01  5.000000E-01  5.112774E-01  2.703197E-02  0.000000E+00  1.586811E-02 -1.134465E-04  1.451138E-19 -6.987260E-01  0.000000E+00
  2.374373E+00  1.289264E-01  5.000000E-01  5.042504E-01  2.707796E-02  0.000000E+00  1.593110E-02 -9.487757E-05  1.693410E-19 -6.967521E-01  0.000000E+00
  2.341286E+00  1.290994E-01  5.000000E-01  4.972236E-01  2.711472E-02  0.000000E+00  1.597862E-02 -7.293589E-05  1.808001E-19 -6.939087E-01  0.000000E+00
  2.308194E+00  1.292238E-01  5.000000E-01  4.901958E-01  2.714112E-02  0.000000E+00  1.601135E-02 -4.858564E-05  1.221130E-19 -6.903742E-01  0.000000E+00
  2.275097E+00  1.292955E-01  5.000000E-01  4.831667E-01  2.715637E-02  0.000000E+00  1.603125E-02 -2.234655E-05  5.818324E-20 -6.862821E-01  0.000000E+00
  2.241991E+00  1.293113E-01  5.000000E-01  4.761359E-01  2.715971E-02  0.000000E+00  1.604048E-02  5.612071E-06  4.445958E-21 -6.817043E-01  0.000000E+00
  2.208879E+00  1.292677E-01  5.000000E-01  4.691037E-01  2.715044E-02  0.000000E+00  1.604022E-02  3.531711E-05 -2.007986E-20 -6.766531E-01  0.000000E+00
  2.175760E+00  1.291608E-01  5.000000E-01  4.620701E-01  2.712774E-02  0.000000E+00  1.603032E-02  6.683127E-05  1.185853E-20 -6.711030E-01  0.000000E+00
  2.142637E+00  1.289868E-01  5.000000E-01  4.550354E-01  2.709081E-02  0.000000E+00  1.600973E-02  1.002209E-04  2.225340E-21 -6.650174E-01  0.000000E+00
  2.109507E+00  1.287415E-01  5.000000E-01  4.479994E-01  2.703871E-02  0.000000E+00  1.597725E-02  1.354122E-04 -1.700732E-19 -6.584061E-01  0.000000E+00
  2.076374E+00  1.284208E-01  5.000000E-01  4.409628E-01  2.697059E-02  0.000000E+00  1.593171E-02  1.714636E-04 -3.695699E-19 -6.514410E-01  0.000000E+00
  2.043241E+00  1.280235E-01  5.000000E-01  4.339262E-01  2.688622E-02  0.000000E+00  1.587295E-02  2.062553E-04 -4.238682E-19 -6.444925E-01  0.000000E+00
  2.010106E+00  1.275546E-01  5.000000E-01  4.268892E-01  2.678664E-02  0.000000E+00  1.580440E-02  2.383543E-04 -5.702767E-19 -6.378993E-01  0.000000E+00
  1.976970E+00  1.270192E-01  5.000000E-01  4.198519E-01  2.667292E-02  0.000000E+00  1.573235E-02  2.678092E-04 -8.833605E-19 -6.318291E-01  0.000000E+00
  1.943835E+00  1.264218E-01  5.000000E-01  4.128148E-01  2.654604E-02  0.000000E+00  1.566217E-02  2.948891E-04 -1.029270E-18 -6.263700E-01  0.000000E+00
  1.910699E+00  1.257667E-01  5.000000E-01  4.057775E-01  2.640692E-02  0.000000E+00  1.559698E-02  3.195628E-04 -1.066080E-18 -6.215910E-01  0.000000E+00
  1.877561E+00  1.250592E-01  5.000000E-01  3.987399E-01  2.625667E-02  0.000000E+00  1.553843E-02  3.418622E-04 -9.729142E-19 -6.175323E-01  0.000000E+00
  1.844424E+00  1.243039E-01  5.000000E-01  3.917024E-01  2.609627E-02  0.000000E+00  1.548740E-02  3.618266E-04 -8.475872E-19 -6.142287E-01  0.000000E+00
  1.811282E+00  1.235061E-01  5.000000E-01  3.846638E-01  2.592683E-02  0.000000E+00  1.544445E-02  3.792631E-04 -9.463646E-19 -6.117364E-01  0.000000E+00
  1.778139E+00  1.226716E-01  5.000000E-01  3.776250E-01  2.574961E-02  0.000000E+00  1.541083E-02  3.943083E-04 -8.590364E-19 -6.100739E-01  0.000000E+00
  1.744992E+00  1.218054E-01  5.000000E-01  3.705854E-01  2.556564E-02  0.000000E+00  1.538774E-02  4.070577E-04 -7.044621E-19 -6.092559E-01  0.000000E+00
  1.711843E+00  1.209133E-01  5.000000E-01  3.635455E-01  2.537619E-02  0.000000E+00  1.537633E-02  4.176184E-04 -5.420522E-19 -6.092851E-01  0.000000E+00
  1.678692E+00  1.200001E-01  5.000000E-01  3.565049E-01  2.518224E-02  0.000000E+00  1.537744E-02  4.260557E-04 -3.237735E-19 -6.101529E-01  0.000000E+00
  1.645539E+00  1.190716E-01  5.000000E-01  3.494640E-01  2.498506E-02  0.000000E+00  1.539170E-02  4.325376E-04  2.374750E-19 -6.118185E-01  0.000000E+00
  1.612385E+00  1.181322E-01  5.000000E-01  3.424230E-01  2.478555E-02  0.000000E+00  1.541945E-02  4.374378E-04  2.324557E-19 -6.141991E-01  0.000000E+00
  1.579236E+00  1.171862E-01  5.000000E-01  3.353830E-01  2.458464E-02  0.000000E+00  1.546032E-02  4.411045E-04 -2.073337E-19 -6.172042E-01  0.000000E+00
  1.546090E+00  1.162362E-01  5.000000E-01  3.283435E-01  2.438288E-02  0.000000E+00  1.551326E-02  4.435616E-04 -2.039575E-19 -6.207799E-01  0.000000E+00
  1.512946E+00  1.152862E-01  5.000000E-01  3.213046E-01  2.418113E-02  0.000000E+00  1.557729E-02  4.446743E-04 -3.115740E-19 -6.248950E-01  0.000000E+00
  1.479807E+00  1.143395E-01  5.000000E-01  3.142666E-01  2.398007E-02  0.000000E+00  1.565221E-02  4.446906E-04  9.189363E-20 -6.294840E-01  0.000000E+00
  1.446672E+00  1.133987E-01  5.000000E-01  3.072296E-01  2.378026E-02  0.000000E+00  1.573772E-02  4.437105E-04 -8.974620E-20 -6.344933E-01  0.000000E+00
  1.413540E+00  1.124664E-01  5.000000E-01  3.001932E-01  2.358228E-02  0.000000E+00  1.583356E-02  4.418542E-04 -2.599742E-19 -6.398568E-01  0.000000E+00
  1.380413E+00  1.115449E-01  5.000000E-01  2.931579E-01  2.338658E-02  0.000000E+00  1.593949E-02  4.394961E-04  2.462572E-19 -6.454726E-01  0.000000E+00
  1.347294E+00  1.106352E-01  5.000000E-01  2.861242E-01  2.319336E-02  0.000000E+00  1.605481E-02  4.369802E-04  9.571550E-20 -6.512366E-01  0.000000E+00
  1.314179E+00  1.097374E-01  5.000000E-01  2.790914E-01  2.300270E-02  0.000000E+00  1.617830E-02  4.344354E-04  2.105892E-19 -6.570686E-01  0.000000E+00
  1.281074E+00  1.088522E-01  5.000000E-01  2.720606E-01  2.281470E-02  0.000000E+00  1.630901E-02  4.321356E-04  3.608330E-19 -6.628867E-01  0.000000E+00
  1.247974E+00  1.079784E-01  5.000000E-01  2.650310E-01  2.262912E-02  0.000000E+00  1.644610E-02  4.301544E-04  2.140922E-19 -6.686427E-01  0.000000E+00
  1.214880E+00  1.071160E-01  5.000000E-01  2.580028E-01  2.244598E-02  0.000000E+00  1.658944E-02  4.286011E-04  1.150644E-19 -6.742949E-01  0.000000E+00
  1.181795E+00  1.062638E-01  5.000000E-01  2.509763E-01  2.226498E-02  0.000000E+00  1.673988E-02  4.278676E-04 -2.989761E-20 -6.797881E-01  0.000000E+00
  1.148718E+00  1.054200E-01  5.000000E-01  2.439516E-01  2.208579E-02  0.000000E+00  1.689826E-02  4.279095E-04  1.617455E-20 -6.851269E-01  0.000000E+00
  1.115646E+00  1.045837E-01  5.000000E-01  2.369279E-01  2.190818E-02  0.000000E+00  1.706613E-02  4.286092E-04 -7.335942E-20 -6.903393E-01  0.000000E+00
  1.082583E+00  1.037540E-01  5.000000E-01  2.299061E-01  2.173196E-02  0.000000E+00  1.724560E-02  4.300963E-04 -1.042960E-19 -6.954334E-01  0.000000E+00
  1.049524E+00  1.029293E-01  5.000000E-01  2.228852E-01  2.155683E-02  0.000000E+00  1.743789E-02  4.323635E-04  4.755928E-20 -7.003880E-01  0.000000E+00
  1.016475E+00  1.021091E-01  5.000000E-01  2.158664E-01  2.138264E-02  0.000000E+00  1.764295E-02  4.357873E-04 -4.399805E-20 -7.050220E-01  0.000000E+00
  9.834318E-01  1.012912E-01  5.000000E-01  2.088488E-01  2.120893E-02  0.000000E+00  1.786097E-02  4.436545E-04  7.333325E-20 -7.087118E-01  0.000000E+00
  9.503976E-01  1.004631E-01  5.000000E-01  2.018331E-01  2.103307E-02  0.000000E+00  1.808932E-02  4.619053E-04  2.306254E-19 -7.104839E-01  0.000000E+00
  9.173728E-01  9.960007E-02  5.000000E-01  1.948195E-01  2.084978E-02  0.000000E+00  1.831572E-02  4.933845E-04  4.545265E-20 -7.096926E-01  0.000000E+00
  8.843598E-01  9.867959E-02  5.000000E-01  1.878083E-01  2.065429E-02  0.000000E+00  1.852349E-02  5.372669E-04  5.607751E-20 -7.062045E-01  0.000000E+00
  8.513623E-01  9.768074E-02  5.000000E-01  1.808005E-01  2.044216E-02  0.000000E+00  1.870155E-02  5.922557E-04  1.734218E-19 -7.001379E-01  0.000000E+00
  8.183794E-01  9.658515E-02  5.000000E-01  1.737957E-01  2.020948E-02  0.000000E+00  1.884607E-02  6.566942E-04  4.769305E-19 -6.917792E-01  0.000000E+00
  7.854121E-01  9.537761E-02  5.000000E-01  1.667943E-01  1.995303E-02  0.000000E+00  1.895893E-02  7.288640E-04  6.684546E-19 -6.814635E-01  0.000000E+00
  7.524593E-01  9.404563E-02  5.000000E-01  1.597959E-01  1.967015E-02  0.000000E+00  1.904451E-02  8.071713E-04  4.570564E-19 -6.694929E-01  0.000000E+00
  7.195226E-01  9.257960E-02  5.000000E-01  1.528009E-01  1.935880E-02  0.000000E+00  1.910691E-02  8.905118E-04 -1.645210E-19 -6.560658E-01  0.000000E+00
  6.866079E-01  9.097115E-02  5.000000E-01  1.458107E-01  1.901721E-02  0.000000E+00  1.914802E-02  9.784319E-04 -1.094092E-18 -6.412487E-01  0.000000E+00
  6.537221E-01  8.921200E-02  5.000000E-01  1.388265E-01  1.864361E-02  0.000000E+00  1.916603E-02  1.070532E-03 -1.342419E-18 -6.250443E-01  0.000000E+00
  6.208691E-01  8.729396E-02  5.000000E-01  1.318494E-01  1.823626E-02  0.000000E+00  1.915553E-02  1.165937E-03 -1.743952E-18 -6.074844E-01  0.000000E+00
  5.880524E-01  8.520953E-02  5.000000E-01  1.248799E-01  1.779358E-02  0.000000E+00  1.910938E-02  1.263134E-03 -1.709004E-18 -5.887123E-01  0.000000E+00
  5.552711E-01  8.295241E-02  5.000000E-01  1.179180E-01  1.731422E-02  0.000000E+00  1.902128E-02  1.360226E-03 -6.257623E-19 -5.690423E-01  0.000000E+00
  5.225283E-01  8.051835E-02  5.000000E-01  1.109642E-01  1.679729E-02  0.000000E+00  1.888882E-02  1.455771E-03  2.456317E-19 -5.489938E-01  0.000000E+00
  4.898261E-01  7.790303E-02  5.000000E-01  1.040191E-01  1.624186E-02  0.000000E+00  1.871445E-02  1.548593E-03 -9.702308E-19 -5.294498E-01  0.000000E+00
  4.571624E-01  7.510369E-02  5.000000E-01  9.708209E-02  1.564735E-02  0.000000E+00  1.850626E-02  1.637548E-03 -2.381439E-18 -5.118114E-01  0.000000E+00
  4.245350E-01  7.211940E-02  5.000000E-01  9.015283E-02  1.501356E-02  0.000000E+00  1.827922E-02  1.722000E-03 -2.153630E-18 -4.979603E-01  0.000000E+00
  3.919369E-01  6.895195E-02  5.000000E-01  8.322981E-02  1.434087E-02  0.000000E+00  1.805516E-02  1.802806E-03 -6.560552E-19 -4.898975E-01  0.000000E+00
  3.593832E-01  6.560625E-02  5.000000E-01  7.631620E-02  1.363033E-02  0.000000E+00  1.786073E-02  1.884184E-03  1.137228E-19 -4.890085E-01  0.000000E+00
  3.269046E-01  6.208415E-02  5.000000E-01  6.941854E-02  1.288232E-02  0.000000E+00  1.772034E-02  1.974194E-03 -5.155707E-19 -4.954119E-01  0.000000E+00
  2.945750E-01  5.838078E-02  5.000000E-01  6.255253E-02  1.209581E-02  0.000000E+00  1.764517E-02  2.081646E-03 -3.037740E-18 -5.080415E-01  0.000000E+00
  2.624265E-01  5.447363E-02  5.000000E-01  5.572497E-02  1.126603E-02  0.000000E+00  1.762438E-02  2.207429E-03 -1.053034E-17 -5.258842E-01  0.000000E+00
  2.304268E-01  5.034278E-02  5.000000E-01  4.892903E-02  1.038874E-02  0.000000E+00  1.764084E-02  2.346439E-03 -8.407436E-18 -5.487101E-01  0.000000E+00
  1.986088E-01  4.598369E-02  5.000000E-01  4.217166E-02  9.462978E-03  0.000000E+00  1.770068E-02  2.495492E-03  2.981596E-17 -5.772149E-01  0.000000E+00
  1.669282E-01  4.138213E-02  5.000000E-01  3.544349E-02  8.485720E-03  0.000000E+00  1.784507E-02  2.638693E-03  1.498997E-16 -6.145797E-01  0.000000E+00
  1.350509E-01  3.656717E-02  5.000000E-01  2.867354E-02  7.463140E-03  0.000000E+00  1.823790E-02  2.810940E-03  3.762413E-16 -6.605092E-01  0.000000E+00
  1.043791E-01  3.175342E-02  5.000000E-01  2.215959E-02  6.440816E-03  0.000000E+00  1.921909E-02  3.199885E-03  6.273766E-16 -7.033987E-01  0.000000E+00
  7.632629E-02  2.683649E-02  5.000000E-01  1.620187E-02  5.396582E-03  0.000000E+00  2.096927E-02  3.948991E-03  7.364894E-16 -7.396975E-01  0.000000E+00
  5.118571E-02  2.177965E-02  5.000000E-01  1.086263E-02  4.322633E-03  0.000000E+00  2.358195E-02  5.192538E-03  7.323621E-16 -7.739337E-01  0.000000E+00
  3.264831E-02  1.739468E-02  5.000000E-01  6.925739E-03  3.391374E-03  0.000000E+00  2.760579E-02  7.573410E-03  1.037443E-15 -7.866170E-01  0.000000E+00
  2.051015E-02  1.369410E-02  5.000000E-01  4.347893E-03  2.605462E-03  0.000000E+00  3.293096E-02  1.163937E-02  1.799174E-15 -7.675174E-01  0.000000E+00
  1.247723E-02  1.051563E-02  5.000000E-01  2.641898E-03  1.930433E-03  0.000000E+00  3.852629E-02  1.725532E-02  2.316664E-15 -7.455892E-01  0.000000E+00
  7.055255E-03  7.827145E-03  5.000000E-01  1.490404E-03  1.359465E-03  0.000000E+00  4.474773E-02  2.563747E-02  2.145918E-15 -7.271453E-01  0.000000E+00
  3.418635E-03  5.498236E-03  5.000000E-01  7.180754E-04  8.648617E-04  0.000000E+00  5.140991E-02  4.065584E-02  3.144375E-15 -6.458426E-01  0.000000E+00
  1.108798E-03  3.374103E-03  5.000000E-01  2.275226E-04  4.137482E-04  0.000000E+00  4.742563E-02  6.275444E-02  9.058917E-15 -3.421058E-01  0.000000E+00
  3.747479E-05  1.425911E-03  5.000000E-01  0.000000E+00  0.000000E+00  0.000000E+00  1.606544E-02  7.520101E-02  1.863902E-14  3.636642E-01  0.000000E+00
  3.747479E-05  1.425911E-03  5.000000E-01  0.000000E+00  0.000000E+00  0.000000E+00  1.606544E-02  7.520101E-02  1.863902E-14  3.636642E-01  0.000000E+00
  2.534065E-04 -4.727935E-04  5.000000E-01  4.585858E-05 -4.032382E-04  0.000000E+00 -1.596509E-02  5.219440E-02  2.256192E-14  1.051996E+00  0.000000E+00
  1.848580E-03 -2.381937E-03  5.000000E-01  3.846343E-04 -8.086933E-04  0.000000E+00 -1.592076E-02  1.697146E-02  1.717763E-14  1.194107E+00  0.000000E+00
  4.867645E-03 -4.282363E-03  5.000000E-01  1.025809E-03 -1.212297E-03  0.000000E+00 -9.214397E-04  1.073563E-03  8.785975E-15  1.037925E+00  0.000000E+00
  9.380877E-03 -6.241830E-03  5.000000E-01  1.984309E-03 -1.628440E-03  0.000000E+00  9.845846E-03 -3.572096E-03  2.708776E-15  9.032085E-01  0.000000E+00
  1.589077E-02 -8.369580E-03  5.000000E-01  3.366850E-03 -2.080322E-03  0.000000E+00  1.472591E-02 -4.177399E-03  2.028607E-16  7.994696E-01  0.000000E+00
  2.547297E-02 -1.074854E-02  5.000000E-01  5.401873E-03 -2.585553E-03  0.000000E+00  1.583045E-02 -3.423328E-03  6.148409E-17  7.000014E-01  0.000000E+00
  3.989163E-02 -1.340433E-02  5.000000E-01  8.464043E-03 -3.149578E-03  0.000000E+00  1.506590E-02 -2.415004E-03  4.011959E-16  6.094915E-01  0.000000E+00
  6.092142E-02 -1.622512E-02  5.000000E-01  1.293025E-02 -3.748644E-03  0.000000E+00  1.383202E-02 -1.670511E-03  3.112979E-16  5.412181E-01  0.000000E+00
  8.832839E-02 -1.912637E-02  5.000000E-01  1.875082E-02 -4.364799E-03  0.000000E+00  1.287928E-02 -1.286032E-03  3.304219E-17  4.981194E-01  0.000000E+00
  1.189914E-01 -2.199645E-02  5.000000E-01  2.526288E-02 -4.974333E-03  0.000000E+00  1.238873E-02 -1.135705E-03 -8.928688E-17  4.700097E-01  0.000000E+00
  1.511926E-01 -2.489183E-02  5.000000E-01  3.210162E-02 -5.589240E-03  0.000000E+00  1.228056E-02 -1.106503E-03 -6.741629E-17  4.475505E-01  0.000000E+00
  1.838450E-01 -2.784762E-02  5.000000E-01  3.903620E-02 -6.216978E-03  0.000000E+00  1.240490E-02 -1.126227E-03 -2.023692E-17  4.252681E-01  0.000000E+00
  2.165049E-01 -3.082904E-02  5.000000E-01  4.597235E-02 -6.850159E-03  0.000000E+00  1.262014E-02 -1.149094E-03  1.983444E-18  4.018237E-01  0.000000E+00
  2.491496E-01 -3.379713E-02  5.000000E-01  5.290529E-02 -7.480509E-03  0.000000E+00  1.283843E-02 -1.164017E-03  4.450191E-18  3.798531E-01  0.000000E+00
  2.819003E-01 -3.675929E-02  5.000000E-01  5.986073E-02 -8.109598E-03  0.000000E+00  1.302402E-02 -1.177860E-03  2.165067E-18  3.615360E-01  0.000000E+00
  3.147601E-01 -3.973354E-02  5.000000E-01  6.683936E-02 -8.741256E-03  0.000000E+00  1.317102E-02 -1.196048E-03 -1.088581E-18  3.463045E-01  0.000000E+00
  3.477303E-01 -4.274146E-02  5.000000E-01  7.384141E-02 -9.380063E-03  0.000000E+00  1.328803E-02 -1.220477E-03 -1.607767E-18  3.325044E-01  0.000000E+00
  3.807756E-01 -4.580152E-02  5.000000E-01  8.085941E-02 -1.002994E-02  0.000000E+00  1.338572E-02 -1.249056E-03  1.704067E-19  3.187958E-01  0.000000E+00
  4.138291E-01 -4.891412E-02  5.000000E-01  8.787917E-02 -1.069099E-02  0.000000E+00  1.346948E-02 -1.276506E-03  2.414389E-19  3.045111E-01  0.000000E+00
  4.468689E-01 -5.206952E-02  5.000000E-01  9.489601E-02 -1.136112E-02  0.000000E+00  1.354216E-02 -1.300180E-03 -6.486663E-19  2.898464E-01  0.000000E+00
  4.799091E-01 -5.526215E-02  5.000000E-01  1.019129E-01 -1.203915E-02  0.000000E+00  1.360758E-02 -1.321211E-03 -2.514992E-19  2.753306E-01  0.000000E+00
  5.129612E-01 -5.849036E-02  5.000000E-01  1.089324E-01 -1.272474E-02  0.000000E+00  1.367071E-02 -1.341703E-03  4.002744E-19  2.611672E-01  0.000000E+00
  5.460360E-01 -6.175604E-02  5.000000E-01  1.159567E-01 -1.341829E-02  0.000000E+00  1.373745E-02 -1.363408E-03 -3.631654E-19  2.471828E-01  0.000000E+00
  5.791347E-01 -6.506203E-02  5.000000E-01  1.229860E-01 -1.412041E-02  0.000000E+00  1.381402E-02 -1.387228E-03 -8.268321E-19  2.330224E-01  0.000000E+00
  6.122565E-01 -6.841023E-02  5.000000E-01  1.300203E-01 -1.483148E-02  0.000000E+00  1.390665E-02 -1.413425E-03 -2.835089E-19  2.183351E-01  0.000000E+00
  6.454013E-01 -7.180131E-02  5.000000E-01  1.370594E-01 -1.555166E-02  0.000000E+00  1.402170E-02 -1.442235E-03  1.750829E-19  2.028568E-01  0.000000E+00
  6.785693E-01 -7.523505E-02  5.000000E-01  1.441035E-01 -1.628090E-02  0.000000E+00  1.416518E-02 -1.473737E-03  1.213774E-19  1.863525E-01  0.000000E+00
  7.117575E-01 -7.870906E-02  5.000000E-01  1.511518E-01 -1.701870E-02  0.000000E+00  1.434155E-02 -1.507038E-03  8.726464E-19  1.685273E-01  0.000000E+00
  7.449560E-01 -8.221539E-02  5.000000E-01  1.582024E-01 -1.776336E-02  0.000000E+00  1.455292E-02 -1.539991E-03  1.109201E-18  1.490635E-01  0.000000E+00
  7.781569E-01 -8.573993E-02  5.000000E-01  1.652534E-01 -1.851188E-02  0.000000E+00  1.479938E-02 -1.569841E-03  3.390265E-19  1.277510E-01  0.000000E+00
  8.113578E-01 -8.926358E-02  5.000000E-01  1.723045E-01 -1.926022E-02  0.000000E+00  1.507890E-02 -1.593614E-03 -6.699579E-19  1.045369E-01  0.000000E+00
  8.445597E-01 -9.276261E-02  5.000000E-01  1.793558E-01 -2.000333E-02  0.000000E+00  1.538568E-02 -1.607829E-03 -4.227383E-19  7.948846E-02  0.000000E+00
  8.777625E-01 -9.620838E-02  5.000000E-01  1.864072E-01 -2.073512E-02  0.000000E+00  1.570720E-02 -1.607706E-03  4.792182E-19  5.275474E-02  0.000000E+00
  9.109638E-01 -9.956542E-02  5.000000E-01  1.934584E-01 -2.144808E-02  0.000000E+00  1.602222E-02 -1.587218E-03  3.016606E-19  2.467335E-02  0.000000E+00
  9.441676E-01 -1.027931E-01  5.000000E-01  2.005100E-01 -2.213356E-02  0.000000E+00  1.630210E-02 -1.539945E-03  1.451008E-19 -4.063802E-03  0.000000E+00
  9.773746E-01 -1.058457E-01  5.000000E-01  2.075624E-01 -2.278185E-02  0.000000E+00  1.651563E-02 -1.460200E-03  5.260689E-19 -3.241916E-02  0.000000E+00
  1.010583E+00 -1.086717E-01  5.000000E-01  2.146150E-01 -2.338203E-02  0.000000E+00  1.664209E-02 -1.349844E-03  2.585339E-19 -5.876347E-02  0.000000E+00
  1.043798E+00 -1.112378E-01  5.000000E-01  2.216690E-01 -2.392700E-02  0.000000E+00  1.668165E-02 -1.221788E-03 -4.049878E-19 -8.108729E-02  0.000000E+00
  1.077015E+00 -1.135409E-01  5.000000E-01  2.287236E-01 -2.441613E-02  0.000000E+00  1.664396E-02 -1.087557E-03  2.136834E-19 -9.846108E-02  0.000000E+00
  1.110238E+00 -1.155834E-01  5.000000E-01  2.357793E-01 -2.484989E-02  0.000000E+00  1.653655E-02 -9.514500E-04  2.775564E-19 -1.112778E-01  0.000000E+00
  1.143462E+00 -1.173682E-01  5.000000E-01  2.428354E-01 -2.522894E-02  0.000000E+00  1.636644E-02 -8.164621E-04 -2.511742E-19 -1.201074E-01  0.000000E+00
  1.176693E+00 -1.189021E-01  5.000000E-01  2.498927E-01 -2.555471E-02  0.000000E+00  1.614062E-02 -6.854594E-04 -9.427647E-20 -1.252657E-01  0.000000E+00
  1.209925E+00 -1.201937E-01  5.000000E-01  2.569505E-01 -2.582902E-02  0.000000E+00  1.586533E-02 -5.605690E-04  2.021480E-19 -1.268973E-01  0.000000E+00
  1.243158E+00 -1.212530E-01  5.000000E-01  2.640083E-01 -2.605398E-02  0.000000E+00  1.554745E-02 -4.439948E-04  2.203756E-19 -1.250592E-01  0.000000E+00
  1.276395E+00 -1.220940E-01  5.000000E-01  2.710670E-01 -2.623259E-02  0.000000E+00  1.519494E-02 -3.378399E-04 -2.897585E-19 -1.198897E-01  0.000000E+00
  1.309630E+00 -1.227329E-01  5.000000E-01  2.781253E-01 -2.636828E-02  0.000000E+00  1.481653E-02 -2.435537E-04 -1.285517E-19 -1.117299E-01  0.000000E+00
  1.342868E+00 -1.231886E-01  5.000000E-01  2.851842E-01 -2.646506E-02  0.000000E+00  1.442258E-02 -1.626432E-04  1.199338E-19 -1.010196E-01  0.000000E+00
  1.376108E+00 -1.234847E-01  5.000000E-01  2.922435E-01 -2.652793E-02  0.000000E+00  1.402438E-02 -9.594989E-05 -4.438638E-21 -8.832735E-02  0.000000E+00
  1.409347E+00 -1.236458E-01  5.000000E-01  2.993027E-01 -2.656216E-02  0.000000E+00  1.363413E-02 -4.372464E-05 -7.026603E-20 -7.428935E-02  0.000000E+00
  1.442589E+00 -1.237005E-01  5.000000E-01  3.063625E-01 -2.657377E-02  0.000000E+00  1.326573E-02 -6.111930E-06 -6.225858E-20 -5.951850E-02  0.000000E+00
  1.475831E+00 -1.236794E-01  5.000000E-01  3.134222E-01 -2.656930E-02  0.000000E+00  1.293386E-02  1.730268E-05 -3.420604E-20 -4.466142E-02  0.000000E+00
  1.509072E+00 -1.236150E-01  5.000000E-01  3.204819E-01 -2.655562E-02  0.000000E+00  1.265239E-02  2.712992E-05 -9.662275E-21 -3.037752E-02  0.000000E+00
  1.542314E+00 -1.235405E-01  5.000000E-01  3.275416E-01 -2.653980E-02  0.000000E+00  1.243188E-02  2.388573E-05  3.267719E-20 -1.726681E-02  0.000000E+00
  1.575558E+00 -1.234912E-01  5.000000E-01  3.346018E-01 -2.652932E-02  0.000000E+00  1.227460E-02  9.967862E-06  6.324425E-20 -5.983615E-03  0.000000E+00
  1.608800E+00 -1.234914E-01  5.000000E-01  3.416615E-01 -2.652936E-02  0.000000E+00  1.217172E-02 -9.194092E-06  7.457988E-20  2.804851E-03  0.000000E+00
  1.642044E+00 -1.235462E-01  5.000000E-01  3.487219E-01 -2.654100E-02  0.000000E+00  1.211006E-02 -2.956567E-05  4.533731E-20  9.070098E-03  0.000000E+00
  1.675286E+00 -1.236574E-01  5.000000E-01  3.557815E-01 -2.656463E-02  0.000000E+00  1.207893E-02 -5.034204E-05  7.585925E-20  1.343933E-02  0.000000E+00
  1.708526E+00 -1.238266E-01  5.000000E-01  3.628410E-01 -2.660055E-02  0.000000E+00  1.207057E-02 -7.152080E-05  1.079946E-19  1.651573E-02  0.000000E+00
  1.741762E+00 -1.240547E-01  5.000000E-01  3.698996E-01 -2.664901E-02  0.000000E+00  1.207947E-02 -9.302608E-05  1.085402E-19  1.859535E-02  0.000000E+00
  1.774995E+00 -1.243420E-01  5.000000E-01  3.769573E-01 -2.671000E-02  0.000000E+00  1.210243E-02 -1.150288E-04  1.743523E-19  1.978257E-02  0.000000E+00
  1.808227E+00 -1.246900E-01  5.000000E-01  3.840150E-01 -2.678392E-02  0.000000E+00  1.213781E-02 -1.376503E-04  1.392745E-19  2.008708E-02  0.000000E+00
  1.841453E+00 -1.250993E-01  5.000000E-01  3.910714E-01 -2.687084E-02  0.000000E+00  1.218472E-02 -1.607959E-04 -1.130957E-19  1.948174E-02  0.000000E+00
  1.874678E+00 -1.255705E-01  5.000000E-01  3.981276E-01 -2.697091E-02  0.000000E+00  1.224317E-02 -1.845676E-04 -2.262003E-19  1.797557E-02  0.000000E+00
  1.907900E+00 -1.261044E-01  5.000000E-01  4.051830E-01 -2.708431E-02  0.000000E+00  1.231394E-02 -2.090166E-04 -9.190537E-20  1.556030E-02  0.000000E+00
  1.941118E+00 -1.267017E-01  5.000000E-01  4.122377E-01 -2.721116E-02  0.000000E+00  1.239899E-02 -2.342092E-04 -1.053757E-19  1.219343E-02  0.000000E+00
  1.974334E+00 -1.273627E-01  5.000000E-01  4.192920E-01 -2.735155E-02  0.000000E+00  1.250217E-02 -2.604533E-04 -3.156366E-19  7.811646E-03  0.000000E+00
  2.007549E+00 -1.280890E-01  5.000000E-01  4.263460E-01 -2.750579E-02  0.000000E+00  1.262895E-02 -2.879880E-04 -1.851254E-19  2.276753E-03  0.000000E+00
  2.040760E+00 -1.288810E-01  5.000000E-01  4.333993E-01 -2.767398E-02  0.000000E+00  1.278535E-02 -3.170216E-04  1.440317E-19 -4.622984E-03  0.000000E+00
  2.073970E+00 -1.297392E-01  5.000000E-01  4.404522E-01 -2.785625E-02  0.000000E+00  1.297642E-02 -3.478162E-04 -1.406792E-19 -1.310201E-02  0.000000E+00
  2.107177E+00 -1.306646E-01  5.000000E-01  4.475046E-01 -2.805277E-02  0.000000E+00  1.320208E-02 -3.784307E-04 -7.662118E-19 -2.351305E-02  0.000000E+00
  2.140379E+00 -1.316468E-01  5.000000E-01  4.545558E-01 -2.826137E-02  0.000000E+00  1.345582E-02 -4.046725E-04 -3.368583E-19 -3.619620E-02  0.000000E+00
  2.173577E+00 -1.326656E-01  5.000000E-01  4.616063E-01 -2.847774E-02  0.000000E+00  1.372897E-02 -4.235383E-04  5.034323E-19 -5.104137E-02  0.000000E+00
  2.206768E+00 -1.336988E-01  5.000000E-01  4.686553E-01 -2.869717E-02  0.000000E+00  1.401363E-02 -4.338772E-04  3.316182E-19 -6.757843E-02  0.000000E+00
  2.239954E+00 -1.347248E-01  5.000000E-01  4.757033E-01 -2.891507E-02  0.000000E+00  1.430240E-02 -4.348677E-04  5.386344E-19 -8.535829E-02  0.000000E+00
  2.273134E+00 -1.357212E-01  5.000000E-01  4.827499E-01 -2.912667E-02  0.000000E+00  1.458817E-02 -4.257159E-04  3.512867E-19 -1.040571E-01  0.000000E+00
  2.306309E+00 -1.366660E-01  5.000000E-01  4.897953E-01 -2.932734E-02  0.000000E+00  1.486413E-02 -4.056519E-04 -3.491818E-19 -1.234217E-01  0.000000E+00
  2.339476E+00 -1.375369E-01  5.000000E-01  4.968392E-01 -2.951229E-02  0.000000E+00  1.512366E-02 -3.738828E-04 -2.331505E-19 -1.432038E-01  0.000000E+00
  2.372638E+00 -1.383112E-01  5.000000E-01  5.038821E-01 -2.967673E-02  0.000000E+00  1.536136E-02 -3.304629E-04 -3.078548E-19 -1.630412E-01  0.000000E+00
  2.405805E+00 -1.389692E-01  5.000000E-01  5.109259E-01 -2.981647E-02  0.000000E+00  1.557231E-02 -2.760911E-04 -6.496281E-19 -1.824916E-01  0.000000E+00
  2.438976E+00 -1.394929E-01  5.000000E-01  5.179706E-01 -2.992769E-02  0.000000E+00  1.574908E-02 -2.109432E-04 -5.504581E-19 -2.011511E-01  0.000000E+00
  2.472150E+00 -1.398635E-01  5.000000E-01  5.250160E-01 -3.000639E-02  0.000000E+00  1.587972E-02 -1.350707E-04 -1.291885E-19 -2.185635E-01  0.000000E+00
  2.505329E+00 -1.400627E-01  5.000000E-01  5.320624E-01 -3.004871E-02  0.000000E+00  1.594689E-02 -4.905964E-05 -3.841491E-20 -2.340975E-01  0.000000E+00
  2.538512E+00 -1.400728E-01  5.000000E-01  5.391097E-01 -3.005084E-02  0.000000E+00  1.592861E-02  4.610086E-05 -7.536417E-20 -2.469381E-01  0.000000E+00
  2.571700E+00 -1.398750E-01  5.000000E-01  5.461580E-01 -3.000884E-02  0.000000E+00  1.580370E-02  1.485486E-04  7.793182E-21 -2.560802E-01  0.000000E+00
  2.604894E+00 -1.394523E-01  5.000000E-01  5.532074E-01 -2.991906E-02  0.000000E+00  1.556040E-02  2.550963E-04  1.701169E-19 -2.604807E-01  0.000000E+00
  2.638090E+00 -1.387882E-01  5.000000E-01  5.602575E-01 -2.977803E-02  0.000000E+00  1.520902E-02  3.578022E-04  3.606008E-19 -2.590344E-01  0.000000E+00
  2.671292E+00 -1.378899E-01  5.000000E-01  5.673087E-01 -2.958724E-02  0.000000E+00  1.478129E-02  4.470730E-04 -2.544409E-19 -2.512188E-01  0.000000E+00
  2.704497E+00 -1.367796E-01  5.000000E-01  5.743608E-01 -2.935146E-02  0.000000E+00  1.431326E-02  5.194930E-04 -2.956619E-19 -2.379899E-01  0.000000E+00
  2.737708E+00 -1.354805E-01  5.000000E-01  5.814140E-01 -2.907556E-02  0.000000E+00  1.383501E-02  5.761872E-04  4.634778E-19 -2.212269E-01  0.000000E+00
  2.770923E+00 -1.340153E-01  5.000000E-01  5.884680E-01 -2.876437E-02  0.000000E+00  1.336849E-02  6.190836E-04  3.038814E-19 -2.027332E-01  0.000000E+00
  2.804143E+00 -1.324064E-01  5.000000E-01  5.955230E-01 -2.842269E-02  0.000000E+00  1.292753E-02  6.500066E-04 -1.318308E-19 -1.837566E-01  0.000000E+00
  2.837367E+00 -1.306769E-01  5.000000E-01  6.025790E-01 -2.805538E-02  0.000000E+00  1.251933E-02  6.706743E-04 -1.660178E-19 -1.649778E-01  0.000000E+00
  2.870594E+00 -1.288490E-01  5.000000E-01  6.096357E-01 -2.766718E-02  0.000000E+00  1.214680E-02  6.826027E-04 -1.932156E-19 -1.467087E-01  0.000000E+00
  2.903823E+00 -1.269449E-01  5.000000E-01  6.166926E-01 -2.726281E-02  0.000000E+00  1.181067E-02  6.872066E-04 -2.411636E-19 -1.291386E-01  0.000000E+00
  2.937051E+00 -1.249849E-01  5.000000E-01  6.237496E-01 -2.684656E-02  0.000000E+00  1.151178E-02  6.854647E-04 -1.048609E-18 -1.124222E-01  0.000000E+00
  2.970283E+00 -1.229906E-01  5.000000E-01  6.308072E-01 -2.642300E-02  0.000000E+00  1.125245E-02  6.781361E-04 -1.498586E-18 -9.674223E-02  0.000000E+00
  3.003515E+00 -1.209827E-01  5.000000E-01  6.378649E-01 -2.599659E-02  0.000000E+00  1.103703E-02  6.661491E-04 -1.124578E-18 -8.234628E-02  0.000000E+00
  3.036751E+00 -1.189822E-01  5.000000E-01  6.449232E-01 -2.557173E-02  0.000000E+00  1.087248E-02  6.502944E-04 -5.821904E-19 -6.948821E-02  0.000000E+00
  3.069988E+00 -1.170105E-01  5.000000E-01  6.519820E-01 -2.515298E-02  0.000000E+00  1.076705E-02  6.314046E-04 -7.109250E-20 -5.848397E-02  0.000000E+00
  3.103226E+00 -1.150874E-01  5.000000E-01  6.590409E-01 -2.474456E-02  0.000000E+00  1.072807E-02  6.098018E-04  2.301159E-19 -4.963344E-02  0.000000E+00
  3.136469E+00 -1.132345E-01  5.000000E-01  6.661010E-01 -2.435105E-02  0.000000E+00  1.075729E-02  5.864002E-04  8.045383E-19 -4.325787E-02  0.000000E+00
  3.169712E+00 -1.114667E-01  5.000000E-01  6.731611E-01 -2.397562E-02  0.000000E+00  1.084420E-02  5.657157E-04  8.906162E-19 -3.991692E-02  0.000000E+00
  3.202960E+00 -1.097702E-01  5.000000E-01  6.802220E-01 -2.361532E-02  0.000000E+00  1.096942E-02  5.527383E-04  8.301921E-19 -3.974401E-02  0.000000E+00
  3.236210E+00 -1.081194E-01  5.000000E-01  6.872835E-01 -2.326474E-02  0.000000E+00  1.111398E-02  5.486711E-04 -2.011757E-19 -4.192751E-02  0.000000E+00
  3.269464E+00 -1.064898E-01  5.000000E-01  6.943459E-01 -2.291865E-02  0.000000E+00  1.126178E-02  5.529592E-04 -7.738796E-19 -4.540995E-02  0.000000E+00
  3.302721E+00 -1.048568E-01  5.000000E-01  7.014089E-01 -2.257183E-02  0.000000E+00  1.139920E-02  5.650530E-04 -5.099471E-19 -4.942579E-02  0.000000E+00
  3.335981E+00 -1.031961E-01  5.000000E-01  7.084724E-01 -2.221914E-02  0.000000E+00  1.151579E-02  5.841574E-04 -1.729129E-19 -5.345628E-02  0.000000E+00
  3.369247E+00 -1.014857E-01  5.000000E-01  7.155373E-01 -2.185589E-02  0.000000E+00  1.160437E-02  6.092316E-04  1.717466E-20 -5.709077E-02  0.000000E+00
  3.402518E+00 -9.970660E-02  5.000000E-01  7.226032E-01 -2.147806E-02  0.000000E+00  1.165970E-02  6.394600E-04  6.266945E-19 -6.003486E-02  0.000000E+00
  3.435792E+00 -9.783979E-02  5.000000E-01  7.296699E-01 -2.108160E-02  0.000000E+00  1.167820E-02  6.738517E-04  1.190740E-18 -6.200910E-02  0.000000E+00
  3.469073E+00 -9.586973E-02  5.000000E-01  7.367379E-01 -2.066320E-02  0.000000E+00  1.165794E-02  7.112068E-04  6.623952E-19 -6.271714E-02  0.000000E+00
  3.502353E+00 -9.378246E-02  5.000000E-01  7.438057E-01 -2.021992E-02  0.000000E+00  1.159782E-02  7.503012E-04  4.896437E-19 -6.192213E-02  0.000000E+00
  3.535630E+00 -9.156694E-02  5.000000E-01  7.508729E-01 -1.974940E-02  0.000000E+00  1.149711E-02  7.897736E-04  1.195302E-18 -5.944291E-02  0.000000E+00
  3.568904E+00 -8.921361E-02  5.000000E-01  7.579395E-01 -1.924961E-02  0.000000E+00  1.135460E-02  8.284903E-04  1.428324E-18 -5.517699E-02  0.000000E+00
  3.602176E+00 -8.671380E-02  5.000000E-01  7.650057E-01 -1.871871E-02  0.000000E+00  1.116880E-02  8.652525E-04  1.074718E-19 -4.904017E-02  0.000000E+00
  3.635446E+00 -8.406057E-02  5.000000E-01  7.720714E-01 -1.815523E-02  0.000000E+00  1.093853E-02  8.986963E-04  4.891832E-19 -4.095287E-02  0.000000E+00
  3.668713E+00 -8.124860E-02  5.000000E-01  7.791365E-01 -1.755803E-02  0.000000E+00  1.066435E-02  9.274391E-04  4.468772E-19 -3.083825E-02  0.000000E+00
  3.701976E+00 -7.827576E-02  5.000000E-01  7.862008E-01 -1.692667E-02  0.000000E+00  1.034988E-02  9.504350E-04 -1.548150E-18 -1.871296E-02  0.000000E+00
  3.735241E+00 -7.513966E-02  5.000000E-01  7.932655E-01 -1.626065E-02  0.000000E+00  1.000429E-02  9.656349E-04 -2.063685E-18 -4.583289E-03  0.000000E+00
  3.768500E+00 -7.185444E-02  5.000000E-01  8.003289E-01 -1.556295E-02  0.000000E+00  9.641610E-03  9.708724E-04 -1.459010E-18  1.143567E-02  0.000000E+00
  3.801751E+00 -6.844285E-02  5.000000E-01  8.073904E-01 -1.483841E-02  0.000000E+00  9.275246E-03  9.664897E-04  2.732801E-21  2.877274E-02  0.000000E+00
  3.834989E+00 -6.492733E-02  5.000000E-01  8.144495E-01 -1.409180E-02  0.000000E+00  8.916144E-03  9.539080E-04 -6.907894E-20  4.674010E-02  0.000000E+00
  3.868211E+00 -6.133402E-02  5.000000E-01  8.215050E-01 -1.332867E-02  0.000000E+00  8.572431E-03  9.348853E-04 -6.086076E-19  6.479126E-02  0.000000E+00
  3.901422E+00 -5.768426E-02  5.000000E-01  8.285582E-01 -1.255355E-02  0.000000E+00  8.249415E-03  9.112769E-04 -9.076023E-19  8.256792E-02  0.000000E+00
  3.934617E+00 -5.400046E-02  5.000000E-01  8.356079E-01 -1.177120E-02  0.000000E+00  7.950334E-03  8.844292E-04  5.337496E-19  9.989969E-02  0.000000E+00
  3.967800E+00 -5.030244E-02  5.000000E-01  8.426552E-01 -1.098583E-02  0.000000E+00  7.676006E-03  8.554424E-04  9.280169E-19  1.166471E-01  0.000000E+00
  4.000972E+00 -4.660815E-02  5.000000E-01  8.497000E-01 -1.020125E-02  0.000000E+00  7.424900E-03  8.252178E-04  1.697258E-19  1.327337E-01  0.000000E+00
  4.034139E+00 -4.293218E-02  5.000000E-01  8.567440E-01 -9.420568E-03  0.000000E+00  7.192808E-03  7.948235E-04  7.369397E-19  1.481110E-01  0.000000E+00
  4.067311E+00 -3.928047E-02  5.000000E-01  8.637890E-01 -8.645036E-03  0.000000E+00  6.973245E-03  7.649445E-04 -2.083918E-19  1.628202E-01  0.000000E+00
  4.100488E+00 -3.565661E-02  5.000000E-01  8.708348E-01 -7.875416E-03  0.000000E+00  6.758796E-03  7.353584E-04  8.380307E-19  1.770766E-01  0.000000E+00
  4.133669E+00 -3.206329E-02  5.000000E-01  8.778818E-01 -7.112283E-03  0.000000E+00  6.541698E-03  7.055862E-04  1.707695E-18  1.911106E-01  0.000000E+00
  4.166856E+00 -2.850057E-02  5.000000E-01  8.849299E-01 -6.355650E-03  0.000000E+00  6.315065E-03  6.752020E-04  6.020774E-19  2.051279E-01  0.000000E+00
  4.200049E+00 -2.496859E-02  5.000000E-01  8.919793E-01 -5.605543E-03  0.000000E+00  6.074716E-03  6.439617E-04  2.634355E-19  2.192831E-01  0.000000E+00
  4.233242E+00 -2.146584E-02  5.000000E-01  8.990285E-01 -4.861645E-03  0.000000E+00  5.821669E-03  6.110442E-04 -5.746141E-20  2.337400E-01  0.000000E+00
  4.266405E+00 -1.800601E-02  5.000000E-01  9.060715E-01 -4.126862E-03  0.000000E+00  5.563936E-03  5.743520E-04 -5.429891E-19  2.486741E-01  0.000000E+00
  4.299502E+00 -1.462792E-02  5.000000E-01  9.131006E-01 -3.409440E-03  0.000000E+00  5.315052E-03  5.320867E-04 -5.837173E-19  2.640065E-01  0.000000E+00
  4.332522E+00 -1.139103E-02  5.000000E-01  9.201132E-01 -2.722004E-03  0.000000E+00  5.089637E-03  4.847774E-04 -8.070320E-19  2.791194E-01  0.000000E+00
  4.365472E+00 -8.350699E-03  5.000000E-01  9.271110E-01 -2.076312E-03  0.000000E+00  4.900840E-03  4.342648E-04  7.399856E-19  2.932022E-01  0.000000E+00
  4.398350E+00 -5.564222E-03  5.000000E-01  9.340935E-01 -1.484532E-03  0.000000E+00  4.761176E-03  3.816637E-04  1.125586E-18  3.057679E-01  0.000000E+00
  4.431155E+00 -3.089778E-03  5.000000E-01  9.410605E-01 -9.590214E-04  0.000000E+00  4.682770E-03  3.268264E-04 -1.043088E-18  3.165870E-01  0.000000E+00
  4.463888E+00 -9.931186E-04  5.000000E-01  9.480121E-01 -5.137424E-04  0.000000E+00  4.673741E-03  2.690955E-04 -1.318033E-18  3.252959E-01  0.000000E+00
  4.496579E+00  6.764508E-04  5.000000E-01  9.549550E-01 -1.591669E-04  0.000000E+00  4.731184E-03  2.079693E-04 -8.041667E-20  3.315903E-01  0.000000E+00
  4.529252E+00  1.886208E-03  5.000000E-01  9.618938E-01  9.775580E-05  0.000000E+00  4.828948E-03  1.438156E-04  3.568035E-19  3.354021E-01  0.000000E+00
  4.561929E+00  2.625067E-03  5.000000E-01  9.688337E-01  2.546713E-04  0.000000E+00  4.898169E-03  7.618234E-05  5.904531E-20  3.356032E-01  0.000000E+00
  4.594574E+00  2.880030E-03  5.000000E-01  9.757665E-01  3.088191E-04  0.000000E+00  4.833009E-03 -7.757497E-08 -2.008887E-19  3.315899E-01  0.000000E+00
  4.627203E+00  2.637165E-03  5.000000E-01  9.826962E-01  2.572406E-04  0.000000E+00  4.573075E-03 -7.871381E-05 -3.397110E-19  3.309633E-01  0.000000E+00
  4.659162E+00  1.898711E-03  5.000000E-01  9.894836E-01  1.004110E-04  0.000000E+00  4.145450E-03 -1.190241E-04  3.103701E-19  3.329400E-01  0.000000E+00
  4.689251E+00  7.321950E-04  5.000000E-01  9.958737E-01 -1.473282E-04  0.000000E+00  3.489109E-03 -1.303119E-04  5.627249E-18  2.788390E-01  0.000000E+00
  4.708680E+00 -2.737063E-04  5.000000E-01  9.999999E-01 -3.609570E-04  0.000000E+00  2.717290E-03 -2.211595E-04  6.167525E-18  1.497733E-01  0.000000E+00
    1    2
    2    3
    3    4
    4    5
    5    6
    6    7
    7    8
    8    9
    9   10
   10   11
   11   12
   12   13
   13   14
   14   15
   15   16
   16   17
   17   18
   18   19
   19   20
   20   21
   21   22
   22   23
   23   24
   24   25
   25   26
   26   27
   27   28
   28   29
   29   30
   30   31
   31   32
   32   33
   33   34
   34   35
   35   36
   36   37
   37   38
   38   39
   39   40
   40   41
   41   42
   42   43
   43   44
   44   45
   45   46
   46   47
   47   48
   48   49
   49   50
   50   51
   51   52
   52   53
   53   54
   54   55
   55   56
   56   57
   57   58
   58   59
   59   60
   60   61
   61   62
   62   63
   63   64
   64   65
   65   66
   66   67
   67   68
   68   69
   69   70
   70   71
   71   72
   72   73
   73   74
   74   75
   75   76
   76   77
   77   78
   78   79
   79   80
   80   81
   81   82
   82   83
   83   84
   84   85
   85   86
   86   87
   87   88
   88   89
   89   90
   90   91
   91   92
   92   93
   93   94
   94   95
   95   96
   96   97
   97   98
   98   99
   99  100
  100  101
  101  102
  102  103
  103  104
  104  105
  105  106
  106  107
  107  108
  108  109
  109  110
  110  111
  111  112
  112  113
  113  114
  114  115
  115  116
  116  117
  117  118
  118  119
  119  120
  120  121
  121  122
  122  123
  123  124
  124  125
  125  126
  126  127
  127  128
  128  129
  129  130
  130  131
  131  132
  132  133
  133  134
  134  135
  135  136
  136  137
  137  138
  138  139
  139  140
  140  141
  141  142
  142  143
  143  144
  144  145
  145  146
  146  147
  147  148
  148  149
  149  150
  151  152
  152  153
  153  154
  154  155
  155  156
  156  157
  157  158
  158  159
  159  160
  160  161
  161  162
  162  163
  163  164
  164  165
  165  166
  166  167
  167  168
  168  169
  169  170
  170  171
  171  172
  172  173
  173  174
  174  175
  175  176
  176  177
  177  178
  178  179
  179  180
  180  181
  181  182
  182  183
  183  184
  184  185
  185  186
  186  187
  187  188
  188  189
  189  190
  190  191
  191  192
  192  193
  193  194
  194  195
  195  196
  196  197
  197  198
  198  199
  199  200
  200  201
  201  202
  202  203
  203  204
  204  205
  205  206
  206  207
  207  208
  208  209
  209  210
  210  211
  211  212
  212  213
  213  214
  214  215
  215  216
  216  217
  217  218
  218  219
  219  220
  220  221
  221  222
  222  223
  223  224
  224  225
  225  226
  226  227
  227  228
  228  229
  229  230
  230  231
  231  232
  232  233
  233  234
  234  235
  235  236
  236  237
  237  238
  238  239
  239  240
  240  241
  241  242
  242  243
  243  244
  244  245
  245  246
  246  247
  247  248
  248  249
  249  250
  250  251
  251  252
  252  253
  253  254
  254  255
  255  256
  256  257
  257  258
  258  259
  259  260
  260  261
  261  262
  262  263
  263  264
  264  265
  265  266
  266  267
  267  268
  268  269
  269  270
  270  271
  271  272
  272  273
  273  274
  274  275
  275  276
  276  277
  277  278
  278  279
  279  280
  280  281
  281  282
  282  283
  283  284
  284  285
  285  286
  286  287
  287  288
  288  289
  289  290
  290  291
  291  292
  292  293
  293  294
  294  295
  295  296
  296  297
  297  298
  298  299
  299  300
