 Title = "ADflow Slice Data"
Variables =  "CoordinateX"  "CoordinateY"  "CoordinateZ"  "XoC"  "YoC"  "ZoC" "VelocityX" "VelocityY" "VelocityZ" "CoefPressure" "Mach" 
Zone T= "Slice_0001 None Absolute Regular z = 0.50000000"
 Nodes =          300  Elements=          298  ZONETYPE=FELINESEG
 DATAPACKING=POINT
  4.708680E+00 -4.941970E-04  5.000000E-01  9.999999E-01 -3.332699E-04  0.000000E+00  2.491446E-03 -1.487134E-04  5.671022E-18  1.616729E-01  0.000000E+00
  4.689187E+00  2.555449E-03  5.000000E-01  9.958601E-01  3.144000E-04  0.000000E+00  2.164973E-03 -3.092895E-04 -7.151002E-19  1.133713E-01  0.000000E+00
  4.658673E+00  7.279765E-03  5.000000E-01  9.893797E-01  1.317729E-03  0.000000E+00  2.222842E-03 -3.616899E-04 -5.565287E-19  1.353869E-01  0.000000E+00
  4.626256E+00  1.223367E-02  5.000000E-01  9.824952E-01  2.369817E-03  0.000000E+00  2.412076E-03 -3.651998E-04  1.634840E-18  1.228697E-01  0.000000E+00
  4.593146E+00  1.722447E-02  5.000000E-01  9.754635E-01  3.429741E-03  0.000000E+00  2.728849E-03 -4.034037E-04  9.693411E-19  9.769468E-02  0.000000E+00
  4.560031E+00  2.214588E-02  5.000000E-01  9.684306E-01  4.474925E-03  0.000000E+00  3.153675E-03 -4.654214E-04 -1.802071E-20  7.758926E-02  0.000000E+00
  4.526891E+00  2.699992E-02  5.000000E-01  9.613923E-01  5.505804E-03  0.000000E+00  3.621168E-03 -5.271601E-04 -1.184299E-18  5.830445E-02  0.000000E+00
  4.493752E+00  3.178085E-02  5.000000E-01  9.543545E-01  6.521156E-03  0.000000E+00  4.092220E-03 -5.852816E-04 -7.681869E-19  3.699725E-02  0.000000E+00
  4.460612E+00  3.648447E-02  5.000000E-01  9.473164E-01  7.520090E-03  0.000000E+00  4.550577E-03 -6.399465E-04 -8.805879E-20  1.489660E-02  0.000000E+00
  4.427470E+00  4.110735E-02  5.000000E-01  9.402779E-01  8.501876E-03  0.000000E+00  4.987234E-03 -6.887766E-04 -1.287631E-18 -7.290629E-03  0.000000E+00
  4.394325E+00  4.564129E-02  5.000000E-01  9.332387E-01  9.464773E-03  0.000000E+00  5.402044E-03 -7.310767E-04 -1.258546E-18 -2.964328E-02  0.000000E+00
  4.361178E+00  5.008034E-02  5.000000E-01  9.261991E-01  1.040752E-02  0.000000E+00  5.802951E-03 -7.679316E-04 -2.295696E-19 -5.221500E-02  0.000000E+00
  4.328027E+00  5.441659E-02  5.000000E-01  9.191586E-01  1.132843E-02  0.000000E+00  6.199665E-03 -8.002669E-04 -1.018584E-18 -7.494389E-02  0.000000E+00
  4.294876E+00  5.864052E-02  5.000000E-01  9.121180E-01  1.222549E-02  0.000000E+00  6.599058E-03 -8.287654E-04 -1.339613E-18 -9.779735E-02  0.000000E+00
  4.261727E+00  6.274464E-02  5.000000E-01  9.050782E-01  1.309710E-02  0.000000E+00  7.004641E-03 -8.537412E-04 -1.339929E-18 -1.207734E-01  0.000000E+00
  4.228582E+00  6.672178E-02  5.000000E-01  8.980388E-01  1.394175E-02  0.000000E+00  7.417814E-03 -8.747081E-04 -5.778780E-19 -1.438819E-01  0.000000E+00
  4.195443E+00  7.056234E-02  5.000000E-01  8.910010E-01  1.475739E-02  0.000000E+00  7.839220E-03 -8.909937E-04  2.750993E-18 -1.670129E-01  0.000000E+00
  4.162308E+00  7.425591E-02  5.000000E-01  8.839639E-01  1.554182E-02  0.000000E+00  8.268409E-03 -9.022349E-04  2.480841E-18 -1.900209E-01  0.000000E+00
  4.129179E+00  7.779436E-02  5.000000E-01  8.769281E-01  1.629330E-02  0.000000E+00  8.703887E-03 -9.078553E-04  7.111443E-19 -2.127666E-01  0.000000E+00
  4.096054E+00  8.116783E-02  5.000000E-01  8.698932E-01  1.700974E-02  0.000000E+00  9.143314E-03 -9.072503E-04  1.198479E-19 -2.350563E-01  0.000000E+00
  4.062934E+00  8.436868E-02  5.000000E-01  8.628593E-01  1.768952E-02  0.000000E+00  9.583101E-03 -8.999294E-04 -8.562075E-19 -2.566366E-01  0.000000E+00
  4.029817E+00  8.738899E-02  5.000000E-01  8.558262E-01  1.833096E-02  0.000000E+00  1.001795E-02 -8.853027E-04 -3.429405E-19 -2.771517E-01  0.000000E+00
  3.996705E+00  9.022215E-02  5.000000E-01  8.487939E-01  1.893265E-02  0.000000E+00  1.043996E-02 -8.630985E-04 -7.074612E-19 -2.961612E-01  0.000000E+00
  3.963594E+00  9.286428E-02  5.000000E-01  8.417620E-01  1.949378E-02  0.000000E+00  1.083845E-02 -8.333630E-04 -1.312039E-18 -3.131114E-01  0.000000E+00
  3.930486E+00  9.531389E-02  5.000000E-01  8.347306E-01  2.001401E-02  0.000000E+00  1.120013E-02 -7.962032E-04 -1.149056E-18 -3.273612E-01  0.000000E+00
  3.897377E+00  9.757135E-02  5.000000E-01  8.276991E-01  2.049344E-02  0.000000E+00  1.150990E-02 -7.524298E-04 -1.009921E-18 -3.383052E-01  0.000000E+00
  3.864269E+00  9.964212E-02  5.000000E-01  8.206677E-01  2.093322E-02  0.000000E+00  1.175343E-02 -7.034146E-04  8.294915E-20 -3.454775E-01  0.000000E+00
  3.831161E+00  1.015331E-01  5.000000E-01  8.136366E-01  2.133482E-02  0.000000E+00  1.191978E-02 -6.511868E-04  7.756556E-19 -3.487945E-01  0.000000E+00
  3.798054E+00  1.032575E-01  5.000000E-01  8.066053E-01  2.170105E-02  0.000000E+00  1.200490E-02 -5.986843E-04  8.129202E-19 -3.486935E-01  0.000000E+00
  3.764948E+00  1.048325E-01  5.000000E-01  7.995744E-01  2.203553E-02  0.000000E+00  1.201425E-02 -5.493150E-04  7.404676E-19 -3.460647E-01  0.000000E+00
  3.731842E+00  1.062808E-01  5.000000E-01  7.925435E-01  2.234311E-02  0.000000E+00  1.196153E-02 -5.065872E-04  5.286434E-19 -3.421657E-01  0.000000E+00
  3.698737E+00  1.076315E-01  5.000000E-01  7.855129E-01  2.262996E-02  0.000000E+00  1.186762E-02 -4.713996E-04  4.803862E-19 -3.380066E-01  0.000000E+00
  3.665634E+00  1.089063E-01  5.000000E-01  7.784827E-01  2.290070E-02  0.000000E+00  1.175533E-02 -4.408051E-04  1.068535E-19 -3.338383E-01  0.000000E+00
  3.632534E+00  1.101103E-01  5.000000E-01  7.714529E-01  2.315640E-02  0.000000E+00  1.163896E-02 -4.120375E-04 -1.296734E-19 -3.296169E-01  0.000000E+00
  3.599434E+00  1.112460E-01  5.000000E-01  7.644234E-01  2.339759E-02  0.000000E+00  1.152197E-02 -3.846624E-04 -2.683085E-20 -3.253697E-01  0.000000E+00
  3.566334E+00  1.123166E-01  5.000000E-01  7.573938E-01  2.362496E-02  0.000000E+00  1.140243E-02 -3.586356E-04  1.732877E-19 -3.210438E-01  0.000000E+00
  3.533236E+00  1.133245E-01  5.000000E-01  7.503646E-01  2.383902E-02  0.000000E+00  1.127649E-02 -3.336294E-04  3.717227E-19 -3.165500E-01  0.000000E+00
  3.500138E+00  1.142715E-01  5.000000E-01  7.433353E-01  2.404013E-02  0.000000E+00  1.114002E-02 -3.096220E-04  1.812902E-19 -3.118888E-01  0.000000E+00
  3.467038E+00  1.151607E-01  5.000000E-01  7.363057E-01  2.422899E-02  0.000000E+00  1.099024E-02 -2.867572E-04  1.362355E-19 -3.071123E-01  0.000000E+00
  3.433936E+00  1.159952E-01  5.000000E-01  7.292757E-01  2.440621E-02  0.000000E+00  1.082584E-02 -2.649525E-04  4.569848E-19 -3.022772E-01  0.000000E+00
  3.400832E+00  1.167773E-01  5.000000E-01  7.222452E-01  2.457231E-02  0.000000E+00  1.064594E-02 -2.441416E-04  5.121279E-19 -2.974576E-01  0.000000E+00
  3.367728E+00  1.175097E-01  5.000000E-01  7.152146E-01  2.472786E-02  0.000000E+00  1.044962E-02 -2.242146E-04  3.496718E-19 -2.926584E-01  0.000000E+00
  3.334620E+00  1.181944E-01  5.000000E-01  7.081834E-01  2.487327E-02  0.000000E+00  1.023562E-02 -2.050816E-04  1.543811E-19 -2.877682E-01  0.000000E+00
  3.301512E+00  1.188332E-01  5.000000E-01  7.011520E-01  2.500894E-02  0.000000E+00  1.000215E-02 -1.867153E-04  7.361735E-21 -2.826639E-01  0.000000E+00
  3.268401E+00  1.194278E-01  5.000000E-01  6.941201E-01  2.513522E-02  0.000000E+00  9.747650E-03 -1.690957E-04  2.069707E-19 -2.773903E-01  0.000000E+00
  3.235290E+00  1.199794E-01  5.000000E-01  6.870881E-01  2.525237E-02  0.000000E+00  9.471133E-03 -1.522338E-04  3.595248E-19 -2.724049E-01  0.000000E+00
  3.202177E+00  1.204886E-01  5.000000E-01  6.800557E-01  2.536050E-02  0.000000E+00  9.171161E-03 -1.361058E-04  4.356468E-19 -2.686386E-01  0.000000E+00
  3.169063E+00  1.209562E-01  5.000000E-01  6.730231E-01  2.545981E-02  0.000000E+00  8.844308E-03 -1.203904E-04  4.036615E-19 -2.668831E-01  0.000000E+00
  3.135947E+00  1.213826E-01  5.000000E-01  6.659902E-01  2.555036E-02  0.000000E+00  8.483163E-03 -1.045673E-04  3.264219E-19 -2.666384E-01  0.000000E+00
  3.102831E+00  1.217681E-01  5.000000E-01  6.589570E-01  2.563224E-02  0.000000E+00  8.076019E-03 -8.863198E-05  4.802933E-19 -2.654771E-01  0.000000E+00
  3.069714E+00  1.221140E-01  5.000000E-01  6.519238E-01  2.570570E-02  0.000000E+00  7.612905E-03 -7.354298E-05  6.469577E-19 -2.605017E-01  0.000000E+00
  3.036593E+00  1.224222E-01  5.000000E-01  6.448898E-01  2.577115E-02  0.000000E+00  7.103582E-03 -6.097603E-05  4.650296E-19 -2.523116E-01  0.000000E+00
  3.003475E+00  1.226944E-01  5.000000E-01  6.378564E-01  2.582896E-02  0.000000E+00  6.604599E-03 -5.193505E-05  1.763530E-19 -2.487983E-01  0.000000E+00
  2.970356E+00  1.229312E-01  5.000000E-01  6.308226E-01  2.587925E-02  0.000000E+00  6.242203E-03 -4.546687E-05  9.228965E-20 -2.638922E-01  0.000000E+00
  2.937236E+00  1.231350E-01  5.000000E-01  6.237888E-01  2.592253E-02  0.000000E+00  6.216219E-03 -3.950041E-05 -3.124082E-20 -3.089350E-01  0.000000E+00
  2.904117E+00  1.233072E-01  5.000000E-01  6.167550E-01  2.595910E-02  0.000000E+00  6.754152E-03 -3.334929E-05 -1.758463E-19 -3.826779E-01  0.000000E+00
  2.870996E+00  1.234496E-01  5.000000E-01  6.097211E-01  2.598935E-02  0.000000E+00  7.990107E-03 -2.881377E-05 -1.086014E-19 -4.698660E-01  0.000000E+00
  2.837877E+00  1.235641E-01  5.000000E-01  6.026873E-01  2.601366E-02  0.000000E+00  9.808726E-03 -2.648756E-05  2.479924E-19 -5.504554E-01  0.000000E+00
  2.804757E+00  1.236521E-01  5.000000E-01  5.956534E-01  2.603236E-02  0.000000E+00  1.181651E-02 -2.464331E-05  7.034811E-19 -6.108654E-01  0.000000E+00
  2.771639E+00  1.237158E-01  5.000000E-01  5.886200E-01  2.604588E-02  0.000000E+00  1.352995E-02 -2.092759E-05  9.993545E-19 -6.482660E-01  0.000000E+00
  2.738522E+00  1.237558E-01  5.000000E-01  5.815867E-01  2.605438E-02  0.000000E+00  1.464498E-02 -1.417479E-05  9.273213E-19 -6.674405E-01  0.000000E+00
  2.705406E+00  1.237742E-01  5.000000E-01  5.745537E-01  2.605828E-02  0.000000E+00  1.515885E-02 -5.456359E-06  6.262976E-19 -6.753015E-01  0.000000E+00
  2.672292E+00  1.237721E-01  5.000000E-01  5.675211E-01  2.605785E-02  0.000000E+00  1.526979E-02  3.678213E-06  3.533236E-19 -6.774362E-01  0.000000E+00
  2.639177E+00  1.237512E-01  5.000000E-01  5.604885E-01  2.605339E-02  0.000000E+00  1.520502E-02  1.226166E-05  2.087112E-19 -6.773206E-01  0.000000E+00
  2.606068E+00  1.237126E-01  5.000000E-01  5.534568E-01  2.604520E-02  0.000000E+00  1.511738E-02  2.057100E-05  1.903976E-19 -6.766902E-01  0.000000E+00
  2.572958E+00  1.236558E-01  5.000000E-01  5.464251E-01  2.603313E-02  0.000000E+00  1.507147E-02  2.947194E-05  2.480190E-19 -6.761618E-01  0.000000E+00
  2.539852E+00  1.235784E-01  5.000000E-01  5.393941E-01  2.601671E-02  0.000000E+00  1.507415E-02  3.981614E-05  2.974276E-19 -6.757534E-01  0.000000E+00
  2.506749E+00  1.234765E-01  5.000000E-01  5.323638E-01  2.599506E-02  0.000000E+00  1.510824E-02  5.202552E-05  3.222012E-19 -6.752763E-01  0.000000E+00
  2.473650E+00  1.233462E-01  5.000000E-01  5.253345E-01  2.596739E-02  0.000000E+00  1.515371E-02  6.608232E-05  3.751229E-19 -6.745457E-01  0.000000E+00
  2.440554E+00  1.231835E-01  5.000000E-01  5.183056E-01  2.593284E-02  0.000000E+00  1.519663E-02  8.182784E-05  3.431287E-19 -6.734334E-01  0.000000E+00
  2.407460E+00  1.229855E-01  5.000000E-01  5.112774E-01  2.589078E-02  0.000000E+00  1.523029E-02  9.935297E-05  1.741554E-19 -6.718452E-01  0.000000E+00
  2.374373E+00  1.227476E-01  5.000000E-01  5.042504E-01  2.584026E-02  0.000000E+00  1.525255E-02  1.187778E-04  1.927069E-19 -6.697471E-01  0.000000E+00
  2.341286E+00  1.224658E-01  5.000000E-01  4.972236E-01  2.578042E-02  0.000000E+00  1.526298E-02  1.394191E-04  2.526688E-19 -6.672464E-01  0.000000E+00
  2.308194E+00  1.221386E-01  5.000000E-01  4.901958E-01  2.571092E-02  0.000000E+00  1.526281E-02  1.603549E-04  1.172208E-19 -6.645210E-01  0.000000E+00
  2.275097E+00  1.217659E-01  5.000000E-01  4.831667E-01  2.563177E-02  0.000000E+00  1.525498E-02  1.810919E-04 -7.094899E-20 -6.617230E-01  0.000000E+00
  2.241991E+00  1.213482E-01  5.000000E-01  4.761359E-01  2.554305E-02  0.000000E+00  1.524294E-02  2.014677E-04 -1.548639E-19 -6.589562E-01  0.000000E+00
  2.208879E+00  1.208862E-01  5.000000E-01  4.691037E-01  2.544494E-02  0.000000E+00  1.522951E-02  2.214975E-04  1.007350E-19 -6.562756E-01  0.000000E+00
  2.175760E+00  1.203804E-01  5.000000E-01  4.620701E-01  2.533752E-02  0.000000E+00  1.521635E-02  2.412151E-04  1.277508E-19 -6.537047E-01  0.000000E+00
  2.142637E+00  1.198316E-01  5.000000E-01  4.550354E-01  2.522097E-02  0.000000E+00  1.520404E-02  2.606482E-04 -1.156938E-19 -6.512485E-01  0.000000E+00
  2.109507E+00  1.192401E-01  5.000000E-01  4.479994E-01  2.509535E-02  0.000000E+00  1.519252E-02  2.798097E-04 -7.708263E-20 -6.489046E-01  0.000000E+00
  2.076374E+00  1.186068E-01  5.000000E-01  4.409628E-01  2.496085E-02  0.000000E+00  1.518160E-02  2.987954E-04 -7.567435E-20 -6.466667E-01  0.000000E+00
  2.043241E+00  1.179315E-01  5.000000E-01  4.339262E-01  2.481743E-02  0.000000E+00  1.517074E-02  3.173915E-04 -2.388986E-19 -6.445732E-01  0.000000E+00
  2.010106E+00  1.172158E-01  5.000000E-01  4.268892E-01  2.466545E-02  0.000000E+00  1.515970E-02  3.352359E-04 -3.341584E-19 -6.426864E-01  0.000000E+00
  1.976970E+00  1.164615E-01  5.000000E-01  4.198519E-01  2.450525E-02  0.000000E+00  1.514922E-02  3.524112E-04 -3.931379E-19 -6.410226E-01  0.000000E+00
  1.943835E+00  1.156698E-01  5.000000E-01  4.128148E-01  2.433711E-02  0.000000E+00  1.514006E-02  3.690725E-04 -3.940958E-19 -6.395856E-01  0.000000E+00
  1.910699E+00  1.148416E-01  5.000000E-01  4.057775E-01  2.416121E-02  0.000000E+00  1.513252E-02  3.850858E-04 -3.615616E-19 -6.384045E-01  0.000000E+00
  1.877561E+00  1.139788E-01  5.000000E-01  3.987399E-01  2.397799E-02  0.000000E+00  1.512699E-02  4.003989E-04 -4.971714E-19 -6.375024E-01  0.000000E+00
  1.844424E+00  1.130829E-01  5.000000E-01  3.917024E-01  2.378772E-02  0.000000E+00  1.512401E-02  4.149850E-04 -5.623565E-19 -6.369057E-01  0.000000E+00
  1.811282E+00  1.121557E-01  5.000000E-01  3.846638E-01  2.359080E-02  0.000000E+00  1.512405E-02  4.285950E-04 -7.704563E-19 -6.366641E-01  0.000000E+00
  1.778139E+00  1.112000E-01  5.000000E-01  3.776250E-01  2.338784E-02  0.000000E+00  1.512815E-02  4.413236E-04 -7.850935E-19 -6.367892E-01  0.000000E+00
  1.744992E+00  1.102174E-01  5.000000E-01  3.705854E-01  2.317915E-02  0.000000E+00  1.513714E-02  4.532293E-04 -5.288147E-19 -6.372885E-01  0.000000E+00
  1.711843E+00  1.092106E-01  5.000000E-01  3.635455E-01  2.296533E-02  0.000000E+00  1.515157E-02  4.643858E-04 -4.384191E-19 -6.381584E-01  0.000000E+00
  1.678692E+00  1.081809E-01  5.000000E-01  3.565049E-01  2.274664E-02  0.000000E+00  1.517160E-02  4.748338E-04 -3.784386E-19 -6.393859E-01  0.000000E+00
  1.645539E+00  1.071309E-01  5.000000E-01  3.494640E-01  2.252366E-02  0.000000E+00  1.519720E-02  4.847285E-04 -1.946694E-19 -6.409298E-01  0.000000E+00
  1.612385E+00  1.060615E-01  5.000000E-01  3.424230E-01  2.229655E-02  0.000000E+00  1.522820E-02  4.944408E-04 -1.223406E-21 -6.427143E-01  0.000000E+00
  1.579236E+00  1.049738E-01  5.000000E-01  3.353830E-01  2.206554E-02  0.000000E+00  1.526388E-02  5.042780E-04 -3.073966E-19 -6.446752E-01  0.000000E+00
  1.546090E+00  1.038669E-01  5.000000E-01  3.283435E-01  2.183047E-02  0.000000E+00  1.530301E-02  5.140100E-04 -3.824930E-19 -6.468261E-01  0.000000E+00
  1.512946E+00  1.027426E-01  5.000000E-01  3.213046E-01  2.159170E-02  0.000000E+00  1.534488E-02  5.231495E-04 -1.396544E-19 -6.492284E-01  0.000000E+00
  1.479807E+00  1.016026E-01  5.000000E-01  3.142666E-01  2.134959E-02  0.000000E+00  1.539025E-02  5.318123E-04 -1.992182E-19 -6.518916E-01  0.000000E+00
  1.446672E+00  1.004480E-01  5.000000E-01  3.072296E-01  2.110437E-02  0.000000E+00  1.544002E-02  5.401239E-04 -1.342673E-20 -6.548138E-01  0.000000E+00
  1.413540E+00  9.927993E-02  5.000000E-01  3.001932E-01  2.085630E-02  0.000000E+00  1.549481E-02  5.482164E-04  2.608238E-19 -6.579709E-01  0.000000E+00
  1.380413E+00  9.809919E-02  5.000000E-01  2.931579E-01  2.060554E-02  0.000000E+00  1.555483E-02  5.564258E-04  3.144804E-19 -6.613000E-01  0.000000E+00
  1.347294E+00  9.690568E-02  5.000000E-01  2.861242E-01  2.035207E-02  0.000000E+00  1.561949E-02  5.650226E-04  5.967581E-19 -6.647355E-01  0.000000E+00
  1.314179E+00  9.569868E-02  5.000000E-01  2.790914E-01  2.009573E-02  0.000000E+00  1.568757E-02  5.740480E-04  4.944842E-19 -6.682345E-01  0.000000E+00
  1.281074E+00  9.447798E-02  5.000000E-01  2.720606E-01  1.983649E-02  0.000000E+00  1.575802E-02  5.836600E-04 -9.581280E-21 -6.717540E-01  0.000000E+00
  1.247974E+00  9.324192E-02  5.000000E-01  2.650310E-01  1.957398E-02  0.000000E+00  1.582978E-02  5.938306E-04 -5.200118E-19 -6.752816E-01  0.000000E+00
  1.214880E+00  9.199021E-02  5.000000E-01  2.580028E-01  1.930814E-02  0.000000E+00  1.590234E-02  6.045598E-04 -4.195771E-19 -6.788095E-01  0.000000E+00
  1.181795E+00  9.072146E-02  5.000000E-01  2.509763E-01  1.903869E-02  0.000000E+00  1.597574E-02  6.161007E-04 -2.218138E-19 -6.823143E-01  0.000000E+00
  1.148718E+00  8.943406E-02  5.000000E-01  2.439516E-01  1.876528E-02  0.000000E+00  1.604976E-02  6.283215E-04 -1.038688E-19 -6.858198E-01  0.000000E+00
  1.115646E+00  8.812716E-02  5.000000E-01  2.369279E-01  1.848773E-02  0.000000E+00  1.612457E-02  6.410461E-04 -5.687224E-20 -6.893639E-01  0.000000E+00
  1.082583E+00  8.680014E-02  5.000000E-01  2.299061E-01  1.820590E-02  0.000000E+00  1.620101E-02  6.543511E-04  1.166611E-19 -6.929686E-01  0.000000E+00
  1.049524E+00  8.545182E-02  5.000000E-01  2.228852E-01  1.791955E-02  0.000000E+00  1.628000E-02  6.682479E-04  5.242249E-19 -6.966664E-01  0.000000E+00
  1.016475E+00  8.408191E-02  5.000000E-01  2.158664E-01  1.762862E-02  0.000000E+00  1.636251E-02  6.827570E-04  2.945966E-19 -7.004893E-01  0.000000E+00
  9.834318E-01  8.268917E-02  5.000000E-01  2.088488E-01  1.733283E-02  0.000000E+00  1.644919E-02  6.977442E-04  5.739057E-21 -7.044745E-01  0.000000E+00
  9.503976E-01  8.127415E-02  5.000000E-01  2.018331E-01  1.703232E-02  0.000000E+00  1.654086E-02  7.134409E-04  3.158206E-19 -7.085984E-01  0.000000E+00
  9.173728E-01  7.983512E-02  5.000000E-01  1.948195E-01  1.672670E-02  0.000000E+00  1.663802E-02  7.305567E-04  7.121256E-19 -7.127582E-01  0.000000E+00
  8.843598E-01  7.836974E-02  5.000000E-01  1.878083E-01  1.641549E-02  0.000000E+00  1.673990E-02  7.497771E-04  1.663234E-19 -7.168292E-01  0.000000E+00
  8.513623E-01  7.687384E-02  5.000000E-01  1.808005E-01  1.609780E-02  0.000000E+00  1.684463E-02  7.716869E-04 -4.157162E-19 -7.206994E-01  0.000000E+00
  8.183794E-01  7.534234E-02  5.000000E-01  1.737957E-01  1.577255E-02  0.000000E+00  1.694960E-02  7.964091E-04 -6.004426E-19 -7.243304E-01  0.000000E+00
  7.854121E-01  7.377028E-02  5.000000E-01  1.667943E-01  1.543868E-02  0.000000E+00  1.705278E-02  8.238506E-04 -3.494190E-19 -7.277444E-01  0.000000E+00
  7.524593E-01  7.215277E-02  5.000000E-01  1.597959E-01  1.509516E-02  0.000000E+00  1.715332E-02  8.538671E-04  1.654922E-19 -7.309940E-01  0.000000E+00
  7.195226E-01  7.048549E-02  5.000000E-01  1.528009E-01  1.474107E-02  0.000000E+00  1.725153E-02  8.865765E-04  4.097367E-19 -7.341104E-01  0.000000E+00
  6.866079E-01  6.876373E-02  5.000000E-01  1.458107E-01  1.437541E-02  0.000000E+00  1.734807E-02  9.225209E-04 -1.727846E-20 -7.370754E-01  0.000000E+00
  6.537221E-01  6.698163E-02  5.000000E-01  1.388265E-01  1.399694E-02  0.000000E+00  1.744257E-02  9.622416E-04 -4.214821E-19 -7.398629E-01  0.000000E+00
  6.208691E-01  6.513243E-02  5.000000E-01  1.318494E-01  1.360421E-02  0.000000E+00  1.753323E-02  1.005916E-03 -6.504269E-19 -7.424966E-01  0.000000E+00
  5.880524E-01  6.320929E-02  5.000000E-01  1.248799E-01  1.319578E-02  0.000000E+00  1.761753E-02  1.053254E-03 -1.115777E-18 -7.450825E-01  0.000000E+00
  5.552711E-01  6.120586E-02  5.000000E-01  1.179180E-01  1.277030E-02  0.000000E+00  1.769342E-02  1.103663E-03 -1.936003E-18 -7.478021E-01  0.000000E+00
  5.225283E-01  5.911728E-02  5.000000E-01  1.109642E-01  1.232674E-02  0.000000E+00  1.776033E-02  1.156793E-03 -3.565170E-18 -7.508688E-01  0.000000E+00
  4.898261E-01  5.693842E-02  5.000000E-01  1.040191E-01  1.186401E-02  0.000000E+00  1.781825E-02  1.212219E-03 -4.456017E-18 -7.545669E-01  0.000000E+00
  4.571624E-01  5.466542E-02  5.000000E-01  9.708209E-02  1.138128E-02  0.000000E+00  1.786682E-02  1.269004E-03 -3.438986E-18 -7.592955E-01  0.000000E+00
  4.245350E-01  5.229596E-02  5.000000E-01  9.015283E-02  1.087806E-02  0.000000E+00  1.790514E-02  1.325813E-03 -1.763089E-18 -7.655247E-01  0.000000E+00
  3.919369E-01  4.983018E-02  5.000000E-01  8.322981E-02  1.035439E-02  0.000000E+00  1.793154E-02  1.381502E-03 -7.919415E-20 -7.736452E-01  0.000000E+00
  3.593832E-01  4.727081E-02  5.000000E-01  7.631620E-02  9.810844E-03  0.000000E+00  1.794285E-02  1.436666E-03 -1.247282E-18 -7.837155E-01  0.000000E+00
  3.269046E-01  4.461797E-02  5.000000E-01  6.941854E-02  9.247445E-03  0.000000E+00  1.793132E-02  1.494420E-03 -7.722352E-18 -7.953789E-01  0.000000E+00
  2.945750E-01  4.186582E-02  5.000000E-01  6.255253E-02  8.662957E-03  0.000000E+00  1.788081E-02  1.558464E-03 -1.852266E-17 -8.082192E-01  0.000000E+00
  2.624265E-01  3.899460E-02  5.000000E-01  5.572497E-02  8.053181E-03  0.000000E+00  1.776680E-02  1.626719E-03 -1.803381E-17 -8.226613E-01  0.000000E+00
  2.304268E-01  3.598828E-02  5.000000E-01  4.892903E-02  7.414711E-03  0.000000E+00  1.757756E-02  1.693349E-03  4.893312E-17 -8.402067E-01  0.000000E+00
  1.986088E-01  3.284371E-02  5.000000E-01  4.217166E-02  6.746881E-03  0.000000E+00  1.733973E-02  1.754870E-03  2.681338E-16 -8.632864E-01  0.000000E+00
  1.669282E-01  2.955203E-02  5.000000E-01  3.544349E-02  6.047810E-03  0.000000E+00  1.711588E-02  1.798766E-03  6.492234E-16 -8.963473E-01  0.000000E+00
  1.350509E-01  2.614586E-02  5.000000E-01  2.867354E-02  5.324423E-03  0.000000E+00  1.706347E-02  1.849140E-03  8.584390E-16 -9.414292E-01  0.000000E+00
  1.043791E-01  2.277934E-02  5.000000E-01  2.215959E-02  4.609458E-03  0.000000E+00  1.746243E-02  2.029532E-03  5.936721E-17 -9.925573E-01  0.000000E+00
  7.632629E-02  1.934424E-02  5.000000E-01  1.620187E-02  3.879926E-03  0.000000E+00  1.842159E-02  2.419054E-03 -2.181953E-15 -1.048791E+00  0.000000E+00
  5.118571E-02  1.580599E-02  5.000000E-01  1.086263E-02  3.128489E-03  0.000000E+00  1.997255E-02  3.081481E-03 -3.095230E-15 -1.112687E+00  0.000000E+00
  3.264831E-02  1.272544E-02  5.000000E-01  6.925739E-03  2.474256E-03  0.000000E+00  2.265804E-02  4.401654E-03  5.423856E-15 -1.168982E+00  0.000000E+00
  2.051015E-02  1.008921E-02  5.000000E-01  4.347893E-03  1.914385E-03  0.000000E+00  2.695820E-02  6.835386E-03  3.069859E-14 -1.208186E+00  0.000000E+00
  1.247723E-02  7.795907E-03  5.000000E-01  2.641898E-03  1.427344E-03  0.000000E+00  3.339088E-02  1.087736E-02  6.521808E-14 -1.244394E+00  0.000000E+00
  7.055255E-03  5.838919E-03  5.000000E-01  1.490404E-03  1.011728E-03  0.000000E+00  4.464597E-02  1.894105E-02  7.822989E-14 -1.271357E+00  0.000000E+00
  3.418635E-03  4.127364E-03  5.000000E-01  7.180754E-04  6.482361E-04  0.000000E+00  6.280146E-02  3.744750E-02  3.458804E-14 -1.222237E+00  0.000000E+00
  1.108798E-03  2.547329E-03  5.000000E-01  2.275226E-04  3.126755E-04  0.000000E+00  6.946581E-02  7.192194E-02 -2.372372E-14 -9.302791E-01  0.000000E+00
  3.747479E-05  1.075052E-03  5.000000E-01  0.000000E+00  0.000000E+00  0.000000E+00  2.335214E-02  1.119878E-01 -6.360969E-15 -1.896774E-02  0.000000E+00
  3.747479E-05  1.075052E-03  5.000000E-01  0.000000E+00  0.000000E+00  0.000000E+00  2.335214E-02  1.119878E-01 -6.360969E-15 -1.896774E-02  0.000000E+00
  2.534065E-04 -3.911651E-04  5.000000E-01  4.585858E-05 -3.113884E-04  0.000000E+00 -3.131484E-02  8.646021E-02  7.419879E-14  9.482362E-01  0.000000E+00
  1.848580E-03 -1.902906E-03  5.000000E-01  3.846343E-04 -6.324450E-04  0.000000E+00 -3.175657E-02  2.610905E-02  9.507763E-14  1.189129E+00  0.000000E+00
  4.867645E-03 -3.449752E-03  5.000000E-01  1.025809E-03 -9.609571E-04  0.000000E+00 -9.469695E-03  4.788921E-03  4.510269E-14  1.080155E+00  0.000000E+00
  9.380877E-03 -5.088948E-03  5.000000E-01  1.984309E-03 -1.309082E-03  0.000000E+00  5.572493E-03 -1.607297E-03  1.039359E-14  9.781512E-01  0.000000E+00
  1.589077E-02 -6.922748E-03  5.000000E-01  3.366850E-03 -1.698536E-03  0.000000E+00  1.222733E-02 -3.024636E-03  3.989014E-15  8.884096E-01  0.000000E+00
  2.547297E-02 -9.051795E-03  5.000000E-01  5.401873E-03 -2.150693E-03  0.000000E+00  1.396582E-02 -2.760144E-03  6.846343E-15  7.955381E-01  0.000000E+00
  3.989163E-02 -1.155490E-02  5.000000E-01  8.464043E-03 -2.682292E-03  0.000000E+00  1.356308E-02 -2.104614E-03  6.059351E-15  7.058147E-01  0.000000E+00
  6.092142E-02 -1.440196E-02  5.000000E-01  1.293025E-02 -3.286938E-03  0.000000E+00  1.267681E-02 -1.583869E-03  2.148511E-15  6.303483E-01  0.000000E+00
  8.832839E-02 -1.751382E-02  5.000000E-01  1.875082E-02 -3.947819E-03  0.000000E+00  1.203416E-02 -1.308230E-03 -5.040465E-16  5.739583E-01  0.000000E+00
  1.189914E-01 -2.069467E-02  5.000000E-01  2.526288E-02 -4.623353E-03  0.000000E+00  1.178283E-02 -1.201628E-03 -9.157734E-16  5.319492E-01  0.000000E+00
  1.511926E-01 -2.392550E-02  5.000000E-01  3.210163E-02 -5.309504E-03  0.000000E+00  1.184608E-02 -1.186190E-03 -4.463167E-16  4.984578E-01  0.000000E+00
  1.838450E-01 -2.719459E-02  5.000000E-01  3.903620E-02 -6.003776E-03  0.000000E+00  1.209302E-02 -1.207697E-03 -7.763631E-17  4.685120E-01  0.000000E+00
  2.165049E-01 -3.045547E-02  5.000000E-01  4.597235E-02 -6.696307E-03  0.000000E+00  1.240107E-02 -1.228919E-03  3.712980E-17  4.397193E-01  0.000000E+00
  2.491496E-01 -3.367062E-02  5.000000E-01  5.290529E-02 -7.379126E-03  0.000000E+00  1.269301E-02 -1.239618E-03  3.265084E-17  4.132777E-01  0.000000E+00
  2.819003E-01 -3.684434E-02  5.000000E-01  5.986073E-02 -8.053146E-03  0.000000E+00  1.293725E-02 -1.244920E-03  1.115738E-17  3.906019E-01  0.000000E+00
  3.147601E-01 -3.998745E-02  5.000000E-01  6.683936E-02 -8.720666E-03  0.000000E+00  1.312947E-02 -1.249677E-03  2.092952E-19  3.711925E-01  0.000000E+00
  3.477303E-01 -4.311440E-02  5.000000E-01  7.384141E-02 -9.384753E-03  0.000000E+00  1.327885E-02 -1.256171E-03 -1.557461E-18  3.537257E-01  0.000000E+00
  3.807756E-01 -4.623706E-02  5.000000E-01  8.085941E-02 -1.004793E-02  0.000000E+00  1.339660E-02 -1.263316E-03 -8.102911E-19  3.370908E-01  0.000000E+00
  4.138291E-01 -4.935245E-02  5.000000E-01  8.787917E-02 -1.070956E-02  0.000000E+00  1.348894E-02 -1.267164E-03 -4.624934E-20  3.206930E-01  0.000000E+00
  4.468689E-01 -5.245042E-02  5.000000E-01  9.489601E-02 -1.136749E-02  0.000000E+00  1.355921E-02 -1.265797E-03  1.501477E-19  3.046577E-01  0.000000E+00
  4.799091E-01 -5.552517E-02  5.000000E-01  1.019129E-01 -1.202050E-02  0.000000E+00  1.361102E-02 -1.260401E-03 -1.155590E-19  2.894122E-01  0.000000E+00
  5.129612E-01 -5.857455E-02  5.000000E-01  1.089324E-01 -1.266811E-02  0.000000E+00  1.364861E-02 -1.252968E-03 -2.159734E-19  2.751416E-01  0.000000E+00
  5.460360E-01 -6.159978E-02  5.000000E-01  1.159567E-01 -1.331059E-02  0.000000E+00  1.367678E-02 -1.245194E-03 -2.750584E-19  2.617384E-01  0.000000E+00
  5.791347E-01 -6.460346E-02  5.000000E-01  1.229860E-01 -1.394850E-02  0.000000E+00  1.370037E-02 -1.238061E-03 -1.332598E-19  2.489574E-01  0.000000E+00
  6.122565E-01 -6.758820E-02  5.000000E-01  1.300203E-01 -1.458239E-02  0.000000E+00  1.372399E-02 -1.232025E-03 -2.431137E-19  2.365652E-01  0.000000E+00
  6.454013E-01 -7.055656E-02  5.000000E-01  1.370594E-01 -1.521279E-02  0.000000E+00  1.375216E-02 -1.227555E-03  1.107656E-19  2.244100E-01  0.000000E+00
  6.785693E-01 -7.351163E-02  5.000000E-01  1.441035E-01 -1.584038E-02  0.000000E+00  1.378886E-02 -1.225069E-03  1.351697E-19  2.123730E-01  0.000000E+00
  7.117575E-01 -7.645617E-02  5.000000E-01  1.511518E-01 -1.646573E-02  0.000000E+00  1.383656E-02 -1.224310E-03 -1.020084E-19  2.002931E-01  0.000000E+00
  7.449560E-01 -7.939011E-02  5.000000E-01  1.582024E-01 -1.708882E-02  0.000000E+00  1.389566E-02 -1.224220E-03  2.802913E-19  1.879951E-01  0.000000E+00
  7.781569E-01 -8.231041E-02  5.000000E-01  1.652534E-01 -1.770902E-02  0.000000E+00  1.396506E-02 -1.223578E-03  8.916027E-19  1.753899E-01  0.000000E+00
  8.113578E-01 -8.521241E-02  5.000000E-01  1.723045E-01 -1.832534E-02  0.000000E+00  1.404296E-02 -1.221468E-03  6.034798E-19  1.624986E-01  0.000000E+00
  8.445597E-01 -8.809051E-02  5.000000E-01  1.793558E-01 -1.893657E-02  0.000000E+00  1.412701E-02 -1.217217E-03  4.669240E-19  1.493964E-01  0.000000E+00
  8.777625E-01 -9.093840E-02  5.000000E-01  1.864072E-01 -1.954140E-02  0.000000E+00  1.421375E-02 -1.209930E-03  5.643209E-19  1.361423E-01  0.000000E+00
  9.109638E-01 -9.374763E-02  5.000000E-01  1.934584E-01 -2.013801E-02  0.000000E+00  1.429839E-02 -1.198526E-03  5.803113E-19  1.228049E-01  0.000000E+00
  9.441676E-01 -9.650916E-02  5.000000E-01  2.005100E-01 -2.072449E-02  0.000000E+00  1.437559E-02 -1.182095E-03  1.499690E-18  1.095266E-01  0.000000E+00
  9.773746E-01 -9.921315E-02  5.000000E-01  2.075624E-01 -2.129875E-02  0.000000E+00  1.444017E-02 -1.159729E-03  1.094788E-18  9.648115E-02  0.000000E+00
  1.010583E+00 -1.018478E-01  5.000000E-01  2.146150E-01 -2.185828E-02  0.000000E+00  1.448933E-02 -1.131807E-03  1.714020E-21  8.392959E-02  0.000000E+00
  1.043798E+00 -1.044059E-01  5.000000E-01  2.216690E-01 -2.240156E-02  0.000000E+00  1.452414E-02 -1.100664E-03  4.352146E-19  7.219083E-02  0.000000E+00
  1.077015E+00 -1.068863E-01  5.000000E-01  2.287236E-01 -2.292834E-02  0.000000E+00  1.454721E-02 -1.068241E-03  1.152512E-18  6.135145E-02  0.000000E+00
  1.110238E+00 -1.092893E-01  5.000000E-01  2.357793E-01 -2.343867E-02  0.000000E+00  1.456047E-02 -1.035083E-03  5.065485E-19  5.124985E-02  0.000000E+00
  1.143462E+00 -1.116145E-01  5.000000E-01  2.428354E-01 -2.393249E-02  0.000000E+00  1.456562E-02 -1.001621E-03 -2.296791E-19  4.174356E-02  0.000000E+00
  1.176693E+00 -1.138636E-01  5.000000E-01  2.498927E-01 -2.441014E-02  0.000000E+00  1.456420E-02 -9.683524E-04  9.815149E-20  3.277707E-02  0.000000E+00
  1.209925E+00 -1.160380E-01  5.000000E-01  2.569505E-01 -2.487193E-02  0.000000E+00  1.455700E-02 -9.353226E-04 -2.088863E-19  2.430070E-02  0.000000E+00
  1.243158E+00 -1.181385E-01  5.000000E-01  2.640083E-01 -2.531803E-02  0.000000E+00  1.454465E-02 -9.028159E-04 -6.953374E-19  1.631153E-02  0.000000E+00
  1.276395E+00 -1.201682E-01  5.000000E-01  2.710670E-01 -2.574908E-02  0.000000E+00  1.452794E-02 -8.712582E-04 -3.631515E-19  8.812710E-03  0.000000E+00
  1.309630E+00 -1.221293E-01  5.000000E-01  2.781253E-01 -2.616557E-02  0.000000E+00  1.450751E-02 -8.408039E-04 -6.617867E-19  1.749939E-03  0.000000E+00
  1.342868E+00 -1.240250E-01  5.000000E-01  2.851842E-01 -2.656817E-02  0.000000E+00  1.448485E-02 -8.120605E-04 -4.337454E-19 -4.908562E-03  0.000000E+00
  1.376108E+00 -1.258605E-01  5.000000E-01  2.922436E-01 -2.695799E-02  0.000000E+00  1.446194E-02 -7.854386E-04  5.285324E-19 -1.124871E-02  0.000000E+00
  1.409347E+00 -1.276398E-01  5.000000E-01  2.993027E-01 -2.733588E-02  0.000000E+00  1.444162E-02 -7.612296E-04  1.504026E-19 -1.740142E-02  0.000000E+00
  1.442589E+00 -1.293690E-01  5.000000E-01  3.063625E-01 -2.770311E-02  0.000000E+00  1.442849E-02 -7.400559E-04 -8.201344E-20 -2.349149E-02  0.000000E+00
  1.475831E+00 -1.310542E-01  5.000000E-01  3.134222E-01 -2.806100E-02  0.000000E+00  1.442850E-02 -7.223262E-04  2.860615E-19 -2.971098E-02  0.000000E+00
  1.509072E+00 -1.327017E-01  5.000000E-01  3.204819E-01 -2.841089E-02  0.000000E+00  1.444842E-02 -7.083957E-04  1.561026E-19 -3.630973E-02  0.000000E+00
  1.542314E+00 -1.343181E-01  5.000000E-01  3.275416E-01 -2.875417E-02  0.000000E+00  1.449458E-02 -6.987482E-04 -6.218298E-19 -4.354491E-02  0.000000E+00
  1.575558E+00 -1.359111E-01  5.000000E-01  3.346018E-01 -2.909250E-02  0.000000E+00  1.456931E-02 -6.922778E-04 -9.998252E-19 -5.177075E-02  0.000000E+00
  1.608800E+00 -1.374821E-01  5.000000E-01  3.416615E-01 -2.942612E-02  0.000000E+00  1.466845E-02 -6.853095E-04 -7.144041E-19 -6.140129E-02  0.000000E+00
  1.642044E+00 -1.390224E-01  5.000000E-01  3.487219E-01 -2.975325E-02  0.000000E+00  1.478484E-02 -6.747168E-04 -7.921718E-20 -7.249704E-02  0.000000E+00
  1.675286E+00 -1.405209E-01  5.000000E-01  3.557816E-01 -3.007150E-02  0.000000E+00  1.491196E-02 -6.593289E-04  2.482550E-19 -8.471948E-02  0.000000E+00
  1.708526E+00 -1.419664E-01  5.000000E-01  3.628410E-01 -3.037849E-02  0.000000E+00  1.504398E-02 -6.385619E-04  2.738399E-20 -9.767177E-02  0.000000E+00
  1.741762E+00 -1.433473E-01  5.000000E-01  3.698996E-01 -3.067176E-02  0.000000E+00  1.517558E-02 -6.117783E-04  2.228516E-19 -1.110760E-01  0.000000E+00
  1.774995E+00 -1.446508E-01  5.000000E-01  3.769573E-01 -3.094860E-02  0.000000E+00  1.530249E-02 -5.787880E-04  6.215105E-19 -1.247091E-01  0.000000E+00
  1.808227E+00 -1.458661E-01  5.000000E-01  3.840150E-01 -3.120669E-02  0.000000E+00  1.542096E-02 -5.394372E-04  7.407450E-19 -1.383886E-01  0.000000E+00
  1.841453E+00 -1.469807E-01  5.000000E-01  3.910714E-01 -3.144340E-02  0.000000E+00  1.552688E-02 -4.933459E-04  5.339587E-19 -1.519455E-01  0.000000E+00
  1.874678E+00 -1.479826E-01  5.000000E-01  3.981276E-01 -3.165618E-02  0.000000E+00  1.561573E-02 -4.404529E-04  1.002047E-19 -1.651284E-01  0.000000E+00
  1.907900E+00 -1.488599E-01  5.000000E-01  4.051830E-01 -3.184250E-02  0.000000E+00  1.568150E-02 -3.806670E-04 -2.762579E-19 -1.776289E-01  0.000000E+00
  1.941118E+00 -1.496004E-01  5.000000E-01  4.122377E-01 -3.199977E-02  0.000000E+00  1.571573E-02 -3.139678E-04 -5.135775E-19 -1.890734E-01  0.000000E+00
  1.974334E+00 -1.501920E-01  5.000000E-01  4.192920E-01 -3.212540E-02  0.000000E+00  1.570703E-02 -2.407637E-04 -3.947513E-19 -1.989886E-01  0.000000E+00
  2.007549E+00 -1.506233E-01  5.000000E-01  4.263460E-01 -3.221700E-02  0.000000E+00  1.564107E-02 -1.615569E-04 -2.168043E-19 -2.068342E-01  0.000000E+00
  2.040760E+00 -1.508823E-01  5.000000E-01  4.333993E-01 -3.227200E-02  0.000000E+00  1.550319E-02 -7.701981E-05 -1.487755E-19 -2.120034E-01  0.000000E+00
  2.073970E+00 -1.509569E-01  5.000000E-01  4.404522E-01 -3.228786E-02  0.000000E+00  1.528441E-02  1.116706E-05 -1.050126E-19 -2.138331E-01  0.000000E+00
  2.107177E+00 -1.508364E-01  5.000000E-01  4.475046E-01 -3.226226E-02  0.000000E+00  1.498948E-02  9.819243E-05 -1.659326E-19 -2.116066E-01  0.000000E+00
  2.140379E+00 -1.505231E-01  5.000000E-01  4.545558E-01 -3.219572E-02  0.000000E+00  1.463902E-02  1.765188E-04 -7.718412E-20 -2.048372E-01  0.000000E+00
  2.173577E+00 -1.500370E-01  5.000000E-01  4.616063E-01 -3.209248E-02  0.000000E+00  1.425810E-02  2.421287E-04  1.051317E-19 -1.940183E-01  0.000000E+00
  2.206768E+00 -1.493980E-01  5.000000E-01  4.686553E-01 -3.195677E-02  0.000000E+00  1.386711E-02  2.952618E-04 -4.733963E-21 -1.804444E-01  0.000000E+00
  2.239954E+00 -1.486265E-01  5.000000E-01  4.757033E-01 -3.179293E-02  0.000000E+00  1.348095E-02  3.368817E-04 -1.319270E-19 -1.653788E-01  0.000000E+00
  2.273134E+00 -1.477425E-01  5.000000E-01  4.827499E-01 -3.160520E-02  0.000000E+00  1.310909E-02  3.680269E-04  2.306935E-19 -1.497015E-01  0.000000E+00
  2.306309E+00 -1.467666E-01  5.000000E-01  4.897953E-01 -3.139794E-02  0.000000E+00  1.275696E-02  3.896960E-04  4.354664E-19 -1.338982E-01  0.000000E+00
  2.339476E+00 -1.457190E-01  5.000000E-01  4.968392E-01 -3.117545E-02  0.000000E+00  1.242771E-02  4.028715E-04 -7.926299E-20 -1.182359E-01  0.000000E+00
  2.372638E+00 -1.446195E-01  5.000000E-01  5.038821E-01 -3.094194E-02  0.000000E+00  1.212477E-02  4.079217E-04 -3.360289E-19 -1.028697E-01  0.000000E+00
  2.405805E+00 -1.434906E-01  5.000000E-01  5.109259E-01 -3.070218E-02  0.000000E+00  1.185301E-02  4.048927E-04 -7.855146E-20 -8.798524E-02  0.000000E+00
  2.438976E+00 -1.423569E-01  5.000000E-01  5.179706E-01 -3.046141E-02  0.000000E+00  1.161803E-02  3.943485E-04  6.032591E-19 -7.393002E-02  0.000000E+00
  2.472150E+00 -1.412424E-01  5.000000E-01  5.250160E-01 -3.022472E-02  0.000000E+00  1.142676E-02  3.770338E-04  7.950304E-19 -6.111497E-02  0.000000E+00
  2.505329E+00 -1.401713E-01  5.000000E-01  5.320624E-01 -2.999724E-02  0.000000E+00  1.128843E-02  3.534818E-04  2.120818E-19 -4.991507E-02  0.000000E+00
  2.538512E+00 -1.391681E-01  5.000000E-01  5.391097E-01 -2.978419E-02  0.000000E+00  1.121397E-02  3.241072E-04 -8.570869E-20 -4.072289E-02  0.000000E+00
  2.571700E+00 -1.382565E-01  5.000000E-01  5.461580E-01 -2.959060E-02  0.000000E+00  1.121411E-02  2.887569E-04 -1.010175E-19 -3.394152E-02  0.000000E+00
  2.604894E+00 -1.374616E-01  5.000000E-01  5.532074E-01 -2.942177E-02  0.000000E+00  1.129510E-02  2.475102E-04 -4.223580E-20 -3.000603E-02  0.000000E+00
  2.638090E+00 -1.368047E-01  5.000000E-01  5.602575E-01 -2.928227E-02  0.000000E+00  1.145142E-02  2.043253E-04  2.059672E-19 -2.962479E-02  0.000000E+00
  2.671292E+00 -1.362806E-01  5.000000E-01  5.673087E-01 -2.917097E-02  0.000000E+00  1.166647E-02  1.655394E-04  3.596625E-19 -3.328934E-02  0.000000E+00
  2.704497E+00 -1.358655E-01  5.000000E-01  5.743608E-01 -2.908281E-02  0.000000E+00  1.192254E-02  1.341468E-04  2.062717E-19 -4.050558E-02  0.000000E+00
  2.737708E+00 -1.355356E-01  5.000000E-01  5.814140E-01 -2.901275E-02  0.000000E+00  1.220540E-02  1.104967E-04  9.924313E-20 -5.028993E-02  0.000000E+00
  2.770923E+00 -1.352667E-01  5.000000E-01  5.884680E-01 -2.895563E-02  0.000000E+00  1.250355E-02  9.489740E-05 -1.099465E-20 -6.190374E-02  0.000000E+00
  2.804143E+00 -1.350345E-01  5.000000E-01  5.955230E-01 -2.890632E-02  0.000000E+00  1.280802E-02  8.774921E-05 -6.440039E-20 -7.492924E-02  0.000000E+00
  2.837367E+00 -1.348151E-01  5.000000E-01  6.025790E-01 -2.885974E-02  0.000000E+00  1.311157E-02  8.967176E-05 -8.838173E-20 -8.913129E-02  0.000000E+00
  2.870594E+00 -1.345841E-01  5.000000E-01  6.096357E-01 -2.881068E-02  0.000000E+00  1.340775E-02  1.014274E-04 -1.083834E-19 -1.042872E-01  0.000000E+00
  2.903823E+00 -1.343170E-01  5.000000E-01  6.166926E-01 -2.875394E-02  0.000000E+00  1.368956E-02  1.239750E-04 -5.349237E-20 -1.201171E-01  0.000000E+00
  2.937051E+00 -1.339871E-01  5.000000E-01  6.237496E-01 -2.868389E-02  0.000000E+00  1.394911E-02  1.578426E-04 -1.287288E-19 -1.362057E-01  0.000000E+00
  2.970283E+00 -1.335699E-01  5.000000E-01  6.308072E-01 -2.859529E-02  0.000000E+00  1.417626E-02  2.031597E-04 -2.782918E-19 -1.520305E-01  0.000000E+00
  3.003515E+00 -1.330399E-01  5.000000E-01  6.378649E-01 -2.848271E-02  0.000000E+00  1.435691E-02  2.599205E-04 -2.606612E-20 -1.670125E-01  0.000000E+00
  3.036751E+00 -1.323718E-01  5.000000E-01  6.449232E-01 -2.834082E-02  0.000000E+00  1.447273E-02  3.273762E-04  3.606501E-19 -1.804449E-01  0.000000E+00
  3.069988E+00 -1.315412E-01  5.000000E-01  6.519820E-01 -2.816443E-02  0.000000E+00  1.450213E-02  4.043719E-04  5.186887E-19 -1.915169E-01  0.000000E+00
  3.103226E+00 -1.305224E-01  5.000000E-01  6.590409E-01 -2.794807E-02  0.000000E+00  1.442594E-02  4.888010E-04  6.240433E-19 -1.992749E-01  0.000000E+00
  3.136469E+00 -1.292920E-01  5.000000E-01  6.661010E-01 -2.768676E-02  0.000000E+00  1.423574E-02  5.768093E-04  7.673968E-19 -2.027460E-01  0.000000E+00
  3.169712E+00 -1.278299E-01  5.000000E-01  6.731611E-01 -2.737623E-02  0.000000E+00  1.394468E-02  6.596437E-04  3.944331E-19 -2.008943E-01  0.000000E+00
  3.202960E+00 -1.261464E-01  5.000000E-01  6.802220E-01 -2.701871E-02  0.000000E+00  1.358316E-02  7.286386E-04 -1.883114E-19 -1.934034E-01  0.000000E+00
  3.236210E+00 -1.242632E-01  5.000000E-01  6.872835E-01 -2.661877E-02  0.000000E+00  1.318269E-02  7.818662E-04  3.640757E-19 -1.813725E-01  0.000000E+00
  3.269464E+00 -1.222035E-01  5.000000E-01  6.943459E-01 -2.618134E-02  0.000000E+00  1.276957E-02  8.207624E-04  5.760948E-19 -1.664941E-01  0.000000E+00
  3.302721E+00 -1.199904E-01  5.000000E-01  7.014089E-01 -2.571132E-02  0.000000E+00  1.236316E-02  8.475224E-04  1.265846E-19 -1.502531E-01  0.000000E+00
  3.335981E+00 -1.176460E-01  5.000000E-01  7.084724E-01 -2.521343E-02  0.000000E+00  1.197683E-02  8.641224E-04  7.726002E-19 -1.335939E-01  0.000000E+00
  3.369247E+00 -1.151927E-01  5.000000E-01  7.155373E-01 -2.469242E-02  0.000000E+00  1.161949E-02  8.722429E-04  2.727179E-19 -1.170027E-01  0.000000E+00
  3.402518E+00 -1.126536E-01  5.000000E-01  7.226033E-01 -2.415318E-02  0.000000E+00  1.129589E-02  8.737040E-04  2.114328E-19 -1.008241E-01  0.000000E+00
  3.435792E+00 -1.100483E-01  5.000000E-01  7.296699E-01 -2.359987E-02  0.000000E+00  1.100821E-02  8.700377E-04  8.723730E-19 -8.533325E-02  0.000000E+00
  3.469073E+00 -1.073963E-01  5.000000E-01  7.367379E-01 -2.303665E-02  0.000000E+00  1.075751E-02  8.624734E-04  4.052852E-19 -7.073605E-02  0.000000E+00
  3.502353E+00 -1.047150E-01  5.000000E-01  7.438057E-01 -2.246720E-02  0.000000E+00  1.054416E-02  8.521530E-04  4.668257E-19 -5.722030E-02  0.000000E+00
  3.535630E+00 -1.020205E-01  5.000000E-01  7.508729E-01 -2.189496E-02  0.000000E+00  1.036868E-02  8.400292E-04  9.627836E-19 -4.493025E-02  0.000000E+00
  3.568904E+00 -9.932652E-02  5.000000E-01  7.579395E-01 -2.132283E-02  0.000000E+00  1.023207E-02  8.272523E-04  8.662497E-19 -3.399420E-02  0.000000E+00
  3.602176E+00 -9.664352E-02  5.000000E-01  7.650057E-01 -2.075302E-02  0.000000E+00  1.013628E-02  8.149200E-04 -5.865811E-19 -2.449772E-02  0.000000E+00
  3.635446E+00 -9.398004E-02  5.000000E-01  7.720714E-01 -2.018736E-02  0.000000E+00  1.008319E-02  8.037934E-04 -3.402668E-19 -1.651504E-02  0.000000E+00
  3.668713E+00 -9.134259E-02  5.000000E-01  7.791365E-01 -1.962723E-02  0.000000E+00  1.007245E-02  7.940926E-04 -1.437990E-19 -1.006867E-02  0.000000E+00
  3.701976E+00 -8.873763E-02  5.000000E-01  7.862009E-01 -1.907401E-02  0.000000E+00  1.009719E-02  7.868268E-04 -9.571848E-19 -5.176075E-03  0.000000E+00
  3.735241E+00 -8.616220E-02  5.000000E-01  7.932655E-01 -1.852705E-02  0.000000E+00  1.013876E-02  7.861591E-04 -7.925552E-19 -2.060441E-03  0.000000E+00
  3.768500E+00 -8.358398E-02  5.000000E-01  8.003289E-01 -1.797950E-02  0.000000E+00  1.017230E-02  7.955261E-04 -3.252404E-19 -4.327953E-04  0.000000E+00
  3.801751E+00 -8.096416E-02  5.000000E-01  8.073904E-01 -1.742311E-02  0.000000E+00  1.017761E-02  8.136591E-04  9.291348E-19  9.062135E-04  0.000000E+00
  3.834989E+00 -7.827062E-02  5.000000E-01  8.144495E-01 -1.685107E-02  0.000000E+00  1.014247E-02  8.367372E-04  1.271209E-18  3.236869E-03  0.000000E+00
  3.868211E+00 -7.548332E-02  5.000000E-01  8.215050E-01 -1.625912E-02  0.000000E+00  1.006149E-02  8.613512E-04  6.784818E-19  7.255199E-03  0.000000E+00
  3.901422E+00 -7.258561E-02  5.000000E-01  8.285582E-01 -1.564371E-02  0.000000E+00  9.934838E-03  8.850301E-04  7.070987E-20  1.313942E-02  0.000000E+00
  3.934617E+00 -6.956966E-02  5.000000E-01  8.356079E-01 -1.500320E-02  0.000000E+00  9.767041E-03  9.056919E-04 -5.341481E-19  2.086471E-02  0.000000E+00
  3.967800E+00 -6.643230E-02  5.000000E-01  8.426552E-01 -1.433690E-02  0.000000E+00  9.564093E-03  9.219841E-04 -6.546993E-19  3.027231E-02  0.000000E+00
  4.000972E+00 -6.317456E-02  5.000000E-01  8.497001E-01 -1.364504E-02  0.000000E+00  9.331328E-03  9.331986E-04 -3.476962E-20  4.120142E-02  0.000000E+00
  4.034139E+00 -5.979937E-02  5.000000E-01  8.567440E-01 -1.292823E-02  0.000000E+00  9.071171E-03  9.396082E-04  1.595513E-19  5.346303E-02  0.000000E+00
  4.067311E+00 -5.630435E-02  5.000000E-01  8.637890E-01 -1.218597E-02  0.000000E+00  8.782715E-03  9.414670E-04 -7.231113E-19  6.693562E-02  0.000000E+00
  4.100488E+00 -5.268779E-02  5.000000E-01  8.708348E-01 -1.141791E-02  0.000000E+00  8.463150E-03  9.379874E-04 -1.207421E-18  8.169698E-02  0.000000E+00
  4.133669E+00 -4.894995E-02  5.000000E-01  8.778818E-01 -1.062408E-02  0.000000E+00  8.108371E-03  9.281277E-04  5.182840E-19  9.784687E-02  0.000000E+00
  4.166856E+00 -4.509048E-02  5.000000E-01  8.849299E-01 -9.804424E-03  0.000000E+00  7.714964E-03  9.109825E-04  1.279471E-18  1.154558E-01  0.000000E+00
  4.200049E+00 -4.111103E-02  5.000000E-01  8.919793E-01 -8.959288E-03  0.000000E+00  7.283197E-03  8.860322E-04  2.496190E-18  1.345226E-01  0.000000E+00
  4.233242E+00 -3.701307E-02  5.000000E-01  8.990285E-01 -8.088981E-03  0.000000E+00  6.820889E-03  8.523060E-04  2.072453E-18  1.550436E-01  0.000000E+00
  4.266405E+00 -3.281751E-02  5.000000E-01  9.060715E-01 -7.197948E-03  0.000000E+00  6.345742E-03  8.077790E-04  4.724319E-19  1.770059E-01  0.000000E+00
  4.299502E+00 -2.857690E-02  5.000000E-01  9.131007E-01 -6.297347E-03  0.000000E+00  5.882207E-03  7.517415E-04  4.894141E-19  2.000376E-01  0.000000E+00
  4.332522E+00 -2.437001E-02  5.000000E-01  9.201132E-01 -5.403906E-03  0.000000E+00  5.454276E-03  6.871810E-04  1.063392E-18  2.230768E-01  0.000000E+00
  4.365472E+00 -2.027215E-02  5.000000E-01  9.271110E-01 -4.533622E-03  0.000000E+00  5.081292E-03  6.188069E-04  1.760484E-18  2.448685E-01  0.000000E+00
  4.398350E+00 -1.636207E-02  5.000000E-01  9.340935E-01 -3.703216E-03  0.000000E+00  4.778899E-03  5.500520E-04  5.116822E-19  2.646653E-01  0.000000E+00
  4.431155E+00 -1.272018E-02  5.000000E-01  9.410605E-01 -2.929768E-03  0.000000E+00  4.559829E-03  4.824406E-04  8.428970E-19  2.821627E-01  0.000000E+00
  4.463888E+00 -9.435961E-03  5.000000E-01  9.480121E-01 -2.232281E-03  0.000000E+00  4.430594E-03  4.163541E-04  1.660348E-18  2.969835E-01  0.000000E+00
  4.496579E+00 -6.578033E-03  5.000000E-01  9.549550E-01 -1.625327E-03  0.000000E+00  4.385479E-03  3.515838E-04  2.552390E-19  3.088128E-01  0.000000E+00
  4.529252E+00 -4.194194E-03  5.000000E-01  9.618938E-01 -1.119058E-03  0.000000E+00  4.397126E-03  2.876597E-04 -9.404998E-19  3.175946E-01  0.000000E+00
  4.561929E+00 -2.304799E-03  5.000000E-01  9.688337E-01 -7.177972E-04  0.000000E+00  4.401661E-03  2.216029E-04 -6.592327E-19  3.223143E-01  0.000000E+00
  4.594574E+00 -9.324514E-04  5.000000E-01  9.757666E-01 -4.263444E-04  0.000000E+00  4.307471E-03  1.446298E-04 -7.089132E-19  3.227081E-01  0.000000E+00
  4.627203E+00 -9.666225E-05  5.000000E-01  9.826962E-01 -2.488433E-04  0.000000E+00  4.068685E-03  6.093409E-05 -3.970049E-19  3.265609E-01  0.000000E+00
  4.659162E+00  1.808593E-04  5.000000E-01  9.894836E-01 -1.899045E-04  0.000000E+00  3.709925E-03  1.053542E-05  1.145149E-18  3.324740E-01  0.000000E+00
  4.689251E+00 -6.553926E-05  5.000000E-01  9.958737E-01 -2.422335E-04  0.000000E+00  3.157449E-03 -2.209394E-05  6.131167E-18  2.821302E-01  0.000000E+00
  4.708680E+00 -4.941970E-04  5.000000E-01  9.999999E-01 -3.332699E-04  0.000000E+00  2.491446E-03 -1.487134E-04  5.671022E-18  1.616729E-01  0.000000E+00
    1    2
    2    3
    3    4
    4    5
    5    6
    6    7
    7    8
    8    9
    9   10
   10   11
   11   12
   12   13
   13   14
   14   15
   15   16
   16   17
   17   18
   18   19
   19   20
   20   21
   21   22
   22   23
   23   24
   24   25
   25   26
   26   27
   27   28
   28   29
   29   30
   30   31
   31   32
   32   33
   33   34
   34   35
   35   36
   36   37
   37   38
   38   39
   39   40
   40   41
   41   42
   42   43
   43   44
   44   45
   45   46
   46   47
   47   48
   48   49
   49   50
   50   51
   51   52
   52   53
   53   54
   54   55
   55   56
   56   57
   57   58
   58   59
   59   60
   60   61
   61   62
   62   63
   63   64
   64   65
   65   66
   66   67
   67   68
   68   69
   69   70
   70   71
   71   72
   72   73
   73   74
   74   75
   75   76
   76   77
   77   78
   78   79
   79   80
   80   81
   81   82
   82   83
   83   84
   84   85
   85   86
   86   87
   87   88
   88   89
   89   90
   90   91
   91   92
   92   93
   93   94
   94   95
   95   96
   96   97
   97   98
   98   99
   99  100
  100  101
  101  102
  102  103
  103  104
  104  105
  105  106
  106  107
  107  108
  108  109
  109  110
  110  111
  111  112
  112  113
  113  114
  114  115
  115  116
  116  117
  117  118
  118  119
  119  120
  120  121
  121  122
  122  123
  123  124
  124  125
  125  126
  126  127
  127  128
  128  129
  129  130
  130  131
  131  132
  132  133
  133  134
  134  135
  135  136
  136  137
  137  138
  138  139
  139  140
  140  141
  141  142
  142  143
  143  144
  144  145
  145  146
  146  147
  147  148
  148  149
  149  150
  151  152
  152  153
  153  154
  154  155
  155  156
  156  157
  157  158
  158  159
  159  160
  160  161
  161  162
  162  163
  163  164
  164  165
  165  166
  166  167
  167  168
  168  169
  169  170
  170  171
  171  172
  172  173
  173  174
  174  175
  175  176
  176  177
  177  178
  178  179
  179  180
  180  181
  181  182
  182  183
  183  184
  184  185
  185  186
  186  187
  187  188
  188  189
  189  190
  190  191
  191  192
  192  193
  193  194
  194  195
  195  196
  196  197
  197  198
  198  199
  199  200
  200  201
  201  202
  202  203
  203  204
  204  205
  205  206
  206  207
  207  208
  208  209
  209  210
  210  211
  211  212
  212  213
  213  214
  214  215
  215  216
  216  217
  217  218
  218  219
  219  220
  220  221
  221  222
  222  223
  223  224
  224  225
  225  226
  226  227
  227  228
  228  229
  229  230
  230  231
  231  232
  232  233
  233  234
  234  235
  235  236
  236  237
  237  238
  238  239
  239  240
  240  241
  241  242
  242  243
  243  244
  244  245
  245  246
  246  247
  247  248
  248  249
  249  250
  250  251
  251  252
  252  253
  253  254
  254  255
  255  256
  256  257
  257  258
  258  259
  259  260
  260  261
  261  262
  262  263
  263  264
  264  265
  265  266
  266  267
  267  268
  268  269
  269  270
  270  271
  271  272
  272  273
  273  274
  274  275
  275  276
  276  277
  277  278
  278  279
  279  280
  280  281
  281  282
  282  283
  283  284
  284  285
  285  286
  286  287
  287  288
  288  289
  289  290
  290  291
  291  292
  292  293
  293  294
  294  295
  295  296
  296  297
  297  298
  298  299
  299  300
