 Title = "ADflow Slice Data"
Variables =  "CoordinateX"  "CoordinateY"  "CoordinateZ"  "XoC"  "YoC"  "ZoC" "VelocityX" "VelocityY" "VelocityZ" "CoefPressure" "Mach" 
Zone T= "Slice_0001 None Absolute Regular z = 0.50000000"
 Nodes =          300  Elements=          298  ZONETYPE=FELINESEG
 DATAPACKING=POINT
  4.708680E+00 -5.548197E-04  5.000000E-01  1.000000E+00 -3.044182E-04  0.000000E+00  2.216518E-03 -1.515738E-04  6.272298E-18  1.668374E-01  0.000000E+00
  4.689187E+00  3.083846E-03  5.000000E-01  9.958601E-01  4.683449E-04  0.000000E+00  1.795381E-03 -3.003938E-04  1.242594E-18  1.055832E-01  0.000000E+00
  4.658673E+00  8.689116E-03  5.000000E-01  9.893797E-01  1.658767E-03  0.000000E+00  1.722969E-03 -3.347563E-04 -1.017702E-18  1.258382E-01  0.000000E+00
  4.626256E+00  1.452700E-02  5.000000E-01  9.824952E-01  2.898590E-03  0.000000E+00  1.804958E-03 -3.212082E-04  8.550621E-20  1.110592E-01  0.000000E+00
  4.593146E+00  2.036791E-02  5.000000E-01  9.754635E-01  4.139056E-03  0.000000E+00  2.054663E-03 -3.530378E-04  6.291790E-19  8.250047E-02  0.000000E+00
  4.560031E+00  2.608777E-02  5.000000E-01  9.684306E-01  5.353812E-03  0.000000E+00  2.459541E-03 -4.202031E-04  9.502212E-19  5.930559E-02  0.000000E+00
  4.526891E+00  3.168982E-02  5.000000E-01  9.613923E-01  6.543551E-03  0.000000E+00  2.951653E-03 -4.941255E-04  1.489062E-18  3.671876E-02  0.000000E+00
  4.493752E+00  3.716785E-02  5.000000E-01  9.543545E-01  7.706949E-03  0.000000E+00  3.482645E-03 -5.683583E-04 -1.173768E-18  1.130382E-02  0.000000E+00
  4.460612E+00  4.251708E-02  5.000000E-01  9.473164E-01  8.842994E-03  0.000000E+00  4.025489E-03 -6.409812E-04 -2.218775E-18 -1.559386E-02  0.000000E+00
  4.427470E+00  4.773335E-02  5.000000E-01  9.402779E-01  9.950803E-03  0.000000E+00  4.560984E-03 -7.075131E-04  7.294612E-19 -4.301033E-02  0.000000E+00
  4.394325E+00  5.280688E-02  5.000000E-01  9.332387E-01  1.102830E-02  0.000000E+00  5.081251E-03 -7.657937E-04  1.524291E-18 -7.089814E-02  0.000000E+00
  4.361178E+00  5.773028E-02  5.000000E-01  9.261991E-01  1.207391E-02  0.000000E+00  5.590221E-03 -8.163343E-04  7.683340E-19 -9.932880E-02  0.000000E+00
  4.328027E+00  6.249385E-02  5.000000E-01  9.191586E-01  1.308557E-02  0.000000E+00  6.096491E-03 -8.598981E-04  1.565693E-18 -1.284255E-01  0.000000E+00
  4.294876E+00  6.708606E-02  5.000000E-01  9.121181E-01  1.406084E-02  0.000000E+00  6.606945E-03 -8.969613E-04  1.391933E-18 -1.583471E-01  0.000000E+00
  4.261727E+00  7.149768E-02  5.000000E-01  9.050782E-01  1.499776E-02  0.000000E+00  7.124462E-03 -9.274039E-04  2.796170E-18 -1.888344E-01  0.000000E+00
  4.228582E+00  7.571984E-02  5.000000E-01  8.980388E-01  1.589445E-02  0.000000E+00  7.647670E-03 -9.501398E-04  2.286821E-18 -2.189056E-01  0.000000E+00
  4.195443E+00  7.974111E-02  5.000000E-01  8.910010E-01  1.674846E-02  0.000000E+00  8.172887E-03 -9.642049E-04  1.838202E-18 -2.473923E-01  0.000000E+00
  4.162308E+00  8.354922E-02  5.000000E-01  8.839639E-01  1.755721E-02  0.000000E+00  8.699111E-03 -9.697262E-04  3.416824E-18 -2.747273E-01  0.000000E+00
  4.129179E+00  8.713477E-02  5.000000E-01  8.769281E-01  1.831870E-02  0.000000E+00  9.240651E-03 -9.677827E-04  2.108730E-18 -3.042005E-01  0.000000E+00
  4.096054E+00  9.048672E-02  5.000000E-01  8.698932E-01  1.903057E-02  0.000000E+00  9.840828E-03 -9.610535E-04  1.073022E-18 -3.405752E-01  0.000000E+00
  4.062934E+00  9.359694E-02  5.000000E-01  8.628593E-01  1.969110E-02  0.000000E+00  1.056693E-02 -9.531416E-04  7.292937E-19 -3.860819E-01  0.000000E+00
  4.029817E+00  9.645759E-02  5.000000E-01  8.558262E-01  2.029863E-02  0.000000E+00  1.147369E-02 -9.457714E-04 -3.952707E-19 -4.368262E-01  0.000000E+00
  3.996705E+00  9.906300E-02  5.000000E-01  8.487940E-01  2.085196E-02  0.000000E+00  1.254227E-02 -9.352944E-04 -1.675802E-18 -4.835344E-01  0.000000E+00
  3.963594E+00  1.014115E-01  5.000000E-01  8.417620E-01  2.135071E-02  0.000000E+00  1.364475E-02 -9.120595E-04 -2.682679E-18 -5.164715E-01  0.000000E+00
  3.930486E+00  1.035051E-01  5.000000E-01  8.347306E-01  2.179535E-02  0.000000E+00  1.457901E-02 -8.651523E-04 -3.110692E-18 -5.304941E-01  0.000000E+00
  3.897377E+00  1.053494E-01  5.000000E-01  8.276991E-01  2.218703E-02  0.000000E+00  1.516613E-02 -7.907186E-04 -2.469852E-18 -5.265278E-01  0.000000E+00
  3.864269E+00  1.069572E-01  5.000000E-01  8.206677E-01  2.252850E-02  0.000000E+00  1.534121E-02 -6.954968E-04 -9.265754E-19 -5.093472E-01  0.000000E+00
  3.831161E+00  1.083452E-01  5.000000E-01  8.136366E-01  2.282328E-02  0.000000E+00  1.516262E-02 -5.931232E-04 -3.738363E-20 -4.846013E-01  0.000000E+00
  3.798054E+00  1.095390E-01  5.000000E-01  8.066053E-01  2.307681E-02  0.000000E+00  1.475531E-02 -4.978655E-04  3.126091E-19 -4.570618E-01  0.000000E+00
  3.764948E+00  1.105711E-01  5.000000E-01  7.995744E-01  2.329600E-02  0.000000E+00  1.424591E-02 -4.199796E-04  2.808876E-19 -4.302240E-01  0.000000E+00
  3.731842E+00  1.114828E-01  5.000000E-01  7.925435E-01  2.348961E-02  0.000000E+00  1.372595E-02 -3.650702E-04 -1.082054E-20 -4.066156E-01  0.000000E+00
  3.698737E+00  1.123245E-01  5.000000E-01  7.855130E-01  2.366837E-02  0.000000E+00  1.325200E-02 -3.314102E-04 -2.486166E-19 -3.874449E-01  0.000000E+00
  3.665634E+00  1.131334E-01  5.000000E-01  7.784827E-01  2.384016E-02  0.000000E+00  1.285537E-02 -3.099375E-04 -2.259349E-19 -3.723163E-01  0.000000E+00
  3.632534E+00  1.139169E-01  5.000000E-01  7.714529E-01  2.400656E-02  0.000000E+00  1.254136E-02 -2.933829E-04 -3.369797E-19 -3.603636E-01  0.000000E+00
  3.599434E+00  1.146781E-01  5.000000E-01  7.644234E-01  2.416823E-02  0.000000E+00  1.229662E-02 -2.799716E-04 -1.736036E-19 -3.510068E-01  0.000000E+00
  3.566334E+00  1.154205E-01  5.000000E-01  7.573938E-01  2.432588E-02  0.000000E+00  1.210394E-02 -2.690113E-04 -6.063438E-20 -3.437169E-01  0.000000E+00
  3.533236E+00  1.161460E-01  5.000000E-01  7.503646E-01  2.447996E-02  0.000000E+00  1.194874E-02 -2.596354E-04 -2.972300E-19 -3.380488E-01  0.000000E+00
  3.500138E+00  1.168554E-01  5.000000E-01  7.433353E-01  2.463062E-02  0.000000E+00  1.182056E-02 -2.514212E-04 -1.713763E-19 -3.337365E-01  0.000000E+00
  3.467038E+00  1.175504E-01  5.000000E-01  7.363057E-01  2.477823E-02  0.000000E+00  1.171353E-02 -2.441804E-04  1.676106E-19 -3.306051E-01  0.000000E+00
  3.433936E+00  1.182319E-01  5.000000E-01  7.292757E-01  2.492297E-02  0.000000E+00  1.162514E-02 -2.375050E-04  2.955667E-19 -3.284951E-01  0.000000E+00
  3.400832E+00  1.188995E-01  5.000000E-01  7.222453E-01  2.506475E-02  0.000000E+00  1.155414E-02 -2.310405E-04  3.014846E-19 -3.272840E-01  0.000000E+00
  3.367728E+00  1.195523E-01  5.000000E-01  7.152146E-01  2.520339E-02  0.000000E+00  1.149959E-02 -2.244090E-04  3.799813E-19 -3.268380E-01  0.000000E+00
  3.334620E+00  1.201882E-01  5.000000E-01  7.081834E-01  2.533843E-02  0.000000E+00  1.146006E-02 -2.172416E-04  2.173355E-19 -3.269948E-01  0.000000E+00
  3.301512E+00  1.208041E-01  5.000000E-01  7.011520E-01  2.546922E-02  0.000000E+00  1.143287E-02 -2.091924E-04  1.248404E-19 -3.275956E-01  0.000000E+00
  3.268401E+00  1.213963E-01  5.000000E-01  6.941201E-01  2.559499E-02  0.000000E+00  1.141418E-02 -1.998348E-04  2.054160E-19 -3.284382E-01  0.000000E+00
  3.235290E+00  1.219600E-01  5.000000E-01  6.870881E-01  2.571471E-02  0.000000E+00  1.139896E-02 -1.887379E-04  2.843013E-19 -3.292387E-01  0.000000E+00
  3.202177E+00  1.224894E-01  5.000000E-01  6.800557E-01  2.582714E-02  0.000000E+00  1.138050E-02 -1.756112E-04  1.014641E-19 -3.296798E-01  0.000000E+00
  3.169063E+00  1.229786E-01  5.000000E-01  6.730231E-01  2.593105E-02  0.000000E+00  1.135081E-02 -1.602248E-04 -2.667675E-20 -3.294408E-01  0.000000E+00
  3.135947E+00  1.234211E-01  5.000000E-01  6.659902E-01  2.602501E-02  0.000000E+00  1.130124E-02 -1.427795E-04  1.585005E-19 -3.282797E-01  0.000000E+00
  3.102831E+00  1.238120E-01  5.000000E-01  6.589571E-01  2.610805E-02  0.000000E+00  1.122361E-02 -1.245486E-04  1.778670E-19 -3.261220E-01  0.000000E+00
  3.069714E+00  1.241526E-01  5.000000E-01  6.519238E-01  2.618037E-02  0.000000E+00  1.111258E-02 -1.067611E-04  2.277442E-19 -3.229627E-01  0.000000E+00
  3.036593E+00  1.244452E-01  5.000000E-01  6.448898E-01  2.624251E-02  0.000000E+00  1.096668E-02 -8.976369E-05  2.486013E-19 -3.188319E-01  0.000000E+00
  3.003475E+00  1.246919E-01  5.000000E-01  6.378564E-01  2.629491E-02  0.000000E+00  1.078763E-02 -7.354633E-05  1.119175E-19 -3.139649E-01  0.000000E+00
  2.970356E+00  1.248937E-01  5.000000E-01  6.308226E-01  2.633776E-02  0.000000E+00  1.057870E-02 -5.834855E-05  4.817209E-20 -3.090251E-01  0.000000E+00
  2.937236E+00  1.250531E-01  5.000000E-01  6.237888E-01  2.637162E-02  0.000000E+00  1.034312E-02 -4.430740E-05 -6.687440E-20 -3.049735E-01  0.000000E+00
  2.904117E+00  1.251716E-01  5.000000E-01  6.167550E-01  2.639679E-02  0.000000E+00  1.008103E-02 -3.115535E-05 -1.786652E-19 -3.024303E-01  0.000000E+00
  2.870996E+00  1.252511E-01  5.000000E-01  6.097211E-01  2.641367E-02  0.000000E+00  9.785631E-03 -1.861939E-05 -2.566927E-19 -3.007835E-01  0.000000E+00
  2.837877E+00  1.252934E-01  5.000000E-01  6.026873E-01  2.642265E-02  0.000000E+00  9.442158E-03 -6.634812E-06 -3.617573E-19 -2.977540E-01  0.000000E+00
  2.804757E+00  1.252999E-01  5.000000E-01  5.956535E-01  2.642402E-02  0.000000E+00  9.033975E-03  4.129626E-06 -4.232215E-19 -2.906780E-01  0.000000E+00
  2.771639E+00  1.252724E-01  5.000000E-01  5.886200E-01  2.641820E-02  0.000000E+00  8.560951E-03  1.249861E-05 -4.559315E-19 -2.797417E-01  0.000000E+00
  2.738522E+00  1.252117E-01  5.000000E-01  5.815867E-01  2.640530E-02  0.000000E+00  8.065570E-03  1.782103E-05 -5.034916E-19 -2.712997E-01  0.000000E+00
  2.705406E+00  1.251195E-01  5.000000E-01  5.745537E-01  2.638573E-02  0.000000E+00  7.653426E-03  2.155873E-05 -5.968758E-19 -2.773012E-01  0.000000E+00
  2.672292E+00  1.249969E-01  5.000000E-01  5.675211E-01  2.635968E-02  0.000000E+00  7.495634E-03  2.711963E-05 -6.824659E-19 -3.086103E-01  0.000000E+00
  2.639177E+00  1.248452E-01  5.000000E-01  5.604885E-01  2.632746E-02  0.000000E+00  7.792068E-03  3.728750E-05 -7.110900E-19 -3.661922E-01  0.000000E+00
  2.606068E+00  1.246656E-01  5.000000E-01  5.534568E-01  2.628932E-02  0.000000E+00  8.675687E-03  5.205411E-05 -6.851410E-19 -4.384342E-01  0.000000E+00
  2.572958E+00  1.244581E-01  5.000000E-01  5.464251E-01  2.624526E-02  0.000000E+00  1.008301E-02  7.018213E-05 -6.416320E-19 -5.080911E-01  0.000000E+00
  2.539852E+00  1.242230E-01  5.000000E-01  5.393941E-01  2.619532E-02  0.000000E+00  1.171813E-02  9.055562E-05 -3.503467E-19 -5.623073E-01  0.000000E+00
  2.506749E+00  1.239583E-01  5.000000E-01  5.323639E-01  2.613912E-02  0.000000E+00  1.318611E-02  1.118278E-04 -7.446156E-20 -5.973313E-01  0.000000E+00
  2.473650E+00  1.236631E-01  5.000000E-01  5.253345E-01  2.607641E-02  0.000000E+00  1.420594E-02  1.325864E-04  4.131639E-20 -6.163586E-01  0.000000E+00
  2.440554E+00  1.233359E-01  5.000000E-01  5.183056E-01  2.600692E-02  0.000000E+00  1.472946E-02  1.513606E-04  1.876866E-19 -6.248190E-01  0.000000E+00
  2.407460E+00  1.229765E-01  5.000000E-01  5.112774E-01  2.593060E-02  0.000000E+00  1.488675E-02  1.679378E-04  2.431732E-19 -6.272661E-01  0.000000E+00
  2.374373E+00  1.225833E-01  5.000000E-01  5.042504E-01  2.584709E-02  0.000000E+00  1.485512E-02  1.831659E-04  1.599833E-19 -6.266845E-01  0.000000E+00
  2.341286E+00  1.221550E-01  5.000000E-01  4.972236E-01  2.575614E-02  0.000000E+00  1.476619E-02  1.974741E-04 -5.758621E-20 -6.249330E-01  0.000000E+00
  2.308194E+00  1.216930E-01  5.000000E-01  4.901958E-01  2.565802E-02  0.000000E+00  1.468583E-02  2.107877E-04 -2.244684E-20 -6.231081E-01  0.000000E+00
  2.275097E+00  1.212001E-01  5.000000E-01  4.831667E-01  2.555334E-02  0.000000E+00  1.463418E-02  2.230229E-04  3.581770E-20 -6.217510E-01  0.000000E+00
  2.241991E+00  1.206795E-01  5.000000E-01  4.761359E-01  2.544278E-02  0.000000E+00  1.461032E-02  2.341323E-04 -1.213710E-19 -6.210525E-01  0.000000E+00
  2.208879E+00  1.201346E-01  5.000000E-01  4.691038E-01  2.532705E-02  0.000000E+00  1.460789E-02  2.441299E-04 -1.440313E-19 -6.210204E-01  0.000000E+00
  2.175760E+00  1.195683E-01  5.000000E-01  4.620701E-01  2.520679E-02  0.000000E+00  1.462136E-02  2.530433E-04 -9.567040E-20 -6.215971E-01  0.000000E+00
  2.142637E+00  1.189839E-01  5.000000E-01  4.550354E-01  2.508266E-02  0.000000E+00  1.464725E-02  2.609166E-04 -1.688273E-19 -6.227071E-01  0.000000E+00
  2.109507E+00  1.183837E-01  5.000000E-01  4.479994E-01  2.495520E-02  0.000000E+00  1.468352E-02  2.678709E-04 -3.116630E-19 -6.242492E-01  0.000000E+00
  2.076374E+00  1.177707E-01  5.000000E-01  4.409628E-01  2.482501E-02  0.000000E+00  1.472896E-02  2.746708E-04 -2.710372E-19 -6.260296E-01  0.000000E+00
  2.043241E+00  1.171438E-01  5.000000E-01  4.339262E-01  2.469187E-02  0.000000E+00  1.478155E-02  2.822720E-04 -2.477976E-19 -6.278185E-01  0.000000E+00
  2.010106E+00  1.165010E-01  5.000000E-01  4.268892E-01  2.455536E-02  0.000000E+00  1.483767E-02  2.909450E-04 -2.090867E-19 -6.294606E-01  0.000000E+00
  1.976970E+00  1.158401E-01  5.000000E-01  4.198519E-01  2.441499E-02  0.000000E+00  1.489362E-02  3.007526E-04 -2.194913E-19 -6.308518E-01  0.000000E+00
  1.943835E+00  1.151585E-01  5.000000E-01  4.128148E-01  2.427025E-02  0.000000E+00  1.494653E-02  3.117564E-04 -6.999561E-19 -6.319337E-01  0.000000E+00
  1.910699E+00  1.144534E-01  5.000000E-01  4.057776E-01  2.412051E-02  0.000000E+00  1.499449E-02  3.237687E-04 -9.248337E-19 -6.327120E-01  0.000000E+00
  1.877561E+00  1.137231E-01  5.000000E-01  3.987399E-01  2.396541E-02  0.000000E+00  1.503698E-02  3.366946E-04 -1.048081E-18 -6.332091E-01  0.000000E+00
  1.844424E+00  1.129651E-01  5.000000E-01  3.917024E-01  2.380443E-02  0.000000E+00  1.507432E-02  3.504683E-04 -1.330199E-18 -6.334597E-01  0.000000E+00
  1.811282E+00  1.121777E-01  5.000000E-01  3.846638E-01  2.363721E-02  0.000000E+00  1.510707E-02  3.648117E-04 -1.019992E-18 -6.335244E-01  0.000000E+00
  1.778139E+00  1.113600E-01  5.000000E-01  3.776250E-01  2.346355E-02  0.000000E+00  1.513627E-02  3.797673E-04 -8.047172E-19 -6.334273E-01  0.000000E+00
  1.744992E+00  1.105101E-01  5.000000E-01  3.705854E-01  2.328304E-02  0.000000E+00  1.516253E-02  3.953359E-04 -7.435411E-19 -6.331889E-01  0.000000E+00
  1.711843E+00  1.096271E-01  5.000000E-01  3.635455E-01  2.309551E-02  0.000000E+00  1.518601E-02  4.115282E-04 -6.167581E-19 -6.328182E-01  0.000000E+00
  1.678692E+00  1.087089E-01  5.000000E-01  3.565049E-01  2.290052E-02  0.000000E+00  1.520637E-02  4.283175E-04 -4.820958E-19 -6.323132E-01  0.000000E+00
  1.645539E+00  1.077550E-01  5.000000E-01  3.494640E-01  2.269792E-02  0.000000E+00  1.522308E-02  4.457867E-04 -8.932320E-20 -6.316440E-01  0.000000E+00
  1.612385E+00  1.067629E-01  5.000000E-01  3.424231E-01  2.248722E-02  0.000000E+00  1.523564E-02  4.642299E-04  1.122777E-19 -6.307566E-01  0.000000E+00
  1.579236E+00  1.057305E-01  5.000000E-01  3.353830E-01  2.226798E-02  0.000000E+00  1.524338E-02  4.837956E-04  1.677345E-19 -6.296431E-01  0.000000E+00
  1.546090E+00  1.046545E-01  5.000000E-01  3.283435E-01  2.203945E-02  0.000000E+00  1.524537E-02  5.036222E-04 -1.289402E-19 -6.284597E-01  0.000000E+00
  1.512946E+00  1.035361E-01  5.000000E-01  3.213046E-01  2.180193E-02  0.000000E+00  1.524214E-02  5.223598E-04 -2.764384E-19 -6.274663E-01  0.000000E+00
  1.479807E+00  1.023783E-01  5.000000E-01  3.142666E-01  2.155605E-02  0.000000E+00  1.523723E-02  5.397588E-04  1.102366E-19 -6.268292E-01  0.000000E+00
  1.446672E+00  1.011838E-01  5.000000E-01  3.072296E-01  2.130237E-02  0.000000E+00  1.523488E-02  5.559748E-04  2.545124E-19 -6.266438E-01  0.000000E+00
  1.413540E+00  9.995543E-02  5.000000E-01  3.001932E-01  2.104149E-02  0.000000E+00  1.523838E-02  5.712060E-04  2.152143E-19 -6.269453E-01  0.000000E+00
  1.380413E+00  9.869563E-02  5.000000E-01  2.931579E-01  2.077394E-02  0.000000E+00  1.524961E-02  5.858235E-04  2.080599E-19 -6.277014E-01  0.000000E+00
  1.347294E+00  9.740610E-02  5.000000E-01  2.861242E-01  2.050007E-02  0.000000E+00  1.526879E-02  6.001147E-04  4.188216E-19 -6.288574E-01  0.000000E+00
  1.314179E+00  9.608795E-02  5.000000E-01  2.790914E-01  2.022013E-02  0.000000E+00  1.529494E-02  6.141348E-04  4.079398E-19 -6.303682E-01  0.000000E+00
  1.281074E+00  9.474274E-02  5.000000E-01  2.720606E-01  1.993444E-02  0.000000E+00  1.532692E-02  6.280450E-04 -1.050131E-19 -6.321826E-01  0.000000E+00
  1.247974E+00  9.337060E-02  5.000000E-01  2.650310E-01  1.964303E-02  0.000000E+00  1.536355E-02  6.418351E-04 -2.994994E-19 -6.342769E-01  0.000000E+00
  1.214880E+00  9.197291E-02  5.000000E-01  2.580028E-01  1.934620E-02  0.000000E+00  1.540415E-02  6.555285E-04 -1.572890E-19 -6.366302E-01  0.000000E+00
  1.181795E+00  9.054993E-02  5.000000E-01  2.509763E-01  1.904399E-02  0.000000E+00  1.544862E-02  6.693943E-04 -3.517366E-19 -6.392055E-01  0.000000E+00
  1.148718E+00  8.910160E-02  5.000000E-01  2.439516E-01  1.873640E-02  0.000000E+00  1.549670E-02  6.833461E-04 -6.167904E-19 -6.420094E-01  0.000000E+00
  1.115646E+00  8.762848E-02  5.000000E-01  2.369279E-01  1.842355E-02  0.000000E+00  1.554846E-02  6.972615E-04  2.706830E-20 -6.450611E-01  0.000000E+00
  1.082583E+00  8.613129E-02  5.000000E-01  2.299061E-01  1.810558E-02  0.000000E+00  1.560457E-02  7.112559E-04  7.830839E-19 -6.483649E-01  0.000000E+00
  1.049524E+00  8.461008E-02  5.000000E-01  2.228852E-01  1.778251E-02  0.000000E+00  1.566569E-02  7.253785E-04  9.836072E-19 -6.519324E-01  0.000000E+00
  1.016475E+00  8.306569E-02  5.000000E-01  2.158664E-01  1.745452E-02  0.000000E+00  1.573235E-02  7.397053E-04  5.275841E-19 -6.557654E-01  0.000000E+00
  9.834318E-01  8.149786E-02  5.000000E-01  2.088488E-01  1.712156E-02  0.000000E+00  1.580476E-02  7.543579E-04 -1.992842E-19 -6.598418E-01  0.000000E+00
  9.503976E-01  7.990716E-02  5.000000E-01  2.018331E-01  1.678373E-02  0.000000E+00  1.588294E-02  7.699079E-04  1.060884E-19 -6.640625E-01  0.000000E+00
  9.173728E-01  7.829116E-02  5.000000E-01  1.948195E-01  1.644053E-02  0.000000E+00  1.596598E-02  7.871054E-04  2.677744E-19 -6.682794E-01  0.000000E+00
  8.843598E-01  7.664701E-02  5.000000E-01  1.878083E-01  1.609135E-02  0.000000E+00  1.605156E-02  8.064338E-04 -3.508296E-19 -6.723580E-01  0.000000E+00
  8.513623E-01  7.497029E-02  5.000000E-01  1.808005E-01  1.573526E-02  0.000000E+00  1.613679E-02  8.282647E-04 -6.949809E-19 -6.761926E-01  0.000000E+00
  8.183794E-01  7.325587E-02  5.000000E-01  1.737957E-01  1.537116E-02  0.000000E+00  1.621861E-02  8.525732E-04 -6.128999E-19 -6.797589E-01  0.000000E+00
  7.854121E-01  7.149887E-02  5.000000E-01  1.667943E-01  1.499801E-02  0.000000E+00  1.629493E-02  8.791658E-04 -2.306534E-19 -6.830959E-01  0.000000E+00
  7.524593E-01  6.969458E-02  5.000000E-01  1.597959E-01  1.461483E-02  0.000000E+00  1.636492E-02  9.078244E-04 -3.156413E-19 -6.862734E-01  0.000000E+00
  7.195226E-01  6.783899E-02  5.000000E-01  1.528010E-01  1.422075E-02  0.000000E+00  1.642882E-02  9.385766E-04 -6.243528E-19 -6.893415E-01  0.000000E+00
  6.866079E-01  6.592782E-02  5.000000E-01  1.458107E-01  1.381486E-02  0.000000E+00  1.648702E-02  9.718207E-04 -4.897874E-19 -6.923028E-01  0.000000E+00
  6.537221E-01  6.395580E-02  5.000000E-01  1.388265E-01  1.339605E-02  0.000000E+00  1.653886E-02  1.007919E-03 -9.389734E-19 -6.951512E-01  0.000000E+00
  6.208691E-01  6.191696E-02  5.000000E-01  1.318494E-01  1.296305E-02  0.000000E+00  1.658221E-02  1.046873E-03 -1.668890E-18 -6.979295E-01  0.000000E+00
  5.880524E-01  5.980534E-02  5.000000E-01  1.248799E-01  1.251460E-02  0.000000E+00  1.661428E-02  1.088242E-03 -3.004204E-18 -7.007621E-01  0.000000E+00
  5.552711E-01  5.761559E-02  5.000000E-01  1.179180E-01  1.204955E-02  0.000000E+00  1.663272E-02  1.131301E-03 -4.249654E-18 -7.038495E-01  0.000000E+00
  5.225283E-01  5.534396E-02  5.000000E-01  1.109642E-01  1.156711E-02  0.000000E+00  1.663655E-02  1.175535E-03 -4.303401E-18 -7.074305E-01  0.000000E+00
  4.898261E-01  5.298663E-02  5.000000E-01  1.040191E-01  1.106647E-02  0.000000E+00  1.662541E-02  1.220351E-03 -4.000351E-18 -7.118208E-01  0.000000E+00
  4.571624E-01  5.054118E-02  5.000000E-01  9.708209E-02  1.054712E-02  0.000000E+00  1.659872E-02  1.264710E-03 -3.025305E-18 -7.174520E-01  0.000000E+00
  4.245350E-01  4.800689E-02  5.000000E-01  9.015283E-02  1.000890E-02  0.000000E+00  1.655538E-02  1.307238E-03 -2.477529E-18 -7.248250E-01  0.000000E+00
  3.919369E-01  4.538550E-02  5.000000E-01  8.322981E-02  9.452177E-03  0.000000E+00  1.649322E-02  1.346694E-03 -2.085391E-18 -7.343620E-01  0.000000E+00
  3.593832E-01  4.268170E-02  5.000000E-01  7.631621E-02  8.877955E-03  0.000000E+00  1.640757E-02  1.383130E-03 -3.681109E-18 -7.461744E-01  0.000000E+00
  3.269046E-01  3.989847E-02  5.000000E-01  6.941854E-02  8.286866E-03  0.000000E+00  1.628783E-02  1.418261E-03 -1.115950E-17 -7.600131E-01  0.000000E+00
  2.945750E-01  3.703486E-02  5.000000E-01  6.255253E-02  7.678705E-03  0.000000E+00  1.611432E-02  1.453657E-03 -2.090347E-17 -7.756313E-01  0.000000E+00
  2.624265E-01  3.407842E-02  5.000000E-01  5.572497E-02  7.050830E-03  0.000000E+00  1.586006E-02  1.485870E-03 -7.215646E-18 -7.935967E-01  0.000000E+00
  2.304268E-01  3.102095E-02  5.000000E-01  4.892903E-02  6.401498E-03  0.000000E+00  1.551012E-02  1.508509E-03  9.149753E-17 -8.154952E-01  0.000000E+00
  1.986088E-01  2.786846E-02  5.000000E-01  4.217167E-02  5.731988E-03  0.000000E+00  1.508315E-02  1.517381E-03  3.447162E-16 -8.438432E-01  0.000000E+00
  1.669282E-01  2.462358E-02  5.000000E-01  3.544349E-02  5.042856E-03  0.000000E+00  1.462751E-02  1.503181E-03  6.624897E-16 -8.829949E-01  0.000000E+00
  1.350509E-01  2.132129E-02  5.000000E-01  2.867354E-02  4.341529E-03  0.000000E+00  1.424549E-02  1.481044E-03  3.542104E-16 -9.356236E-01  0.000000E+00
  1.043791E-01  1.812320E-02  5.000000E-01  2.215959E-02  3.662333E-03  0.000000E+00  1.407964E-02  1.520682E-03 -2.350833E-15 -9.986853E-01  0.000000E+00
  7.632629E-02  1.498333E-02  5.000000E-01  1.620187E-02  2.995504E-03  0.000000E+00  1.410684E-02  1.645429E-03 -9.335389E-15 -1.072999E+00  0.000000E+00
  5.118571E-02  1.190241E-02  5.000000E-01  1.086263E-02  2.341191E-03  0.000000E+00  1.421683E-02  1.850654E-03 -1.616809E-14 -1.160251E+00  0.000000E+00
  3.264831E-02  9.360696E-03  5.000000E-01  6.925739E-03  1.801394E-03  0.000000E+00  1.478427E-02  2.282230E-03  4.307888E-15 -1.247383E+00  0.000000E+00
  2.051015E-02  7.307452E-03  5.000000E-01  4.347893E-03  1.365335E-03  0.000000E+00  1.685098E-02  3.228422E-03  1.135974E-13 -1.324347E+00  0.000000E+00
  1.247723E-02  5.600098E-03  5.000000E-01  2.641898E-03  1.002735E-03  0.000000E+00  2.259416E-02  5.387379E-03  3.626520E-13 -1.395732E+00  0.000000E+00
  7.055255E-03  4.188298E-03  5.000000E-01  1.490404E-03  7.029033E-04  0.000000E+00  3.660081E-02  1.116454E-02  6.144631E-13 -1.451915E+00  0.000000E+00
  3.418635E-03  2.982009E-03  5.000000E-01  7.180754E-04  4.467173E-04  0.000000E+00  6.317416E-02  2.664714E-02  3.288198E-13 -1.437733E+00  0.000000E+00
  1.108798E-03  1.887295E-03  5.000000E-01  2.275226E-04  2.142269E-04  0.000000E+00  8.015576E-02  6.013317E-02 -8.050154E-13 -1.175146E+00  0.000000E+00
  3.747479E-05  8.785770E-04  5.000000E-01  0.000000E+00  0.000000E+00  0.000000E+00  2.638447E-02  1.092055E-01 -1.895145E-12 -5.609247E-02  0.000000E+00
  3.747479E-05  8.785770E-04  5.000000E-01  0.000000E+00  0.000000E+00  0.000000E+00  2.638447E-02  1.092055E-01 -1.895145E-12 -5.609247E-02  0.000000E+00
  2.534065E-04 -1.213549E-04  5.000000E-01  4.585858E-05 -2.123610E-04  0.000000E+00 -3.577038E-02  8.266147E-02 -1.699284E-12  1.067599E+00  0.000000E+00
  1.848580E-03 -1.155749E-03  5.000000E-01  3.846343E-04 -4.320408E-04  0.000000E+00 -2.954985E-02  1.720464E-02 -8.104568E-13  1.198621E+00  0.000000E+00
  4.867645E-03 -2.226251E-03  5.000000E-01  1.025809E-03 -6.593892E-04  0.000000E+00 -6.185189E-03  2.193962E-03 -2.505841E-13  1.049444E+00  0.000000E+00
  9.380877E-03 -3.381572E-03  5.000000E-01  1.984309E-03 -9.047510E-04  0.000000E+00  6.838297E-03 -1.456251E-03  1.451582E-14  9.643414E-01  0.000000E+00
  1.589077E-02 -4.706907E-03  5.000000E-01  3.366850E-03 -1.186220E-03  0.000000E+00  1.209691E-02 -2.207524E-03  7.920224E-14  8.858972E-01  0.000000E+00
  2.547297E-02 -6.298928E-03  5.000000E-01  5.401873E-03 -1.524326E-03  0.000000E+00  1.328715E-02 -2.006385E-03  5.646067E-14  8.019889E-01  0.000000E+00
  3.989163E-02 -8.258236E-03  5.000000E-01  8.464043E-03 -1.940434E-03  0.000000E+00  1.282090E-02 -1.594974E-03  2.059463E-14  7.198709E-01  0.000000E+00
  6.092142E-02 -1.061644E-02  5.000000E-01  1.293025E-02 -2.441259E-03  0.000000E+00  1.205858E-02 -1.277243E-03  2.808698E-16  6.479777E-01  0.000000E+00
  8.832839E-02 -1.333508E-02  5.000000E-01  1.875082E-02 -3.018632E-03  0.000000E+00  1.156119E-02 -1.118268E-03 -4.361608E-15  5.907969E-01  0.000000E+00
  1.189914E-01 -1.622388E-02  5.000000E-01  2.526288E-02 -3.632141E-03  0.000000E+00  1.142065E-02 -1.070939E-03 -2.599293E-15  5.462918E-01  0.000000E+00
  1.511926E-01 -1.923159E-02  5.000000E-01  3.210163E-02 -4.270905E-03  0.000000E+00  1.155823E-02 -1.086017E-03 -6.592673E-16  5.106592E-01  0.000000E+00
  1.838450E-01 -2.232226E-02  5.000000E-01  3.903620E-02 -4.927289E-03  0.000000E+00  1.185613E-02 -1.126127E-03  7.332718E-17  4.795733E-01  0.000000E+00
  2.165049E-01 -2.544156E-02  5.000000E-01  4.597236E-02 -5.589751E-03  0.000000E+00  1.220357E-02 -1.162617E-03  1.380901E-16  4.503405E-01  0.000000E+00
  2.491496E-01 -2.854812E-02  5.000000E-01  5.290529E-02 -6.249508E-03  0.000000E+00  1.252872E-02 -1.186824E-03  5.921034E-17  4.234612E-01  0.000000E+00
  2.819003E-01 -3.163885E-02  5.000000E-01  5.986073E-02 -6.905901E-03  0.000000E+00  1.280144E-02 -1.202966E-03  1.097133E-17  3.999993E-01  0.000000E+00
  3.147601E-01 -3.471688E-02  5.000000E-01  6.683936E-02 -7.559600E-03  0.000000E+00  1.301809E-02 -1.215628E-03 -1.340346E-18  3.795772E-01  0.000000E+00
  3.477303E-01 -3.779016E-02  5.000000E-01  7.384142E-02 -8.212290E-03  0.000000E+00  1.318835E-02 -1.227439E-03 -1.259623E-18  3.611000E-01  0.000000E+00
  3.807756E-01 -4.086537E-02  5.000000E-01  8.085941E-02 -8.865388E-03  0.000000E+00  1.332390E-02 -1.237997E-03 -1.736966E-19  3.435879E-01  0.000000E+00
  4.138291E-01 -4.393651E-02  5.000000E-01  8.787917E-02 -9.517622E-03  0.000000E+00  1.343159E-02 -1.244139E-03 -1.913728E-19  3.264717E-01  0.000000E+00
  4.468689E-01 -4.699191E-02  5.000000E-01  9.489601E-02 -1.016651E-02  0.000000E+00  1.351518E-02 -1.244307E-03 -4.818868E-20  3.098231E-01  0.000000E+00
  4.799091E-01 -5.002430E-02  5.000000E-01  1.019129E-01 -1.081052E-02  0.000000E+00  1.357837E-02 -1.239667E-03 -4.394518E-21  2.940093E-01  0.000000E+00
  5.129612E-01 -5.302987E-02  5.000000E-01  1.089324E-01 -1.144883E-02  0.000000E+00  1.362535E-02 -1.232137E-03 -9.851485E-20  2.791997E-01  0.000000E+00
  5.460360E-01 -5.600818E-02  5.000000E-01  1.159567E-01 -1.208135E-02  0.000000E+00  1.366074E-02 -1.223392E-03 -3.755657E-19  2.653076E-01  0.000000E+00
  5.791347E-01 -5.896025E-02  5.000000E-01  1.229860E-01 -1.270830E-02  0.000000E+00  1.368918E-02 -1.214462E-03 -7.779393E-19  2.521190E-01  0.000000E+00
  6.122565E-01 -6.188733E-02  5.000000E-01  1.300203E-01 -1.332994E-02  0.000000E+00  1.371505E-02 -1.205882E-03 -1.184881E-18  2.394268E-01  0.000000E+00
  6.454013E-01 -6.479091E-02  5.000000E-01  1.370594E-01 -1.394659E-02  0.000000E+00  1.374259E-02 -1.198194E-03 -6.053404E-19  2.270962E-01  0.000000E+00
  6.785693E-01 -6.767320E-02  5.000000E-01  1.441035E-01 -1.455871E-02  0.000000E+00  1.377555E-02 -1.191883E-03  1.582882E-19  2.150229E-01  0.000000E+00
  7.117575E-01 -7.053636E-02  5.000000E-01  1.511518E-01 -1.516678E-02  0.000000E+00  1.381618E-02 -1.186807E-03 -4.603975E-19  2.030638E-01  0.000000E+00
  7.449560E-01 -7.338015E-02  5.000000E-01  1.582024E-01 -1.577073E-02  0.000000E+00  1.386475E-02 -1.182077E-03 -5.382244E-19  1.910623E-01  0.000000E+00
  7.781569E-01 -7.620181E-02  5.000000E-01  1.652534E-01 -1.636998E-02  0.000000E+00  1.392013E-02 -1.176666E-03  3.993643E-20  1.789416E-01  0.000000E+00
  8.113578E-01 -7.899743E-02  5.000000E-01  1.723045E-01 -1.696370E-02  0.000000E+00  1.398061E-02 -1.169873E-03 -4.968657E-19  1.667268E-01  0.000000E+00
  8.445597E-01 -8.176258E-02  5.000000E-01  1.793558E-01 -1.755095E-02  0.000000E+00  1.404432E-02 -1.161287E-03  1.585172E-19  1.544892E-01  0.000000E+00
  8.777625E-01 -8.449261E-02  5.000000E-01  1.864072E-01 -1.813074E-02  0.000000E+00  1.410880E-02 -1.150378E-03  7.766250E-19  1.422769E-01  0.000000E+00
  9.109638E-01 -8.718137E-02  5.000000E-01  1.934584E-01 -1.870177E-02  0.000000E+00  1.417106E-02 -1.136527E-03 -5.234110E-19  1.301313E-01  0.000000E+00
  9.441676E-01 -8.982275E-02  5.000000E-01  2.005100E-01 -1.926273E-02  0.000000E+00  1.422805E-02 -1.119346E-03 -6.213468E-19  1.181415E-01  0.000000E+00
  9.773746E-01 -9.241049E-02  5.000000E-01  2.075624E-01 -1.981231E-02  0.000000E+00  1.427701E-02 -1.098424E-03  2.985783E-19  1.064034E-01  0.000000E+00
  1.010583E+00 -9.493700E-02  5.000000E-01  2.146150E-01 -2.034887E-02  0.000000E+00  1.431647E-02 -1.074032E-03 -3.651169E-19  9.505558E-02  0.000000E+00
  1.043798E+00 -9.739788E-02  5.000000E-01  2.216690E-01 -2.087150E-02  0.000000E+00  1.434708E-02 -1.047445E-03 -9.150172E-19  8.426538E-02  0.000000E+00
  1.077015E+00 -9.979135E-02  5.000000E-01  2.287237E-01 -2.137982E-02  0.000000E+00  1.437016E-02 -1.019661E-03 -4.262591E-19  7.407292E-02  0.000000E+00
  1.110238E+00 -1.021167E-01  5.000000E-01  2.357793E-01 -2.187367E-02  0.000000E+00  1.438663E-02 -9.909309E-04 -1.059974E-18  6.439144E-02  0.000000E+00
  1.143462E+00 -1.043726E-01  5.000000E-01  2.428354E-01 -2.235276E-02  0.000000E+00  1.439730E-02 -9.615188E-04 -1.834377E-19  5.515728E-02  0.000000E+00
  1.176693E+00 -1.065592E-01  5.000000E-01  2.498927E-01 -2.281715E-02  0.000000E+00  1.440291E-02 -9.317648E-04  8.712295E-19  4.635849E-02  0.000000E+00
  1.209925E+00 -1.086767E-01  5.000000E-01  2.569505E-01 -2.326684E-02  0.000000E+00  1.440350E-02 -9.015866E-04  4.674920E-19  3.796578E-02  0.000000E+00
  1.243158E+00 -1.107240E-01  5.000000E-01  2.640083E-01 -2.370165E-02  0.000000E+00  1.439905E-02 -8.711333E-04  4.366082E-19  2.999134E-02  0.000000E+00
  1.276395E+00 -1.127023E-01  5.000000E-01  2.710670E-01 -2.412179E-02  0.000000E+00  1.438965E-02 -8.406951E-04  4.388502E-19  2.246202E-02  0.000000E+00
  1.309630E+00 -1.146119E-01  5.000000E-01  2.781253E-01 -2.452734E-02  0.000000E+00  1.437523E-02 -8.103115E-04 -1.389001E-20  1.536098E-02  0.000000E+00
  1.342868E+00 -1.164536E-01  5.000000E-01  2.851842E-01 -2.491847E-02  0.000000E+00  1.435640E-02 -7.804615E-04 -5.306963E-19  8.703742E-03  0.000000E+00
  1.376108E+00 -1.182301E-01  5.000000E-01  2.922436E-01 -2.529576E-02  0.000000E+00  1.433396E-02 -7.514362E-04 -2.675643E-19  2.463646E-03  0.000000E+00
  1.409347E+00 -1.199429E-01  5.000000E-01  2.993027E-01 -2.565952E-02  0.000000E+00  1.430900E-02 -7.234029E-04  5.977023E-19 -3.417772E-03  0.000000E+00
  1.442589E+00 -1.215953E-01  5.000000E-01  3.063625E-01 -2.601045E-02  0.000000E+00  1.428346E-02 -6.968245E-04  1.050711E-18 -8.977944E-03  0.000000E+00
  1.475831E+00 -1.231906E-01  5.000000E-01  3.134222E-01 -2.634925E-02  0.000000E+00  1.425967E-02 -6.719371E-04  9.098748E-19 -1.429694E-02  0.000000E+00
  1.509072E+00 -1.247324E-01  5.000000E-01  3.204819E-01 -2.667669E-02  0.000000E+00  1.424023E-02 -6.489057E-04  1.908910E-19 -1.948111E-02  0.000000E+00
  1.542314E+00 -1.262244E-01  5.000000E-01  3.275416E-01 -2.699354E-02  0.000000E+00  1.422788E-02 -6.280918E-04 -6.343646E-19 -2.462183E-02  0.000000E+00
  1.575558E+00 -1.276717E-01  5.000000E-01  3.346018E-01 -2.730091E-02  0.000000E+00  1.422409E-02 -6.092424E-04 -6.632171E-20 -2.985785E-02  0.000000E+00
  1.608800E+00 -1.290765E-01  5.000000E-01  3.416615E-01 -2.759927E-02  0.000000E+00  1.422821E-02 -5.912461E-04  5.200091E-19 -3.535525E-02  0.000000E+00
  1.642044E+00 -1.304389E-01  5.000000E-01  3.487219E-01 -2.788861E-02  0.000000E+00  1.423855E-02 -5.732004E-04 -1.256558E-19 -4.116024E-02  0.000000E+00
  1.675286E+00 -1.317574E-01  5.000000E-01  3.557816E-01 -2.816862E-02  0.000000E+00  1.425325E-02 -5.546744E-04 -1.765878E-19 -4.720080E-02  0.000000E+00
  1.708526E+00 -1.330304E-01  5.000000E-01  3.628410E-01 -2.843897E-02  0.000000E+00  1.427059E-02 -5.354636E-04  3.669586E-19 -5.337186E-02  0.000000E+00
  1.741762E+00 -1.342561E-01  5.000000E-01  3.698996E-01 -2.869928E-02  0.000000E+00  1.428885E-02 -5.152767E-04 -1.972589E-19 -5.960971E-02  0.000000E+00
  1.774995E+00 -1.354317E-01  5.000000E-01  3.769573E-01 -2.894894E-02  0.000000E+00  1.430698E-02 -4.941935E-04 -7.990578E-19 -6.584425E-02  0.000000E+00
  1.808227E+00 -1.365562E-01  5.000000E-01  3.840150E-01 -2.918777E-02  0.000000E+00  1.432429E-02 -4.722900E-04  8.566705E-20 -7.203256E-02  0.000000E+00
  1.841453E+00 -1.376273E-01  5.000000E-01  3.910714E-01 -2.941523E-02  0.000000E+00  1.433997E-02 -4.493977E-04  5.451693E-19 -7.817227E-02  0.000000E+00
  1.874678E+00 -1.386430E-01  5.000000E-01  3.981276E-01 -2.963096E-02  0.000000E+00  1.435349E-02 -4.255860E-04  3.383736E-19 -8.423041E-02  0.000000E+00
  1.907900E+00 -1.396018E-01  5.000000E-01  4.051830E-01 -2.983457E-02  0.000000E+00  1.436432E-02 -4.008418E-04  2.435015E-19 -9.017751E-02  0.000000E+00
  1.941118E+00 -1.405014E-01  5.000000E-01  4.122377E-01 -3.002564E-02  0.000000E+00  1.437191E-02 -3.751333E-04  2.784483E-20 -9.598664E-02  0.000000E+00
  1.974334E+00 -1.413401E-01  5.000000E-01  4.192920E-01 -3.020375E-02  0.000000E+00  1.437602E-02 -3.486624E-04  2.149467E-19 -1.016096E-01  0.000000E+00
  2.007549E+00 -1.421169E-01  5.000000E-01  4.263460E-01 -3.036872E-02  0.000000E+00  1.437627E-02 -3.214729E-04  1.205923E-19 -1.070221E-01  0.000000E+00
  2.040760E+00 -1.428298E-01  5.000000E-01  4.333993E-01 -3.052014E-02  0.000000E+00  1.437209E-02 -2.934567E-04  3.755711E-20 -1.122175E-01  0.000000E+00
  2.073970E+00 -1.434774E-01  5.000000E-01  4.404522E-01 -3.065766E-02  0.000000E+00  1.436329E-02 -2.647702E-04  2.336531E-20 -1.171547E-01  0.000000E+00
  2.107177E+00 -1.440585E-01  5.000000E-01  4.475046E-01 -3.078106E-02  0.000000E+00  1.434991E-02 -2.355124E-04 -3.690835E-19 -1.218034E-01  0.000000E+00
  2.140379E+00 -1.445715E-01  5.000000E-01  4.545558E-01 -3.089003E-02  0.000000E+00  1.433243E-02 -2.059828E-04 -2.987370E-19 -1.261261E-01  0.000000E+00
  2.173577E+00 -1.450170E-01  5.000000E-01  4.616063E-01 -3.098463E-02  0.000000E+00  1.431126E-02 -1.763743E-04 -1.016213E-19 -1.301130E-01  0.000000E+00
  2.206768E+00 -1.453940E-01  5.000000E-01  4.686553E-01 -3.106470E-02  0.000000E+00  1.428620E-02 -1.466029E-04 -9.077583E-20 -1.337876E-01  0.000000E+00
  2.239954E+00 -1.457024E-01  5.000000E-01  4.757033E-01 -3.113019E-02  0.000000E+00  1.425651E-02 -1.166336E-04 -1.388209E-19 -1.371513E-01  0.000000E+00
  2.273134E+00 -1.459412E-01  5.000000E-01  4.827499E-01 -3.118091E-02  0.000000E+00  1.422097E-02 -8.646351E-05 -5.494446E-20 -1.401779E-01  0.000000E+00
  2.306309E+00 -1.461100E-01  5.000000E-01  4.897953E-01 -3.121676E-02  0.000000E+00  1.417808E-02 -5.609833E-05  7.135532E-21 -1.428208E-01  0.000000E+00
  2.339476E+00 -1.462079E-01  5.000000E-01  4.968392E-01 -3.123754E-02  0.000000E+00  1.412654E-02 -2.546477E-05 -5.359127E-20 -1.450420E-01  0.000000E+00
  2.372638E+00 -1.462336E-01  5.000000E-01  5.038821E-01 -3.124301E-02  0.000000E+00  1.406680E-02  4.852523E-06 -8.672121E-20 -1.467599E-01  0.000000E+00
  2.405805E+00 -1.461888E-01  5.000000E-01  5.109259E-01 -3.123351E-02  0.000000E+00  1.400129E-02  3.388007E-05 -6.780391E-20 -1.479130E-01  0.000000E+00
  2.438976E+00 -1.460770E-01  5.000000E-01  5.179706E-01 -3.120976E-02  0.000000E+00  1.393285E-02  6.131770E-05 -1.252002E-20 -1.485902E-01  0.000000E+00
  2.472150E+00 -1.459009E-01  5.000000E-01  5.250160E-01 -3.117236E-02  0.000000E+00  1.386427E-02  8.720588E-05 -1.701129E-20 -1.489519E-01  0.000000E+00
  2.505329E+00 -1.456637E-01  5.000000E-01  5.320625E-01 -3.112197E-02  0.000000E+00  1.379869E-02  1.114819E-04 -4.058529E-20 -1.491318E-01  0.000000E+00
  2.538512E+00 -1.453688E-01  5.000000E-01  5.391097E-01 -3.105935E-02  0.000000E+00  1.373915E-02  1.342544E-04 -6.626319E-20 -1.492608E-01  0.000000E+00
  2.571700E+00 -1.450191E-01  5.000000E-01  5.461580E-01 -3.098509E-02  0.000000E+00  1.368855E-02  1.554803E-04 -4.086364E-20 -1.494401E-01  0.000000E+00
  2.604894E+00 -1.446188E-01  5.000000E-01  5.532074E-01 -3.090006E-02  0.000000E+00  1.364867E-02  1.753202E-04 -5.824747E-20 -1.497795E-01  0.000000E+00
  2.638090E+00 -1.441705E-01  5.000000E-01  5.602575E-01 -3.080485E-02  0.000000E+00  1.361868E-02  1.947231E-04 -1.586783E-19 -1.504324E-01  0.000000E+00
  2.671292E+00 -1.436737E-01  5.000000E-01  5.673087E-01 -3.069934E-02  0.000000E+00  1.359572E-02  2.148387E-04 -1.947312E-21 -1.514855E-01  0.000000E+00
  2.704497E+00 -1.431252E-01  5.000000E-01  5.743608E-01 -3.058287E-02  0.000000E+00  1.357670E-02  2.361561E-04  1.994395E-19 -1.528573E-01  0.000000E+00
  2.737708E+00 -1.425224E-01  5.000000E-01  5.814140E-01 -3.045484E-02  0.000000E+00  1.355912E-02  2.586923E-04  1.791333E-19 -1.543773E-01  0.000000E+00
  2.770923E+00 -1.418619E-01  5.000000E-01  5.884680E-01 -3.031457E-02  0.000000E+00  1.354100E-02  2.824615E-04 -4.029187E-20 -1.559078E-01  0.000000E+00
  2.804143E+00 -1.411406E-01  5.000000E-01  5.955231E-01 -3.016137E-02  0.000000E+00  1.352095E-02  3.073614E-04 -1.568401E-19 -1.573489E-01  0.000000E+00
  2.837367E+00 -1.403555E-01  5.000000E-01  6.025790E-01 -2.999464E-02  0.000000E+00  1.349764E-02  3.333969E-04 -6.925676E-20 -1.586448E-01  0.000000E+00
  2.870594E+00 -1.395032E-01  5.000000E-01  6.096357E-01 -2.981364E-02  0.000000E+00  1.346951E-02  3.606631E-04  2.752870E-20 -1.597494E-01  0.000000E+00
  2.903823E+00 -1.385801E-01  5.000000E-01  6.166926E-01 -2.961760E-02  0.000000E+00  1.343428E-02  3.894434E-04  1.298202E-19 -1.606160E-01  0.000000E+00
  2.937051E+00 -1.375806E-01  5.000000E-01  6.237496E-01 -2.940534E-02  0.000000E+00  1.338969E-02  4.196672E-04  4.424040E-20 -1.611277E-01  0.000000E+00
  2.970283E+00 -1.365009E-01  5.000000E-01  6.308072E-01 -2.917602E-02  0.000000E+00  1.333349E-02  4.510379E-04  1.794078E-20 -1.611294E-01  0.000000E+00
  3.003515E+00 -1.353362E-01  5.000000E-01  6.378649E-01 -2.892867E-02  0.000000E+00  1.326279E-02  4.834141E-04  1.595266E-19 -1.604960E-01  0.000000E+00
  3.036751E+00 -1.340819E-01  5.000000E-01  6.449232E-01 -2.866230E-02  0.000000E+00  1.317428E-02  5.163857E-04  3.089047E-19 -1.590864E-01  0.000000E+00
  3.069988E+00 -1.327344E-01  5.000000E-01  6.519820E-01 -2.837611E-02  0.000000E+00  1.306403E-02  5.497188E-04 -1.175562E-20 -1.567887E-01  0.000000E+00
  3.103226E+00 -1.312882E-01  5.000000E-01  6.590410E-01 -2.806898E-02  0.000000E+00  1.292917E-02  5.829409E-04 -1.899248E-19 -1.534507E-01  0.000000E+00
  3.136469E+00 -1.297403E-01  5.000000E-01  6.661010E-01 -2.774023E-02  0.000000E+00  1.276935E-02  6.153618E-04 -1.783682E-19 -1.489333E-01  0.000000E+00
  3.169712E+00 -1.280872E-01  5.000000E-01  6.731611E-01 -2.738915E-02  0.000000E+00  1.258892E-02  6.452172E-04 -3.714352E-19 -1.430885E-01  0.000000E+00
  3.202960E+00 -1.263350E-01  5.000000E-01  6.802220E-01 -2.701704E-02  0.000000E+00  1.239607E-02  6.705627E-04  3.473709E-19 -1.359046E-01  0.000000E+00
  3.236210E+00 -1.244929E-01  5.000000E-01  6.872835E-01 -2.662581E-02  0.000000E+00  1.219898E-02  6.910655E-04 -1.645693E-19 -1.277036E-01  0.000000E+00
  3.269464E+00 -1.225707E-01  5.000000E-01  6.943459E-01 -2.621760E-02  0.000000E+00  1.200426E-02  7.071862E-04 -1.459661E-18 -1.189359E-01  0.000000E+00
  3.302721E+00 -1.205779E-01  5.000000E-01  7.014089E-01 -2.579438E-02  0.000000E+00  1.181662E-02  7.196539E-04 -9.270826E-19 -1.099968E-01  0.000000E+00
  3.335981E+00 -1.185230E-01  5.000000E-01  7.084724E-01 -2.535797E-02  0.000000E+00  1.163969E-02  7.289490E-04 -5.913238E-19 -1.011121E-01  0.000000E+00
  3.369247E+00 -1.164148E-01  5.000000E-01  7.155373E-01 -2.491022E-02  0.000000E+00  1.147666E-02  7.353729E-04 -3.598916E-19 -9.238001E-02  0.000000E+00
  3.402518E+00 -1.142629E-01  5.000000E-01  7.226033E-01 -2.445321E-02  0.000000E+00  1.132939E-02  7.395621E-04  5.914162E-19 -8.394784E-02  0.000000E+00
  3.435792E+00 -1.120741E-01  5.000000E-01  7.296699E-01 -2.398838E-02  0.000000E+00  1.119887E-02  7.420668E-04  6.711114E-20 -7.596143E-02  0.000000E+00
  3.469073E+00 -1.098560E-01  5.000000E-01  7.367379E-01 -2.351731E-02  0.000000E+00  1.108592E-02  7.433154E-04 -1.860911E-19 -6.851023E-02  0.000000E+00
  3.502353E+00 -1.076145E-01  5.000000E-01  7.438057E-01 -2.304127E-02  0.000000E+00  1.099125E-02  7.437930E-04 -1.541307E-19 -6.168087E-02  0.000000E+00
  3.535630E+00 -1.053553E-01  5.000000E-01  7.508729E-01 -2.256147E-02  0.000000E+00  1.091592E-02  7.439162E-04 -8.346736E-19 -5.554490E-02  0.000000E+00
  3.568904E+00 -1.030824E-01  5.000000E-01  7.579395E-01 -2.207876E-02  0.000000E+00  1.086154E-02  7.444337E-04  1.212069E-19 -5.018952E-02  0.000000E+00
  3.602176E+00 -1.007976E-01  5.000000E-01  7.650057E-01 -2.159353E-02  0.000000E+00  1.083067E-02  7.461457E-04  1.555752E-18 -4.567942E-02  0.000000E+00
  3.635446E+00 -9.850158E-02  5.000000E-01  7.720715E-01 -2.110590E-02  0.000000E+00  1.082576E-02  7.496086E-04  1.438140E-18 -4.207512E-02  0.000000E+00
  3.668713E+00 -9.619371E-02  5.000000E-01  7.791365E-01 -2.061577E-02  0.000000E+00  1.084688E-02  7.549194E-04 -3.538745E-21 -3.938450E-02  0.000000E+00
  3.701976E+00 -9.387424E-02  5.000000E-01  7.862009E-01 -2.012317E-02  0.000000E+00  1.088734E-02  7.630978E-04 -1.656031E-20 -3.761130E-02  0.000000E+00
  3.735241E+00 -9.153488E-02  5.000000E-01  7.932655E-01 -1.962635E-02  0.000000E+00  1.092833E-02  7.783329E-04  1.187566E-18 -3.694344E-02  0.000000E+00
  3.768500E+00 -8.914111E-02  5.000000E-01  8.003289E-01 -1.911797E-02  0.000000E+00  1.094512E-02  8.038088E-04  6.936291E-19 -3.704066E-02  0.000000E+00
  3.801751E+00 -8.665392E-02  5.000000E-01  8.073904E-01 -1.858975E-02  0.000000E+00  1.091813E-02  8.377466E-04 -3.783992E-19 -3.667837E-02  0.000000E+00
  3.834989E+00 -8.404157E-02  5.000000E-01  8.144495E-01 -1.803495E-02  0.000000E+00  1.083651E-02  8.756543E-04  6.845678E-19 -3.456275E-02  0.000000E+00
  3.868211E+00 -8.128527E-02  5.000000E-01  8.215050E-01 -1.744958E-02  0.000000E+00  1.069684E-02  9.135039E-04  8.857281E-19 -3.000446E-02  0.000000E+00
  3.901422E+00 -7.836993E-02  5.000000E-01  8.285582E-01 -1.683044E-02  0.000000E+00  1.050181E-02  9.483676E-04  1.343921E-19 -2.287440E-02  0.000000E+00
  3.934617E+00 -7.528977E-02  5.000000E-01  8.356080E-01 -1.617629E-02  0.000000E+00  1.025876E-02  9.778377E-04  5.855140E-20 -1.328408E-02  0.000000E+00
  3.967800E+00 -7.204402E-02  5.000000E-01  8.426552E-01 -1.548697E-02  0.000000E+00  9.976291E-03  1.000434E-03 -8.915625E-19 -1.509915E-03  0.000000E+00
  4.000972E+00 -6.863628E-02  5.000000E-01  8.497001E-01 -1.476325E-02  0.000000E+00  9.661764E-03  1.015475E-03 -8.493077E-19  1.216808E-02  0.000000E+00
  4.034139E+00 -6.507211E-02  5.000000E-01  8.567440E-01 -1.400631E-02  0.000000E+00  9.318760E-03  1.023408E-03 -2.378224E-19  2.745347E-02  0.000000E+00
  4.067311E+00 -6.135102E-02  5.000000E-01  8.637890E-01 -1.321604E-02  0.000000E+00  8.946698E-03  1.024629E-03 -1.270791E-19  4.414583E-02  0.000000E+00
  4.100488E+00 -5.747294E-02  5.000000E-01  8.708348E-01 -1.239243E-02  0.000000E+00  8.542650E-03  1.018318E-03 -1.612657E-18  6.228315E-02  0.000000E+00
  4.133669E+00 -5.343970E-02  5.000000E-01  8.778818E-01 -1.153587E-02  0.000000E+00  8.102206E-03  1.003343E-03 -2.201491E-18  8.193725E-02  0.000000E+00
  4.166856E+00 -4.925215E-02  5.000000E-01  8.849299E-01 -1.064653E-02  0.000000E+00  7.621926E-03  9.787442E-04 -1.415119E-18  1.031478E-01  0.000000E+00
  4.200049E+00 -4.491318E-02  5.000000E-01  8.919793E-01 -9.725044E-03  0.000000E+00  7.102850E-03  9.440761E-04  1.288836E-18  1.258702E-01  0.000000E+00
  4.233242E+00 -4.042517E-02  5.000000E-01  8.990286E-01 -8.771901E-03  0.000000E+00  6.554778E-03  8.986171E-04  2.419018E-18  1.500501E-01  0.000000E+00
  4.266405E+00 -3.581210E-02  5.000000E-01  9.060715E-01 -7.792197E-03  0.000000E+00  5.998564E-03  8.408717E-04 -1.246884E-19  1.756185E-01  0.000000E+00
  4.299502E+00 -3.113355E-02  5.000000E-01  9.131007E-01 -6.798588E-03  0.000000E+00  5.462239E-03  7.711804E-04 -2.700214E-19  2.021180E-01  0.000000E+00
  4.332522E+00 -2.647922E-02  5.000000E-01  9.201132E-01 -5.810123E-03  0.000000E+00  4.972607E-03  6.939148E-04  2.953835E-19  2.283522E-01  0.000000E+00
  4.365472E+00 -2.193561E-02  5.000000E-01  9.271110E-01 -4.845172E-03  0.000000E+00  4.550394E-03  6.149755E-04 -1.048166E-18  2.529420E-01  0.000000E+00
  4.398350E+00 -1.759370E-02  5.000000E-01  9.340935E-01 -3.923058E-03  0.000000E+00  4.211516E-03  5.385540E-04 -2.600012E-18  2.751108E-01  0.000000E+00
  4.431155E+00 -1.354703E-02  5.000000E-01  9.410605E-01 -3.063644E-03  0.000000E+00  3.968450E-03  4.665030E-04 -1.585418E-18  2.945986E-01  0.000000E+00
  4.463888E+00 -9.900080E-03  5.000000E-01  9.480121E-01 -2.289122E-03  0.000000E+00  3.827320E-03  3.989861E-04 -1.471094E-18  3.110713E-01  0.000000E+00
  4.496579E+00 -6.734380E-03  5.000000E-01  9.549550E-01 -1.616805E-03  0.000000E+00  3.782122E-03  3.349675E-04 -1.364049E-18  3.242543E-01  0.000000E+00
  4.529252E+00 -4.108105E-03  5.000000E-01  9.618939E-01 -1.059049E-03  0.000000E+00  3.806064E-03  2.728789E-04  5.502768E-19  3.341803E-01  0.000000E+00
  4.561929E+00 -2.048287E-03  5.000000E-01  9.688337E-01 -6.215940E-04  0.000000E+00  3.837790E-03  2.088225E-04  3.906009E-19  3.398022E-01  0.000000E+00
  4.594574E+00 -5.845031E-04  5.000000E-01  9.757666E-01 -3.107223E-04  0.000000E+00  3.789183E-03  1.327588E-04 -2.719668E-19  3.405591E-01  0.000000E+00
  4.627203E+00  2.567570E-04  5.000000E-01  9.826962E-01 -1.320593E-04  0.000000E+00  3.616334E-03  4.751689E-05 -2.038409E-19  3.447878E-01  0.000000E+00
  4.659162E+00  4.488256E-04  5.000000E-01  9.894836E-01 -9.126864E-05  0.000000E+00  3.342495E-03 -4.491801E-06  9.795024E-19  3.526285E-01  0.000000E+00
  4.689251E+00  3.277421E-05  5.000000E-01  9.958737E-01 -1.796277E-04  0.000000E+00  2.872987E-03 -3.315050E-05  6.048429E-18  3.014127E-01  0.000000E+00
  4.708680E+00 -5.548197E-04  5.000000E-01  1.000000E+00 -3.044182E-04  0.000000E+00  2.216518E-03 -1.515738E-04  6.272298E-18  1.668374E-01  0.000000E+00
    1    2
    2    3
    3    4
    4    5
    5    6
    6    7
    7    8
    8    9
    9   10
   10   11
   11   12
   12   13
   13   14
   14   15
   15   16
   16   17
   17   18
   18   19
   19   20
   20   21
   21   22
   22   23
   23   24
   24   25
   25   26
   26   27
   27   28
   28   29
   29   30
   30   31
   31   32
   32   33
   33   34
   34   35
   35   36
   36   37
   37   38
   38   39
   39   40
   40   41
   41   42
   42   43
   43   44
   44   45
   45   46
   46   47
   47   48
   48   49
   49   50
   50   51
   51   52
   52   53
   53   54
   54   55
   55   56
   56   57
   57   58
   58   59
   59   60
   60   61
   61   62
   62   63
   63   64
   64   65
   65   66
   66   67
   67   68
   68   69
   69   70
   70   71
   71   72
   72   73
   73   74
   74   75
   75   76
   76   77
   77   78
   78   79
   79   80
   80   81
   81   82
   82   83
   83   84
   84   85
   85   86
   86   87
   87   88
   88   89
   89   90
   90   91
   91   92
   92   93
   93   94
   94   95
   95   96
   96   97
   97   98
   98   99
   99  100
  100  101
  101  102
  102  103
  103  104
  104  105
  105  106
  106  107
  107  108
  108  109
  109  110
  110  111
  111  112
  112  113
  113  114
  114  115
  115  116
  116  117
  117  118
  118  119
  119  120
  120  121
  121  122
  122  123
  123  124
  124  125
  125  126
  126  127
  127  128
  128  129
  129  130
  130  131
  131  132
  132  133
  133  134
  134  135
  135  136
  136  137
  137  138
  138  139
  139  140
  140  141
  141  142
  142  143
  143  144
  144  145
  145  146
  146  147
  147  148
  148  149
  149  150
  151  152
  152  153
  153  154
  154  155
  155  156
  156  157
  157  158
  158  159
  159  160
  160  161
  161  162
  162  163
  163  164
  164  165
  165  166
  166  167
  167  168
  168  169
  169  170
  170  171
  171  172
  172  173
  173  174
  174  175
  175  176
  176  177
  177  178
  178  179
  179  180
  180  181
  181  182
  182  183
  183  184
  184  185
  185  186
  186  187
  187  188
  188  189
  189  190
  190  191
  191  192
  192  193
  193  194
  194  195
  195  196
  196  197
  197  198
  198  199
  199  200
  200  201
  201  202
  202  203
  203  204
  204  205
  205  206
  206  207
  207  208
  208  209
  209  210
  210  211
  211  212
  212  213
  213  214
  214  215
  215  216
  216  217
  217  218
  218  219
  219  220
  220  221
  221  222
  222  223
  223  224
  224  225
  225  226
  226  227
  227  228
  228  229
  229  230
  230  231
  231  232
  232  233
  233  234
  234  235
  235  236
  236  237
  237  238
  238  239
  239  240
  240  241
  241  242
  242  243
  243  244
  244  245
  245  246
  246  247
  247  248
  248  249
  249  250
  250  251
  251  252
  252  253
  253  254
  254  255
  255  256
  256  257
  257  258
  258  259
  259  260
  260  261
  261  262
  262  263
  263  264
  264  265
  265  266
  266  267
  267  268
  268  269
  269  270
  270  271
  271  272
  272  273
  273  274
  274  275
  275  276
  276  277
  277  278
  278  279
  279  280
  280  281
  281  282
  282  283
  283  284
  284  285
  285  286
  286  287
  287  288
  288  289
  289  290
  290  291
  291  292
  292  293
  293  294
  294  295
  295  296
  296  297
  297  298
  298  299
  299  300
