 Title = "ADflow Slice Data"
Variables =  "CoordinateX"  "CoordinateY"  "CoordinateZ"  "XoC"  "YoC"  "ZoC" "VelocityX" "VelocityY" "VelocityZ" "CoefPressure" "Mach" 
Zone T= "Slice_0001 None Absolute Regular z = 0.50000000"
 Nodes =          300  Elements=          298  ZONETYPE=FELINESEG
 DATAPACKING=POINT
  4.708680E+00 -5.089795E-04  5.000000E-01  1.000000E+00 -3.150684E-04  0.000000E+00  2.282207E-03 -1.522073E-04  6.065016E-18  1.675190E-01  0.000000E+00
  4.689187E+00  2.935011E-03  5.000000E-01  9.958601E-01  4.163505E-04  0.000000E+00  1.878873E-03 -2.995388E-04  2.387791E-18  1.096190E-01  0.000000E+00
  4.658673E+00  8.272730E-03  5.000000E-01  9.893797E-01  1.549951E-03  0.000000E+00  1.829478E-03 -3.386802E-04  8.093144E-19  1.301082E-01  0.000000E+00
  4.626256E+00  1.386839E-02  5.000000E-01  9.824952E-01  2.738332E-03  0.000000E+00  1.928034E-03 -3.298373E-04 -1.027687E-18  1.161457E-01  0.000000E+00
  4.593146E+00  1.949939E-02  5.000000E-01  9.754635E-01  3.934217E-03  0.000000E+00  2.183214E-03 -3.629584E-04 -1.342695E-18  8.867022E-02  0.000000E+00
  4.560031E+00  2.504160E-02  5.000000E-01  9.684306E-01  5.111246E-03  0.000000E+00  2.581728E-03 -4.284368E-04 -1.743867E-18  6.633295E-02  0.000000E+00
  4.526891E+00  3.049398E-02  5.000000E-01  9.613923E-01  6.269198E-03  0.000000E+00  3.057970E-03 -4.992939E-04 -6.704491E-19  4.456081E-02  0.000000E+00
  4.493752E+00  3.584726E-02  5.000000E-01  9.543545E-01  7.406103E-03  0.000000E+00  3.566880E-03 -5.700106E-04  4.942426E-19  2.010223E-02  0.000000E+00
  4.460612E+00  4.109432E-02  5.000000E-01  9.473164E-01  8.520450E-03  0.000000E+00  4.084404E-03 -6.391818E-04 -1.011218E-18 -5.743133E-03  0.000000E+00
  4.427470E+00  4.622915E-02  5.000000E-01  9.402779E-01  9.610962E-03  0.000000E+00  4.593879E-03 -7.028059E-04 -6.232899E-19 -3.210795E-02  0.000000E+00
  4.394325E+00  5.124068E-02  5.000000E-01  9.332387E-01  1.067529E-02  0.000000E+00  5.089279E-03 -7.590156E-04  1.446061E-18 -5.898802E-02  0.000000E+00
  4.361178E+00  5.612045E-02  5.000000E-01  9.261991E-01  1.171163E-02  0.000000E+00  5.575505E-03 -8.083912E-04  1.672576E-18 -8.639964E-02  0.000000E+00
  4.328027E+00  6.085795E-02  5.000000E-01  9.191586E-01  1.271776E-02  0.000000E+00  6.061486E-03 -8.517199E-04  1.695714E-18 -1.143060E-01  0.000000E+00
  4.294876E+00  6.544106E-02  5.000000E-01  9.121181E-01  1.369110E-02  0.000000E+00  6.554345E-03 -8.895980E-04  2.775891E-18 -1.427807E-01  0.000000E+00
  4.261727E+00  6.985998E-02  5.000000E-01  9.050782E-01  1.462957E-02  0.000000E+00  7.057906E-03 -9.221282E-04  3.280768E-18 -1.718902E-01  0.000000E+00
  4.228582E+00  7.410537E-02  5.000000E-01  8.980388E-01  1.553119E-02  0.000000E+00  7.573420E-03 -9.484564E-04  2.138672E-18 -2.014388E-01  0.000000E+00
  4.195443E+00  7.816541E-02  5.000000E-01  8.910010E-01  1.639344E-02  0.000000E+00  8.100553E-03 -9.675522E-04 -6.063025E-19 -2.307807E-01  0.000000E+00
  4.162308E+00  8.202751E-02  5.000000E-01  8.839639E-01  1.721365E-02  0.000000E+00  8.637683E-03 -9.789282E-04 -5.635729E-19 -2.593880E-01  0.000000E+00
  4.129179E+00  8.568185E-02  5.000000E-01  8.769281E-01  1.798975E-02  0.000000E+00  9.185617E-03 -9.822966E-04  1.482308E-18 -2.877274E-01  0.000000E+00
  4.096054E+00  8.911696E-02  5.000000E-01  8.698932E-01  1.871928E-02  0.000000E+00  9.754701E-03 -9.780558E-04  1.178642E-18 -3.175728E-01  0.000000E+00
  4.062934E+00  9.232418E-02  5.000000E-01  8.628593E-01  1.940041E-02  0.000000E+00  1.036915E-02 -9.674678E-04  7.551965E-20 -3.510511E-01  0.000000E+00
  4.029817E+00  9.529499E-02  5.000000E-01  8.558262E-01  2.003134E-02  0.000000E+00  1.105986E-02 -9.516899E-04 -1.038058E-18 -3.885320E-01  0.000000E+00
  3.996705E+00  9.802291E-02  5.000000E-01  8.487940E-01  2.061068E-02  0.000000E+00  1.184080E-02 -9.307407E-04 -2.416366E-18 -4.270971E-01  0.000000E+00
  3.963594E+00  1.005051E-01  5.000000E-01  8.417620E-01  2.113785E-02  0.000000E+00  1.268058E-02 -9.020977E-04 -2.783357E-18 -4.611162E-01  0.000000E+00
  3.930486E+00  1.027424E-01  5.000000E-01  8.347306E-01  2.161300E-02  0.000000E+00  1.349120E-02 -8.608371E-04 -1.298453E-18 -4.848412E-01  0.000000E+00
  3.897377E+00  1.047387E-01  5.000000E-01  8.276991E-01  2.203695E-02  0.000000E+00  1.415118E-02 -8.030883E-04 -6.216603E-19 -4.951171E-01  0.000000E+00
  3.864269E+00  1.065047E-01  5.000000E-01  8.206677E-01  2.241201E-02  0.000000E+00  1.455866E-02 -7.291923E-04 -3.119652E-19 -4.922867E-01  0.000000E+00
  3.831161E+00  1.080544E-01  5.000000E-01  8.136366E-01  2.274114E-02  0.000000E+00  1.467703E-02 -6.451818E-04  7.689578E-19 -4.793543E-01  0.000000E+00
  3.798054E+00  1.094106E-01  5.000000E-01  8.066053E-01  2.302915E-02  0.000000E+00  1.454245E-02 -5.609946E-04  1.117263E-18 -4.604189E-01  0.000000E+00
  3.764948E+00  1.106021E-01  5.000000E-01  7.995744E-01  2.328219E-02  0.000000E+00  1.423682E-02 -4.866277E-04  5.692590E-19 -4.394125E-01  0.000000E+00
  3.731842E+00  1.116660E-01  5.000000E-01  7.925435E-01  2.350814E-02  0.000000E+00  1.384954E-02 -4.296251E-04 -4.408921E-19 -4.195805E-01  0.000000E+00
  3.698737E+00  1.126482E-01  5.000000E-01  7.855130E-01  2.371673E-02  0.000000E+00  1.345585E-02 -3.906008E-04 -5.620242E-19 -4.027581E-01  0.000000E+00
  3.665634E+00  1.135823E-01  5.000000E-01  7.784827E-01  2.391511E-02  0.000000E+00  1.310771E-02 -3.624502E-04 -1.286715E-19 -3.890224E-01  0.000000E+00
  3.632534E+00  1.144747E-01  5.000000E-01  7.714529E-01  2.410463E-02  0.000000E+00  1.282522E-02 -3.389553E-04 -2.141777E-19 -3.778048E-01  0.000000E+00
  3.599434E+00  1.153277E-01  5.000000E-01  7.644234E-01  2.428580E-02  0.000000E+00  1.260291E-02 -3.186168E-04 -1.302794E-19 -3.686759E-01  0.000000E+00
  3.566334E+00  1.161443E-01  5.000000E-01  7.573938E-01  2.445923E-02  0.000000E+00  1.242637E-02 -3.007915E-04  1.780240E-20 -3.611851E-01  0.000000E+00
  3.533236E+00  1.169264E-01  5.000000E-01  7.503646E-01  2.462533E-02  0.000000E+00  1.228116E-02 -2.846149E-04  2.570804E-19 -3.549257E-01  0.000000E+00
  3.500138E+00  1.176747E-01  5.000000E-01  7.433353E-01  2.478425E-02  0.000000E+00  1.215602E-02 -2.696856E-04  5.948779E-19 -3.496488E-01  0.000000E+00
  3.467038E+00  1.183913E-01  5.000000E-01  7.363057E-01  2.493643E-02  0.000000E+00  1.204408E-02 -2.558608E-04  7.016872E-19 -3.451868E-01  0.000000E+00
  3.433936E+00  1.190775E-01  5.000000E-01  7.292757E-01  2.508215E-02  0.000000E+00  1.194200E-02 -2.427859E-04  5.234829E-19 -3.413824E-01  0.000000E+00
  3.400832E+00  1.197336E-01  5.000000E-01  7.222453E-01  2.522151E-02  0.000000E+00  1.184786E-02 -2.301732E-04  1.276796E-19 -3.381161E-01  0.000000E+00
  3.367728E+00  1.203601E-01  5.000000E-01  7.152146E-01  2.535455E-02  0.000000E+00  1.176021E-02 -2.177207E-04  5.162411E-20 -3.352641E-01  0.000000E+00
  3.334620E+00  1.209559E-01  5.000000E-01  7.081834E-01  2.548109E-02  0.000000E+00  1.167726E-02 -2.051495E-04  2.267069E-19 -3.326896E-01  0.000000E+00
  3.301512E+00  1.215198E-01  5.000000E-01  7.011520E-01  2.560084E-02  0.000000E+00  1.159634E-02 -1.922212E-04  3.076226E-19 -3.302881E-01  0.000000E+00
  3.268401E+00  1.220499E-01  5.000000E-01  6.941201E-01  2.571343E-02  0.000000E+00  1.151401E-02 -1.786310E-04  2.116532E-19 -3.279461E-01  0.000000E+00
  3.235290E+00  1.225436E-01  5.000000E-01  6.870881E-01  2.581827E-02  0.000000E+00  1.142612E-02 -1.640810E-04  2.020673E-19 -3.254953E-01  0.000000E+00
  3.202177E+00  1.229973E-01  5.000000E-01  6.800557E-01  2.591463E-02  0.000000E+00  1.132723E-02 -1.484162E-04  2.181412E-19 -3.227308E-01  0.000000E+00
  3.169063E+00  1.234078E-01  5.000000E-01  6.730231E-01  2.600181E-02  0.000000E+00  1.121095E-02 -1.315292E-04  1.926550E-19 -3.194006E-01  0.000000E+00
  3.135947E+00  1.237710E-01  5.000000E-01  6.659902E-01  2.607894E-02  0.000000E+00  1.107062E-02 -1.136378E-04  3.054907E-19 -3.152673E-01  0.000000E+00
  3.102831E+00  1.240845E-01  5.000000E-01  6.589571E-01  2.614552E-02  0.000000E+00  1.090046E-02 -9.580770E-05  2.791310E-19 -3.102593E-01  0.000000E+00
  3.069714E+00  1.243501E-01  5.000000E-01  6.519238E-01  2.620194E-02  0.000000E+00  1.069778E-02 -7.907105E-05  2.358519E-19 -3.045620E-01  0.000000E+00
  3.036593E+00  1.245710E-01  5.000000E-01  6.448898E-01  2.624885E-02  0.000000E+00  1.046368E-02 -6.373225E-05  2.246010E-19 -2.987186E-01  0.000000E+00
  3.003475E+00  1.247499E-01  5.000000E-01  6.378564E-01  2.628683E-02  0.000000E+00  1.020118E-02 -4.965792E-05  1.889265E-19 -2.936079E-01  0.000000E+00
  2.970356E+00  1.248881E-01  5.000000E-01  6.308226E-01  2.631619E-02  0.000000E+00  9.911516E-03 -3.675083E-05  1.787746E-19 -2.900421E-01  0.000000E+00
  2.937236E+00  1.249888E-01  5.000000E-01  6.237888E-01  2.633758E-02  0.000000E+00  9.590653E-03 -2.477837E-05  7.221834E-20 -2.878619E-01  0.000000E+00
  2.904117E+00  1.250540E-01  5.000000E-01  6.167550E-01  2.635143E-02  0.000000E+00  9.227686E-03 -1.348519E-05  3.489571E-20 -2.852591E-01  0.000000E+00
  2.870996E+00  1.250861E-01  5.000000E-01  6.097211E-01  2.635824E-02  0.000000E+00  8.808485E-03 -3.315887E-06  3.265161E-20 -2.795679E-01  0.000000E+00
  2.837877E+00  1.250873E-01  5.000000E-01  6.026873E-01  2.635850E-02  0.000000E+00  8.330664E-03  4.641064E-06  1.771800E-21 -2.700746E-01  0.000000E+00
  2.804757E+00  1.250595E-01  5.000000E-01  5.956535E-01  2.635259E-02  0.000000E+00  7.828089E-03  9.500422E-06 -5.337045E-20 -2.616005E-01  0.000000E+00
  2.771639E+00  1.250051E-01  5.000000E-01  5.886200E-01  2.634104E-02  0.000000E+00  7.392826E-03  1.228596E-05 -1.995765E-19 -2.651206E-01  0.000000E+00
  2.738522E+00  1.249251E-01  5.000000E-01  5.815867E-01  2.632404E-02  0.000000E+00  7.183106E-03  1.591534E-05 -4.438484E-19 -2.924474E-01  0.000000E+00
  2.705406E+00  1.248217E-01  5.000000E-01  5.745537E-01  2.630208E-02  0.000000E+00  7.398506E-03  2.315103E-05 -7.196218E-19 -3.472707E-01  0.000000E+00
  2.672292E+00  1.246963E-01  5.000000E-01  5.675211E-01  2.627545E-02  0.000000E+00  8.197994E-03  3.416324E-05 -9.674207E-19 -4.205131E-01  0.000000E+00
  2.639177E+00  1.245507E-01  5.000000E-01  5.604885E-01  2.624454E-02  0.000000E+00  9.570085E-03  4.733342E-05 -1.086406E-18 -4.952313E-01  0.000000E+00
  2.606068E+00  1.243865E-01  5.000000E-01  5.534568E-01  2.620967E-02  0.000000E+00  1.126235E-02  6.136966E-05 -9.380542E-19 -5.566234E-01  0.000000E+00
  2.572958E+00  1.242037E-01  5.000000E-01  5.464251E-01  2.617083E-02  0.000000E+00  1.287449E-02  7.557526E-05 -5.671754E-19 -5.985077E-01  0.000000E+00
  2.539852E+00  1.240015E-01  5.000000E-01  5.393941E-01  2.612789E-02  0.000000E+00  1.407236E-02  8.982302E-05 -9.603360E-20 -6.226748E-01  0.000000E+00
  2.506749E+00  1.237774E-01  5.000000E-01  5.323639E-01  2.608031E-02  0.000000E+00  1.474780E-02  1.037216E-04  1.298286E-19 -6.344476E-01  0.000000E+00
  2.473650E+00  1.235295E-01  5.000000E-01  5.253345E-01  2.602765E-02  0.000000E+00  1.500214E-02  1.168295E-04  1.936206E-19 -6.389535E-01  0.000000E+00
  2.440554E+00  1.232554E-01  5.000000E-01  5.183056E-01  2.596944E-02  0.000000E+00  1.501872E-02  1.292310E-04  2.714660E-19 -6.397383E-01  0.000000E+00
  2.407460E+00  1.229541E-01  5.000000E-01  5.112774E-01  2.590545E-02  0.000000E+00  1.495103E-02  1.417187E-04  1.079995E-19 -6.388610E-01  0.000000E+00
  2.374373E+00  1.226230E-01  5.000000E-01  5.042504E-01  2.583513E-02  0.000000E+00  1.488268E-02  1.550423E-04 -1.210813E-20 -6.374002E-01  0.000000E+00
  2.341286E+00  1.222599E-01  5.000000E-01  4.972236E-01  2.575803E-02  0.000000E+00  1.484004E-02  1.688423E-04  6.099764E-20 -6.359357E-01  0.000000E+00
  2.308194E+00  1.218654E-01  5.000000E-01  4.901958E-01  2.567424E-02  0.000000E+00  1.482136E-02  1.823003E-04 -1.099322E-20 -6.347648E-01  0.000000E+00
  2.275097E+00  1.214413E-01  5.000000E-01  4.831667E-01  2.558417E-02  0.000000E+00  1.481834E-02  1.949300E-04 -8.068562E-20 -6.340028E-01  0.000000E+00
  2.241991E+00  1.209901E-01  5.000000E-01  4.761359E-01  2.548835E-02  0.000000E+00  1.482503E-02  2.065604E-04 -1.938466E-19 -6.336748E-01  0.000000E+00
  2.208879E+00  1.205143E-01  5.000000E-01  4.691038E-01  2.538731E-02  0.000000E+00  1.483914E-02  2.172169E-04 -2.339743E-19 -6.337653E-01  0.000000E+00
  2.175760E+00  1.200162E-01  5.000000E-01  4.620701E-01  2.528153E-02  0.000000E+00  1.486054E-02  2.269694E-04 -1.013468E-19 -6.342482E-01  0.000000E+00
  2.142637E+00  1.194982E-01  5.000000E-01  4.550354E-01  2.517151E-02  0.000000E+00  1.488960E-02  2.358949E-04 -4.003489E-20 -6.350894E-01  0.000000E+00
  2.109507E+00  1.189621E-01  5.000000E-01  4.479994E-01  2.505765E-02  0.000000E+00  1.492635E-02  2.441226E-04  2.720175E-20 -6.362272E-01  0.000000E+00
  2.076374E+00  1.184101E-01  5.000000E-01  4.409628E-01  2.494041E-02  0.000000E+00  1.497047E-02  2.523551E-04 -1.074688E-20 -6.375109E-01  0.000000E+00
  2.043241E+00  1.178408E-01  5.000000E-01  4.339262E-01  2.481952E-02  0.000000E+00  1.502039E-02  2.614197E-04 -1.320188E-19 -6.387579E-01  0.000000E+00
  2.010106E+00  1.172524E-01  5.000000E-01  4.268892E-01  2.469455E-02  0.000000E+00  1.507295E-02  2.715138E-04 -2.942414E-19 -6.398494E-01  0.000000E+00
  1.976970E+00  1.166427E-01  5.000000E-01  4.198519E-01  2.456507E-02  0.000000E+00  1.512501E-02  2.827077E-04 -4.547318E-19 -6.407023E-01  0.000000E+00
  1.943835E+00  1.160094E-01  5.000000E-01  4.128148E-01  2.443057E-02  0.000000E+00  1.517420E-02  2.950780E-04 -5.230061E-19 -6.412689E-01  0.000000E+00
  1.910699E+00  1.153496E-01  5.000000E-01  4.057776E-01  2.429045E-02  0.000000E+00  1.521891E-02  3.084375E-04 -5.490377E-19 -6.415593E-01  0.000000E+00
  1.877561E+00  1.146618E-01  5.000000E-01  3.987399E-01  2.414438E-02  0.000000E+00  1.525873E-02  3.226904E-04 -8.066231E-19 -6.415965E-01  0.000000E+00
  1.844424E+00  1.139436E-01  5.000000E-01  3.917024E-01  2.399186E-02  0.000000E+00  1.529400E-02  3.377686E-04 -9.614511E-19 -6.414145E-01  0.000000E+00
  1.811282E+00  1.131935E-01  5.000000E-01  3.846638E-01  2.383255E-02  0.000000E+00  1.532524E-02  3.533836E-04 -7.987179E-19 -6.410730E-01  0.000000E+00
  1.778139E+00  1.124107E-01  5.000000E-01  3.776250E-01  2.366630E-02  0.000000E+00  1.535343E-02  3.695793E-04 -6.682708E-19 -6.405946E-01  0.000000E+00
  1.744992E+00  1.115933E-01  5.000000E-01  3.705854E-01  2.349271E-02  0.000000E+00  1.537916E-02  3.863585E-04 -7.110162E-19 -6.399977E-01  0.000000E+00
  1.711843E+00  1.107407E-01  5.000000E-01  3.635455E-01  2.331163E-02  0.000000E+00  1.540260E-02  4.037360E-04 -6.582816E-19 -6.392892E-01  0.000000E+00
  1.678692E+00  1.098509E-01  5.000000E-01  3.565049E-01  2.312266E-02  0.000000E+00  1.542339E-02  4.216901E-04 -2.014642E-19 -6.384654E-01  0.000000E+00
  1.645539E+00  1.089233E-01  5.000000E-01  3.494640E-01  2.292567E-02  0.000000E+00  1.544103E-02  4.403133E-04 -6.398313E-20 -6.374950E-01  0.000000E+00
  1.612385E+00  1.079557E-01  5.000000E-01  3.424230E-01  2.272016E-02  0.000000E+00  1.545500E-02  4.599150E-04 -2.313424E-19 -6.363216E-01  0.000000E+00
  1.579236E+00  1.069460E-01  5.000000E-01  3.353830E-01  2.250573E-02  0.000000E+00  1.546460E-02  4.806617E-04 -5.190550E-20 -6.349331E-01  0.000000E+00
  1.546090E+00  1.058908E-01  5.000000E-01  3.283435E-01  2.228162E-02  0.000000E+00  1.546880E-02  5.017180E-04  1.689707E-19 -6.334769E-01  0.000000E+00
  1.512946E+00  1.047913E-01  5.000000E-01  3.213046E-01  2.204812E-02  0.000000E+00  1.546798E-02  5.217596E-04  6.415358E-19 -6.322015E-01  0.000000E+00
  1.479807E+00  1.036503E-01  5.000000E-01  3.142666E-01  2.180580E-02  0.000000E+00  1.546544E-02  5.405472E-04  5.623112E-19 -6.312633E-01  0.000000E+00
  1.446672E+00  1.024702E-01  5.000000E-01  3.072296E-01  2.155518E-02  0.000000E+00  1.546519E-02  5.582236E-04  2.860696E-19 -6.307517E-01  0.000000E+00
  1.413540E+00  1.012537E-01  5.000000E-01  3.001932E-01  2.129683E-02  0.000000E+00  1.547031E-02  5.749721E-04  2.765339E-19 -6.306988E-01  0.000000E+00
  1.380413E+00  1.000031E-01  5.000000E-01  2.931579E-01  2.103122E-02  0.000000E+00  1.548256E-02  5.911566E-04  5.455479E-20 -6.310723E-01  0.000000E+00
  1.347294E+00  9.871981E-02  5.000000E-01  2.861242E-01  2.075869E-02  0.000000E+00  1.550207E-02  6.070570E-04 -1.035013E-21 -6.318204E-01  0.000000E+00
  1.314179E+00  9.740486E-02  5.000000E-01  2.790914E-01  2.047942E-02  0.000000E+00  1.552787E-02  6.227173E-04 -3.775685E-20 -6.329030E-01  0.000000E+00
  1.281074E+00  9.605967E-02  5.000000E-01  2.720606E-01  2.019374E-02  0.000000E+00  1.555886E-02  6.382913E-04 -1.420514E-19 -6.342747E-01  0.000000E+00
  1.247974E+00  9.468429E-02  5.000000E-01  2.650310E-01  1.990164E-02  0.000000E+00  1.559393E-02  6.537573E-04 -8.753078E-20 -6.359170E-01  0.000000E+00
  1.214880E+00  9.328002E-02  5.000000E-01  2.580028E-01  1.960341E-02  0.000000E+00  1.563241E-02  6.691271E-04 -3.623882E-20 -6.378140E-01  0.000000E+00
  1.181795E+00  9.184711E-02  5.000000E-01  2.509763E-01  1.929909E-02  0.000000E+00  1.567421E-02  6.846616E-04 -3.876755E-19 -6.399329E-01  0.000000E+00
  1.148718E+00  9.038547E-02  5.000000E-01  2.439516E-01  1.898868E-02  0.000000E+00  1.571901E-02  7.002588E-04 -1.642994E-19 -6.422842E-01  0.000000E+00
  1.115646E+00  8.889567E-02  5.000000E-01  2.369279E-01  1.867228E-02  0.000000E+00  1.576680E-02  7.157821E-04  5.305305E-21 -6.448901E-01  0.000000E+00
  1.082583E+00  8.737849E-02  5.000000E-01  2.299061E-01  1.835007E-02  0.000000E+00  1.581823E-02  7.313404E-04  2.318672E-19 -6.477570E-01  0.000000E+00
  1.049524E+00  8.583399E-02  5.000000E-01  2.228852E-01  1.802206E-02  0.000000E+00  1.587406E-02  7.469849E-04  3.854915E-19 -6.509026E-01  0.000000E+00
  1.016475E+00  8.426310E-02  5.000000E-01  2.158664E-01  1.768844E-02  0.000000E+00  1.593510E-02  7.627611E-04  8.858350E-20 -6.543528E-01  0.000000E+00
  9.834318E-01  8.266567E-02  5.000000E-01  2.088488E-01  1.734918E-02  0.000000E+00  1.600190E-02  7.784563E-04 -1.378451E-19 -6.581590E-01  0.000000E+00
  9.503976E-01  8.104378E-02  5.000000E-01  2.018331E-01  1.700473E-02  0.000000E+00  1.607528E-02  7.941356E-04 -3.298434E-19 -6.623239E-01  0.000000E+00
  9.173728E-01  7.939756E-02  5.000000E-01  1.948195E-01  1.665512E-02  0.000000E+00  1.615605E-02  8.104711E-04 -3.495010E-19 -6.667507E-01  0.000000E+00
  8.843598E-01  7.772631E-02  5.000000E-01  1.878083E-01  1.630018E-02  0.000000E+00  1.624376E-02  8.282323E-04 -6.439888E-19 -6.712932E-01  0.000000E+00
  8.513623E-01  7.602727E-02  5.000000E-01  1.808005E-01  1.593935E-02  0.000000E+00  1.633650E-02  8.480647E-04 -5.215431E-19 -6.758049E-01  0.000000E+00
  8.183794E-01  7.429653E-02  5.000000E-01  1.737957E-01  1.557178E-02  0.000000E+00  1.643124E-02  8.701406E-04 -3.879052E-19 -6.802086E-01  0.000000E+00
  7.854121E-01  7.253013E-02  5.000000E-01  1.667943E-01  1.519664E-02  0.000000E+00  1.652518E-02  8.944060E-04 -5.518665E-19 -6.844915E-01  0.000000E+00
  7.524593E-01  7.072396E-02  5.000000E-01  1.597959E-01  1.481306E-02  0.000000E+00  1.661668E-02  9.207469E-04 -3.704717E-19 -6.886794E-01  0.000000E+00
  7.195226E-01  6.887434E-02  5.000000E-01  1.528009E-01  1.442024E-02  0.000000E+00  1.670525E-02  9.492804E-04 -1.485281E-19 -6.927877E-01  0.000000E+00
  6.866079E-01  6.697720E-02  5.000000E-01  1.458107E-01  1.401734E-02  0.000000E+00  1.679090E-02  9.804965E-04  1.943731E-19 -6.967921E-01  0.000000E+00
  6.537221E-01  6.502729E-02  5.000000E-01  1.388265E-01  1.360322E-02  0.000000E+00  1.687287E-02  1.014859E-03  5.591379E-20 -7.006668E-01  0.000000E+00
  6.208691E-01  6.301855E-02  5.000000E-01  1.318494E-01  1.317662E-02  0.000000E+00  1.694911E-02  1.052477E-03 -6.590577E-19 -7.044375E-01  0.000000E+00
  5.880524E-01  6.094480E-02  5.000000E-01  1.248799E-01  1.273620E-02  0.000000E+00  1.701702E-02  1.093025E-03 -1.070370E-18 -7.082127E-01  0.000000E+00
  5.552711E-01  5.880037E-02  5.000000E-01  1.179180E-01  1.228078E-02  0.000000E+00  1.707446E-02  1.135895E-03 -1.605152E-18 -7.121766E-01  0.000000E+00
  5.225283E-01  5.658104E-02  5.000000E-01  1.109642E-01  1.180945E-02  0.000000E+00  1.712067E-02  1.180695E-03 -2.108228E-18 -7.165484E-01  0.000000E+00
  4.898261E-01  5.428241E-02  5.000000E-01  1.040191E-01  1.132128E-02  0.000000E+00  1.715545E-02  1.226960E-03 -2.678191E-18 -7.216197E-01  0.000000E+00
  4.571624E-01  5.190129E-02  5.000000E-01  9.708209E-02  1.081559E-02  0.000000E+00  1.717831E-02  1.273761E-03 -3.122522E-18 -7.277942E-01  0.000000E+00
  4.245350E-01  4.943609E-02  5.000000E-01  9.015283E-02  1.029204E-02  0.000000E+00  1.718822E-02  1.319818E-03 -2.143713E-18 -7.355435E-01  0.000000E+00
  3.919369E-01  4.688748E-02  5.000000E-01  8.322981E-02  9.750775E-03  0.000000E+00  1.718321E-02  1.363999E-03 -1.874803E-18 -7.452608E-01  0.000000E+00
  3.593832E-01  4.425885E-02  5.000000E-01  7.631620E-02  9.192519E-03  0.000000E+00  1.715923E-02  1.406605E-03 -3.812540E-18 -7.570264E-01  0.000000E+00
  3.269046E-01  4.155155E-02  5.000000E-01  6.941854E-02  8.617553E-03  0.000000E+00  1.710692E-02  1.449909E-03 -9.291665E-18 -7.705437E-01  0.000000E+00
  2.945750E-01  3.876224E-02  5.000000E-01  6.255253E-02  8.025173E-03  0.000000E+00  1.700823E-02  1.496376E-03 -1.939681E-17 -7.854874E-01  0.000000E+00
  2.624265E-01  3.587522E-02  5.000000E-01  5.572497E-02  7.412042E-03  0.000000E+00  1.683763E-02  1.543326E-03 -1.450627E-17 -8.023313E-01  0.000000E+00
  2.304268E-01  3.287834E-02  5.000000E-01  4.892903E-02  6.775578E-03  0.000000E+00  1.658212E-02  1.584926E-03  6.766201E-17 -8.225623E-01  0.000000E+00
  1.986088E-01  2.977248E-02  5.000000E-01  4.217166E-02  6.115970E-03  0.000000E+00  1.626497E-02  1.617629E-03  3.166170E-16 -8.485762E-01  0.000000E+00
  1.669282E-01  2.655381E-02  5.000000E-01  3.544349E-02  5.432403E-03  0.000000E+00  1.594379E-02  1.631324E-03  7.054433E-16 -8.846574E-01  0.000000E+00
  1.350509E-01  2.325296E-02  5.000000E-01  2.867354E-02  4.731383E-03  0.000000E+00  1.574960E-02  1.645108E-03  7.205981E-16 -9.331817E-01  0.000000E+00
  1.043791E-01  2.002398E-02  5.000000E-01  2.215959E-02  4.045629E-03  0.000000E+00  1.588980E-02  1.751085E-03 -9.681631E-16 -9.899872E-01  0.000000E+00
  7.632629E-02  1.679476E-02  5.000000E-01  1.620187E-02  3.359820E-03  0.000000E+00  1.640756E-02  1.996985E-03 -5.464088E-15 -1.055226E+00  0.000000E+00
  5.118571E-02  1.354772E-02  5.000000E-01  1.086263E-02  2.670229E-03  0.000000E+00  1.726126E-02  2.406721E-03 -8.935835E-15 -1.131090E+00  0.000000E+00
  3.264831E-02  1.079226E-02  5.000000E-01  6.925739E-03  2.085037E-03  0.000000E+00  1.887151E-02  3.219072E-03  5.007364E-15 -1.203977E+00  0.000000E+00
  2.051015E-02  8.498405E-03  5.000000E-01  4.347893E-03  1.597879E-03  0.000000E+00  2.199306E-02  4.783010E-03  6.275213E-14 -1.264532E+00  0.000000E+00
  1.247723E-02  6.544662E-03  5.000000E-01  2.641898E-03  1.182952E-03  0.000000E+00  2.807365E-02  7.731507E-03  1.691548E-13 -1.321550E+00  0.000000E+00
  7.055255E-03  4.901249E-03  5.000000E-01  1.490404E-03  8.339310E-04  0.000000E+00  4.091735E-02  1.456041E-02  2.449487E-13 -1.366364E+00  0.000000E+00
  3.418635E-03  3.479583E-03  5.000000E-01  7.180754E-04  5.320042E-04  0.000000E+00  6.390062E-02  3.170656E-02  1.075041E-13 -1.336738E+00  0.000000E+00
  1.108798E-03  2.178554E-03  5.000000E-01  2.275226E-04  2.556975E-04  0.000000E+00  7.617748E-02  6.619572E-02 -2.295694E-13 -1.059595E+00  0.000000E+00
  3.747479E-05  9.745653E-04  5.000000E-01  0.000000E+00  0.000000E+00  0.000000E+00  2.534581E-02  1.120523E-01 -4.217898E-13 -3.635706E-02  0.000000E+00
  3.747479E-05  9.745653E-04  5.000000E-01  0.000000E+00  0.000000E+00  0.000000E+00  2.534581E-02  1.120523E-01 -4.217898E-13 -3.635706E-02  0.000000E+00
  2.534065E-04 -2.183286E-04  5.000000E-01  4.585858E-05 -2.533413E-04  0.000000E+00 -3.404515E-02  8.535362E-02 -2.802054E-13  1.013030E+00  0.000000E+00
  1.848580E-03 -1.445226E-03  5.000000E-01  3.846343E-04 -5.139043E-04  0.000000E+00 -3.080494E-02  2.095027E-02 -8.934712E-14  1.191035E+00  0.000000E+00
  4.867645E-03 -2.701197E-03  5.000000E-01  1.025809E-03 -7.806415E-04  0.000000E+00 -7.401953E-03  3.091772E-03 -2.688236E-14  1.056293E+00  0.000000E+00
  9.380877E-03 -4.036700E-03  5.000000E-01  1.984309E-03 -1.064270E-03  0.000000E+00  6.762168E-03 -1.636445E-03  5.136074E-15  9.601091E-01  0.000000E+00
  1.589077E-02 -5.539890E-03  5.000000E-01  3.366850E-03 -1.383510E-03  0.000000E+00  1.262148E-02 -2.579015E-03  2.349426E-14  8.746882E-01  0.000000E+00
  2.547297E-02 -7.301092E-03  5.000000E-01  5.401873E-03 -1.757546E-03  0.000000E+00  1.394306E-02 -2.295205E-03  2.415121E-14  7.864834E-01  0.000000E+00
  3.989163E-02 -9.398688E-03  5.000000E-01  8.464043E-03 -2.203024E-03  0.000000E+00  1.339472E-02 -1.754436E-03  1.303832E-14  7.015802E-01  0.000000E+00
  6.092142E-02 -1.182487E-02  5.000000E-01  1.293025E-02 -2.718285E-03  0.000000E+00  1.250049E-02 -1.341014E-03  2.302491E-15  6.291769E-01  0.000000E+00
  8.832839E-02 -1.452326E-02  5.000000E-01  1.875082E-02 -3.291358E-03  0.000000E+00  1.188967E-02 -1.128320E-03 -1.948446E-15  5.736680E-01  0.000000E+00
  1.189914E-01 -1.732130E-02  5.000000E-01  2.526288E-02 -3.885593E-03  0.000000E+00  1.166575E-02 -1.051979E-03 -1.726986E-15  5.316504E-01  0.000000E+00
  1.511926E-01 -2.019342E-02  5.000000E-01  3.210163E-02 -4.495561E-03  0.000000E+00  1.174287E-02 -1.049376E-03 -6.107335E-16  4.983010E-01  0.000000E+00
  1.838450E-01 -2.312215E-02  5.000000E-01  3.903620E-02 -5.117551E-03  0.000000E+00  1.199399E-02 -1.076414E-03 -2.998194E-17  4.690229E-01  0.000000E+00
  2.165049E-01 -2.606180E-02  5.000000E-01  4.597235E-02 -5.741859E-03  0.000000E+00  1.230172E-02 -1.101795E-03  8.440018E-17  4.413091E-01  0.000000E+00
  2.491496E-01 -2.897548E-02  5.000000E-01  5.290529E-02 -6.360654E-03  0.000000E+00  1.259116E-02 -1.116718E-03  4.893592E-17  4.159579E-01  0.000000E+00
  2.819003E-01 -3.186412E-02  5.000000E-01  5.986073E-02 -6.974129E-03  0.000000E+00  1.283107E-02 -1.125740E-03  1.195420E-17  3.941515E-01  0.000000E+00
  3.147601E-01 -3.473509E-02  5.000000E-01  6.683936E-02 -7.583853E-03  0.000000E+00  1.301727E-02 -1.133348E-03 -9.711162E-19  3.754529E-01  0.000000E+00
  3.477303E-01 -3.759976E-02  5.000000E-01  7.384142E-02 -8.192238E-03  0.000000E+00  1.315903E-02 -1.141818E-03 -2.125048E-18  3.586826E-01  0.000000E+00
  3.807756E-01 -4.046776E-02  5.000000E-01  8.085941E-02 -8.801330E-03  0.000000E+00  1.326774E-02 -1.150387E-03 -1.329443E-18  3.428257E-01  0.000000E+00
  4.138291E-01 -4.333561E-02  5.000000E-01  8.787917E-02 -9.410392E-03  0.000000E+00  1.335009E-02 -1.155655E-03  3.123343E-19  3.273198E-01  0.000000E+00
  4.468689E-01 -4.619354E-02  5.000000E-01  9.489601E-02 -1.001735E-02  0.000000E+00  1.340977E-02 -1.155983E-03  1.133816E-18  3.122567E-01  0.000000E+00
  4.799091E-01 -4.903590E-02  5.000000E-01  1.019129E-01 -1.062099E-02  0.000000E+00  1.345050E-02 -1.152499E-03  2.324110E-19  2.980126E-01  0.000000E+00
  5.129612E-01 -5.186047E-02  5.000000E-01  1.089324E-01 -1.122086E-02  0.000000E+00  1.347652E-02 -1.147065E-03 -2.456606E-19  2.847514E-01  0.000000E+00
  5.460360E-01 -5.466832E-02  5.000000E-01  1.159567E-01 -1.181718E-02  0.000000E+00  1.349251E-02 -1.141287E-03  1.132566E-18  2.723737E-01  0.000000E+00
  5.791347E-01 -5.746199E-02  5.000000E-01  1.229860E-01 -1.241049E-02  0.000000E+00  1.350314E-02 -1.136124E-03  1.098451E-18  2.606547E-01  0.000000E+00
  6.122565E-01 -6.024416E-02  5.000000E-01  1.300203E-01 -1.300135E-02  0.000000E+00  1.351288E-02 -1.132064E-03  3.501835E-19  2.493794E-01  0.000000E+00
  6.454013E-01 -6.301774E-02  5.000000E-01  1.370594E-01 -1.359039E-02  0.000000E+00  1.352603E-02 -1.129606E-03  3.922026E-19  2.384059E-01  0.000000E+00
  6.785693E-01 -6.578627E-02  5.000000E-01  1.441035E-01 -1.417836E-02  0.000000E+00  1.354644E-02 -1.129214E-03 -1.029455E-18  2.276213E-01  0.000000E+00
  7.117575E-01 -6.855322E-02  5.000000E-01  1.511518E-01 -1.476599E-02  0.000000E+00  1.357656E-02 -1.130749E-03 -1.569833E-18  2.168723E-01  0.000000E+00
  7.449560E-01 -7.131964E-02  5.000000E-01  1.582024E-01 -1.535351E-02  0.000000E+00  1.361698E-02 -1.133351E-03 -1.191985E-18  2.059897E-01  0.000000E+00
  7.781569E-01 -7.408397E-02  5.000000E-01  1.652534E-01 -1.594059E-02  0.000000E+00  1.366694E-02 -1.136026E-03 -6.852807E-19  1.948807E-01  0.000000E+00
  8.113578E-01 -7.684333E-02  5.000000E-01  1.723045E-01 -1.652661E-02  0.000000E+00  1.372519E-02 -1.138071E-03  2.278718E-19  1.835493E-01  0.000000E+00
  8.445597E-01 -7.959416E-02  5.000000E-01  1.793558E-01 -1.711082E-02  0.000000E+00  1.379013E-02 -1.139019E-03 -1.497546E-19  1.720433E-01  0.000000E+00
  8.777625E-01 -8.233237E-02  5.000000E-01  1.864072E-01 -1.769235E-02  0.000000E+00  1.385944E-02 -1.138215E-03  2.293435E-19  1.603874E-01  0.000000E+00
  9.109638E-01 -8.505199E-02  5.000000E-01  1.934584E-01 -1.826993E-02  0.000000E+00  1.392983E-02 -1.134827E-03 -2.296883E-19  1.486049E-01  0.000000E+00
  9.441676E-01 -8.774655E-02  5.000000E-01  2.005100E-01 -1.884219E-02  0.000000E+00  1.399765E-02 -1.128151E-03 -1.237521E-18  1.367765E-01  0.000000E+00
  9.773746E-01 -9.040882E-02  5.000000E-01  2.075624E-01 -1.940759E-02  0.000000E+00  1.405931E-02 -1.117390E-03 -1.520551E-19  1.250020E-01  0.000000E+00
  1.010583E+00 -9.302948E-02  5.000000E-01  2.146150E-01 -1.996415E-02  0.000000E+00  1.411277E-02 -1.102631E-03  2.905873E-19  1.134485E-01  0.000000E+00
  1.043798E+00 -9.560265E-02  5.000000E-01  2.216690E-01 -2.051063E-02  0.000000E+00  1.415874E-02 -1.085394E-03 -2.177625E-19  1.023360E-01  0.000000E+00
  1.077015E+00 -9.812629E-02  5.000000E-01  2.287237E-01 -2.104659E-02  0.000000E+00  1.419900E-02 -1.066933E-03 -3.659790E-19  9.172083E-02  0.000000E+00
  1.110238E+00 -1.005995E-01  5.000000E-01  2.357793E-01 -2.157183E-02  0.000000E+00  1.423481E-02 -1.047497E-03 -1.271923E-19  8.148051E-02  0.000000E+00
  1.143462E+00 -1.030204E-01  5.000000E-01  2.428354E-01 -2.208597E-02  0.000000E+00  1.426726E-02 -1.027281E-03 -9.359865E-19  7.151355E-02  0.000000E+00
  1.176693E+00 -1.053888E-01  5.000000E-01  2.498927E-01 -2.258896E-02  0.000000E+00  1.429728E-02 -1.006537E-03 -9.454753E-19  6.178637E-02  0.000000E+00
  1.209925E+00 -1.077039E-01  5.000000E-01  2.569505E-01 -2.308063E-02  0.000000E+00  1.432506E-02 -9.850868E-04 -7.116748E-19  5.226096E-02  0.000000E+00
  1.243158E+00 -1.099638E-01  5.000000E-01  2.640083E-01 -2.356058E-02  0.000000E+00  1.435058E-02 -9.629675E-04 -3.391484E-19  4.294597E-02  0.000000E+00
  1.276395E+00 -1.121685E-01  5.000000E-01  2.710670E-01 -2.402881E-02  0.000000E+00  1.437383E-02 -9.403463E-04  1.115775E-18  3.386630E-02  0.000000E+00
  1.309630E+00 -1.143169E-01  5.000000E-01  2.781253E-01 -2.448507E-02  0.000000E+00  1.439456E-02 -9.171308E-04  1.466711E-18  2.500530E-02  0.000000E+00
  1.342868E+00 -1.164081E-01  5.000000E-01  2.851842E-01 -2.492920E-02  0.000000E+00  1.441306E-02 -8.936721E-04  1.151174E-18  1.638303E-02  0.000000E+00
  1.376108E+00 -1.184432E-01  5.000000E-01  2.922436E-01 -2.536139E-02  0.000000E+00  1.442975E-02 -8.701352E-04  5.709781E-19  7.982541E-03  0.000000E+00
  1.409347E+00 -1.204213E-01  5.000000E-01  2.993027E-01 -2.578150E-02  0.000000E+00  1.444519E-02 -8.465698E-04 -8.068233E-19 -2.391959E-04  0.000000E+00
  1.442589E+00 -1.223437E-01  5.000000E-01  3.063625E-01 -2.618976E-02  0.000000E+00  1.446072E-02 -8.233437E-04 -1.220344E-18 -8.298617E-03  0.000000E+00
  1.475831E+00 -1.242111E-01  5.000000E-01  3.134222E-01 -2.658635E-02  0.000000E+00  1.447805E-02 -8.006155E-04 -1.863480E-20 -1.625068E-02  0.000000E+00
  1.509072E+00 -1.260245E-01  5.000000E-01  3.204819E-01 -2.697149E-02  0.000000E+00  1.449911E-02 -7.784951E-04  4.680116E-20 -2.417351E-02  0.000000E+00
  1.542314E+00 -1.277851E-01  5.000000E-01  3.275416E-01 -2.734539E-02  0.000000E+00  1.452612E-02 -7.573280E-04 -1.397500E-19 -3.212867E-02  0.000000E+00
  1.575558E+00 -1.294952E-01  5.000000E-01  3.346018E-01 -2.770857E-02  0.000000E+00  1.456024E-02 -7.368946E-04  6.777090E-20 -4.022475E-02  0.000000E+00
  1.608800E+00 -1.311545E-01  5.000000E-01  3.416615E-01 -2.806097E-02  0.000000E+00  1.460074E-02 -7.161734E-04  4.027744E-20 -4.859946E-02  0.000000E+00
  1.642044E+00 -1.327610E-01  5.000000E-01  3.487219E-01 -2.840215E-02  0.000000E+00  1.464595E-02 -6.943190E-04 -2.860329E-19 -5.728480E-02  0.000000E+00
  1.675286E+00 -1.343110E-01  5.000000E-01  3.557816E-01 -2.873132E-02  0.000000E+00  1.469397E-02 -6.708765E-04 -6.085504E-19 -6.620790E-02  0.000000E+00
  1.708526E+00 -1.358008E-01  5.000000E-01  3.628410E-01 -2.904773E-02  0.000000E+00  1.474287E-02 -6.456021E-04 -4.480879E-19 -7.525890E-02  0.000000E+00
  1.741762E+00 -1.372266E-01  5.000000E-01  3.698996E-01 -2.935053E-02  0.000000E+00  1.479067E-02 -6.181574E-04 -5.940816E-19 -8.435954E-02  0.000000E+00
  1.774995E+00 -1.385833E-01  5.000000E-01  3.769573E-01 -2.963867E-02  0.000000E+00  1.483596E-02 -5.886010E-04 -4.408063E-19 -9.341536E-02  0.000000E+00
  1.808227E+00 -1.398680E-01  5.000000E-01  3.840150E-01 -2.991150E-02  0.000000E+00  1.487761E-02 -5.569940E-04 -3.785009E-19 -1.023536E-01  0.000000E+00
  1.841453E+00 -1.410760E-01  5.000000E-01  3.910714E-01 -3.016806E-02  0.000000E+00  1.491429E-02 -5.231440E-04 -3.942373E-19 -1.111383E-01  0.000000E+00
  1.874678E+00 -1.422035E-01  5.000000E-01  3.981276E-01 -3.040750E-02  0.000000E+00  1.494481E-02 -4.871183E-04  2.894133E-19 -1.196967E-01  0.000000E+00
  1.907900E+00 -1.432464E-01  5.000000E-01  4.051830E-01 -3.062899E-02  0.000000E+00  1.496777E-02 -4.489014E-04  8.211928E-19 -1.279524E-01  0.000000E+00
  1.941118E+00 -1.442007E-01  5.000000E-01  4.122377E-01 -3.083165E-02  0.000000E+00  1.498137E-02 -4.084631E-04  5.300972E-19 -1.358209E-01  0.000000E+00
  1.974334E+00 -1.450622E-01  5.000000E-01  4.192920E-01 -3.101462E-02  0.000000E+00  1.498359E-02 -3.660305E-04  2.135217E-19 -1.431837E-01  0.000000E+00
  2.007549E+00 -1.458280E-01  5.000000E-01  4.263460E-01 -3.117725E-02  0.000000E+00  1.497173E-02 -3.216808E-04  2.553232E-19 -1.499308E-01  0.000000E+00
  2.040760E+00 -1.464939E-01  5.000000E-01  4.333993E-01 -3.131868E-02  0.000000E+00  1.494268E-02 -2.753535E-04  1.380529E-19 -1.559531E-01  0.000000E+00
  2.073970E+00 -1.470563E-01  5.000000E-01  4.404522E-01 -3.143811E-02  0.000000E+00  1.489433E-02 -2.273692E-04 -9.215261E-20 -1.610961E-01  0.000000E+00
  2.107177E+00 -1.475120E-01  5.000000E-01  4.475046E-01 -3.153490E-02  0.000000E+00  1.482676E-02 -1.785862E-04 -1.801564E-19 -1.651904E-01  0.000000E+00
  2.140379E+00 -1.478601E-01  5.000000E-01  4.545558E-01 -3.160883E-02  0.000000E+00  1.474294E-02 -1.306382E-04 -1.000395E-19 -1.680802E-01  0.000000E+00
  2.173577E+00 -1.481043E-01  5.000000E-01  4.616063E-01 -3.166069E-02  0.000000E+00  1.464657E-02 -8.455564E-05 -1.458300E-19 -1.697889E-01  0.000000E+00
  2.206768E+00 -1.482475E-01  5.000000E-01  4.686553E-01 -3.169109E-02  0.000000E+00  1.454029E-02 -4.042259E-05 -1.259682E-19 -1.705019E-01  0.000000E+00
  2.239954E+00 -1.482929E-01  5.000000E-01  4.757033E-01 -3.170075E-02  0.000000E+00  1.442578E-02  1.747826E-06 -4.116395E-20 -1.703876E-01  0.000000E+00
  2.273134E+00 -1.482434E-01  5.000000E-01  4.827499E-01 -3.169024E-02  0.000000E+00  1.430373E-02  4.193711E-05  3.238697E-20 -1.695449E-01  0.000000E+00
  2.306309E+00 -1.481023E-01  5.000000E-01  4.897953E-01 -3.166026E-02  0.000000E+00  1.417417E-02  8.013357E-05  3.962322E-20 -1.680107E-01  0.000000E+00
  2.339476E+00 -1.478723E-01  5.000000E-01  4.968392E-01 -3.161141E-02  0.000000E+00  1.403709E-02  1.164204E-04 -4.936531E-20 -1.658107E-01  0.000000E+00
  2.372638E+00 -1.475559E-01  5.000000E-01  5.038821E-01 -3.154422E-02  0.000000E+00  1.389411E-02  1.502601E-04 -4.870478E-20 -1.629246E-01  0.000000E+00
  2.405805E+00 -1.471585E-01  5.000000E-01  5.109259E-01 -3.145982E-02  0.000000E+00  1.374878E-02  1.807847E-04  2.210215E-20 -1.593588E-01  0.000000E+00
  2.438976E+00 -1.466873E-01  5.000000E-01  5.179706E-01 -3.135975E-02  0.000000E+00  1.360491E-02  2.078281E-04 -1.116395E-19 -1.552753E-01  0.000000E+00
  2.472150E+00 -1.461488E-01  5.000000E-01  5.250160E-01 -3.124539E-02  0.000000E+00  1.346617E-02  2.315746E-04 -2.214705E-19 -1.509061E-01  0.000000E+00
  2.505329E+00 -1.455500E-01  5.000000E-01  5.320624E-01 -3.111821E-02  0.000000E+00  1.333652E-02  2.521168E-04 -4.017810E-19 -1.464492E-01  0.000000E+00
  2.538512E+00 -1.448981E-01  5.000000E-01  5.391097E-01 -3.097977E-02  0.000000E+00  1.321970E-02  2.697081E-04 -4.477387E-19 -1.420899E-01  0.000000E+00
  2.571700E+00 -1.441997E-01  5.000000E-01  5.461580E-01 -3.083144E-02  0.000000E+00  1.311918E-02  2.844418E-04 -2.496434E-19 -1.379760E-01  0.000000E+00
  2.604894E+00 -1.434626E-01  5.000000E-01  5.532074E-01 -3.067490E-02  0.000000E+00  1.303694E-02  2.966035E-04 -2.353777E-20 -1.342561E-01  0.000000E+00
  2.638090E+00 -1.426932E-01  5.000000E-01  5.602575E-01 -3.051150E-02  0.000000E+00  1.297192E-02  3.073625E-04 -1.130708E-20 -1.311254E-01  0.000000E+00
  2.671292E+00 -1.418935E-01  5.000000E-01  5.673087E-01 -3.034166E-02  0.000000E+00  1.292051E-02  3.181312E-04 -1.984777E-19 -1.287001E-01  0.000000E+00
  2.704497E+00 -1.410621E-01  5.000000E-01  5.743608E-01 -3.016509E-02  0.000000E+00  1.287893E-02  3.295020E-04 -1.151806E-19 -1.268885E-01  0.000000E+00
  2.737708E+00 -1.401980E-01  5.000000E-01  5.814140E-01 -2.998158E-02  0.000000E+00  1.284429E-02  3.414887E-04  6.202051E-20 -1.254937E-01  0.000000E+00
  2.770923E+00 -1.392998E-01  5.000000E-01  5.884680E-01 -2.979082E-02  0.000000E+00  1.281443E-02  3.541002E-04 -2.042841E-19 -1.243675E-01  0.000000E+00
  2.804143E+00 -1.383660E-01  5.000000E-01  5.955231E-01 -2.959250E-02  0.000000E+00  1.278799E-02  3.672526E-04 -1.863273E-19 -1.234203E-01  0.000000E+00
  2.837367E+00 -1.373954E-01  5.000000E-01  6.025790E-01 -2.938638E-02  0.000000E+00  1.276387E-02  3.809756E-04  2.837050E-19 -1.226193E-01  0.000000E+00
  2.870594E+00 -1.363863E-01  5.000000E-01  6.096357E-01 -2.917208E-02  0.000000E+00  1.274086E-02  3.953965E-04 -3.091053E-20 -1.219474E-01  0.000000E+00
  2.903823E+00 -1.353369E-01  5.000000E-01  6.166926E-01 -2.894921E-02  0.000000E+00  1.271725E-02  4.108305E-04  8.664625E-20 -1.213904E-01  0.000000E+00
  2.937051E+00 -1.342433E-01  5.000000E-01  6.237496E-01 -2.871694E-02  0.000000E+00  1.269148E-02  4.272823E-04 -2.302500E-19 -1.208712E-01  0.000000E+00
  2.970283E+00 -1.331031E-01  5.000000E-01  6.308072E-01 -2.847481E-02  0.000000E+00  1.266230E-02  4.445733E-04 -7.014013E-19 -1.202840E-01  0.000000E+00
  3.003515E+00 -1.319135E-01  5.000000E-01  6.378649E-01 -2.822216E-02  0.000000E+00  1.262832E-02  4.627069E-04 -5.433060E-19 -1.195599E-01  0.000000E+00
  3.036751E+00 -1.306714E-01  5.000000E-01  6.449232E-01 -2.795837E-02  0.000000E+00  1.258825E-02  4.814873E-04 -6.990760E-19 -1.186234E-01  0.000000E+00
  3.069988E+00 -1.293747E-01  5.000000E-01  6.519820E-01 -2.768299E-02  0.000000E+00  1.254051E-02  5.009271E-04 -4.733363E-19 -1.174368E-01  0.000000E+00
  3.103226E+00 -1.280197E-01  5.000000E-01  6.590410E-01 -2.739522E-02  0.000000E+00  1.248397E-02  5.208246E-04 -2.774683E-19 -1.159254E-01  0.000000E+00
  3.136469E+00 -1.266048E-01  5.000000E-01  6.661010E-01 -2.709472E-02  0.000000E+00  1.241819E-02  5.409687E-04 -1.482698E-19 -1.140218E-01  0.000000E+00
  3.169712E+00 -1.251270E-01  5.000000E-01  6.731611E-01 -2.678087E-02  0.000000E+00  1.234379E-02  5.609032E-04 -1.269023E-19 -1.116740E-01  0.000000E+00
  3.202960E+00 -1.235868E-01  5.000000E-01  6.802220E-01 -2.645378E-02  0.000000E+00  1.226268E-02  5.799527E-04 -1.038812E-19 -1.088428E-01  0.000000E+00
  3.236210E+00 -1.219855E-01  5.000000E-01  6.872835E-01 -2.611369E-02  0.000000E+00  1.217697E-02  5.978869E-04 -1.239266E-19 -1.055802E-01  0.000000E+00
  3.269464E+00 -1.203249E-01  5.000000E-01  6.943459E-01 -2.576104E-02  0.000000E+00  1.208841E-02  6.147229E-04 -6.076174E-19 -1.019922E-01  0.000000E+00
  3.302721E+00 -1.186068E-01  5.000000E-01  7.014089E-01 -2.539614E-02  0.000000E+00  1.199808E-02  6.306857E-04 -7.552514E-19 -9.819912E-02  0.000000E+00
  3.335981E+00 -1.168320E-01  5.000000E-01  7.084724E-01 -2.501921E-02  0.000000E+00  1.190721E-02  6.457645E-04  5.227859E-20 -9.425046E-02  0.000000E+00
  3.369247E+00 -1.150022E-01  5.000000E-01  7.155373E-01 -2.463061E-02  0.000000E+00  1.181755E-02  6.597914E-04  4.264014E-19 -9.013847E-02  0.000000E+00
  3.402518E+00 -1.131205E-01  5.000000E-01  7.226033E-01 -2.423099E-02  0.000000E+00  1.173026E-02  6.729902E-04 -2.745997E-19 -8.593987E-02  0.000000E+00
  3.435792E+00 -1.111878E-01  5.000000E-01  7.296699E-01 -2.382052E-02  0.000000E+00  1.164616E-02  6.855458E-04 -1.883792E-19 -8.174345E-02  0.000000E+00
  3.469073E+00 -1.092061E-01  5.000000E-01  7.367379E-01 -2.339967E-02  0.000000E+00  1.156625E-02  6.975580E-04  1.336263E-18 -7.759107E-02  0.000000E+00
  3.502353E+00 -1.071769E-01  5.000000E-01  7.438057E-01 -2.296871E-02  0.000000E+00  1.149157E-02  7.092210E-04  1.724513E-18 -7.353388E-02  0.000000E+00
  3.535630E+00 -1.051018E-01  5.000000E-01  7.508729E-01 -2.252801E-02  0.000000E+00  1.142351E-02  7.206854E-04  1.135466E-18 -6.962036E-02  0.000000E+00
  3.568904E+00 -1.029817E-01  5.000000E-01  7.579395E-01 -2.207776E-02  0.000000E+00  1.136388E-02  7.324714E-04  9.439502E-19 -6.592532E-02  0.000000E+00
  3.602176E+00 -1.008158E-01  5.000000E-01  7.650057E-01 -2.161778E-02  0.000000E+00  1.131522E-02  7.451650E-04  8.058408E-19 -6.250517E-02  0.000000E+00
  3.635446E+00 -9.860300E-02  5.000000E-01  7.720714E-01 -2.114783E-02  0.000000E+00  1.127985E-02  7.591287E-04 -4.640035E-20 -5.940939E-02  0.000000E+00
  3.668713E+00 -9.634131E-02  5.000000E-01  7.791365E-01 -2.066750E-02  0.000000E+00  1.125796E-02  7.743047E-04  3.909750E-19 -5.663470E-02  0.000000E+00
  3.701976E+00 -9.403031E-02  5.000000E-01  7.862009E-01 -2.017670E-02  0.000000E+00  1.124363E-02  7.915015E-04  8.262026E-19 -5.417952E-02  0.000000E+00
  3.735241E+00 -9.166211E-02  5.000000E-01  7.932655E-01 -1.967375E-02  0.000000E+00  1.122044E-02  8.141878E-04  6.858586E-20 -5.219753E-02  0.000000E+00
  3.768500E+00 -8.920757E-02  5.000000E-01  8.003289E-01 -1.915247E-02  0.000000E+00  1.116757E-02  8.446286E-04  1.060080E-18 -5.036683E-02  0.000000E+00
  3.801751E+00 -8.663496E-02  5.000000E-01  8.073904E-01 -1.860611E-02  0.000000E+00  1.106960E-02  8.807122E-04  1.473163E-18 -4.762870E-02  0.000000E+00
  3.834989E+00 -8.391939E-02  5.000000E-01  8.144495E-01 -1.802939E-02  0.000000E+00  1.091948E-02  9.180950E-04 -1.055367E-19 -4.290855E-02  0.000000E+00
  3.868211E+00 -8.104838E-02  5.000000E-01  8.215050E-01 -1.741966E-02  0.000000E+00  1.071691E-02  9.531162E-04 -4.238740E-19 -3.570287E-02  0.000000E+00
  3.901422E+00 -7.801239E-02  5.000000E-01  8.285582E-01 -1.677489E-02  0.000000E+00  1.046673E-02  9.833428E-04 -7.939343E-20 -2.602257E-02  0.000000E+00
  3.934617E+00 -7.481051E-02  5.000000E-01  8.356080E-01 -1.609489E-02  0.000000E+00  1.017747E-02  1.006908E-03 -2.006871E-19 -1.408016E-02  0.000000E+00
  3.967800E+00 -7.144606E-02  5.000000E-01  8.426552E-01 -1.538036E-02  0.000000E+00  9.858054E-03  1.022853E-03  3.282642E-19 -2.200489E-04  0.000000E+00
  4.000972E+00 -6.792613E-02  5.000000E-01  8.497001E-01 -1.463281E-02  0.000000E+00  9.515567E-03  1.030946E-03  4.143000E-19  1.523822E-02  0.000000E+00
  4.034139E+00 -6.425910E-02  5.000000E-01  8.567440E-01 -1.385403E-02  0.000000E+00  9.153035E-03  1.031964E-03  8.843043E-19  3.198380E-02  0.000000E+00
  4.067311E+00 -6.044697E-02  5.000000E-01  8.637890E-01 -1.304442E-02  0.000000E+00  8.769296E-03  1.026550E-03  3.426294E-20  4.981860E-02  0.000000E+00
  4.100488E+00 -5.649181E-02  5.000000E-01  8.708348E-01 -1.220445E-02  0.000000E+00  8.360932E-03  1.014115E-03  5.043297E-19  6.878801E-02  0.000000E+00
  4.133669E+00 -5.239734E-02  5.000000E-01  8.778818E-01 -1.133488E-02  0.000000E+00  7.923201E-03  9.937503E-04  8.043660E-19  8.897293E-02  0.000000E+00
  4.166856E+00 -4.816610E-02  5.000000E-01  8.849299E-01 -1.043627E-02  0.000000E+00  7.452402E-03  9.647080E-04 -3.801217E-19  1.104228E-01  0.000000E+00
  4.200049E+00 -4.380254E-02  5.000000E-01  8.919793E-01 -9.509557E-03  0.000000E+00  6.949174E-03  9.267264E-04  1.305894E-18  1.331066E-01  0.000000E+00
  4.233242E+00 -3.931055E-02  5.000000E-01  8.990286E-01 -8.555568E-03  0.000000E+00  6.422490E-03  8.792575E-04 -8.695914E-19  1.569872E-01  0.000000E+00
  4.266405E+00 -3.471510E-02  5.000000E-01  9.060715E-01 -7.579609E-03  0.000000E+00  5.891785E-03  8.209503E-04 -4.703963E-18  1.820174E-01  0.000000E+00
  4.299502E+00 -3.007569E-02  5.000000E-01  9.131007E-01 -6.594311E-03  0.000000E+00  5.383272E-03  7.520985E-04 -3.211486E-18  2.077796E-01  0.000000E+00
  4.332522E+00 -2.548052E-02  5.000000E-01  9.201132E-01 -5.618409E-03  0.000000E+00  4.921971E-03  6.767150E-04 -5.329003E-19  2.331483E-01  0.000000E+00
  4.365472E+00 -2.101403E-02  5.000000E-01  9.271110E-01 -4.669838E-03  0.000000E+00  4.527184E-03  6.001835E-04 -5.762669E-19  2.568246E-01  0.000000E+00
  4.398350E+00 -1.676444E-02  5.000000E-01  9.340935E-01 -3.767328E-03  0.000000E+00  4.213831E-03  5.262281E-04 -8.021610E-19  2.780863E-01  0.000000E+00
  4.431155E+00 -1.282169E-02  5.000000E-01  9.410605E-01 -2.929987E-03  0.000000E+00  3.993767E-03  4.563337E-04 -3.734255E-19  2.966967E-01  0.000000E+00
  4.463888E+00 -9.285546E-03  5.000000E-01  9.480121E-01 -2.178995E-03  0.000000E+00  3.872880E-03  3.904192E-04 -6.855745E-19  3.123351E-01  0.000000E+00
  4.496579E+00 -6.232714E-03  5.000000E-01  9.549550E-01 -1.530649E-03  0.000000E+00  3.845246E-03  3.273706E-04 -7.243279E-19  3.247361E-01  0.000000E+00
  4.529252E+00 -3.716775E-03  5.000000E-01  9.618938E-01 -9.963253E-04  0.000000E+00  3.884064E-03  2.656987E-04 -3.774837E-19  3.339208E-01  0.000000E+00
  4.561929E+00 -1.760868E-03  5.000000E-01  9.688337E-01 -5.809388E-04  0.000000E+00  3.927318E-03  2.017316E-04 -2.731377E-19  3.388536E-01  0.000000E+00
  4.594574E+00 -3.899273E-04  5.000000E-01  9.757666E-01 -2.897847E-04  0.000000E+00  3.885315E-03  1.259968E-04 -4.377923E-19  3.390481E-01  0.000000E+00
  4.627203E+00  3.748675E-04  5.000000E-01  9.826962E-01 -1.273611E-04  0.000000E+00  3.711573E-03  4.194716E-05 -3.036317E-19  3.426552E-01  0.000000E+00
  4.659162E+00  5.142370E-04  5.000000E-01  9.894836E-01 -9.776241E-05  0.000000E+00  3.426810E-03 -8.726358E-06  1.006208E-18  3.493776E-01  0.000000E+00
  4.689251E+00  7.554702E-05  5.000000E-01  9.958737E-01 -1.909294E-04  0.000000E+00  2.941133E-03 -3.694219E-05  5.861561E-18  2.980934E-01  0.000000E+00
  4.708680E+00 -5.089795E-04  5.000000E-01  1.000000E+00 -3.150684E-04  0.000000E+00  2.282207E-03 -1.522073E-04  6.065016E-18  1.675190E-01  0.000000E+00
    1    2
    2    3
    3    4
    4    5
    5    6
    6    7
    7    8
    8    9
    9   10
   10   11
   11   12
   12   13
   13   14
   14   15
   15   16
   16   17
   17   18
   18   19
   19   20
   20   21
   21   22
   22   23
   23   24
   24   25
   25   26
   26   27
   27   28
   28   29
   29   30
   30   31
   31   32
   32   33
   33   34
   34   35
   35   36
   36   37
   37   38
   38   39
   39   40
   40   41
   41   42
   42   43
   43   44
   44   45
   45   46
   46   47
   47   48
   48   49
   49   50
   50   51
   51   52
   52   53
   53   54
   54   55
   55   56
   56   57
   57   58
   58   59
   59   60
   60   61
   61   62
   62   63
   63   64
   64   65
   65   66
   66   67
   67   68
   68   69
   69   70
   70   71
   71   72
   72   73
   73   74
   74   75
   75   76
   76   77
   77   78
   78   79
   79   80
   80   81
   81   82
   82   83
   83   84
   84   85
   85   86
   86   87
   87   88
   88   89
   89   90
   90   91
   91   92
   92   93
   93   94
   94   95
   95   96
   96   97
   97   98
   98   99
   99  100
  100  101
  101  102
  102  103
  103  104
  104  105
  105  106
  106  107
  107  108
  108  109
  109  110
  110  111
  111  112
  112  113
  113  114
  114  115
  115  116
  116  117
  117  118
  118  119
  119  120
  120  121
  121  122
  122  123
  123  124
  124  125
  125  126
  126  127
  127  128
  128  129
  129  130
  130  131
  131  132
  132  133
  133  134
  134  135
  135  136
  136  137
  137  138
  138  139
  139  140
  140  141
  141  142
  142  143
  143  144
  144  145
  145  146
  146  147
  147  148
  148  149
  149  150
  151  152
  152  153
  153  154
  154  155
  155  156
  156  157
  157  158
  158  159
  159  160
  160  161
  161  162
  162  163
  163  164
  164  165
  165  166
  166  167
  167  168
  168  169
  169  170
  170  171
  171  172
  172  173
  173  174
  174  175
  175  176
  176  177
  177  178
  178  179
  179  180
  180  181
  181  182
  182  183
  183  184
  184  185
  185  186
  186  187
  187  188
  188  189
  189  190
  190  191
  191  192
  192  193
  193  194
  194  195
  195  196
  196  197
  197  198
  198  199
  199  200
  200  201
  201  202
  202  203
  203  204
  204  205
  205  206
  206  207
  207  208
  208  209
  209  210
  210  211
  211  212
  212  213
  213  214
  214  215
  215  216
  216  217
  217  218
  218  219
  219  220
  220  221
  221  222
  222  223
  223  224
  224  225
  225  226
  226  227
  227  228
  228  229
  229  230
  230  231
  231  232
  232  233
  233  234
  234  235
  235  236
  236  237
  237  238
  238  239
  239  240
  240  241
  241  242
  242  243
  243  244
  244  245
  245  246
  246  247
  247  248
  248  249
  249  250
  250  251
  251  252
  252  253
  253  254
  254  255
  255  256
  256  257
  257  258
  258  259
  259  260
  260  261
  261  262
  262  263
  263  264
  264  265
  265  266
  266  267
  267  268
  268  269
  269  270
  270  271
  271  272
  272  273
  273  274
  274  275
  275  276
  276  277
  277  278
  278  279
  279  280
  280  281
  281  282
  282  283
  283  284
  284  285
  285  286
  286  287
  287  288
  288  289
  289  290
  290  291
  291  292
  292  293
  293  294
  294  295
  295  296
  296  297
  297  298
  298  299
  299  300
