 Title = "ADflow Slice Data"
Variables =  "CoordinateX"  "CoordinateY"  "CoordinateZ"  "XoC"  "YoC"  "ZoC" "VelocityX" "VelocityY" "VelocityZ" "CoefPressure" "Mach" 
Zone T= "Slice_0001 None Absolute Regular z = 0.50000000"
 Nodes =          300  Elements=          298  ZONETYPE=FELINESEG
 DATAPACKING=POINT
  4.708680E+00 -6.198143E-04  5.000000E-01  1.000000E+00 -3.056344E-04  0.000000E+00  1.294007E-03 -2.006760E-05  4.264479E-18  1.170109E-01  0.000000E+00
  4.689187E+00  2.749951E-03  5.000000E-01  9.958601E-01  4.100209E-04  0.000000E+00  7.624664E-04 -9.347621E-05  1.033986E-18  3.881794E-02  0.000000E+00
  4.658673E+00  8.109154E-03  5.000000E-01  9.893797E-01  1.548184E-03  0.000000E+00  3.759232E-04 -8.648037E-05  8.995966E-20  5.604982E-02  0.000000E+00
  4.626256E+00  1.388135E-02  5.000000E-01  9.824952E-01  2.774056E-03  0.000000E+00  7.777753E-05 -1.652614E-05 -9.259639E-21  4.943877E-02  0.000000E+00
  4.593146E+00  1.982728E-02  5.000000E-01  9.754635E-01  4.036827E-03  0.000000E+00 -1.179670E-04  2.695751E-05 -1.272108E-18  2.802273E-02  0.000000E+00
  4.560031E+00  2.579805E-02  5.000000E-01  9.684306E-01  5.304871E-03  0.000000E+00 -2.161900E-04  3.950178E-05 -1.100214E-19  1.322962E-02  0.000000E+00
  4.526891E+00  3.177567E-02  5.000000E-01  9.613923E-01  6.574370E-03  0.000000E+00 -2.541109E-04  4.434241E-05  1.668777E-18  1.613507E-03  0.000000E+00
  4.493752E+00  3.773698E-02  5.000000E-01  9.543545E-01  7.840406E-03  0.000000E+00 -2.558317E-04  4.572850E-05 -8.596191E-19 -1.240275E-02  0.000000E+00
  4.460612E+00  4.366378E-02  5.000000E-01  9.473164E-01  9.099112E-03  0.000000E+00 -2.337961E-04  4.198225E-05 -1.830266E-18 -2.848666E-02  0.000000E+00
  4.427470E+00  4.954116E-02  5.000000E-01  9.402779E-01  1.034732E-02  0.000000E+00 -2.028024E-04  3.593840E-05 -9.427048E-20 -4.563724E-02  0.000000E+00
  4.394325E+00  5.535001E-02  5.000000E-01  9.332387E-01  1.158098E-02  0.000000E+00 -1.787279E-04  3.096800E-05 -7.008202E-19 -6.418740E-02  0.000000E+00
  4.361178E+00  6.107530E-02  5.000000E-01  9.261991E-01  1.279689E-02  0.000000E+00 -1.716837E-04  2.876312E-05 -1.730478E-18 -8.515915E-02  0.000000E+00
  4.328027E+00  6.670052E-02  5.000000E-01  9.191586E-01  1.399155E-02  0.000000E+00 -1.834132E-04  3.034150E-05 -7.209322E-19 -1.090577E-01  0.000000E+00
  4.294876E+00  7.220792E-02  5.000000E-01  9.121181E-01  1.516119E-02  0.000000E+00 -2.134037E-04  3.629271E-05  1.699991E-18 -1.339900E-01  0.000000E+00
  4.261727E+00  7.758286E-02  5.000000E-01  9.050782E-01  1.630269E-02  0.000000E+00 -2.658717E-04  4.553178E-05  1.362660E-18 -1.564161E-01  0.000000E+00
  4.228582E+00  8.281156E-02  5.000000E-01  8.980388E-01  1.741314E-02  0.000000E+00 -3.308403E-04  5.331443E-05  4.441544E-19 -1.776949E-01  0.000000E+00
  4.195443E+00  8.787750E-02  5.000000E-01  8.910010E-01  1.848902E-02  0.000000E+00 -3.243191E-04  4.600367E-05  7.495150E-19 -2.109499E-01  0.000000E+00
  4.162308E+00  9.276344E-02  5.000000E-01  8.839639E-01  1.952667E-02  0.000000E+00 -1.352464E-05 -5.029791E-06 -2.705330E-19 -2.780637E-01  0.000000E+00
  4.129179E+00  9.745517E-02  5.000000E-01  8.769281E-01  2.052308E-02  0.000000E+00  1.013254E-03 -1.452222E-04 -8.556982E-19 -3.929941E-01  0.000000E+00
  4.096054E+00  1.019364E-01  5.000000E-01  8.698932E-01  2.147479E-02  0.000000E+00  3.247514E-03 -4.239816E-04 -3.609092E-18 -5.442031E-01  0.000000E+00
  4.062934E+00  1.061938E-01  5.000000E-01  8.628593E-01  2.237896E-02  0.000000E+00  6.901146E-03 -8.466159E-04 -1.029703E-17 -6.954064E-01  0.000000E+00
  4.029817E+00  1.102136E-01  5.000000E-01  8.558262E-01  2.323267E-02  0.000000E+00  1.143118E-02 -1.325287E-03 -1.867614E-17 -8.076084E-01  0.000000E+00
  3.996705E+00  1.139837E-01  5.000000E-01  8.487940E-01  2.403334E-02  0.000000E+00  1.554935E-02 -1.698652E-03 -2.729426E-17 -8.636606E-01  0.000000E+00
  3.963594E+00  1.174954E-01  5.000000E-01  8.417620E-01  2.477913E-02  0.000000E+00  1.811205E-02 -1.848243E-03 -3.149028E-17 -8.727502E-01  0.000000E+00
  3.930486E+00  1.207427E-01  5.000000E-01  8.347306E-01  2.546878E-02  0.000000E+00  1.895898E-02 -1.787483E-03 -2.876841E-17 -8.551965E-01  0.000000E+00
  3.897377E+00  1.237220E-01  5.000000E-01  8.276991E-01  2.610150E-02  0.000000E+00  1.871618E-02 -1.613892E-03 -2.047679E-17 -8.272989E-01  0.000000E+00
  3.864269E+00  1.264357E-01  5.000000E-01  8.206677E-01  2.667784E-02  0.000000E+00  1.810306E-02 -1.415891E-03 -9.887625E-18 -7.973059E-01  0.000000E+00
  3.831161E+00  1.288883E-01  5.000000E-01  8.136366E-01  2.719871E-02  0.000000E+00  1.753386E-02 -1.235388E-03 -2.358583E-18 -7.682575E-01  0.000000E+00
  3.798054E+00  1.310920E-01  5.000000E-01  8.066053E-01  2.766671E-02  0.000000E+00  1.712367E-02 -1.081715E-03  8.614101E-19 -7.410895E-01  0.000000E+00
  3.764948E+00  1.330641E-01  5.000000E-01  7.995744E-01  2.808554E-02  0.000000E+00  1.684081E-02 -9.524419E-04 -1.286095E-19 -7.161978E-01  0.000000E+00
  3.731842E+00  1.348297E-01  5.000000E-01  7.925435E-01  2.846051E-02  0.000000E+00  1.662363E-02 -8.449883E-04 -4.029559E-18 -6.940126E-01  0.000000E+00
  3.698737E+00  1.364225E-01  5.000000E-01  7.855130E-01  2.879878E-02  0.000000E+00  1.643552E-02 -7.557670E-04 -6.683401E-18 -6.745488E-01  0.000000E+00
  3.665634E+00  1.378684E-01  5.000000E-01  7.784827E-01  2.910586E-02  0.000000E+00  1.626937E-02 -6.773009E-04 -6.688285E-18 -6.570144E-01  0.000000E+00
  3.632534E+00  1.391737E-01  5.000000E-01  7.714529E-01  2.938308E-02  0.000000E+00  1.612365E-02 -6.036491E-04 -4.491256E-18 -6.405254E-01  0.000000E+00
  3.599434E+00  1.403418E-01  5.000000E-01  7.644234E-01  2.963115E-02  0.000000E+00  1.599030E-02 -5.334031E-04 -1.479959E-18 -6.246089E-01  0.000000E+00
  3.566334E+00  1.413770E-01  5.000000E-01  7.573938E-01  2.985099E-02  0.000000E+00  1.586012E-02 -4.661906E-04  1.498254E-18 -6.089792E-01  0.000000E+00
  3.533236E+00  1.422827E-01  5.000000E-01  7.503646E-01  3.004335E-02  0.000000E+00  1.572610E-02 -4.015094E-04  3.956852E-18 -5.934775E-01  0.000000E+00
  3.500138E+00  1.430620E-01  5.000000E-01  7.433353E-01  3.020885E-02  0.000000E+00  1.558379E-02 -3.395035E-04  5.714302E-18 -5.781090E-01  0.000000E+00
  3.467038E+00  1.437197E-01  5.000000E-01  7.363057E-01  3.034854E-02  0.000000E+00  1.543198E-02 -2.805864E-04  7.003770E-18 -5.629408E-01  0.000000E+00
  3.433936E+00  1.442606E-01  5.000000E-01  7.292757E-01  3.046341E-02  0.000000E+00  1.527196E-02 -2.248226E-04  7.289672E-18 -5.480238E-01  0.000000E+00
  3.400832E+00  1.446893E-01  5.000000E-01  7.222453E-01  3.055445E-02  0.000000E+00  1.510548E-02 -1.723229E-04  6.466045E-18 -5.334233E-01  0.000000E+00
  3.367728E+00  1.450109E-01  5.000000E-01  7.152146E-01  3.062275E-02  0.000000E+00  1.493429E-02 -1.231429E-04  5.191351E-18 -5.191944E-01  0.000000E+00
  3.334620E+00  1.452303E-01  5.000000E-01  7.081834E-01  3.066935E-02  0.000000E+00  1.475992E-02 -7.731395E-05  3.693364E-18 -5.053861E-01  0.000000E+00
  3.301512E+00  1.453529E-01  5.000000E-01  7.011520E-01  3.069537E-02  0.000000E+00  1.458357E-02 -3.491861E-05  2.468272E-18 -4.920761E-01  0.000000E+00
  3.268401E+00  1.453840E-01  5.000000E-01  6.941201E-01  3.070200E-02  0.000000E+00  1.440679E-02  4.063699E-06  1.756530E-18 -4.793441E-01  0.000000E+00
  3.235290E+00  1.453295E-01  5.000000E-01  6.870881E-01  3.069041E-02  0.000000E+00  1.423163E-02  3.970893E-05  1.304044E-18 -4.672654E-01  0.000000E+00
  3.202177E+00  1.451946E-01  5.000000E-01  6.800557E-01  3.066176E-02  0.000000E+00  1.406012E-02  7.198284E-05  1.024049E-18 -4.559501E-01  0.000000E+00
  3.169063E+00  1.449857E-01  5.000000E-01  6.730231E-01  3.061740E-02  0.000000E+00  1.389432E-02  1.009413E-04  7.881008E-19 -4.455060E-01  0.000000E+00
  3.135947E+00  1.447088E-01  5.000000E-01  6.659902E-01  3.055858E-02  0.000000E+00  1.373639E-02  1.270697E-04  4.973252E-19 -4.359551E-01  0.000000E+00
  3.102831E+00  1.443686E-01  5.000000E-01  6.589571E-01  3.048634E-02  0.000000E+00  1.358794E-02  1.513963E-04  3.033010E-19 -4.271867E-01  0.000000E+00
  3.069714E+00  1.439665E-01  5.000000E-01  6.519238E-01  3.040095E-02  0.000000E+00  1.344869E-02  1.747142E-04  2.810264E-19 -4.190558E-01  0.000000E+00
  3.036593E+00  1.435038E-01  5.000000E-01  6.448898E-01  3.030268E-02  0.000000E+00  1.331650E-02  1.971602E-04  2.096293E-19 -4.114598E-01  0.000000E+00
  3.003475E+00  1.429817E-01  5.000000E-01  6.378564E-01  3.019180E-02  0.000000E+00  1.318892E-02  2.189090E-04  3.828828E-19 -4.042969E-01  0.000000E+00
  2.970356E+00  1.424003E-01  5.000000E-01  6.308226E-01  3.006832E-02  0.000000E+00  1.306351E-02  2.398643E-04  6.206742E-19 -3.975290E-01  0.000000E+00
  2.937236E+00  1.417613E-01  5.000000E-01  6.237888E-01  2.993262E-02  0.000000E+00  1.293867E-02  2.598947E-04  5.801794E-19 -3.911499E-01  0.000000E+00
  2.904117E+00  1.410657E-01  5.000000E-01  6.167550E-01  2.978488E-02  0.000000E+00  1.281388E-02  2.790774E-04  5.838463E-19 -3.851466E-01  0.000000E+00
  2.870996E+00  1.403146E-01  5.000000E-01  6.097211E-01  2.962537E-02  0.000000E+00  1.268904E-02  2.973859E-04  5.984486E-19 -3.795298E-01  0.000000E+00
  2.837877E+00  1.395093E-01  5.000000E-01  6.026873E-01  2.945434E-02  0.000000E+00  1.256434E-02  3.148782E-04  5.196337E-19 -3.743105E-01  0.000000E+00
  2.804757E+00  1.386505E-01  5.000000E-01  5.956535E-01  2.927197E-02  0.000000E+00  1.243989E-02  3.315769E-04  3.465741E-19 -3.695065E-01  0.000000E+00
  2.771639E+00  1.377398E-01  5.000000E-01  5.886200E-01  2.907855E-02  0.000000E+00  1.231564E-02  3.476088E-04 -3.148081E-20 -3.651149E-01  0.000000E+00
  2.738522E+00  1.367771E-01  5.000000E-01  5.815867E-01  2.887410E-02  0.000000E+00  1.219079E-02  3.629970E-04 -8.543207E-19 -3.611342E-01  0.000000E+00
  2.705406E+00  1.357636E-01  5.000000E-01  5.745537E-01  2.865885E-02  0.000000E+00  1.206369E-02  3.776967E-04 -1.071573E-18 -3.575374E-01  0.000000E+00
  2.672292E+00  1.346996E-01  5.000000E-01  5.675211E-01  2.843289E-02  0.000000E+00  1.193187E-02  3.917331E-04 -7.863881E-19 -3.542156E-01  0.000000E+00
  2.639177E+00  1.335856E-01  5.000000E-01  5.604885E-01  2.819629E-02  0.000000E+00  1.179169E-02  4.049603E-04 -5.230824E-19 -3.510136E-01  0.000000E+00
  2.606068E+00  1.324218E-01  5.000000E-01  5.534568E-01  2.794914E-02  0.000000E+00  1.163845E-02  4.166422E-04 -1.394546E-20 -3.478304E-01  0.000000E+00
  2.572958E+00  1.312113E-01  5.000000E-01  5.464251E-01  2.769206E-02  0.000000E+00  1.146760E-02  4.250794E-04  7.441410E-19 -3.447418E-01  0.000000E+00
  2.539852E+00  1.299639E-01  5.000000E-01  5.393941E-01  2.742713E-02  0.000000E+00  1.127810E-02  4.293888E-04  8.706803E-19 -3.418965E-01  0.000000E+00
  2.506749E+00  1.286876E-01  5.000000E-01  5.323639E-01  2.715609E-02  0.000000E+00  1.107409E-02  4.299414E-04  6.768092E-19 -3.395901E-01  0.000000E+00
  2.473650E+00  1.273909E-01  5.000000E-01  5.253345E-01  2.688069E-02  0.000000E+00  1.086541E-02  4.273113E-04  9.748823E-19 -3.385166E-01  0.000000E+00
  2.440554E+00  1.260813E-01  5.000000E-01  5.183056E-01  2.660257E-02  0.000000E+00  1.066923E-02  4.223118E-04  1.443551E-18 -3.397907E-01  0.000000E+00
  2.407460E+00  1.247673E-01  5.000000E-01  5.112774E-01  2.632351E-02  0.000000E+00  1.051021E-02  4.162647E-04  1.530203E-18 -3.447199E-01  0.000000E+00
  2.374373E+00  1.234559E-01  5.000000E-01  5.042504E-01  2.604499E-02  0.000000E+00  1.041755E-02  4.106586E-04  1.373155E-18 -3.544017E-01  0.000000E+00
  2.341286E+00  1.221539E-01  5.000000E-01  4.972236E-01  2.576849E-02  0.000000E+00  1.041873E-02  4.062151E-04  1.921133E-18 -3.693281E-01  0.000000E+00
  2.308194E+00  1.208710E-01  5.000000E-01  4.901958E-01  2.549602E-02  0.000000E+00  1.053204E-02  4.028282E-04  2.006126E-18 -3.890970E-01  0.000000E+00
  2.275097E+00  1.196184E-01  5.000000E-01  4.831667E-01  2.523000E-02  0.000000E+00  1.076004E-02  3.996906E-04  1.570957E-18 -4.125035E-01  0.000000E+00
  2.241991E+00  1.184085E-01  5.000000E-01  4.761359E-01  2.497305E-02  0.000000E+00  1.108701E-02  3.952552E-04  8.458319E-19 -4.380235E-01  0.000000E+00
  2.208879E+00  1.172545E-01  5.000000E-01  4.691038E-01  2.472796E-02  0.000000E+00  1.148355E-02  3.875138E-04  1.007266E-18 -4.643567E-01  0.000000E+00
  2.175760E+00  1.161697E-01  5.000000E-01  4.620701E-01  2.449759E-02  0.000000E+00  1.191656E-02  3.744055E-04  2.162172E-18 -4.907396E-01  0.000000E+00
  2.142637E+00  1.151684E-01  5.000000E-01  4.550354E-01  2.428493E-02  0.000000E+00  1.235949E-02  3.542222E-04  2.783062E-18 -5.169193E-01  0.000000E+00
  2.109507E+00  1.142648E-01  5.000000E-01  4.479994E-01  2.409304E-02  0.000000E+00  1.279778E-02  3.260290E-04  3.280817E-18 -5.428452E-01  0.000000E+00
  2.076374E+00  1.134739E-01  5.000000E-01  4.409628E-01  2.392507E-02  0.000000E+00  1.322834E-02  2.915692E-04  3.362778E-18 -5.681519E-01  0.000000E+00
  2.043241E+00  1.127987E-01  5.000000E-01  4.339262E-01  2.378167E-02  0.000000E+00  1.365176E-02  2.547374E-04  3.095427E-18 -5.921199E-01  0.000000E+00
  2.010106E+00  1.122322E-01  5.000000E-01  4.268892E-01  2.366136E-02  0.000000E+00  1.406342E-02  2.178516E-04  2.768069E-18 -6.141931E-01  0.000000E+00
  1.976970E+00  1.117668E-01  5.000000E-01  4.198519E-01  2.356253E-02  0.000000E+00  1.445451E-02  1.815634E-04  2.205792E-18 -6.341280E-01  0.000000E+00
  1.943835E+00  1.113945E-01  5.000000E-01  4.128148E-01  2.348346E-02  0.000000E+00  1.481774E-02  1.464356E-04  1.425352E-18 -6.518931E-01  0.000000E+00
  1.910699E+00  1.111066E-01  5.000000E-01  4.057776E-01  2.342232E-02  0.000000E+00  1.515013E-02  1.128607E-04  5.398352E-19 -6.676366E-01  0.000000E+00
  1.877561E+00  1.108956E-01  5.000000E-01  3.987399E-01  2.337749E-02  0.000000E+00  1.545393E-02  8.134141E-05 -2.299757E-19 -6.815648E-01  0.000000E+00
  1.844424E+00  1.107526E-01  5.000000E-01  3.917024E-01  2.334713E-02  0.000000E+00  1.573471E-02  5.235986E-05 -7.859806E-19 -6.938824E-01  0.000000E+00
  1.811282E+00  1.106697E-01  5.000000E-01  3.846638E-01  2.332953E-02  0.000000E+00  1.599877E-02  2.608309E-05 -1.087261E-18 -7.047791E-01  0.000000E+00
  1.778139E+00  1.106393E-01  5.000000E-01  3.776250E-01  2.332308E-02  0.000000E+00  1.625226E-02  3.009538E-06 -1.125132E-18 -7.143578E-01  0.000000E+00
  1.744992E+00  1.106523E-01  5.000000E-01  3.705854E-01  2.332583E-02  0.000000E+00  1.649971E-02 -1.642380E-05 -9.165207E-19 -7.226785E-01  0.000000E+00
  1.711843E+00  1.107002E-01  5.000000E-01  3.635455E-01  2.333600E-02  0.000000E+00  1.674429E-02 -3.176115E-05 -6.311195E-19 -7.297628E-01  0.000000E+00
  1.678692E+00  1.107729E-01  5.000000E-01  3.565049E-01  2.335145E-02  0.000000E+00  1.698792E-02 -4.256004E-05 -4.372508E-19 -7.356114E-01  0.000000E+00
  1.645539E+00  1.108611E-01  5.000000E-01  3.494640E-01  2.337018E-02  0.000000E+00  1.723173E-02 -4.821361E-05 -4.795361E-19 -7.401835E-01  0.000000E+00
  1.612385E+00  1.109532E-01  5.000000E-01  3.424231E-01  2.338974E-02  0.000000E+00  1.747579E-02 -4.782539E-05 -7.833806E-19 -7.433588E-01  0.000000E+00
  1.579236E+00  1.110372E-01  5.000000E-01  3.353830E-01  2.340757E-02  0.000000E+00  1.771864E-02 -4.006701E-05 -1.290370E-18 -7.448951E-01  0.000000E+00
  1.546090E+00  1.110980E-01  5.000000E-01  3.283435E-01  2.342048E-02  0.000000E+00  1.795837E-02 -2.174736E-05 -1.896295E-18 -7.442916E-01  0.000000E+00
  1.512946E+00  1.111129E-01  5.000000E-01  3.213046E-01  2.342364E-02  0.000000E+00  1.819036E-02  1.115204E-05 -2.430092E-18 -7.409325E-01  0.000000E+00
  1.479807E+00  1.110530E-01  5.000000E-01  3.142666E-01  2.341092E-02  0.000000E+00  1.840476E-02  6.057199E-05 -2.788406E-18 -7.344294E-01  0.000000E+00
  1.446672E+00  1.108902E-01  5.000000E-01  3.072296E-01  2.337635E-02  0.000000E+00  1.859005E-02  1.261110E-04 -2.958909E-18 -7.246973E-01  0.000000E+00
  1.413540E+00  1.105987E-01  5.000000E-01  3.001932E-01  2.331445E-02  0.000000E+00  1.873833E-02  2.066939E-04 -2.855084E-18 -7.117975E-01  0.000000E+00
  1.380413E+00  1.101545E-01  5.000000E-01  2.931579E-01  2.322011E-02  0.000000E+00  1.884614E-02  3.010701E-04 -2.495617E-18 -6.958432E-01  0.000000E+00
  1.347294E+00  1.095354E-01  5.000000E-01  2.861242E-01  2.308863E-02  0.000000E+00  1.891233E-02  4.075624E-04 -2.150823E-18 -6.769832E-01  0.000000E+00
  1.314179E+00  1.087219E-01  5.000000E-01  2.790914E-01  2.291586E-02  0.000000E+00  1.893613E-02  5.239448E-04 -1.565144E-18 -6.553982E-01  0.000000E+00
  1.281074E+00  1.076978E-01  5.000000E-01  2.720606E-01  2.269836E-02  0.000000E+00  1.891672E-02  6.479317E-04 -6.182082E-19 -6.312543E-01  0.000000E+00
  1.247974E+00  1.064485E-01  5.000000E-01  2.650310E-01  2.243305E-02  0.000000E+00  1.885218E-02  7.768154E-04  2.297467E-19 -6.047291E-01  0.000000E+00
  1.214880E+00  1.049642E-01  5.000000E-01  2.580028E-01  2.211781E-02  0.000000E+00  1.873948E-02  9.077746E-04  2.329159E-19 -5.759797E-01  0.000000E+00
  1.181795E+00  1.032364E-01  5.000000E-01  2.509763E-01  2.175087E-02  0.000000E+00  1.857417E-02  1.038147E-03  1.271801E-19 -5.450995E-01  0.000000E+00
  1.148718E+00  1.012594E-01  5.000000E-01  2.439516E-01  2.133101E-02  0.000000E+00  1.834866E-02  1.164561E-03  7.725695E-21 -5.121447E-01  0.000000E+00
  1.115646E+00  9.903068E-02  5.000000E-01  2.369279E-01  2.085768E-02  0.000000E+00  1.805288E-02  1.283335E-03  2.129594E-19 -4.770351E-01  0.000000E+00
  1.082583E+00  9.655037E-02  5.000000E-01  2.299061E-01  2.033092E-02  0.000000E+00  1.767564E-02  1.390883E-03  7.379457E-19 -4.394782E-01  0.000000E+00
  1.049524E+00  9.381990E-02  5.000000E-01  2.228852E-01  1.975104E-02  0.000000E+00  1.720669E-02  1.483504E-03 -1.307213E-19 -3.990985E-01  0.000000E+00
  1.016475E+00  9.084390E-02  5.000000E-01  2.158664E-01  1.911901E-02  0.000000E+00  1.663927E-02  1.556668E-03 -1.065096E-18 -3.559103E-01  0.000000E+00
  9.834318E-01  8.762894E-02  5.000000E-01  2.088488E-01  1.843623E-02  0.000000E+00  1.596872E-02  1.598100E-03 -1.443775E-18 -3.114894E-01  0.000000E+00
  9.503976E-01  8.422109E-02  5.000000E-01  2.018331E-01  1.771249E-02  0.000000E+00  1.520233E-02  1.593825E-03 -6.780245E-19 -2.686790E-01  0.000000E+00
  9.173728E-01  8.069403E-02  5.000000E-01  1.948195E-01  1.696343E-02  0.000000E+00  1.437179E-02  1.545723E-03  1.187331E-18 -2.295571E-01  0.000000E+00
  8.843598E-01  7.711174E-02  5.000000E-01  1.878083E-01  1.620264E-02  0.000000E+00  1.351809E-02  1.467116E-03  1.452458E-18 -1.949718E-01  0.000000E+00
  8.513623E-01  7.352508E-02  5.000000E-01  1.808005E-01  1.544092E-02  0.000000E+00  1.267093E-02  1.370396E-03  8.380059E-19 -1.650920E-01  0.000000E+00
  8.183794E-01  6.997291E-02  5.000000E-01  1.737957E-01  1.468652E-02  0.000000E+00  1.184347E-02  1.264223E-03  5.293564E-19 -1.396299E-01  0.000000E+00
  7.854121E-01  6.648447E-02  5.000000E-01  1.667943E-01  1.394567E-02  0.000000E+00  1.103483E-02  1.153911E-03 -4.414522E-19 -1.181935E-01  0.000000E+00
  7.524593E-01  6.308059E-02  5.000000E-01  1.597959E-01  1.322277E-02  0.000000E+00  1.023404E-02  1.042190E-03 -1.349280E-18 -1.008178E-01  0.000000E+00
  7.195226E-01  5.977581E-02  5.000000E-01  1.528010E-01  1.252091E-02  0.000000E+00  9.422169E-03  9.301398E-04 -1.534027E-18 -8.833462E-02  0.000000E+00
  6.866079E-01  5.657899E-02  5.000000E-01  1.458107E-01  1.184199E-02  0.000000E+00  8.574118E-03  8.181515E-04 -7.303260E-19 -8.188764E-02  0.000000E+00
  6.537221E-01  5.349368E-02  5.000000E-01  1.388265E-01  1.118674E-02  0.000000E+00  7.663736E-03  7.065389E-04 -5.053093E-19 -8.119642E-02  0.000000E+00
  6.208691E-01  5.051933E-02  5.000000E-01  1.318494E-01  1.055506E-02  0.000000E+00  6.674456E-03  5.957360E-04 -9.398227E-19 -8.286001E-02  0.000000E+00
  5.880524E-01  4.765288E-02  5.000000E-01  1.248799E-01  9.946299E-03  0.000000E+00  5.612927E-03  4.859149E-04 -9.095384E-19 -8.202641E-02  0.000000E+00
  5.552711E-01  4.488981E-02  5.000000E-01  1.179180E-01  9.359491E-03  0.000000E+00  4.525876E-03  3.781656E-04 -9.255655E-19 -7.964355E-02  0.000000E+00
  5.225283E-01  4.222567E-02  5.000000E-01  1.109642E-01  8.793695E-03  0.000000E+00  3.521781E-03  2.795578E-04 -5.969201E-19 -9.057153E-02  0.000000E+00
  4.898261E-01  3.965484E-02  5.000000E-01  1.040191E-01  8.247713E-03  0.000000E+00  2.808586E-03  2.092175E-04  2.941435E-19 -1.408705E-01  0.000000E+00
  4.571624E-01  3.717187E-02  5.000000E-01  9.708209E-02  7.720390E-03  0.000000E+00  2.738139E-03  1.973058E-04  8.496453E-19 -2.482756E-01  0.000000E+00
  4.245350E-01  3.477197E-02  5.000000E-01  9.015283E-02  7.210712E-03  0.000000E+00  3.764896E-03  2.719837E-04  5.971845E-19 -4.016335E-01  0.000000E+00
  3.919369E-01  3.245159E-02  5.000000E-01  8.322981E-02  6.717918E-03  0.000000E+00  6.188029E-03  4.391738E-04  7.791801E-19 -5.638915E-01  0.000000E+00
  3.593832E-01  3.020886E-02  5.000000E-01  7.631621E-02  6.241619E-03  0.000000E+00  9.718039E-03  6.653053E-04 -8.951555E-19 -6.978886E-01  0.000000E+00
  3.269046E-01  2.803962E-02  5.000000E-01  6.941854E-02  5.780926E-03  0.000000E+00  1.334213E-02  8.815156E-04 -1.235638E-17 -7.885392E-01  0.000000E+00
  2.945750E-01  2.593518E-02  5.000000E-01  6.255253E-02  5.333994E-03  0.000000E+00  1.591680E-02  1.025065E-03 -3.077955E-17 -8.436723E-01  0.000000E+00
  2.624265E-01  2.387627E-02  5.000000E-01  5.572497E-02  4.896731E-03  0.000000E+00  1.696706E-02  1.077836E-03 -2.116455E-17 -8.802748E-01  0.000000E+00
  2.304268E-01  2.184558E-02  5.000000E-01  4.892903E-02  4.465463E-03  0.000000E+00  1.683067E-02  1.063797E-03  1.101269E-16 -9.119232E-01  0.000000E+00
  1.986088E-01  1.983383E-02  5.000000E-01  4.217166E-02  4.038217E-03  0.000000E+00  1.616907E-02  1.020995E-03  4.886907E-16 -9.460654E-01  0.000000E+00
  1.669282E-01  1.782670E-02  5.000000E-01  3.544349E-02  3.611952E-03  0.000000E+00  1.548339E-02  9.701812E-04  1.030060E-15 -9.878065E-01  0.000000E+00
  1.350509E-01  1.583800E-02  5.000000E-01  2.867354E-02  3.189600E-03  0.000000E+00  1.502924E-02  9.333487E-04  7.786857E-16 -1.039679E+00  0.000000E+00
  1.043791E-01  1.394240E-02  5.000000E-01  2.215959E-02  2.787022E-03  0.000000E+00  1.493398E-02  9.699996E-04 -2.952703E-15 -1.099015E+00  0.000000E+00
  7.632629E-02  1.202815E-02  5.000000E-01  1.620187E-02  2.380483E-03  0.000000E+00  1.513526E-02  1.108974E-03 -1.343296E-14 -1.165506E+00  0.000000E+00
  5.118571E-02  1.003657E-02  5.000000E-01  1.086263E-02  1.957521E-03  0.000000E+00  1.552280E-02  1.366032E-03 -2.453071E-14 -1.239513E+00  0.000000E+00
  3.264831E-02  8.256788E-03  5.000000E-01  6.925739E-03  1.579538E-03  0.000000E+00  1.653247E-02  1.899842E-03  7.029524E-15 -1.309601E+00  0.000000E+00
  2.051015E-02  6.667479E-03  5.000000E-01  4.347893E-03  1.242008E-03  0.000000E+00  1.928833E-02  3.007788E-03  1.837005E-13 -1.367913E+00  0.000000E+00
  1.247723E-02  5.234978E-03  5.000000E-01  2.641898E-03  9.377796E-04  0.000000E+00  2.590846E-02  5.368209E-03  5.884578E-13 -1.420616E+00  0.000000E+00
  7.055255E-03  3.982205E-03  5.000000E-01  1.490404E-03  6.717214E-04  0.000000E+00  4.070333E-02  1.131804E-02  9.865804E-13 -1.459912E+00  0.000000E+00
  3.418635E-03  2.864439E-03  5.000000E-01  7.180754E-04  4.343354E-04  0.000000E+00  6.734642E-02  2.688291E-02  4.918823E-13 -1.430649E+00  0.000000E+00
  1.108798E-03  1.814124E-03  5.000000E-01  2.275226E-04  2.112743E-04  0.000000E+00  8.256390E-02  6.008106E-02 -1.390044E-12 -1.149074E+00  0.000000E+00
  3.747479E-05  8.193087E-04  5.000000E-01  0.000000E+00  0.000000E+00  0.000000E+00  2.719748E-02  1.079073E-01 -3.238747E-12 -9.240890E-03  0.000000E+00
  3.747479E-05  8.193087E-04  5.000000E-01  0.000000E+00  0.000000E+00  0.000000E+00  2.719748E-02  1.079073E-01 -3.238747E-12 -9.240890E-03  0.000000E+00
  2.534065E-04 -1.871660E-04  5.000000E-01  4.585858E-05 -2.137505E-04  0.000000E+00 -3.386735E-02  8.074125E-02 -2.949660E-12  1.099451E+00  0.000000E+00
  1.848580E-03 -1.238376E-03  5.000000E-01  3.846343E-04 -4.370016E-04  0.000000E+00 -2.663615E-02  1.594451E-02 -1.427683E-12  1.194783E+00  0.000000E+00
  4.867645E-03 -2.324088E-03  5.000000E-01  1.025809E-03 -6.675801E-04  0.000000E+00 -3.782165E-03  1.470460E-03 -4.394646E-13  1.029131E+00  0.000000E+00
  9.380877E-03 -3.480369E-03  5.000000E-01  1.984309E-03 -9.131459E-04  0.000000E+00  8.598084E-03 -1.839993E-03  2.701621E-14  9.356836E-01  0.000000E+00
  1.589077E-02 -4.776656E-03  5.000000E-01  3.366850E-03 -1.188445E-03  0.000000E+00  1.332693E-02 -2.347633E-03  1.359862E-13  8.518770E-01  0.000000E+00
  2.547297E-02 -6.283021E-03  5.000000E-01  5.401873E-03 -1.508360E-03  0.000000E+00  1.412092E-02 -1.980984E-03  9.366675E-14  7.657353E-01  0.000000E+00
  3.989163E-02 -8.056277E-03  5.000000E-01  8.464043E-03 -1.884956E-03  0.000000E+00  1.337487E-02 -1.473513E-03  3.242243E-14  6.846008E-01  0.000000E+00
  6.092142E-02 -1.008076E-02  5.000000E-01  1.293025E-02 -2.314906E-03  0.000000E+00  1.241530E-02 -1.105550E-03 -1.653362E-16  6.166533E-01  0.000000E+00
  8.832839E-02 -1.230528E-02  5.000000E-01  1.875082E-02 -2.787339E-03  0.000000E+00  1.176516E-02 -9.173110E-04 -6.812094E-15  5.654809E-01  0.000000E+00
  1.189914E-01 -1.459513E-02  5.000000E-01  2.526288E-02 -3.273648E-03  0.000000E+00  1.148989E-02 -8.473340E-04 -3.828091E-15  5.279723E-01  0.000000E+00
  1.511926E-01 -1.694251E-02  5.000000E-01  3.210163E-02 -3.772174E-03  0.000000E+00  1.149857E-02 -8.412011E-04 -9.110624E-16  4.995447E-01  0.000000E+00
  1.838450E-01 -1.934481E-02  5.000000E-01  3.903620E-02 -4.282364E-03  0.000000E+00  1.167083E-02 -8.629532E-04  1.230533E-16  4.757490E-01  0.000000E+00
  2.165049E-01 -2.177790E-02  5.000000E-01  4.597236E-02 -4.799091E-03  0.000000E+00  1.189863E-02 -8.883600E-04  1.955599E-16  4.540290E-01  0.000000E+00
  2.491496E-01 -2.422434E-02  5.000000E-01  5.290529E-02 -5.318655E-03  0.000000E+00  1.211270E-02 -9.101722E-04  7.984331E-17  4.346353E-01  0.000000E+00
  2.819003E-01 -2.669408E-02  5.000000E-01  5.986073E-02 -5.843167E-03  0.000000E+00  1.228358E-02 -9.308894E-04  1.217769E-17  4.182523E-01  0.000000E+00
  3.147601E-01 -2.919951E-02  5.000000E-01  6.683936E-02 -6.375259E-03  0.000000E+00  1.240746E-02 -9.531661E-04 -5.011820E-18  4.043965E-01  0.000000E+00
  3.477303E-01 -3.175508E-02  5.000000E-01  7.384142E-02 -6.917999E-03  0.000000E+00  1.249359E-02 -9.783172E-04 -2.864232E-18  3.920644E-01  0.000000E+00
  3.807756E-01 -3.437296E-02  5.000000E-01  8.085941E-02 -7.473972E-03  0.000000E+00  1.255374E-02 -1.005659E-03 -3.959356E-19  3.804149E-01  0.000000E+00
  4.138291E-01 -3.705437E-02  5.000000E-01  8.787917E-02 -8.043439E-03  0.000000E+00  1.259593E-02 -1.032663E-03 -3.048434E-19  3.689582E-01  0.000000E+00
  4.468689E-01 -3.979553E-02  5.000000E-01  9.489601E-02 -8.625593E-03  0.000000E+00  1.262511E-02 -1.058005E-03 -4.456382E-19  3.576858E-01  0.000000E+00
  4.799091E-01 -4.259563E-02  5.000000E-01  1.019129E-01 -9.220266E-03  0.000000E+00  1.264560E-02 -1.082337E-03 -2.832825E-19  3.467997E-01  0.000000E+00
  5.129612E-01 -4.545601E-02  5.000000E-01  1.089324E-01 -9.827740E-03  0.000000E+00  1.266185E-02 -1.106890E-03  4.620923E-19  3.363505E-01  0.000000E+00
  5.460360E-01 -4.838015E-02  5.000000E-01  1.159567E-01 -1.044876E-02  0.000000E+00  1.267865E-02 -1.132772E-03  1.367683E-18  3.262019E-01  0.000000E+00
  5.791347E-01 -5.137213E-02  5.000000E-01  1.229860E-01 -1.108418E-02  0.000000E+00  1.270082E-02 -1.160667E-03  2.250688E-19  3.161262E-01  0.000000E+00
  6.122565E-01 -5.443563E-02  5.000000E-01  1.300203E-01 -1.173479E-02  0.000000E+00  1.273313E-02 -1.190930E-03 -8.052972E-19  3.058967E-01  0.000000E+00
  6.454013E-01 -5.757389E-02  5.000000E-01  1.370594E-01 -1.240128E-02  0.000000E+00  1.278040E-02 -1.223940E-03  3.354484E-19  2.953317E-01  0.000000E+00
  6.785693E-01 -6.078994E-02  5.000000E-01  1.441035E-01 -1.308429E-02  0.000000E+00  1.284737E-02 -1.260036E-03  7.285037E-20  2.842602E-01  0.000000E+00
  7.117575E-01 -6.408564E-02  5.000000E-01  1.511518E-01 -1.378422E-02  0.000000E+00  1.293794E-02 -1.298982E-03 -9.813421E-19  2.724669E-01  0.000000E+00
  7.449560E-01 -6.745900E-02  5.000000E-01  1.582024E-01 -1.450063E-02  0.000000E+00  1.305462E-02 -1.339731E-03 -1.387617E-18  2.597161E-01  0.000000E+00
  7.781569E-01 -7.090367E-02  5.000000E-01  1.652534E-01 -1.523220E-02  0.000000E+00  1.319846E-02 -1.380754E-03 -3.169442E-19  2.458403E-01  0.000000E+00
  8.113578E-01 -7.440939E-02  5.000000E-01  1.723045E-01 -1.597673E-02  0.000000E+00  1.336871E-02 -1.420246E-03  2.045408E-19  2.307751E-01  0.000000E+00
  8.445597E-01 -7.796192E-02  5.000000E-01  1.793558E-01 -1.673120E-02  0.000000E+00  1.356142E-02 -1.455860E-03  3.927479E-19  2.145385E-01  0.000000E+00
  8.777625E-01 -8.154225E-02  5.000000E-01  1.864072E-01 -1.749157E-02  0.000000E+00  1.376711E-02 -1.484053E-03  1.228028E-19  1.972107E-01  0.000000E+00
  9.109638E-01 -8.512458E-02  5.000000E-01  1.934584E-01 -1.825237E-02  0.000000E+00  1.396935E-02 -1.499968E-03 -5.332317E-19  1.790175E-01  0.000000E+00
  9.441676E-01 -8.867728E-02  5.000000E-01  2.005100E-01 -1.900688E-02  0.000000E+00  1.414613E-02 -1.497923E-03 -1.131525E-18  1.604535E-01  0.000000E+00
  9.773746E-01 -9.216199E-02  5.000000E-01  2.075624E-01 -1.974694E-02  0.000000E+00  1.427392E-02 -1.472275E-03 -6.780970E-19  1.422427E-01  0.000000E+00
  1.010583E+00 -9.553281E-02  5.000000E-01  2.146150E-01 -2.046282E-02  0.000000E+00  1.433787E-02 -1.423502E-03 -5.389342E-19  1.255674E-01  0.000000E+00
  1.043798E+00 -9.876011E-02  5.000000E-01  2.216690E-01 -2.114822E-02  0.000000E+00  1.433997E-02 -1.362013E-03 -8.621040E-19  1.119488E-01  0.000000E+00
  1.077015E+00 -1.018455E-01  5.000000E-01  2.287237E-01 -2.180349E-02  0.000000E+00  1.429028E-02 -1.297566E-03 -5.740885E-19  1.019196E-01  0.000000E+00
  1.110238E+00 -1.047969E-01  5.000000E-01  2.357793E-01 -2.243029E-02  0.000000E+00  1.419742E-02 -1.233695E-03  2.166084E-19  9.483840E-02  0.000000E+00
  1.143462E+00 -1.076237E-01  5.000000E-01  2.428354E-01 -2.303063E-02  0.000000E+00  1.406949E-02 -1.172716E-03  2.827436E-19  9.002507E-02  0.000000E+00
  1.176693E+00 -1.103399E-01  5.000000E-01  2.498927E-01 -2.360749E-02  0.000000E+00  1.391455E-02 -1.116822E-03 -3.772121E-19  8.711735E-02  0.000000E+00
  1.209925E+00 -1.129619E-01  5.000000E-01  2.569505E-01 -2.416434E-02  0.000000E+00  1.373994E-02 -1.067604E-03 -1.464812E-19  8.590704E-02  0.000000E+00
  1.243158E+00 -1.155079E-01  5.000000E-01  2.640083E-01 -2.470505E-02  0.000000E+00  1.355277E-02 -1.026730E-03 -3.310109E-19  8.622998E-02  0.000000E+00
  1.276395E+00 -1.180011E-01  5.000000E-01  2.710670E-01 -2.523454E-02  0.000000E+00  1.336027E-02 -9.958440E-04 -1.864843E-19  8.784425E-02  0.000000E+00
  1.309630E+00 -1.204665E-01  5.000000E-01  2.781253E-01 -2.575811E-02  0.000000E+00  1.316975E-02 -9.761703E-04  2.299065E-19  9.036341E-02  0.000000E+00
  1.342868E+00 -1.229322E-01  5.000000E-01  2.851842E-01 -2.628177E-02  0.000000E+00  1.298990E-02 -9.692774E-04  6.903587E-19  9.336565E-02  0.000000E+00
  1.376108E+00 -1.254310E-01  5.000000E-01  2.922436E-01 -2.681245E-02  0.000000E+00  1.283158E-02 -9.765881E-04  5.463452E-19  9.633054E-02  0.000000E+00
  1.409347E+00 -1.279960E-01  5.000000E-01  2.993027E-01 -2.735720E-02  0.000000E+00  1.270948E-02 -9.996795E-04  4.510501E-19  9.864624E-02  0.000000E+00
  1.442589E+00 -1.306642E-01  5.000000E-01  3.063625E-01 -2.792386E-02  0.000000E+00  1.264466E-02 -1.041028E-03  1.396736E-18  9.964602E-02  0.000000E+00
  1.475831E+00 -1.334733E-01  5.000000E-01  3.134222E-01 -2.852045E-02  0.000000E+00  1.266456E-02 -1.103829E-03  8.287256E-19  9.848020E-02  0.000000E+00
  1.509072E+00 -1.364620E-01  5.000000E-01  3.204819E-01 -2.915517E-02  0.000000E+00  1.279986E-02 -1.192447E-03  4.477449E-19  9.406489E-02  0.000000E+00
  1.542314E+00 -1.396686E-01  5.000000E-01  3.275416E-01 -2.983617E-02  0.000000E+00  1.307755E-02 -1.311959E-03  1.093613E-18  8.517784E-02  0.000000E+00
  1.575558E+00 -1.431319E-01  5.000000E-01  3.346018E-01 -3.057169E-02  0.000000E+00  1.350653E-02 -1.459283E-03  7.071857E-19  7.010268E-02  0.000000E+00
  1.608800E+00 -1.468533E-01  5.000000E-01  3.416615E-01 -3.136203E-02  0.000000E+00  1.406662E-02 -1.614306E-03 -2.844366E-19  4.660986E-02  0.000000E+00
  1.642044E+00 -1.507646E-01  5.000000E-01  3.487219E-01 -3.219269E-02  0.000000E+00  1.472592E-02 -1.756609E-03  1.786229E-20  1.422857E-02  0.000000E+00
  1.675286E+00 -1.547860E-01  5.000000E-01  3.557816E-01 -3.304674E-02  0.000000E+00  1.545850E-02 -1.876536E-03  7.826185E-19 -2.538067E-02  0.000000E+00
  1.708526E+00 -1.588380E-01  5.000000E-01  3.628410E-01 -3.390728E-02  0.000000E+00  1.624155E-02 -1.966280E-03 -6.258314E-19 -7.061648E-02  0.000000E+00
  1.741762E+00 -1.628396E-01  5.000000E-01  3.698996E-01 -3.475713E-02  0.000000E+00  1.705267E-02 -2.017139E-03 -3.181425E-19 -1.206917E-01  0.000000E+00
  1.774995E+00 -1.667086E-01  5.000000E-01  3.769573E-01 -3.557882E-02  0.000000E+00  1.787005E-02 -2.020516E-03 -1.791392E-19 -1.753543E-01  0.000000E+00
  1.808227E+00 -1.703648E-01  5.000000E-01  3.840150E-01 -3.635529E-02  0.000000E+00  1.867290E-02 -1.968029E-03 -1.130717E-19 -2.345622E-01  0.000000E+00
  1.841453E+00 -1.737250E-01  5.000000E-01  3.910714E-01 -3.706892E-02  0.000000E+00  1.944625E-02 -1.852194E-03  1.863671E-18 -2.983086E-01  0.000000E+00
  1.874678E+00 -1.767072E-01  5.000000E-01  3.981276E-01 -3.770227E-02  0.000000E+00  2.019617E-02 -1.668458E-03  2.888845E-18 -3.665249E-01  0.000000E+00
  1.907900E+00 -1.792287E-01  5.000000E-01  4.051830E-01 -3.823778E-02  0.000000E+00  2.097177E-02 -1.414947E-03  2.879528E-18 -4.391806E-01  0.000000E+00
  1.941118E+00 -1.812064E-01  5.000000E-01  4.122377E-01 -3.865779E-02  0.000000E+00  2.187638E-02 -1.089135E-03  2.028893E-18 -5.163317E-01  0.000000E+00
  1.974334E+00 -1.825570E-01  5.000000E-01  4.192920E-01 -3.894461E-02  0.000000E+00  2.302085E-02 -6.805762E-04  2.048575E-18 -5.980913E-01  0.000000E+00
  2.007549E+00 -1.831980E-01  5.000000E-01  4.263460E-01 -3.908076E-02  0.000000E+00  2.435006E-02 -1.665071E-04  4.148015E-18 -6.843962E-01  0.000000E+00
  2.040760E+00 -1.830460E-01  5.000000E-01  4.333993E-01 -3.904848E-02  0.000000E+00  2.531860E-02  4.629899E-04  7.589179E-18 -7.736571E-01  0.000000E+00
  2.073970E+00 -1.820175E-01  5.000000E-01  4.404522E-01 -3.883004E-02  0.000000E+00  2.462547E-02  1.113091E-03  1.046822E-17 -8.583701E-01  0.000000E+00
  2.107177E+00 -1.800326E-01  5.000000E-01  4.475046E-01 -3.840849E-02  0.000000E+00  2.081954E-02  1.497419E-03  9.076253E-18 -9.150229E-01  0.000000E+00
  2.140379E+00 -1.770949E-01  5.000000E-01  4.545558E-01 -3.778461E-02  0.000000E+00  1.401984E-02  1.345116E-03  3.562679E-18 -9.025770E-01  0.000000E+00
  2.173577E+00 -1.733057E-01  5.000000E-01  4.616063E-01 -3.697987E-02  0.000000E+00  6.657743E-03  7.763834E-04  3.822956E-19 -7.924445E-01  0.000000E+00
  2.206768E+00 -1.687713E-01  5.000000E-01  4.686553E-01 -3.601688E-02  0.000000E+00  1.263805E-03  1.683154E-04  8.177727E-19 -6.091515E-01  0.000000E+00
  2.239954E+00 -1.635987E-01  5.000000E-01  4.757033E-01 -3.491834E-02  0.000000E+00 -1.571838E-03 -2.467750E-04 -3.605959E-20 -4.260467E-01  0.000000E+00
  2.273134E+00 -1.578950E-01  5.000000E-01  4.827499E-01 -3.370702E-02  0.000000E+00 -2.617364E-03 -4.550140E-04  6.716835E-19 -3.063879E-01  0.000000E+00
  2.306309E+00 -1.517681E-01  5.000000E-01  4.897953E-01 -3.240583E-02  0.000000E+00 -2.812028E-03 -5.325064E-04  2.104417E-18 -2.562999E-01  0.000000E+00
  2.339476E+00 -1.453265E-01  5.000000E-01  4.968392E-01 -3.103777E-02  0.000000E+00 -2.735508E-03 -5.452471E-04  1.484435E-18 -2.416392E-01  0.000000E+00
  2.372638E+00 -1.386773E-01  5.000000E-01  5.038821E-01 -2.962566E-02  0.000000E+00 -2.624396E-03 -5.331203E-04  1.196538E-18 -2.322529E-01  0.000000E+00
  2.405805E+00 -1.319302E-01  5.000000E-01  5.109259E-01 -2.819272E-02  0.000000E+00 -2.533195E-03 -5.146747E-04  2.508717E-18 -2.192989E-01  0.000000E+00
  2.438976E+00 -1.251976E-01  5.000000E-01  5.179706E-01 -2.676290E-02  0.000000E+00 -2.471896E-03 -4.962062E-04  3.559005E-18 -2.053471E-01  0.000000E+00
  2.472150E+00 -1.185921E-01  5.000000E-01  5.250160E-01 -2.536005E-02  0.000000E+00 -2.456247E-03 -4.798853E-04  1.771384E-18 -1.928069E-01  0.000000E+00
  2.505329E+00 -1.122255E-01  5.000000E-01  5.320625E-01 -2.400794E-02  0.000000E+00 -2.497436E-03 -4.658130E-04 -7.933016E-19 -1.813842E-01  0.000000E+00
  2.538512E+00 -1.062104E-01  5.000000E-01  5.391097E-01 -2.273048E-02  0.000000E+00 -2.587706E-03 -4.506952E-04 -1.239590E-18 -1.698547E-01  0.000000E+00
  2.571700E+00 -1.006580E-01  5.000000E-01  5.461580E-01 -2.155129E-02  0.000000E+00 -2.702208E-03 -4.281139E-04 -1.313226E-18 -1.572436E-01  0.000000E+00
  2.604894E+00 -9.568041E-02  5.000000E-01  5.532074E-01 -2.049417E-02  0.000000E+00 -2.808961E-03 -3.920047E-04 -2.965289E-18 -1.429910E-01  0.000000E+00
  2.638090E+00 -9.138131E-02  5.000000E-01  5.602575E-01 -1.958115E-02  0.000000E+00 -2.877639E-03 -3.425981E-04 -1.694120E-18 -1.265958E-01  0.000000E+00
  2.671292E+00 -8.777266E-02  5.000000E-01  5.673087E-01 -1.881476E-02  0.000000E+00 -2.884759E-03 -2.858414E-04  6.645952E-19 -1.076610E-01  0.000000E+00
  2.704497E+00 -8.480530E-02  5.000000E-01  5.743608E-01 -1.818456E-02  0.000000E+00 -2.817198E-03 -2.271499E-04 -2.063716E-19 -8.632420E-02  0.000000E+00
  2.737708E+00 -8.242876E-02  5.000000E-01  5.814140E-01 -1.767984E-02  0.000000E+00 -2.673679E-03 -1.703369E-04 -1.097224E-18 -6.301546E-02  0.000000E+00
  2.770923E+00 -8.059234E-02  5.000000E-01  5.884680E-01 -1.728983E-02  0.000000E+00 -2.461967E-03 -1.188784E-04 -5.349338E-19 -3.831292E-02  0.000000E+00
  2.804143E+00 -7.924495E-02  5.000000E-01  5.955231E-01 -1.700368E-02  0.000000E+00 -2.194105E-03 -7.545584E-05 -1.991205E-19 -1.303213E-02  0.000000E+00
  2.837367E+00 -7.833584E-02  5.000000E-01  6.025790E-01 -1.681061E-02  0.000000E+00 -1.882292E-03 -4.148974E-05 -1.671719E-19  1.193769E-02  0.000000E+00
  2.870594E+00 -7.781362E-02  5.000000E-01  6.096357E-01 -1.669970E-02  0.000000E+00 -1.536335E-03 -1.727702E-05 -1.298421E-19  3.574439E-02  0.000000E+00
  2.903823E+00 -7.762674E-02  5.000000E-01  6.166926E-01 -1.666001E-02  0.000000E+00 -1.163543E-03 -2.382339E-06 -1.740275E-20  5.757198E-02  0.000000E+00
  2.937051E+00 -7.772190E-02  5.000000E-01  6.237496E-01 -1.668022E-02  0.000000E+00 -7.699916E-04  4.223835E-06  2.650211E-21  7.669689E-02  0.000000E+00
  2.970283E+00 -7.804733E-02  5.000000E-01  6.308072E-01 -1.674934E-02  0.000000E+00 -3.611977E-04  3.993868E-06  1.529044E-19  9.255650E-02  0.000000E+00
  3.003515E+00 -7.855044E-02  5.000000E-01  6.378649E-01 -1.685618E-02  0.000000E+00  5.868035E-05 -1.351760E-06  2.964217E-20  1.047975E-01  0.000000E+00
  3.036751E+00 -7.917900E-02  5.000000E-01  6.449232E-01 -1.698967E-02  0.000000E+00  4.882947E-04 -9.964917E-06 -2.093050E-19  1.132722E-01  0.000000E+00
  3.069988E+00 -7.988135E-02  5.000000E-01  6.519820E-01 -1.713884E-02  0.000000E+00  9.294585E-04 -1.996836E-05  6.690510E-21  1.180454E-01  0.000000E+00
  3.103226E+00 -8.060458E-02  5.000000E-01  6.590410E-01 -1.729243E-02  0.000000E+00  1.385158E-03 -2.933871E-05 -3.128803E-20  1.194070E-01  0.000000E+00
  3.136469E+00 -8.129808E-02  5.000000E-01  6.661010E-01 -1.743972E-02  0.000000E+00  1.855764E-03 -3.627927E-05 -1.928696E-19  1.177771E-01  0.000000E+00
  3.169712E+00 -8.191575E-02  5.000000E-01  6.731611E-01 -1.757089E-02  0.000000E+00  2.336719E-03 -4.025379E-05 -2.000613E-19  1.138583E-01  0.000000E+00
  3.202960E+00 -8.245044E-02  5.000000E-01  6.802220E-01 -1.768445E-02  0.000000E+00  2.819311E-03 -4.181524E-05 -7.020083E-20  1.084794E-01  0.000000E+00
  3.236210E+00 -8.290802E-02  5.000000E-01  6.872835E-01 -1.778163E-02  0.000000E+00  3.293066E-03 -4.155130E-05  2.297300E-20  1.021162E-01  0.000000E+00
  3.269464E+00 -8.329546E-02  5.000000E-01  6.943459E-01 -1.786391E-02  0.000000E+00  3.748860E-03 -3.977177E-05 -1.062913E-19  9.498788E-02  0.000000E+00
  3.302721E+00 -8.361869E-02  5.000000E-01  7.014089E-01 -1.793256E-02  0.000000E+00  4.181284E-03 -3.668520E-05  3.859239E-21  8.729388E-02  0.000000E+00
  3.335981E+00 -8.388310E-02  5.000000E-01  7.084724E-01 -1.798871E-02  0.000000E+00  4.588993E-03 -3.259816E-05  9.412275E-20  7.925900E-02  0.000000E+00
  3.369247E+00 -8.409440E-02  5.000000E-01  7.155373E-01 -1.803358E-02  0.000000E+00  4.973482E-03 -2.787336E-05  2.505940E-20  7.106788E-02  0.000000E+00
  3.402518E+00 -8.425913E-02  5.000000E-01  7.226033E-01 -1.806857E-02  0.000000E+00  5.337262E-03 -2.274365E-05  5.529503E-20  6.275586E-02  0.000000E+00
  3.435792E+00 -8.438102E-02  5.000000E-01  7.296699E-01 -1.809446E-02  0.000000E+00  5.683157E-03 -1.735001E-05  8.518944E-20  5.432434E-02  0.000000E+00
  3.469073E+00 -8.446498E-02  5.000000E-01  7.367379E-01 -1.811229E-02  0.000000E+00  6.014268E-03 -1.176606E-05  4.448166E-20  4.578811E-02  0.000000E+00
  3.502353E+00 -8.451393E-02  5.000000E-01  7.438057E-01 -1.812268E-02  0.000000E+00  6.333978E-03 -6.040605E-06  4.082374E-20  3.710731E-02  0.000000E+00
  3.535630E+00 -8.453108E-02  5.000000E-01  7.508729E-01 -1.812632E-02  0.000000E+00  6.646433E-03 -1.866054E-07  3.014309E-20  2.822292E-02  0.000000E+00
  3.568904E+00 -8.451841E-02  5.000000E-01  7.579395E-01 -1.812363E-02  0.000000E+00  6.956997E-03  6.052178E-06  1.900837E-20  1.904965E-02  0.000000E+00
  3.602176E+00 -8.447582E-02  5.000000E-01  7.650057E-01 -1.811459E-02  0.000000E+00  7.272247E-03  1.302383E-05  8.243567E-21  9.469403E-03  0.000000E+00
  3.635446E+00 -8.440224E-02  5.000000E-01  7.720714E-01 -1.809896E-02  0.000000E+00  7.598696E-03  2.094925E-05  1.459985E-20 -6.877633E-04  0.000000E+00
  3.668713E+00 -8.429545E-02  5.000000E-01  7.791365E-01 -1.807628E-02  0.000000E+00  7.940389E-03  2.985905E-05  2.824674E-20 -1.152207E-02  0.000000E+00
  3.701976E+00 -8.415436E-02  5.000000E-01  7.862009E-01 -1.804632E-02  0.000000E+00  8.294038E-03  4.169634E-05  9.826595E-20 -2.309071E-02  0.000000E+00
  3.735241E+00 -8.396571E-02  5.000000E-01  7.932655E-01 -1.800625E-02  0.000000E+00  8.641249E-03  6.492663E-05  2.199817E-19 -3.584205E-02  0.000000E+00
  3.768500E+00 -8.366203E-02  5.000000E-01  8.003289E-01 -1.794176E-02  0.000000E+00  8.952511E-03  1.086143E-04  4.753304E-19 -4.962357E-02  0.000000E+00
  3.801751E+00 -8.316505E-02  5.000000E-01  8.073904E-01 -1.783621E-02  0.000000E+00  9.199593E-03  1.737123E-04  6.262652E-19 -6.290922E-02  0.000000E+00
  3.834989E+00 -8.241118E-02  5.000000E-01  8.144495E-01 -1.767611E-02  0.000000E+00  9.360983E-03  2.550735E-04  8.274467E-19 -7.394035E-02  0.000000E+00
  3.868211E+00 -8.135785E-02  5.000000E-01  8.215050E-01 -1.745241E-02  0.000000E+00  9.423183E-03  3.461159E-04  1.648892E-18 -8.156696E-02  0.000000E+00
  3.901422E+00 -7.997354E-02  5.000000E-01  8.285582E-01 -1.715841E-02  0.000000E+00  9.381892E-03  4.402824E-04  1.634025E-18 -8.517899E-02  0.000000E+00
  3.934617E+00 -7.824208E-02  5.000000E-01  8.356080E-01 -1.679070E-02  0.000000E+00  9.241514E-03  5.310648E-04  4.467195E-19 -8.451242E-02  0.000000E+00
  3.967800E+00 -7.615807E-02  5.000000E-01  8.426552E-01 -1.634810E-02  0.000000E+00  9.011911E-03  6.131414E-04  5.861843E-19 -7.963992E-02  0.000000E+00
  4.000972E+00 -7.372468E-02  5.000000E-01  8.497001E-01 -1.583131E-02  0.000000E+00  8.705578E-03  6.828395E-04  1.390152E-18 -7.080468E-02  0.000000E+00
  4.034139E+00 -7.095051E-02  5.000000E-01  8.567440E-01 -1.524215E-02  0.000000E+00  8.334121E-03  7.386541E-04  6.845339E-19 -5.843962E-02  0.000000E+00
  4.067311E+00 -6.783974E-02  5.000000E-01  8.637890E-01 -1.458149E-02  0.000000E+00  7.906741E-03  7.799726E-04 -7.847685E-20 -4.303207E-02  0.000000E+00
  4.100488E+00 -6.439842E-02  5.000000E-01  8.708348E-01 -1.385064E-02  0.000000E+00  7.431217E-03  8.057480E-04 -1.835261E-18 -2.491778E-02  0.000000E+00
  4.133669E+00 -6.063621E-02  5.000000E-01  8.778818E-01 -1.305164E-02  0.000000E+00  6.914268E-03  8.152631E-04 -2.502815E-18 -4.431885E-03  0.000000E+00
  4.166856E+00 -5.656283E-02  5.000000E-01  8.849299E-01 -1.218656E-02  0.000000E+00  6.363221E-03  8.084708E-04 -1.072351E-18  1.805742E-02  0.000000E+00
  4.200049E+00 -5.219123E-02  5.000000E-01  8.919793E-01 -1.125814E-02  0.000000E+00  5.788311E-03  7.861207E-04 -2.351197E-18  4.211516E-02  0.000000E+00
  4.233242E+00 -4.753463E-02  5.000000E-01  8.990286E-01 -1.026919E-02  0.000000E+00  5.205310E-03  7.489303E-04 -2.663966E-18  6.733065E-02  0.000000E+00
  4.266405E+00 -4.263121E-02  5.000000E-01  9.060715E-01 -9.227823E-03  0.000000E+00  4.636620E-03  6.972287E-04  4.430594E-19  9.335814E-02  0.000000E+00
  4.299502E+00 -3.755997E-02  5.000000E-01  9.131007E-01 -8.150817E-03  0.000000E+00  4.107626E-03  6.333416E-04  9.054338E-19  1.196141E-01  0.000000E+00
  4.332522E+00 -3.243395E-02  5.000000E-01  9.201132E-01 -7.062174E-03  0.000000E+00  3.639833E-03  5.630145E-04  1.407950E-18  1.449932E-01  0.000000E+00
  4.365472E+00 -2.736206E-02  5.000000E-01  9.271110E-01 -5.985030E-03  0.000000E+00  3.247621E-03  4.927685E-04  1.629384E-18  1.683702E-01  0.000000E+00
  4.398350E+00 -2.245710E-02  5.000000E-01  9.340935E-01 -4.943336E-03  0.000000E+00  2.940326E-03  4.271154E-04 -1.726371E-19  1.892483E-01  0.000000E+00
  4.431155E+00 -1.783298E-02  5.000000E-01  9.410605E-01 -3.961288E-03  0.000000E+00  2.723569E-03  3.680848E-04 -1.143722E-18  2.075743E-01  0.000000E+00
  4.463888E+00 -1.361331E-02  5.000000E-01  9.480121E-01 -3.065135E-03  0.000000E+00  2.596321E-03  3.155234E-04 -1.493782E-18  2.231786E-01  0.000000E+00
  4.496579E+00 -9.893069E-03  5.000000E-01  9.549550E-01 -2.275046E-03  0.000000E+00  2.546085E-03  2.676057E-04 -1.367709E-18  2.360286E-01  0.000000E+00
  4.529252E+00 -6.738329E-03  5.000000E-01  9.618939E-01 -1.605056E-03  0.000000E+00  2.544341E-03  2.223639E-04 -7.965243E-19  2.465243E-01  0.000000E+00
  4.561929E+00 -4.178037E-03  5.000000E-01  9.688337E-01 -1.061313E-03  0.000000E+00  2.540076E-03  1.769871E-04 -2.592827E-19  2.537719E-01  0.000000E+00
  4.594574E+00 -2.240977E-03  5.000000E-01  9.757666E-01 -6.499294E-04  0.000000E+00  2.468426E-03  1.223902E-04 -4.079888E-19  2.563543E-01  0.000000E+00
  4.627203E+00 -9.474344E-04  5.000000E-01  9.826962E-01 -3.752128E-04  0.000000E+00  2.309240E-03  5.801485E-05 -1.451554E-19  2.621853E-01  0.000000E+00
  4.659162E+00 -3.209860E-04  5.000000E-01  9.894836E-01 -2.421706E-04  0.000000E+00  2.110077E-03  2.307809E-05  7.279859E-19  2.772409E-01  0.000000E+00
  4.689251E+00 -3.186596E-04  5.000000E-01  9.958737E-01 -2.416765E-04  0.000000E+00  1.809642E-03  2.259751E-05  3.714329E-18  2.467960E-01  0.000000E+00
  4.708680E+00 -6.198143E-04  5.000000E-01  1.000000E+00 -3.056344E-04  0.000000E+00  1.294007E-03 -2.006760E-05  4.264479E-18  1.170109E-01  0.000000E+00
    1    2
    2    3
    3    4
    4    5
    5    6
    6    7
    7    8
    8    9
    9   10
   10   11
   11   12
   12   13
   13   14
   14   15
   15   16
   16   17
   17   18
   18   19
   19   20
   20   21
   21   22
   22   23
   23   24
   24   25
   25   26
   26   27
   27   28
   28   29
   29   30
   30   31
   31   32
   32   33
   33   34
   34   35
   35   36
   36   37
   37   38
   38   39
   39   40
   40   41
   41   42
   42   43
   43   44
   44   45
   45   46
   46   47
   47   48
   48   49
   49   50
   50   51
   51   52
   52   53
   53   54
   54   55
   55   56
   56   57
   57   58
   58   59
   59   60
   60   61
   61   62
   62   63
   63   64
   64   65
   65   66
   66   67
   67   68
   68   69
   69   70
   70   71
   71   72
   72   73
   73   74
   74   75
   75   76
   76   77
   77   78
   78   79
   79   80
   80   81
   81   82
   82   83
   83   84
   84   85
   85   86
   86   87
   87   88
   88   89
   89   90
   90   91
   91   92
   92   93
   93   94
   94   95
   95   96
   96   97
   97   98
   98   99
   99  100
  100  101
  101  102
  102  103
  103  104
  104  105
  105  106
  106  107
  107  108
  108  109
  109  110
  110  111
  111  112
  112  113
  113  114
  114  115
  115  116
  116  117
  117  118
  118  119
  119  120
  120  121
  121  122
  122  123
  123  124
  124  125
  125  126
  126  127
  127  128
  128  129
  129  130
  130  131
  131  132
  132  133
  133  134
  134  135
  135  136
  136  137
  137  138
  138  139
  139  140
  140  141
  141  142
  142  143
  143  144
  144  145
  145  146
  146  147
  147  148
  148  149
  149  150
  151  152
  152  153
  153  154
  154  155
  155  156
  156  157
  157  158
  158  159
  159  160
  160  161
  161  162
  162  163
  163  164
  164  165
  165  166
  166  167
  167  168
  168  169
  169  170
  170  171
  171  172
  172  173
  173  174
  174  175
  175  176
  176  177
  177  178
  178  179
  179  180
  180  181
  181  182
  182  183
  183  184
  184  185
  185  186
  186  187
  187  188
  188  189
  189  190
  190  191
  191  192
  192  193
  193  194
  194  195
  195  196
  196  197
  197  198
  198  199
  199  200
  200  201
  201  202
  202  203
  203  204
  204  205
  205  206
  206  207
  207  208
  208  209
  209  210
  210  211
  211  212
  212  213
  213  214
  214  215
  215  216
  216  217
  217  218
  218  219
  219  220
  220  221
  221  222
  222  223
  223  224
  224  225
  225  226
  226  227
  227  228
  228  229
  229  230
  230  231
  231  232
  232  233
  233  234
  234  235
  235  236
  236  237
  237  238
  238  239
  239  240
  240  241
  241  242
  242  243
  243  244
  244  245
  245  246
  246  247
  247  248
  248  249
  249  250
  250  251
  251  252
  252  253
  253  254
  254  255
  255  256
  256  257
  257  258
  258  259
  259  260
  260  261
  261  262
  262  263
  263  264
  264  265
  265  266
  266  267
  267  268
  268  269
  269  270
  270  271
  271  272
  272  273
  273  274
  274  275
  275  276
  276  277
  277  278
  278  279
  279  280
  280  281
  281  282
  282  283
  283  284
  284  285
  285  286
  286  287
  287  288
  288  289
  289  290
  290  291
  291  292
  292  293
  293  294
  294  295
  295  296
  296  297
  297  298
  298  299
  299  300
