 Title = "ADflow Slice Data"
Variables =  "CoordinateX"  "CoordinateY"  "CoordinateZ"  "XoC"  "YoC"  "ZoC" "VelocityX" "VelocityY" "VelocityZ" "CoefPressure" "Mach" 
Zone T= "Slice_0001 None Absolute Regular z = 0.50000000"
 Nodes =          300  Elements=          298  ZONETYPE=FELINESEG
 DATAPACKING=POINT
  4.708680E+00 -7.813245E-04  5.000000E-01  1.000000E+00 -1.290085E-04  0.000000E+00  1.043677E-03  4.441673E-05  3.860194E-18 -9.465562E-04  0.000000E+00
  4.689187E+00  1.940814E-03  5.000000E-01  9.958602E-01  4.491068E-04  0.000000E+00  5.515300E-04 -3.139447E-05  2.513037E-18 -8.240940E-02  0.000000E+00
  4.658673E+00  6.196009E-03  5.000000E-01  9.893797E-01  1.352806E-03  0.000000E+00  1.359401E-04 -3.806348E-05  1.901371E-18 -6.291440E-02  0.000000E+00
  4.626256E+00  1.069983E-02  5.000000E-01  9.824953E-01  2.309307E-03  0.000000E+00 -2.495176E-04  2.714415E-05  7.789470E-20 -5.940695E-02  0.000000E+00
  4.593146E+00  1.527299E-02  5.000000E-01  9.754635E-01  3.280534E-03  0.000000E+00 -5.710167E-04  8.395201E-05 -1.358467E-18 -7.727537E-02  0.000000E+00
  4.560031E+00  1.981238E-02  5.000000E-01  9.684306E-01  4.244587E-03  0.000000E+00 -8.023996E-04  1.119904E-04  3.082323E-19 -9.155352E-02  0.000000E+00
  4.526891E+00  2.431497E-02  5.000000E-01  9.613924E-01  5.200828E-03  0.000000E+00 -9.645272E-04  1.291387E-04  1.754575E-18 -9.893625E-02  0.000000E+00
  4.493752E+00  2.877198E-02  5.000000E-01  9.543545E-01  6.147387E-03  0.000000E+00 -1.077087E-03  1.432473E-04  1.206246E-18 -1.057468E-01  0.000000E+00
  4.460612E+00  3.317657E-02  5.000000E-01  9.473165E-01  7.082813E-03  0.000000E+00 -1.146575E-03  1.515256E-04  1.038738E-18 -1.138079E-01  0.000000E+00
  4.427470E+00  3.752395E-02  5.000000E-01  9.402779E-01  8.006090E-03  0.000000E+00 -1.180461E-03  1.537686E-04  1.463364E-18 -1.222891E-01  0.000000E+00
  4.394325E+00  4.180474E-02  5.000000E-01  9.332388E-01  8.915226E-03  0.000000E+00 -1.190307E-03  1.523828E-04 -2.201023E-19 -1.309333E-01  0.000000E+00
  4.361178E+00  4.601311E-02  5.000000E-01  9.261991E-01  9.808980E-03  0.000000E+00 -1.187488E-03  1.493082E-04 -2.998293E-18 -1.399572E-01  0.000000E+00
  4.328027E+00  5.014170E-02  5.000000E-01  9.191586E-01  1.068579E-02  0.000000E+00 -1.180713E-03  1.454864E-04 -1.164897E-18 -1.494404E-01  0.000000E+00
  4.294876E+00  5.418234E-02  5.000000E-01  9.121181E-01  1.154392E-02  0.000000E+00 -1.175532E-03  1.416699E-04  8.231450E-20 -1.594005E-01  0.000000E+00
  4.261727E+00  5.813003E-02  5.000000E-01  9.050782E-01  1.238232E-02  0.000000E+00 -1.174557E-03  1.381602E-04  1.065977E-18 -1.698865E-01  0.000000E+00
  4.228582E+00  6.198095E-02  5.000000E-01  8.980389E-01  1.320016E-02  0.000000E+00 -1.177607E-03  1.349579E-04  1.622295E-18 -1.810700E-01  0.000000E+00
  4.195443E+00  6.572961E-02  5.000000E-01  8.910010E-01  1.399628E-02  0.000000E+00 -1.182313E-03  1.318464E-04 -8.285840E-19 -1.931098E-01  0.000000E+00
  4.162308E+00  6.937056E-02  5.000000E-01  8.839640E-01  1.476953E-02  0.000000E+00 -1.185526E-03  1.283567E-04 -7.031434E-19 -2.060052E-01  0.000000E+00
  4.129179E+00  7.290228E-02  5.000000E-01  8.769281E-01  1.551958E-02  0.000000E+00 -1.183743E-03  1.242594E-04  6.058365E-19 -2.198514E-01  0.000000E+00
  4.096054E+00  7.632259E-02  5.000000E-01  8.698933E-01  1.624597E-02  0.000000E+00 -1.172527E-03  1.192151E-04  7.946564E-19 -2.348841E-01  0.000000E+00
  4.062934E+00  7.963330E-02  5.000000E-01  8.628593E-01  1.694908E-02  0.000000E+00 -1.145308E-03  1.126903E-04  4.925845E-19 -2.515247E-01  0.000000E+00
  4.029817E+00  8.283757E-02  5.000000E-01  8.558262E-01  1.762959E-02  0.000000E+00 -1.091569E-03  1.040489E-04 -8.094520E-19 -2.704453E-01  0.000000E+00
  3.996705E+00  8.594184E-02  5.000000E-01  8.487940E-01  1.828886E-02  0.000000E+00 -9.953063E-04  9.241741E-05 -3.410037E-19 -2.923900E-01  0.000000E+00
  3.963594E+00  8.895745E-02  5.000000E-01  8.417620E-01  1.892930E-02  0.000000E+00 -8.332012E-04  7.593443E-05  1.881676E-19 -3.182146E-01  0.000000E+00
  3.930486E+00  9.190042E-02  5.000000E-01  8.347307E-01  1.955432E-02  0.000000E+00 -5.670209E-04  5.080278E-05 -3.865705E-19 -3.500298E-01  0.000000E+00
  3.897377E+00  9.479090E-02  5.000000E-01  8.276991E-01  2.016818E-02  0.000000E+00 -1.247600E-04  9.994083E-06  1.018151E-19 -3.929485E-01  0.000000E+00
  3.864269E+00  9.765653E-02  5.000000E-01  8.206678E-01  2.077677E-02  0.000000E+00  6.237738E-04 -5.766237E-05 -2.974507E-19 -4.550128E-01  0.000000E+00
  3.831161E+00  1.005283E-01  5.000000E-01  8.136366E-01  2.138668E-02  0.000000E+00  1.868754E-03 -1.682706E-04 -2.966627E-19 -5.423408E-01  0.000000E+00
  3.798054E+00  1.034457E-01  5.000000E-01  8.066054E-01  2.200625E-02  0.000000E+00  3.793604E-03 -3.422232E-04  2.596148E-18 -6.512636E-01  0.000000E+00
  3.764948E+00  1.064526E-01  5.000000E-01  7.995744E-01  2.264485E-02  0.000000E+00  6.416127E-03 -5.962944E-04  1.054909E-17 -7.659056E-01  0.000000E+00
  3.731842E+00  1.095993E-01  5.000000E-01  7.925435E-01  2.331312E-02  0.000000E+00  9.412715E-03 -9.217833E-04  2.474221E-17 -8.662749E-01  0.000000E+00
  3.698737E+00  1.129406E-01  5.000000E-01  7.855130E-01  2.402274E-02  0.000000E+00  1.217944E-02 -1.272405E-03  4.322506E-17 -9.399555E-01  0.000000E+00
  3.665634E+00  1.165117E-01  5.000000E-01  7.784827E-01  2.478114E-02  0.000000E+00  1.418057E-02 -1.581265E-03  5.742707E-17 -9.868041E-01  0.000000E+00
  3.632534E+00  1.203099E-01  5.000000E-01  7.714530E-01  2.558778E-02  0.000000E+00  1.526463E-02 -1.804992E-03  6.169712E-17 -1.014931E+00  0.000000E+00
  3.599434E+00  1.243236E-01  5.000000E-01  7.644234E-01  2.644020E-02  0.000000E+00  1.566767E-02 -1.950196E-03  5.991859E-17 -1.033389E+00  0.000000E+00
  3.566334E+00  1.285370E-01  5.000000E-01  7.573939E-01  2.733503E-02  0.000000E+00  1.576363E-02 -2.050914E-03  5.730262E-17 -1.047745E+00  0.000000E+00
  3.533236E+00  1.329275E-01  5.000000E-01  7.503646E-01  2.826747E-02  0.000000E+00  1.583590E-02 -2.137688E-03  5.967657E-17 -1.060102E+00  0.000000E+00
  3.500138E+00  1.374663E-01  5.000000E-01  7.433354E-01  2.923140E-02  0.000000E+00  1.600535E-02 -2.224048E-03  6.754320E-17 -1.070691E+00  0.000000E+00
  3.467038E+00  1.421205E-01  5.000000E-01  7.363057E-01  3.021983E-02  0.000000E+00  1.627610E-02 -2.308437E-03  7.727103E-17 -1.079031E+00  0.000000E+00
  3.433936E+00  1.468505E-01  5.000000E-01  7.292757E-01  3.122436E-02  0.000000E+00  1.660698E-02 -2.381658E-03  8.446603E-17 -1.084495E+00  0.000000E+00
  3.400832E+00  1.516103E-01  5.000000E-01  7.222453E-01  3.223523E-02  0.000000E+00  1.695744E-02 -2.433718E-03  8.794602E-17 -1.086553E+00  0.000000E+00
  3.367728E+00  1.563482E-01  5.000000E-01  7.152146E-01  3.324143E-02  0.000000E+00  1.730395E-02 -2.456589E-03  8.571099E-17 -1.084780E+00  0.000000E+00
  3.334620E+00  1.610061E-01  5.000000E-01  7.081835E-01  3.423066E-02  0.000000E+00  1.763710E-02 -2.444264E-03  7.625037E-17 -1.078806E+00  0.000000E+00
  3.301512E+00  1.655209E-01  5.000000E-01  7.011520E-01  3.518951E-02  0.000000E+00  1.795257E-02 -2.391905E-03  6.596495E-17 -1.068272E+00  0.000000E+00
  3.268401E+00  1.698253E-01  5.000000E-01  6.941202E-01  3.610365E-02  0.000000E+00  1.824467E-02 -2.294975E-03  5.790591E-17 -1.052772E+00  0.000000E+00
  3.235290E+00  1.738479E-01  5.000000E-01  6.870881E-01  3.695795E-02  0.000000E+00  1.850330E-02 -2.149230E-03  5.400102E-17 -1.031839E+00  0.000000E+00
  3.202177E+00  1.775149E-01  5.000000E-01  6.800557E-01  3.773673E-02  0.000000E+00  1.871439E-02 -1.951585E-03  5.321361E-17 -1.005015E+00  0.000000E+00
  3.169063E+00  1.807525E-01  5.000000E-01  6.730231E-01  3.842432E-02  0.000000E+00  1.886282E-02 -1.701313E-03  5.094788E-17 -9.720091E-01  0.000000E+00
  3.135947E+00  1.834870E-01  5.000000E-01  6.659902E-01  3.900507E-02  0.000000E+00  1.892747E-02 -1.406205E-03  4.777424E-17 -9.333282E-01  0.000000E+00
  3.102831E+00  1.856681E-01  5.000000E-01  6.589571E-01  3.946827E-02  0.000000E+00  1.887918E-02 -1.089863E-03  4.398779E-17 -8.909219E-01  0.000000E+00
  3.069714E+00  1.873019E-01  5.000000E-01  6.519238E-01  3.981524E-02  0.000000E+00  1.871339E-02 -7.759661E-04  3.888559E-17 -8.468634E-01  0.000000E+00
  3.036593E+00  1.884054E-01  5.000000E-01  6.448899E-01  4.004961E-02  0.000000E+00  1.845721E-02 -4.749689E-04  3.221723E-17 -8.021971E-01  0.000000E+00
  3.003475E+00  1.889968E-01  5.000000E-01  6.378564E-01  4.017521E-02  0.000000E+00  1.813855E-02 -1.913249E-04  2.308742E-17 -7.574174E-01  0.000000E+00
  2.970356E+00  1.890941E-01  5.000000E-01  6.308227E-01  4.019587E-02  0.000000E+00  1.777395E-02  7.198658E-05  1.227219E-17 -7.128097E-01  0.000000E+00
  2.937236E+00  1.887182E-01  5.000000E-01  6.237888E-01  4.011604E-02  0.000000E+00  1.737024E-02  3.130134E-04  1.638257E-18 -6.685552E-01  0.000000E+00
  2.904117E+00  1.878900E-01  5.000000E-01  6.167550E-01  3.994015E-02  0.000000E+00  1.692973E-02  5.306714E-04 -7.131057E-18 -6.247707E-01  0.000000E+00
  2.870996E+00  1.866312E-01  5.000000E-01  6.097211E-01  3.967281E-02  0.000000E+00  1.645334E-02  7.239768E-04 -1.291619E-17 -5.815766E-01  0.000000E+00
  2.837877E+00  1.849645E-01  5.000000E-01  6.026873E-01  3.931884E-02  0.000000E+00  1.594274E-02  8.923869E-04 -1.479004E-17 -5.390867E-01  0.000000E+00
  2.804757E+00  1.829125E-01  5.000000E-01  5.956535E-01  3.888305E-02  0.000000E+00  1.540044E-02  1.035656E-03 -1.329805E-17 -4.974255E-01  0.000000E+00
  2.771639E+00  1.804991E-01  5.000000E-01  5.886200E-01  3.837050E-02  0.000000E+00  1.482961E-02  1.154044E-03 -1.020386E-17 -4.566990E-01  0.000000E+00
  2.738522E+00  1.777470E-01  5.000000E-01  5.815868E-01  3.778603E-02  0.000000E+00  1.423325E-02  1.248002E-03 -5.812303E-18 -4.170120E-01  0.000000E+00
  2.705406E+00  1.746806E-01  5.000000E-01  5.745537E-01  3.713479E-02  0.000000E+00  1.361401E-02  1.318173E-03 -6.545871E-19 -3.784400E-01  0.000000E+00
  2.672292E+00  1.713236E-01  5.000000E-01  5.675212E-01  3.642184E-02  0.000000E+00  1.297457E-02  1.365615E-03  1.907613E-18 -3.409790E-01  0.000000E+00
  2.639177E+00  1.676996E-01  5.000000E-01  5.604885E-01  3.565220E-02  0.000000E+00  1.231764E-02  1.391418E-03  2.909745E-18 -3.045993E-01  0.000000E+00
  2.606068E+00  1.638331E-01  5.000000E-01  5.534568E-01  3.483105E-02  0.000000E+00  1.164595E-02  1.395761E-03  1.376865E-18 -2.694157E-01  0.000000E+00
  2.572958E+00  1.597535E-01  5.000000E-01  5.464251E-01  3.396464E-02  0.000000E+00  1.096280E-02  1.377674E-03 -2.158296E-19 -2.358210E-01  0.000000E+00
  2.539852E+00  1.555029E-01  5.000000E-01  5.393941E-01  3.306191E-02  0.000000E+00  1.027464E-02  1.338367E-03  2.735850E-19 -2.041666E-01  0.000000E+00
  2.506749E+00  1.511216E-01  5.000000E-01  5.323639E-01  3.213145E-02  0.000000E+00  9.590270E-03  1.281563E-03  4.567917E-19 -1.746191E-01  0.000000E+00
  2.473650E+00  1.466500E-01  5.000000E-01  5.253345E-01  3.118179E-02  0.000000E+00  8.917653E-03  1.211081E-03 -1.470196E-19 -1.473212E-01  0.000000E+00
  2.440554E+00  1.421271E-01  5.000000E-01  5.183057E-01  3.022122E-02  0.000000E+00  8.263181E-03  1.130403E-03 -1.135559E-18 -1.223689E-01  0.000000E+00
  2.407460E+00  1.375922E-01  5.000000E-01  5.112774E-01  2.925813E-02  0.000000E+00  7.631709E-03  1.042723E-03 -8.026474E-19 -9.976838E-02  0.000000E+00
  2.374373E+00  1.330835E-01  5.000000E-01  5.042505E-01  2.830060E-02  0.000000E+00  7.026610E-03  9.508583E-04 -4.369530E-19 -7.948969E-02  0.000000E+00
  2.341286E+00  1.286379E-01  5.000000E-01  4.972236E-01  2.735645E-02  0.000000E+00  6.450277E-03  8.569299E-04  7.623621E-19 -6.154024E-02  0.000000E+00
  2.308194E+00  1.242941E-01  5.000000E-01  4.901958E-01  2.643393E-02  0.000000E+00  5.904968E-03  7.627520E-04 -1.464926E-19 -4.594307E-02  0.000000E+00
  2.275097E+00  1.200927E-01  5.000000E-01  4.831667E-01  2.554167E-02  0.000000E+00  5.393253E-03  6.700844E-04 -1.285358E-18 -3.268740E-02  0.000000E+00
  2.241991E+00  1.160755E-01  5.000000E-01  4.761359E-01  2.468852E-02  0.000000E+00  4.917973E-03  5.805529E-04  1.162776E-18 -2.174185E-02  0.000000E+00
  2.208879E+00  1.122851E-01  5.000000E-01  4.691038E-01  2.388352E-02  0.000000E+00  4.482198E-03  4.955822E-04  1.092433E-18 -1.307456E-02  0.000000E+00
  2.175760E+00  1.087643E-01  5.000000E-01  4.620701E-01  2.313578E-02  0.000000E+00  4.089328E-03  4.161794E-04 -7.959113E-19 -6.654384E-03  0.000000E+00
  2.142637E+00  1.055572E-01  5.000000E-01  4.550355E-01  2.245467E-02  0.000000E+00  3.742936E-03  3.428705E-04 -1.589109E-19 -2.570956E-03  0.000000E+00
  2.109507E+00  1.027079E-01  5.000000E-01  4.479994E-01  2.184957E-02  0.000000E+00  3.446817E-03  2.761470E-04  3.086195E-19 -1.084335E-03  0.000000E+00
  2.076374E+00  1.002609E-01  5.000000E-01  4.409628E-01  2.132987E-02  0.000000E+00  3.204820E-03  2.177106E-04  3.354649E-19 -2.135630E-03  0.000000E+00
  2.043241E+00  9.821984E-02  5.000000E-01  4.339262E-01  2.089641E-02  0.000000E+00  3.018543E-03  1.695485E-04  3.018521E-19 -5.211462E-03  0.000000E+00
  2.010106E+00  9.654877E-02  5.000000E-01  4.268892E-01  2.054151E-02  0.000000E+00  2.885452E-03  1.312838E-04 -7.997761E-20 -9.958125E-03  0.000000E+00
  1.976970E+00  9.520977E-02  5.000000E-01  4.198519E-01  2.025714E-02  0.000000E+00  2.800549E-03  1.008367E-04 -3.677476E-19 -1.624162E-02  0.000000E+00
  1.943835E+00  9.416486E-02  5.000000E-01  4.128148E-01  2.003523E-02  0.000000E+00  2.758461E-03  7.636386E-05 -3.288576E-19 -2.389547E-02  0.000000E+00
  1.910699E+00  9.337576E-02  5.000000E-01  4.057776E-01  1.986764E-02  0.000000E+00  2.754172E-03  5.645402E-05  3.632551E-21 -3.272708E-02  0.000000E+00
  1.877561E+00  9.280571E-02  5.000000E-01  3.987399E-01  1.974658E-02  0.000000E+00  2.783391E-03  4.013746E-05  1.280370E-19 -4.260892E-02  0.000000E+00
  1.844424E+00  9.241734E-02  5.000000E-01  3.917025E-01  1.966410E-02  0.000000E+00  2.842971E-03  2.694621E-05  4.910363E-20 -5.352068E-02  0.000000E+00
  1.811282E+00  9.217441E-02  5.000000E-01  3.846638E-01  1.961251E-02  0.000000E+00  2.931049E-03  1.650405E-05 -5.640876E-20 -6.538193E-02  0.000000E+00
  1.778139E+00  9.204163E-02  5.000000E-01  3.776250E-01  1.958431E-02  0.000000E+00  3.046211E-03  8.680885E-06 -1.681156E-21 -7.805735E-02  0.000000E+00
  1.744992E+00  9.198278E-02  5.000000E-01  3.705854E-01  1.957181E-02  0.000000E+00  3.186799E-03  3.686389E-06  4.377519E-21 -9.146693E-02  0.000000E+00
  1.711843E+00  9.196290E-02  5.000000E-01  3.635455E-01  1.956759E-02  0.000000E+00  3.350734E-03  1.796324E-06  2.447286E-20 -1.054895E-01  0.000000E+00
  1.678692E+00  9.194589E-02  5.000000E-01  3.565049E-01  1.956397E-02  0.000000E+00  3.534951E-03  3.454514E-06  1.267606E-20 -1.199780E-01  0.000000E+00
  1.645539E+00  9.189707E-02  5.000000E-01  3.494640E-01  1.955361E-02  0.000000E+00  3.734999E-03  9.347977E-06 -1.964078E-20 -1.347390E-01  0.000000E+00
  1.612385E+00  9.178006E-02  5.000000E-01  3.424231E-01  1.952876E-02  0.000000E+00  3.944660E-03  2.027034E-05 -4.833791E-20 -1.494183E-01  0.000000E+00
  1.579236E+00  9.155882E-02  5.000000E-01  3.353830E-01  1.948177E-02  0.000000E+00  4.155442E-03  3.673634E-05  5.094295E-20 -1.635353E-01  0.000000E+00
  1.546090E+00  9.119719E-02  5.000000E-01  3.283436E-01  1.940497E-02  0.000000E+00  4.356915E-03  5.803025E-05  3.064326E-20 -1.767878E-01  0.000000E+00
  1.512946E+00  9.067775E-02  5.000000E-01  3.213046E-01  1.929465E-02  0.000000E+00  4.538975E-03  8.254757E-05  2.177053E-20 -1.890824E-01  0.000000E+00
  1.479807E+00  8.999344E-02  5.000000E-01  3.142666E-01  1.914932E-02  0.000000E+00  4.693776E-03  1.092141E-04  1.229015E-19 -2.002506E-01  0.000000E+00
  1.446672E+00  8.913699E-02  5.000000E-01  3.072296E-01  1.896743E-02  0.000000E+00  4.815118E-03  1.374956E-04  2.974901E-19 -2.101216E-01  0.000000E+00
  1.413540E+00  8.810158E-02  5.000000E-01  3.001932E-01  1.874754E-02  0.000000E+00  4.897733E-03  1.668061E-04  4.716911E-19 -2.185643E-01  0.000000E+00
  1.380413E+00  8.688035E-02  5.000000E-01  2.931579E-01  1.848818E-02  0.000000E+00  4.936812E-03  1.963274E-04  3.835369E-19 -2.254260E-01  0.000000E+00
  1.347294E+00  8.546636E-02  5.000000E-01  2.861242E-01  1.818788E-02  0.000000E+00  4.927406E-03  2.250762E-04  2.882551E-19 -2.306212E-01  0.000000E+00
  1.314179E+00  8.385281E-02  5.000000E-01  2.790915E-01  1.784520E-02  0.000000E+00  4.864746E-03  2.519112E-04  2.341119E-20 -2.341641E-01  0.000000E+00
  1.281074E+00  8.203418E-02  5.000000E-01  2.720606E-01  1.745897E-02  0.000000E+00  4.744936E-03  2.755137E-04 -9.703594E-19 -2.360873E-01  0.000000E+00
  1.247974E+00  8.000444E-02  5.000000E-01  2.650310E-01  1.702790E-02  0.000000E+00  4.565033E-03  2.944074E-04 -6.707133E-19 -2.364860E-01  0.000000E+00
  1.214880E+00  7.775928E-02  5.000000E-01  2.580028E-01  1.655109E-02  0.000000E+00  4.323282E-03  3.071808E-04  2.291292E-19 -2.355913E-01  0.000000E+00
  1.181795E+00  7.529420E-02  5.000000E-01  2.509763E-01  1.602756E-02  0.000000E+00  4.019917E-03  3.125728E-04  5.204497E-19 -2.337142E-01  0.000000E+00
  1.148718E+00  7.260479E-02  5.000000E-01  2.439516E-01  1.545640E-02  0.000000E+00  3.657956E-03  3.093539E-04  5.662516E-19 -2.312008E-01  0.000000E+00
  1.115646E+00  6.968718E-02  5.000000E-01  2.369279E-01  1.483677E-02  0.000000E+00  3.244169E-03  2.967576E-04  3.195131E-20 -2.285102E-01  0.000000E+00
  1.082583E+00  6.653792E-02  5.000000E-01  2.299061E-01  1.416795E-02  0.000000E+00  2.790216E-03  2.748712E-04  1.190320E-19 -2.261958E-01  0.000000E+00
  1.049524E+00  6.315240E-02  5.000000E-01  2.228852E-01  1.344894E-02  0.000000E+00  2.312083E-03  2.444336E-04  2.608954E-19 -2.247187E-01  0.000000E+00
  1.016475E+00  5.952668E-02  5.000000E-01  2.158665E-01  1.267893E-02  0.000000E+00  1.826204E-03  2.062446E-04 -7.874973E-19 -2.245236E-01  0.000000E+00
  9.834318E-01  5.565689E-02  5.000000E-01  2.088488E-01  1.185708E-02  0.000000E+00  1.344966E-03  1.606388E-04  9.107397E-19 -2.264924E-01  0.000000E+00
  9.503976E-01  5.159058E-02  5.000000E-01  2.018331E-01  1.099350E-02  0.000000E+00  8.757659E-04  1.086911E-04  1.888783E-18 -2.316823E-01  0.000000E+00
  9.173728E-01  4.741848E-02  5.000000E-01  1.948195E-01  1.010745E-02  0.000000E+00  4.225686E-04  5.337938E-05 -6.994282E-19 -2.405668E-01  0.000000E+00
  8.843598E-01  4.322455E-02  5.000000E-01  1.878083E-01  9.216757E-03  0.000000E+00 -1.204734E-05 -1.399698E-06 -1.360488E-18 -2.531129E-01  0.000000E+00
  8.513623E-01  3.908097E-02  5.000000E-01  1.808005E-01  8.336762E-03  0.000000E+00 -4.244739E-04 -5.228063E-05 -2.400003E-18 -2.690353E-01  0.000000E+00
  8.183794E-01  3.504740E-02  5.000000E-01  1.737957E-01  7.480132E-03  0.000000E+00 -8.092876E-04 -9.667392E-05 -3.402002E-18 -2.879289E-01  0.000000E+00
  7.854121E-01  3.117235E-02  5.000000E-01  1.667943E-01  6.657168E-03  0.000000E+00 -1.160596E-03 -1.325374E-04 -2.469744E-18 -3.093730E-01  0.000000E+00
  7.524593E-01  2.749339E-02  5.000000E-01  1.597959E-01  5.875846E-03  0.000000E+00 -1.474613E-03 -1.590667E-04 -1.416293E-18 -3.327351E-01  0.000000E+00
  7.195226E-01  2.403890E-02  5.000000E-01  1.528010E-01  5.142197E-03  0.000000E+00 -1.751792E-03 -1.767682E-04 -4.197879E-19 -3.572823E-01  0.000000E+00
  6.866079E-01  2.082831E-02  5.000000E-01  1.458107E-01  4.460346E-03  0.000000E+00 -1.996507E-03 -1.866304E-04  8.148456E-19 -3.825551E-01  0.000000E+00
  6.537221E-01  1.787203E-02  5.000000E-01  1.388265E-01  3.832506E-03  0.000000E+00 -2.215416E-03 -1.901421E-04  9.142524E-19 -4.083169E-01  0.000000E+00
  6.208691E-01  1.517274E-02  5.000000E-01  1.318494E-01  3.259243E-03  0.000000E+00 -2.415681E-03 -1.889109E-04  3.566950E-19 -4.345082E-01  0.000000E+00
  5.880524E-01  1.272741E-02  5.000000E-01  1.248799E-01  2.739914E-03  0.000000E+00 -2.603075E-03 -1.839920E-04  3.502294E-19 -4.612798E-01  0.000000E+00
  5.552711E-01  1.052919E-02  5.000000E-01  1.179180E-01  2.273067E-03  0.000000E+00 -2.781244E-03 -1.761982E-04  1.564744E-18 -4.887510E-01  0.000000E+00
  5.225283E-01  8.569679E-03  5.000000E-01  1.109642E-01  1.856915E-03  0.000000E+00 -2.952012E-03 -1.662371E-04  2.011684E-18 -5.169196E-01  0.000000E+00
  4.898261E-01  6.837844E-03  5.000000E-01  1.040191E-01  1.489116E-03  0.000000E+00 -3.115538E-03 -1.545192E-04  1.274206E-18 -5.457646E-01  0.000000E+00
  4.571624E-01  5.322847E-03  5.000000E-01  9.708209E-02  1.167367E-03  0.000000E+00 -3.270203E-03 -1.411877E-04  1.000267E-18 -5.752932E-01  0.000000E+00
  4.245350E-01  4.015244E-03  5.000000E-01  9.015284E-02  8.896648E-04  0.000000E+00 -3.412596E-03 -1.261388E-04  7.471000E-19 -6.055324E-01  0.000000E+00
  3.919369E-01  2.909059E-03  5.000000E-01  8.322981E-02  6.547382E-04  0.000000E+00 -3.537978E-03 -1.092451E-04  5.849798E-19 -6.364822E-01  0.000000E+00
  3.593832E-01  2.001059E-03  5.000000E-01  7.631621E-02  4.619014E-04  0.000000E+00 -3.641102E-03 -9.085489E-05 -1.393944E-19 -6.681072E-01  0.000000E+00
  3.269046E-01  1.284535E-03  5.000000E-01  6.941854E-02  3.097292E-04  0.000000E+00 -3.717415E-03 -7.211847E-05 -1.338598E-18 -7.003808E-01  0.000000E+00
  2.945750E-01  7.428908E-04  5.000000E-01  6.255253E-02  1.946974E-04  0.000000E+00 -3.765194E-03 -5.470995E-05 -2.461824E-18 -7.333097E-01  0.000000E+00
  2.624265E-01  3.479806E-04  5.000000E-01  5.572497E-02  1.108281E-04  0.000000E+00 -3.789592E-03 -3.860427E-05 -1.268668E-18 -7.669153E-01  0.000000E+00
  2.304268E-01  8.761642E-05  5.000000E-01  4.892903E-02  5.553318E-05  0.000000E+00 -3.808521E-03 -2.262244E-05  8.171890E-18 -8.011708E-01  0.000000E+00
  1.986088E-01 -3.370714E-05  5.000000E-01  4.217167E-02  2.976703E-05  0.000000E+00 -3.854887E-03 -5.342314E-06  2.858203E-17 -8.363836E-01  0.000000E+00
  1.669282E-01  7.224080E-07  5.000000E-01  3.544349E-02  3.707902E-05  0.000000E+00 -3.975950E-03  2.224900E-05  2.106911E-17 -8.733168E-01  0.000000E+00
  1.350509E-01  3.052533E-04  5.000000E-01  2.867354E-02  1.017539E-04  0.000000E+00 -4.234470E-03  6.199832E-05 -1.449158E-16 -9.125612E-01  0.000000E+00
  1.043791E-01  9.011206E-04  5.000000E-01  2.215959E-02  2.283015E-04  0.000000E+00 -4.683413E-03  9.089985E-05 -5.652766E-16 -9.567624E-01  0.000000E+00
  7.632629E-02  1.499154E-03  5.000000E-01  1.620187E-02  3.553090E-04  0.000000E+00 -5.361053E-03  1.134030E-04 -7.181243E-16 -1.008919E+00  0.000000E+00
  5.118571E-02  2.041839E-03  5.000000E-01  1.086263E-02  4.705620E-04  0.000000E+00 -6.394432E-03  1.378014E-04  1.025275E-15 -1.063064E+00  0.000000E+00
  3.264831E-02  2.395995E-03  5.000000E-01  6.925739E-03  5.457761E-04  0.000000E+00 -7.963828E-03  6.633192E-05  5.746276E-15 -1.109273E+00  0.000000E+00
  2.051015E-02  2.368579E-03  5.000000E-01  4.347893E-03  5.399535E-04  0.000000E+00 -9.929553E-03 -2.164856E-04  9.893760E-15 -1.150535E+00  0.000000E+00
  1.247723E-02  2.087123E-03  5.000000E-01  2.641898E-03  4.801792E-04  0.000000E+00 -1.086683E-02 -6.532221E-04  1.482136E-15 -1.207712E+00  0.000000E+00
  7.055255E-03  1.696651E-03  5.000000E-01  1.490404E-03  3.972527E-04  0.000000E+00 -5.150051E-03 -4.205402E-04 -4.033518E-14 -1.299345E+00  0.000000E+00
  3.418635E-03  1.212573E-03  5.000000E-01  7.180754E-04  2.944464E-04  0.000000E+00  1.876644E-02  5.237397E-03 -1.172811E-13 -1.390590E+00  0.000000E+00
  1.108798E-03  5.993897E-04  5.000000E-01  2.275226E-04  1.642213E-04  0.000000E+00  5.933027E-02  3.896145E-02 -1.511572E-13 -1.284607E+00  0.000000E+00
  3.747479E-05 -1.738695E-04  5.000000E-01  0.000000E+00  0.000000E+00  0.000000E+00  2.664198E-02  1.060408E-01 -9.408485E-14 -3.119287E-01  0.000000E+00
  3.747479E-05 -1.738695E-04  5.000000E-01  0.000000E+00  0.000000E+00  0.000000E+00  2.664198E-02  1.060408E-01 -9.408485E-14 -3.119287E-01  0.000000E+00
  2.534065E-04 -1.214906E-03  5.000000E-01  4.585858E-05 -2.210907E-04  0.000000E+00 -4.384786E-02  9.861959E-02  3.738777E-14  8.083471E-01  0.000000E+00
  1.848580E-03 -2.606233E-03  5.000000E-01  3.846343E-04 -5.165744E-04  0.000000E+00 -4.606715E-02  3.587141E-02  1.153033E-13  1.123999E+00  0.000000E+00
  4.867645E-03 -4.377906E-03  5.000000E-01  1.025809E-03 -8.928340E-04  0.000000E+00 -2.157651E-02  1.211991E-02  8.136221E-14  1.150197E+00  0.000000E+00
  9.380877E-03 -6.611807E-03  5.000000E-01  1.984309E-03 -1.367260E-03  0.000000E+00 -4.087858E-03  2.075250E-03  3.645758E-14  1.127972E+00  0.000000E+00
  1.589077E-02 -9.530295E-03  5.000000E-01  3.366850E-03 -1.987075E-03  0.000000E+00  5.083703E-03 -2.150495E-03  1.186639E-14  1.071052E+00  0.000000E+00
  2.547297E-02 -1.350879E-02  5.000000E-01  5.401873E-03 -2.832009E-03  0.000000E+00  8.967067E-03 -3.580490E-03  4.747607E-15  9.930263E-01  0.000000E+00
  3.989163E-02 -1.908403E-02  5.000000E-01  8.464044E-03 -4.016053E-03  0.000000E+00  1.028857E-02 -3.837957E-03  3.282258E-15  8.992166E-01  0.000000E+00
  6.092142E-02 -2.666281E-02  5.000000E-01  1.293025E-02 -5.625601E-03  0.000000E+00  1.078962E-02 -3.778950E-03  1.056272E-15  7.955234E-01  0.000000E+00
  8.832839E-02 -3.599433E-02  5.000000E-01  1.875082E-02 -7.607386E-03  0.000000E+00  1.131417E-02 -3.761690E-03 -1.063539E-15  6.900973E-01  0.000000E+00
  1.189914E-01 -4.595665E-02  5.000000E-01  2.526288E-02 -9.723137E-03  0.000000E+00  1.212443E-02 -3.852030E-03 -1.496262E-15  5.891019E-01  0.000000E+00
  1.511926E-01 -5.597127E-02  5.000000E-01  3.210163E-02 -1.185000E-02  0.000000E+00  1.321184E-02 -4.014753E-03 -8.142079E-16  4.952999E-01  0.000000E+00
  1.838450E-01 -6.568421E-02  5.000000E-01  3.903620E-02 -1.391279E-02  0.000000E+00  1.446830E-02 -4.183283E-03 -1.383379E-16  4.059686E-01  0.000000E+00
  2.165049E-01 -7.488669E-02  5.000000E-01  4.597236E-02 -1.586717E-02  0.000000E+00  1.576654E-02 -4.287927E-03  1.287671E-16  3.173831E-01  0.000000E+00
  2.491496E-01 -8.347612E-02  5.000000E-01  5.290529E-02 -1.769135E-02  0.000000E+00  1.701462E-02 -4.295677E-03  1.229784E-16  2.295905E-01  0.000000E+00
  2.819003E-01 -9.142373E-02  5.000000E-01  5.986074E-02 -1.937923E-02  0.000000E+00  1.816807E-02 -4.207023E-03  4.615771E-17  1.442621E-01  0.000000E+00
  3.147601E-01 -9.869377E-02  5.000000E-01  6.683936E-02 -2.092321E-02  0.000000E+00  1.921785E-02 -4.032159E-03 -4.321355E-19  6.174037E-02  0.000000E+00
  3.477303E-01 -1.052591E-01  5.000000E-01  7.384142E-02 -2.231753E-02  0.000000E+00  2.017849E-02 -3.782387E-03 -7.813043E-18 -1.873300E-02  0.000000E+00
  3.807756E-01 -1.110909E-01  5.000000E-01  8.085941E-02 -2.355606E-02  0.000000E+00  2.106668E-02 -3.462780E-03 -4.577018E-18 -9.819155E-02  0.000000E+00
  4.138291E-01 -1.161473E-01  5.000000E-01  8.787917E-02 -2.462990E-02  0.000000E+00  2.187230E-02 -3.068880E-03 -4.551494E-18 -1.771372E-01  0.000000E+00
  4.468689E-01 -1.203869E-01  5.000000E-01  9.489602E-02 -2.553029E-02  0.000000E+00  2.253360E-02 -2.595616E-03 -2.715486E-18 -2.544247E-01  0.000000E+00
  4.799091E-01 -1.237785E-01  5.000000E-01  1.019130E-01 -2.625058E-02  0.000000E+00  2.291154E-02 -2.044477E-03 -1.115738E-18 -3.267851E-01  0.000000E+00
  5.129612E-01 -1.262979E-01  5.000000E-01  1.089324E-01 -2.678564E-02  0.000000E+00  2.279676E-02 -1.430564E-03 -2.088292E-18 -3.884110E-01  0.000000E+00
  5.460360E-01 -1.279285E-01  5.000000E-01  1.159567E-01 -2.713194E-02  0.000000E+00  2.199598E-02 -7.923668E-04 -2.602077E-18 -4.302467E-01  0.000000E+00
  5.791347E-01 -1.286607E-01  5.000000E-01  1.229860E-01 -2.728744E-02  0.000000E+00  2.047278E-02 -1.886198E-04 -2.099627E-18 -4.409422E-01  0.000000E+00
  6.122565E-01 -1.284922E-01  5.000000E-01  1.300203E-01 -2.725166E-02  0.000000E+00  1.842571E-02  3.244018E-04 -1.376215E-18 -4.115029E-01  0.000000E+00
  6.454013E-01 -1.274299E-01  5.000000E-01  1.370594E-01 -2.702606E-02  0.000000E+00  1.618408E-02  7.163598E-04 -1.262648E-18 -3.422427E-01  0.000000E+00
  6.785693E-01 -1.254931E-01  5.000000E-01  1.441035E-01 -2.661472E-02  0.000000E+00  1.399862E-02  9.833191E-04 -1.644725E-18 -2.457507E-01  0.000000E+00
  7.117575E-01 -1.227162E-01  5.000000E-01  1.511518E-01 -2.602499E-02  0.000000E+00  1.195345E-02  1.133588E-03 -1.110993E-18 -1.409369E-01  0.000000E+00
  7.449560E-01 -1.191521E-01  5.000000E-01  1.582024E-01 -2.526806E-02  0.000000E+00  1.001951E-02  1.175422E-03  6.916387E-19 -4.209198E-02  0.000000E+00
  7.781569E-01 -1.148753E-01  5.000000E-01  1.652535E-01 -2.435977E-02  0.000000E+00  8.155030E-03  1.117389E-03  1.228500E-18  4.707083E-02  0.000000E+00
  8.113578E-01 -1.099881E-01  5.000000E-01  1.723045E-01 -2.332184E-02  0.000000E+00  6.381488E-03  9.780811E-04 -1.408072E-18  1.298045E-01  0.000000E+00
  8.445597E-01 -1.046273E-01  5.000000E-01  1.793558E-01 -2.218334E-02  0.000000E+00  4.778929E-03  7.891211E-04 -1.883900E-18  2.089301E-01  0.000000E+00
  8.777625E-01 -9.897150E-02  5.000000E-01  1.864072E-01 -2.098219E-02  0.000000E+00  3.436930E-03  5.887393E-04 -1.025584E-18  2.834203E-01  0.000000E+00
  9.109638E-01 -9.324536E-02  5.000000E-01  1.934584E-01 -1.976610E-02  0.000000E+00  2.410848E-03  4.102320E-04 -1.764543E-18  3.501574E-01  0.000000E+00
  9.441676E-01 -8.772261E-02  5.000000E-01  2.005100E-01 -1.859320E-02  0.000000E+00  1.712074E-03  2.733855E-04 -1.037784E-18  4.069844E-01  0.000000E+00
  9.773746E-01 -8.272837E-02  5.000000E-01  2.075624E-01 -1.753255E-02  0.000000E+00  1.320705E-03  1.822659E-04  6.738605E-19  4.538972E-01  0.000000E+00
  1.010583E+00 -7.863167E-02  5.000000E-01  2.146150E-01 -1.666251E-02  0.000000E+00  1.198805E-03  1.274089E-04 -1.061469E-20  4.912493E-01  0.000000E+00
  1.043798E+00 -7.568860E-02  5.000000E-01  2.216690E-01 -1.603747E-02  0.000000E+00  1.297527E-03  9.055168E-05 -1.047957E-18  5.184626E-01  0.000000E+00
  1.077015E+00 -7.392395E-02  5.000000E-01  2.287237E-01 -1.566270E-02  0.000000E+00  1.569681E-03  5.233516E-05 -3.758816E-19  5.366478E-01  0.000000E+00
  1.110238E+00 -7.333150E-02  5.000000E-01  2.357793E-01 -1.553688E-02  0.000000E+00  1.983448E-03 -3.538764E-06  8.613882E-20  5.484449E-01  0.000000E+00
  1.143462E+00 -7.389388E-02  5.000000E-01  2.428354E-01 -1.565632E-02  0.000000E+00  2.521972E-03 -9.052245E-05  3.986897E-19  5.550176E-01  0.000000E+00
  1.176693E+00 -7.558253E-02  5.000000E-01  2.498927E-01 -1.601495E-02  0.000000E+00  3.175598E-03 -2.188603E-04  1.931004E-19  5.560834E-01  0.000000E+00
  1.209925E+00 -7.835534E-02  5.000000E-01  2.569505E-01 -1.660382E-02  0.000000E+00  3.937373E-03 -3.955194E-04 -2.371370E-19  5.510600E-01  0.000000E+00
  1.243158E+00 -8.215469E-02  5.000000E-01  2.640083E-01 -1.741071E-02  0.000000E+00  4.801936E-03 -6.244167E-04  1.030550E-18  5.395873E-01  0.000000E+00
  1.276395E+00 -8.690920E-02  5.000000E-01  2.710670E-01 -1.842045E-02  0.000000E+00  5.765381E-03 -9.063175E-04  1.681541E-18  5.214464E-01  0.000000E+00
  1.309630E+00 -9.252977E-02  5.000000E-01  2.781254E-01 -1.961412E-02  0.000000E+00  6.824960E-03 -1.238467E-03 -1.590066E-18  4.963891E-01  0.000000E+00
  1.342868E+00 -9.891184E-02  5.000000E-01  2.851842E-01 -2.096952E-02  0.000000E+00  7.978544E-03 -1.614400E-03 -1.971856E-18  4.641349E-01  0.000000E+00
  1.376108E+00 -1.059355E-01  5.000000E-01  2.922436E-01 -2.246118E-02  0.000000E+00  9.223071E-03 -2.023205E-03  1.670468E-18  4.243440E-01  0.000000E+00
  1.409347E+00 -1.134630E-01  5.000000E-01  2.993027E-01 -2.405983E-02  0.000000E+00  1.055196E-02 -2.448746E-03  1.281958E-18  3.767278E-01  0.000000E+00
  1.442589E+00 -1.213443E-01  5.000000E-01  3.063625E-01 -2.573363E-02  0.000000E+00  1.195099E-02 -2.868840E-03  5.758457E-19  3.211744E-01  0.000000E+00
  1.475831E+00 -1.294155E-01  5.000000E-01  3.134222E-01 -2.744775E-02  0.000000E+00  1.339339E-02 -3.254299E-03  4.386436E-18  2.577888E-01  0.000000E+00
  1.509072E+00 -1.375025E-01  5.000000E-01  3.204819E-01 -2.916522E-02  0.000000E+00  1.483757E-02 -3.569569E-03  3.402987E-18  1.870725E-01  0.000000E+00
  1.542314E+00 -1.454239E-01  5.000000E-01  3.275416E-01 -3.084753E-02  0.000000E+00  1.623155E-02 -3.777399E-03  2.148375E-18  1.100663E-01  0.000000E+00
  1.575558E+00 -1.529961E-01  5.000000E-01  3.346018E-01 -3.245568E-02  0.000000E+00  1.753120E-02 -3.857083E-03  3.318507E-18  2.893188E-02  0.000000E+00
  1.608800E+00 -1.600729E-01  5.000000E-01  3.416616E-01 -3.395862E-02  0.000000E+00  1.872231E-02 -3.823709E-03 -9.576355E-19 -5.282447E-02  0.000000E+00
  1.642044E+00 -1.665949E-01  5.000000E-01  3.487219E-01 -3.534374E-02  0.000000E+00  1.980310E-02 -3.698102E-03 -2.018836E-18 -1.332599E-01  0.000000E+00
  1.675286E+00 -1.725102E-01  5.000000E-01  3.557816E-01 -3.660001E-02  0.000000E+00  2.076435E-02 -3.483336E-03  7.760072E-20 -2.130991E-01  0.000000E+00
  1.708526E+00 -1.777686E-01  5.000000E-01  3.628410E-01 -3.771677E-02  0.000000E+00  2.159953E-02 -3.180614E-03  3.006631E-19 -2.934611E-01  0.000000E+00
  1.741762E+00 -1.823189E-01  5.000000E-01  3.698996E-01 -3.868312E-02  0.000000E+00  2.231658E-02 -2.794259E-03  2.589867E-18 -3.749987E-01  0.000000E+00
  1.774995E+00 -1.861093E-01  5.000000E-01  3.769573E-01 -3.948811E-02  0.000000E+00  2.296115E-02 -2.333322E-03  3.887803E-18 -4.578693E-01  0.000000E+00
  1.808227E+00 -1.890906E-01  5.000000E-01  3.840150E-01 -4.012128E-02  0.000000E+00  2.363986E-02 -1.807867E-03  4.710276E-18 -5.420687E-01  0.000000E+00
  1.841453E+00 -1.912117E-01  5.000000E-01  3.910715E-01 -4.057173E-02  0.000000E+00  2.450172E-02 -1.219011E-03  6.671928E-18 -6.276928E-01  0.000000E+00
  1.874678E+00 -1.924225E-01  5.000000E-01  3.981276E-01 -4.082888E-02  0.000000E+00  2.559885E-02 -5.502894E-04  5.979197E-18 -7.149600E-01  0.000000E+00
  1.907900E+00 -1.926731E-01  5.000000E-01  4.051831E-01 -4.088211E-02  0.000000E+00  2.656002E-02  2.169714E-04  2.930939E-18 -8.036340E-01  0.000000E+00
  1.941118E+00 -1.919138E-01  5.000000E-01  4.122377E-01 -4.072085E-02  0.000000E+00  2.619602E-02  1.017848E-03 -7.349695E-19 -8.900348E-01  0.000000E+00
  1.974334E+00 -1.900949E-01  5.000000E-01  4.192920E-01 -4.033456E-02  0.000000E+00  2.276862E-02  1.583128E-03 -3.216345E-18 -9.585710E-01  0.000000E+00
  2.007549E+00 -1.871680E-01  5.000000E-01  4.263460E-01 -3.971296E-02  0.000000E+00  1.581570E-02  1.570272E-03 -2.560341E-18 -9.735336E-01  0.000000E+00
  2.040760E+00 -1.830843E-01  5.000000E-01  4.333993E-01 -3.884568E-02  0.000000E+00  7.686490E-03  9.848945E-04  1.457758E-19 -8.970873E-01  0.000000E+00
  2.073970E+00 -1.777950E-01  5.000000E-01  4.404522E-01 -3.772237E-02  0.000000E+00  1.482713E-03  2.167587E-04  8.873684E-19 -7.364785E-01  0.000000E+00
  2.107177E+00 -1.712565E-01  5.000000E-01  4.475046E-01 -3.633374E-02  0.000000E+00 -1.765406E-03 -3.756779E-04 -2.556724E-18 -5.599097E-01  0.000000E+00
  2.140379E+00 -1.635332E-01  5.000000E-01  4.545559E-01 -3.469351E-02  0.000000E+00 -2.873885E-03 -6.958591E-04 -5.929946E-18 -4.410573E-01  0.000000E+00
  2.173577E+00 -1.548145E-01  5.000000E-01  4.616063E-01 -3.284187E-02  0.000000E+00 -2.970209E-03 -8.133772E-04 -7.841627E-20 -3.958374E-01  0.000000E+00
  2.206768E+00 -1.452972E-01  5.000000E-01  4.686554E-01 -3.082064E-02  0.000000E+00 -2.736190E-03 -8.154637E-04  4.292962E-18 -3.898559E-01  0.000000E+00
  2.239954E+00 -1.351783E-01  5.000000E-01  4.757033E-01 -2.867162E-02  0.000000E+00 -2.450890E-03 -7.655659E-04  1.200677E-18 -3.896749E-01  0.000000E+00
  2.273134E+00 -1.246552E-01  5.000000E-01  4.827499E-01 -2.643678E-02  0.000000E+00 -2.193042E-03 -7.017267E-04  7.078170E-20 -3.860906E-01  0.000000E+00
  2.306309E+00 -1.139259E-01  5.000000E-01  4.897953E-01 -2.415813E-02  0.000000E+00 -1.999379E-03 -6.460077E-04  1.144398E-18 -3.824882E-01  0.000000E+00
  2.339476E+00 -1.031889E-01  5.000000E-01  4.968392E-01 -2.187787E-02  0.000000E+00 -1.910990E-03 -6.130919E-04  1.785366E-18 -3.814087E-01  0.000000E+00
  2.372638E+00 -9.264130E-02  5.000000E-01  5.038821E-01 -1.963781E-02  0.000000E+00 -1.955402E-03 -6.101693E-04  7.776709E-19 -3.826850E-01  0.000000E+00
  2.405805E+00 -8.248089E-02  5.000000E-01  5.109259E-01 -1.747999E-02  0.000000E+00 -2.134816E-03 -6.338300E-04  1.038874E-18 -3.857366E-01  0.000000E+00
  2.438976E+00 -7.290937E-02  5.000000E-01  5.179707E-01 -1.544723E-02  0.000000E+00 -2.432809E-03 -6.707581E-04  4.852763E-18 -3.901397E-01  0.000000E+00
  2.472150E+00 -6.412825E-02  5.000000E-01  5.250160E-01 -1.358234E-02  0.000000E+00 -2.823397E-03 -7.018231E-04  4.867834E-18 -3.953279E-01  0.000000E+00
  2.505329E+00 -5.633776E-02  5.000000E-01  5.320625E-01 -1.192783E-02  0.000000E+00 -3.276108E-03 -7.061295E-04  1.660545E-18 -4.004878E-01  0.000000E+00
  2.538512E+00 -4.973878E-02  5.000000E-01  5.391097E-01 -1.052637E-02  0.000000E+00 -3.758896E-03 -6.637861E-04 -5.287594E-19 -4.046235E-01  0.000000E+00
  2.571700E+00 -4.453048E-02  5.000000E-01  5.461580E-01 -9.420255E-03  0.000000E+00 -4.240530E-03 -5.578731E-04 -1.308543E-18 -4.070281E-01  0.000000E+00
  2.604894E+00 -4.091255E-02  5.000000E-01  5.532074E-01 -8.651895E-03  0.000000E+00 -4.693851E-03 -3.801329E-04 -1.943396E-19 -4.078671E-01  0.000000E+00
  2.638090E+00 -3.906546E-02  5.000000E-01  5.602575E-01 -8.259619E-03  0.000000E+00 -5.099281E-03 -1.458852E-04 -1.086312E-19 -4.066887E-01  0.000000E+00
  2.671292E+00 -3.895013E-02  5.000000E-01  5.673088E-01 -8.235124E-03  0.000000E+00 -5.437894E-03  1.110925E-04 -2.908350E-19 -4.018863E-01  0.000000E+00
  2.704497E+00 -4.038001E-02  5.000000E-01  5.743608E-01 -8.538796E-03  0.000000E+00 -5.682530E-03  3.627600E-04 -1.045607E-18 -3.924602E-01  0.000000E+00
  2.737708E+00 -4.316610E-02  5.000000E-01  5.814141E-01 -9.130494E-03  0.000000E+00 -5.803460E-03  5.891855E-04 -2.561435E-18 -3.778631E-01  0.000000E+00
  2.770923E+00 -4.711864E-02  5.000000E-01  5.884680E-01 -9.969915E-03  0.000000E+00 -5.775064E-03  7.713109E-04 -2.553012E-18 -3.575772E-01  0.000000E+00
  2.804143E+00 -5.204837E-02  5.000000E-01  5.955231E-01 -1.101687E-02  0.000000E+00 -5.579231E-03  8.923590E-04 -4.569633E-19 -3.315239E-01  0.000000E+00
  2.837367E+00 -5.776618E-02  5.000000E-01  6.025790E-01 -1.223119E-02  0.000000E+00 -5.211582E-03  9.416686E-04 -7.585180E-19 -3.000885E-01  0.000000E+00
  2.870594E+00 -6.408264E-02  5.000000E-01  6.096357E-01 -1.357265E-02  0.000000E+00 -4.685879E-03  9.176868E-04 -1.193013E-18 -2.641789E-01  0.000000E+00
  2.903823E+00 -7.080842E-02  5.000000E-01  6.166926E-01 -1.500104E-02  0.000000E+00 -4.032782E-03  8.283400E-04  1.610127E-18 -2.254583E-01  0.000000E+00
  2.937051E+00 -7.775270E-02  5.000000E-01  6.237496E-01 -1.647584E-02  0.000000E+00 -3.291489E-03  6.891659E-04  5.950080E-18 -1.862393E-01  0.000000E+00
  2.970283E+00 -8.472802E-02  5.000000E-01  6.308073E-01 -1.795723E-02  0.000000E+00 -2.496055E-03  5.189658E-04  9.298993E-18 -1.491366E-01  0.000000E+00
  3.003515E+00 -9.154537E-02  5.000000E-01  6.378649E-01 -1.940506E-02  0.000000E+00 -1.666303E-03  3.355746E-04  1.067060E-17 -1.169537E-01  0.000000E+00
  3.036751E+00 -9.801831E-02  5.000000E-01  6.449233E-01 -2.077975E-02  0.000000E+00 -8.106571E-04  1.551937E-04  9.860900E-18 -9.247810E-02  0.000000E+00
  3.069988E+00 -1.039612E-01  5.000000E-01  6.519820E-01 -2.204188E-02  0.000000E+00  6.512920E-05 -5.825129E-06  8.990065E-18 -7.778106E-02  0.000000E+00
  3.103226E+00 -1.091882E-01  5.000000E-01  6.590410E-01 -2.315198E-02  0.000000E+00  9.514561E-04 -1.300882E-04  6.359083E-18 -7.379978E-02  0.000000E+00
  3.136469E+00 -1.135185E-01  5.000000E-01  6.661010E-01 -2.407161E-02  0.000000E+00  1.830745E-03 -2.022089E-04  2.657016E-18 -8.019579E-02  0.000000E+00
  3.169712E+00 -1.167994E-01  5.000000E-01  6.731611E-01 -2.476839E-02  0.000000E+00  2.675918E-03 -2.170848E-04  1.343181E-18 -9.412023E-02  0.000000E+00
  3.202960E+00 -1.190621E-01  5.000000E-01  6.802220E-01 -2.524893E-02  0.000000E+00  3.450464E-03 -1.825212E-04  1.751451E-19 -1.109419E-01  0.000000E+00
  3.236210E+00 -1.204066E-01  5.000000E-01  6.872835E-01 -2.553448E-02  0.000000E+00  4.110069E-03 -1.125544E-04 -5.367265E-19 -1.270944E-01  0.000000E+00
  3.269464E+00 -1.209392E-01  5.000000E-01  6.943460E-01 -2.564760E-02  0.000000E+00  4.614552E-03 -2.286879E-05 -4.586297E-19 -1.405905E-01  0.000000E+00
  3.302721E+00 -1.207672E-01  5.000000E-01  7.014089E-01 -2.561107E-02  0.000000E+00  4.945098E-03  7.102148E-05  8.064699E-20 -1.502675E-01  0.000000E+00
  3.335981E+00 -1.199976E-01  5.000000E-01  7.084725E-01 -2.544762E-02  0.000000E+00  5.111672E-03  1.563217E-04  6.047584E-19 -1.555610E-01  0.000000E+00
  3.369247E+00 -1.187363E-01  5.000000E-01  7.155373E-01 -2.517974E-02  0.000000E+00  5.146718E-03  2.251389E-04  1.658419E-19 -1.565460E-01  0.000000E+00
  3.402518E+00 -1.170869E-01  5.000000E-01  7.226033E-01 -2.482945E-02  0.000000E+00  5.091721E-03  2.747047E-04 -9.328195E-19 -1.539330E-01  0.000000E+00
  3.435792E+00 -1.151451E-01  5.000000E-01  7.296699E-01 -2.441706E-02  0.000000E+00  4.986848E-03  3.060197E-04 -2.301111E-19 -1.486709E-01  0.000000E+00
  3.469073E+00 -1.130019E-01  5.000000E-01  7.367379E-01 -2.396190E-02  0.000000E+00  4.866016E-03  3.220888E-04  1.129862E-18 -1.416791E-01  0.000000E+00
  3.502353E+00 -1.107398E-01  5.000000E-01  7.438058E-01 -2.348148E-02  0.000000E+00  4.755453E-03  3.264905E-04  3.146839E-19 -1.338310E-01  0.000000E+00
  3.535630E+00 -1.084339E-01  5.000000E-01  7.508729E-01 -2.299176E-02  0.000000E+00  4.674783E-03  3.225452E-04 -4.350293E-19 -1.258806E-01  0.000000E+00
  3.568904E+00 -1.061499E-01  5.000000E-01  7.579396E-01 -2.250671E-02  0.000000E+00  4.638976E-03  3.131206E-04 -1.900850E-19 -1.184402E-01  0.000000E+00
  3.602176E+00 -1.039437E-01  5.000000E-01  7.650057E-01 -2.203816E-02  0.000000E+00  4.659959E-03  3.003611E-04 -1.117275E-19 -1.120048E-01  0.000000E+00
  3.635446E+00 -1.018621E-01  5.000000E-01  7.720715E-01 -2.159608E-02  0.000000E+00  4.746629E-03  2.853381E-04 -4.503526E-19 -1.070448E-01  0.000000E+00
  3.668713E+00 -9.994368E-02  5.000000E-01  7.791365E-01 -2.118866E-02  0.000000E+00  4.903751E-03  2.680995E-04 -7.537915E-19 -1.038928E-01  0.000000E+00
  3.701976E+00 -9.822060E-02  5.000000E-01  7.862009E-01 -2.082272E-02  0.000000E+00  5.128884E-03  2.497721E-04 -4.367354E-19 -1.027526E-01  0.000000E+00
  3.735241E+00 -9.670191E-02  5.000000E-01  7.932655E-01 -2.050018E-02  0.000000E+00  5.405600E-03  2.369450E-04 -4.167971E-19 -1.042932E-01  0.000000E+00
  3.768500E+00 -9.530759E-02  5.000000E-01  8.003289E-01 -2.020406E-02  0.000000E+00  5.705581E-03  2.378219E-04 -3.464951E-19 -1.087043E-01  0.000000E+00
  3.801751E+00 -9.393178E-02  5.000000E-01  8.073905E-01 -1.991188E-02  0.000000E+00  5.999273E-03  2.549827E-04 -3.197618E-19 -1.147774E-01  0.000000E+00
  3.834989E+00 -9.248376E-02  5.000000E-01  8.144495E-01 -1.960435E-02  0.000000E+00  6.260814E-03  2.864820E-04 -7.323439E-20 -1.210254E-01  0.000000E+00
  3.868211E+00 -9.089438E-02  5.000000E-01  8.215051E-01 -1.926681E-02  0.000000E+00  6.469170E-03  3.292305E-04 -2.756820E-19 -1.264368E-01  0.000000E+00
  3.901422E+00 -8.910712E-02  5.000000E-01  8.285582E-01 -1.888724E-02  0.000000E+00  6.609692E-03  3.797556E-04  3.211798E-20 -1.303302E-01  0.000000E+00
  3.934617E+00 -8.708252E-02  5.000000E-01  8.356080E-01 -1.845726E-02  0.000000E+00  6.674645E-03  4.339698E-04  8.119231E-19 -1.321813E-01  0.000000E+00
  3.967800E+00 -8.479366E-02  5.000000E-01  8.426552E-01 -1.797116E-02  0.000000E+00  6.661954E-03  4.878140E-04  1.429931E-18 -1.316497E-01  0.000000E+00
  4.000972E+00 -8.222423E-02  5.000000E-01  8.497001E-01 -1.742548E-02  0.000000E+00  6.573828E-03  5.378024E-04  1.189971E-18 -1.285120E-01  0.000000E+00
  4.034139E+00 -7.936536E-02  5.000000E-01  8.567441E-01 -1.681833E-02  0.000000E+00  6.414563E-03  5.816198E-04  5.256453E-20 -1.227326E-01  0.000000E+00
  4.067311E+00 -7.620656E-02  5.000000E-01  8.637890E-01 -1.614748E-02  0.000000E+00  6.189137E-03  6.174876E-04 -9.887452E-20 -1.144088E-01  0.000000E+00
  4.100488E+00 -7.274111E-02  5.000000E-01  8.708349E-01 -1.541150E-02  0.000000E+00  5.903376E-03  6.434453E-04 -1.192068E-18 -1.036195E-01  0.000000E+00
  4.133669E+00 -6.896716E-02  5.000000E-01  8.778818E-01 -1.461000E-02  0.000000E+00  5.563856E-03  6.579276E-04 -4.391373E-19 -9.051432E-02  0.000000E+00
  4.166856E+00 -6.488427E-02  5.000000E-01  8.849300E-01 -1.374290E-02  0.000000E+00  5.178609E-03  6.600664E-04 -3.179555E-19 -7.532329E-02  0.000000E+00
  4.200049E+00 -6.049597E-02  5.000000E-01  8.919793E-01 -1.281093E-02  0.000000E+00  4.758258E-03  6.497708E-04 -1.232619E-18 -5.837451E-02  0.000000E+00
  4.233242E+00 -5.580688E-02  5.000000E-01  8.990286E-01 -1.181508E-02  0.000000E+00  4.317603E-03  6.270791E-04  4.744198E-19 -4.000936E-02  0.000000E+00
  4.266405E+00 -5.084521E-02  5.000000E-01  9.060715E-01 -1.076135E-02  0.000000E+00  3.876427E-03  5.918823E-04  5.557312E-19 -2.052646E-02  0.000000E+00
  4.299502E+00 -4.567719E-02  5.000000E-01  9.131007E-01 -9.663787E-03  0.000000E+00  3.457045E-03  5.457702E-04  9.012716E-19 -3.918899E-04  0.000000E+00
  4.332522E+00 -4.040102E-02  5.000000E-01  9.201133E-01 -8.543258E-03  0.000000E+00  3.079298E-03  4.932463E-04  1.639156E-18  1.952581E-02  0.000000E+00
  4.365472E+00 -3.511242E-02  5.000000E-01  9.271110E-01 -7.420089E-03  0.000000E+00  2.757683E-03  4.396767E-04  4.382754E-19  3.829966E-02  0.000000E+00
  4.398350E+00 -2.991253E-02  5.000000E-01  9.340936E-01 -6.315761E-03  0.000000E+00  2.502502E-03  3.891668E-04  1.124667E-18  5.548700E-02  0.000000E+00
  4.431155E+00 -2.490556E-02  5.000000E-01  9.410605E-01 -5.252404E-03  0.000000E+00  2.320443E-03  3.440174E-04  1.272064E-18  7.098583E-02  0.000000E+00
  4.463888E+00 -2.020695E-02  5.000000E-01  9.480122E-01 -4.254534E-03  0.000000E+00  2.211197E-03  3.044746E-04 -2.455872E-18  8.455153E-02  0.000000E+00
  4.496579E+00 -1.590738E-02  5.000000E-01  9.549550E-01 -3.341410E-03  0.000000E+00  2.162984E-03  2.689738E-04 -1.741237E-18  9.609200E-02  0.000000E+00
  4.529252E+00 -1.207301E-02  5.000000E-01  9.618939E-01 -2.527085E-03  0.000000E+00  2.149843E-03  2.356851E-04  6.660507E-19  1.059867E-01  0.000000E+00
  4.561929E+00 -8.737044E-03  5.000000E-01  9.688337E-01 -1.818608E-03  0.000000E+00  2.128072E-03  2.020757E-04 -7.169020E-19  1.134593E-01  0.000000E+00
  4.594574E+00 -5.936339E-03  5.000000E-01  9.757666E-01 -1.223807E-03  0.000000E+00  2.043958E-03  1.585908E-04 -5.663208E-19  1.167690E-01  0.000000E+00
  4.627203E+00 -3.700842E-03  5.000000E-01  9.826963E-01 -7.490423E-04  0.000000E+00  1.885434E-03  1.015680E-04  6.436163E-21  1.225087E-01  0.000000E+00
  4.659162E+00 -2.088735E-03  5.000000E-01  9.894836E-01 -4.066705E-04  0.000000E+00  1.708283E-03  6.963172E-05  6.753408E-19  1.386514E-01  0.000000E+00
  4.689251E+00 -1.117468E-03  5.000000E-01  9.958738E-01 -2.003971E-04  0.000000E+00  1.473172E-03  7.734105E-05  3.473390E-18  1.189989E-01  0.000000E+00
  4.708680E+00 -7.813245E-04  5.000000E-01  1.000000E+00 -1.290085E-04  0.000000E+00  1.043677E-03  4.441673E-05  3.860194E-18 -9.465562E-04  0.000000E+00
    1    2
    2    3
    3    4
    4    5
    5    6
    6    7
    7    8
    8    9
    9   10
   10   11
   11   12
   12   13
   13   14
   14   15
   15   16
   16   17
   17   18
   18   19
   19   20
   20   21
   21   22
   22   23
   23   24
   24   25
   25   26
   26   27
   27   28
   28   29
   29   30
   30   31
   31   32
   32   33
   33   34
   34   35
   35   36
   36   37
   37   38
   38   39
   39   40
   40   41
   41   42
   42   43
   43   44
   44   45
   45   46
   46   47
   47   48
   48   49
   49   50
   50   51
   51   52
   52   53
   53   54
   54   55
   55   56
   56   57
   57   58
   58   59
   59   60
   60   61
   61   62
   62   63
   63   64
   64   65
   65   66
   66   67
   67   68
   68   69
   69   70
   70   71
   71   72
   72   73
   73   74
   74   75
   75   76
   76   77
   77   78
   78   79
   79   80
   80   81
   81   82
   82   83
   83   84
   84   85
   85   86
   86   87
   87   88
   88   89
   89   90
   90   91
   91   92
   92   93
   93   94
   94   95
   95   96
   96   97
   97   98
   98   99
   99  100
  100  101
  101  102
  102  103
  103  104
  104  105
  105  106
  106  107
  107  108
  108  109
  109  110
  110  111
  111  112
  112  113
  113  114
  114  115
  115  116
  116  117
  117  118
  118  119
  119  120
  120  121
  121  122
  122  123
  123  124
  124  125
  125  126
  126  127
  127  128
  128  129
  129  130
  130  131
  131  132
  132  133
  133  134
  134  135
  135  136
  136  137
  137  138
  138  139
  139  140
  140  141
  141  142
  142  143
  143  144
  144  145
  145  146
  146  147
  147  148
  148  149
  149  150
  151  152
  152  153
  153  154
  154  155
  155  156
  156  157
  157  158
  158  159
  159  160
  160  161
  161  162
  162  163
  163  164
  164  165
  165  166
  166  167
  167  168
  168  169
  169  170
  170  171
  171  172
  172  173
  173  174
  174  175
  175  176
  176  177
  177  178
  178  179
  179  180
  180  181
  181  182
  182  183
  183  184
  184  185
  185  186
  186  187
  187  188
  188  189
  189  190
  190  191
  191  192
  192  193
  193  194
  194  195
  195  196
  196  197
  197  198
  198  199
  199  200
  200  201
  201  202
  202  203
  203  204
  204  205
  205  206
  206  207
  207  208
  208  209
  209  210
  210  211
  211  212
  212  213
  213  214
  214  215
  215  216
  216  217
  217  218
  218  219
  219  220
  220  221
  221  222
  222  223
  223  224
  224  225
  225  226
  226  227
  227  228
  228  229
  229  230
  230  231
  231  232
  232  233
  233  234
  234  235
  235  236
  236  237
  237  238
  238  239
  239  240
  240  241
  241  242
  242  243
  243  244
  244  245
  245  246
  246  247
  247  248
  248  249
  249  250
  250  251
  251  252
  252  253
  253  254
  254  255
  255  256
  256  257
  257  258
  258  259
  259  260
  260  261
  261  262
  262  263
  263  264
  264  265
  265  266
  266  267
  267  268
  268  269
  269  270
  270  271
  271  272
  272  273
  273  274
  274  275
  275  276
  276  277
  277  278
  278  279
  279  280
  280  281
  281  282
  282  283
  283  284
  284  285
  285  286
  286  287
  287  288
  288  289
  289  290
  290  291
  291  292
  292  293
  293  294
  294  295
  295  296
  296  297
  297  298
  298  299
  299  300
