 Title = "ADflow Slice Data"
Variables =  "CoordinateX"  "CoordinateY"  "CoordinateZ"  "XoC"  "YoC"  "ZoC" "VelocityX" "VelocityY" "VelocityZ" "CoefPressure" "Mach" 
Zone T= "Slice_0001 None Absolute Regular z = 0.50000000"
 Nodes =          300  Elements=          298  ZONETYPE=FELINESEG
 DATAPACKING=POINT
  4.708680E+00 -5.503868E-04  5.000000E-01  1.000000E+00 -2.977554E-04  0.000000E+00  1.969349E-03 -9.191445E-05  5.758359E-18  1.576361E-01  0.000000E+00
  4.689187E+00  3.098005E-03  5.000000E-01  9.958601E-01  4.770734E-04  0.000000E+00  1.257752E-03 -1.882819E-04  1.717834E-18  6.755409E-02  0.000000E+00
  4.658673E+00  8.675051E-03  5.000000E-01  9.893797E-01  1.661501E-03  0.000000E+00  8.549152E-04 -1.778445E-04  6.947491E-19  8.770954E-02  0.000000E+00
  4.626256E+00  1.443859E-02  5.000000E-01  9.824952E-01  2.885534E-03  0.000000E+00  6.046748E-04 -1.087555E-04 -6.626774E-19  8.159086E-02  0.000000E+00
  4.593146E+00  2.016959E-02  5.000000E-01  9.754635E-01  4.102658E-03  0.000000E+00  4.948812E-04 -7.855100E-05 -1.094122E-18  5.998279E-02  0.000000E+00
  4.560031E+00  2.575573E-02  5.000000E-01  9.684306E-01  5.289017E-03  0.000000E+00  5.119748E-04 -8.501491E-05 -6.652430E-19  4.447826E-02  0.000000E+00
  4.526891E+00  3.120852E-02  5.000000E-01  9.613924E-01  6.447056E-03  0.000000E+00  6.050229E-04 -9.970097E-05 -1.402592E-18  3.107646E-02  0.000000E+00
  4.493752E+00  3.652857E-02  5.000000E-01  9.543545E-01  7.576903E-03  0.000000E+00  7.386937E-04 -1.170358E-04 -1.666103E-18  1.490250E-02  0.000000E+00
  4.460612E+00  4.171669E-02  5.000000E-01  9.473164E-01  8.678733E-03  0.000000E+00  8.918316E-04 -1.373205E-04 -1.034539E-18 -3.000107E-03  0.000000E+00
  4.427470E+00  4.677343E-02  5.000000E-01  9.402779E-01  9.752660E-03  0.000000E+00  1.041659E-03 -1.563809E-04  9.942110E-19 -2.131570E-02  0.000000E+00
  4.394325E+00  5.169313E-02  5.000000E-01  9.332387E-01  1.079748E-02  0.000000E+00  1.165909E-03 -1.704978E-04  1.882720E-18 -4.015783E-02  0.000000E+00
  4.361178E+00  5.647200E-02  5.000000E-01  9.261991E-01  1.181240E-02  0.000000E+00  1.250106E-03 -1.780870E-04 -6.505163E-19 -6.061814E-02  0.000000E+00
  4.328027E+00  6.110353E-02  5.000000E-01  9.191586E-01  1.279602E-02  0.000000E+00  1.290320E-03 -1.781184E-04 -2.048093E-20 -8.370913E-02  0.000000E+00
  4.294876E+00  6.557912E-02  5.000000E-01  9.121181E-01  1.374653E-02  0.000000E+00  1.287697E-03 -1.699487E-04  3.840166E-18 -1.078519E-01  0.000000E+00
  4.261727E+00  6.989211E-02  5.000000E-01  9.050782E-01  1.466250E-02  0.000000E+00  1.237679E-03 -1.546278E-04  4.891353E-18 -1.282200E-01  0.000000E+00
  4.228582E+00  7.403593E-02  5.000000E-01  8.980388E-01  1.554254E-02  0.000000E+00  1.137199E-03 -1.361271E-04  1.590571E-18 -1.428421E-01  0.000000E+00
  4.195443E+00  7.800123E-02  5.000000E-01  8.910010E-01  1.638468E-02  0.000000E+00  1.035677E-03 -1.229211E-04 -9.872588E-19 -1.619005E-01  0.000000E+00
  4.162308E+00  8.177764E-02  5.000000E-01  8.839639E-01  1.718670E-02  0.000000E+00  1.113566E-03 -1.305813E-04 -5.457454E-19 -2.077310E-01  0.000000E+00
  4.129179E+00  8.535730E-02  5.000000E-01  8.769281E-01  1.794693E-02  0.000000E+00  1.724146E-03 -1.865832E-04 -1.013381E-18 -2.979787E-01  0.000000E+00
  4.096054E+00  8.873043E-02  5.000000E-01  8.698932E-01  1.866330E-02  0.000000E+00  3.318481E-03 -3.249944E-04 -1.512312E-18 -4.266193E-01  0.000000E+00
  4.062934E+00  9.188983E-02  5.000000E-01  8.628593E-01  1.933427E-02  0.000000E+00  6.174481E-03 -5.571579E-04 -2.244735E-18 -5.639991E-01  0.000000E+00
  4.029817E+00  9.482814E-02  5.000000E-01  8.558262E-01  1.995830E-02  0.000000E+00  9.992961E-03 -8.373459E-04 -5.318670E-18 -6.754820E-01  0.000000E+00
  3.996705E+00  9.753970E-02  5.000000E-01  8.487940E-01  2.053417E-02  0.000000E+00  1.379639E-02 -1.071195E-03 -9.355998E-18 -7.415316E-01  0.000000E+00
  3.963594E+00  1.000222E-01  5.000000E-01  8.417620E-01  2.106139E-02  0.000000E+00  1.650627E-02 -1.178014E-03 -1.179069E-17 -7.640304E-01  0.000000E+00
  3.930486E+00  1.022764E-01  5.000000E-01  8.347306E-01  2.154012E-02  0.000000E+00  1.770561E-02 -1.148084E-03 -1.219884E-17 -7.575698E-01  0.000000E+00
  3.897377E+00  1.043056E-01  5.000000E-01  8.276991E-01  2.197108E-02  0.000000E+00  1.773958E-02 -1.033583E-03 -8.636863E-18 -7.371813E-01  0.000000E+00
  3.864269E+00  1.061196E-01  5.000000E-01  8.206677E-01  2.235632E-02  0.000000E+00  1.722292E-02 -8.940843E-04 -2.891270E-18 -7.125246E-01  0.000000E+00
  3.831161E+00  1.077303E-01  5.000000E-01  8.136366E-01  2.269841E-02  0.000000E+00  1.661240E-02 -7.646581E-04  7.052521E-19 -6.883789E-01  0.000000E+00
  3.798054E+00  1.091578E-01  5.000000E-01  8.066053E-01  2.300157E-02  0.000000E+00  1.610754E-02 -6.578012E-04  2.005855E-18 -6.667889E-01  0.000000E+00
  3.764948E+00  1.104272E-01  5.000000E-01  7.995744E-01  2.327115E-02  0.000000E+00  1.573999E-02 -5.752158E-04  1.528883E-18 -6.486087E-01  0.000000E+00
  3.731842E+00  1.115708E-01  5.000000E-01  7.925435E-01  2.351402E-02  0.000000E+00  1.547762E-02 -5.161884E-04  2.191440E-19 -6.343144E-01  0.000000E+00
  3.698737E+00  1.126287E-01  5.000000E-01  7.855130E-01  2.373870E-02  0.000000E+00  1.528867E-02 -4.766494E-04 -1.136668E-18 -6.237386E-01  0.000000E+00
  3.665634E+00  1.136300E-01  5.000000E-01  7.784827E-01  2.395135E-02  0.000000E+00  1.515901E-02 -4.475702E-04 -1.740817E-18 -6.157957E-01  0.000000E+00
  3.632534E+00  1.145795E-01  5.000000E-01  7.714529E-01  2.415301E-02  0.000000E+00  1.507653E-02 -4.219994E-04 -1.043061E-18 -6.093421E-01  0.000000E+00
  3.599434E+00  1.154788E-01  5.000000E-01  7.644234E-01  2.434400E-02  0.000000E+00  1.502373E-02 -3.982807E-04 -1.538013E-19 -6.037314E-01  0.000000E+00
  3.566334E+00  1.163303E-01  5.000000E-01  7.573938E-01  2.452483E-02  0.000000E+00  1.498512E-02 -3.759370E-04  7.108970E-19 -5.985593E-01  0.000000E+00
  3.533236E+00  1.171354E-01  5.000000E-01  7.503646E-01  2.469582E-02  0.000000E+00  1.495027E-02 -3.543458E-04  1.446727E-18 -5.935946E-01  0.000000E+00
  3.500138E+00  1.178950E-01  5.000000E-01  7.433353E-01  2.485713E-02  0.000000E+00  1.491348E-02 -3.334568E-04  1.920314E-18 -5.887937E-01  0.000000E+00
  3.467038E+00  1.186112E-01  5.000000E-01  7.363057E-01  2.500923E-02  0.000000E+00  1.487340E-02 -3.134683E-04  2.415673E-18 -5.841846E-01  0.000000E+00
  3.433936E+00  1.192858E-01  5.000000E-01  7.292757E-01  2.515251E-02  0.000000E+00  1.483147E-02 -2.942434E-04  2.484028E-18 -5.797796E-01  0.000000E+00
  3.400832E+00  1.199202E-01  5.000000E-01  7.222453E-01  2.528724E-02  0.000000E+00  1.478945E-02 -2.756732E-04  2.350201E-18 -5.755985E-01  0.000000E+00
  3.367728E+00  1.205156E-01  5.000000E-01  7.152146E-01  2.541368E-02  0.000000E+00  1.474864E-02 -2.575866E-04  2.079119E-18 -5.716406E-01  0.000000E+00
  3.334620E+00  1.210723E-01  5.000000E-01  7.081834E-01  2.553191E-02  0.000000E+00  1.470964E-02 -2.397923E-04  1.464044E-18 -5.678882E-01  0.000000E+00
  3.301512E+00  1.215906E-01  5.000000E-01  7.011520E-01  2.564199E-02  0.000000E+00  1.467207E-02 -2.221479E-04  9.211348E-19 -5.643429E-01  0.000000E+00
  3.268401E+00  1.220705E-01  5.000000E-01  6.941201E-01  2.574391E-02  0.000000E+00  1.463542E-02 -2.044270E-04  5.543728E-19 -5.609964E-01  0.000000E+00
  3.235290E+00  1.225113E-01  5.000000E-01  6.870881E-01  2.583753E-02  0.000000E+00  1.459932E-02 -1.863860E-04  4.924176E-19 -5.578174E-01  0.000000E+00
  3.202177E+00  1.229117E-01  5.000000E-01  6.800557E-01  2.592256E-02  0.000000E+00  1.456332E-02 -1.679470E-04  6.641852E-19 -5.547991E-01  0.000000E+00
  3.169063E+00  1.232708E-01  5.000000E-01  6.730231E-01  2.599883E-02  0.000000E+00  1.452736E-02 -1.490425E-04  7.954207E-19 -5.519623E-01  0.000000E+00
  3.135947E+00  1.235870E-01  5.000000E-01  6.659902E-01  2.606598E-02  0.000000E+00  1.449207E-02 -1.297854E-04  9.000424E-19 -5.493783E-01  0.000000E+00
  3.102831E+00  1.238597E-01  5.000000E-01  6.589571E-01  2.612389E-02  0.000000E+00  1.445868E-02 -1.109164E-04  9.695728E-19 -5.472046E-01  0.000000E+00
  3.069714E+00  1.240907E-01  5.000000E-01  6.519238E-01  2.617295E-02  0.000000E+00  1.442978E-02 -9.310181E-05  1.009587E-18 -5.456083E-01  0.000000E+00
  3.036593E+00  1.242827E-01  5.000000E-01  6.448898E-01  2.621372E-02  0.000000E+00  1.440914E-02 -7.639740E-05  9.511640E-19 -5.446796E-01  0.000000E+00
  3.003475E+00  1.244376E-01  5.000000E-01  6.378564E-01  2.624663E-02  0.000000E+00  1.440042E-02 -6.045780E-05  7.075082E-19 -5.444106E-01  0.000000E+00
  2.970356E+00  1.245565E-01  5.000000E-01  6.308226E-01  2.627186E-02  0.000000E+00  1.440545E-02 -4.526292E-05  4.328584E-19 -5.447675E-01  0.000000E+00
  2.937236E+00  1.246415E-01  5.000000E-01  6.237888E-01  2.628992E-02  0.000000E+00  1.442445E-02 -3.084392E-05  2.352290E-19 -5.456784E-01  0.000000E+00
  2.904117E+00  1.246939E-01  5.000000E-01  6.167550E-01  2.630105E-02  0.000000E+00  1.445664E-02 -1.700141E-05  1.123340E-19 -5.470135E-01  0.000000E+00
  2.870996E+00  1.247151E-01  5.000000E-01  6.097211E-01  2.630556E-02  0.000000E+00  1.449999E-02 -3.693233E-06  8.699903E-20 -5.486319E-01  0.000000E+00
  2.837877E+00  1.247066E-01  5.000000E-01  6.026873E-01  2.630374E-02  0.000000E+00  1.455187E-02  9.193859E-06  9.182717E-20 -5.503699E-01  0.000000E+00
  2.804757E+00  1.246691E-01  5.000000E-01  5.956535E-01  2.629578E-02  0.000000E+00  1.460911E-02  2.169980E-05  9.687294E-20 -5.520736E-01  0.000000E+00
  2.771639E+00  1.246040E-01  5.000000E-01  5.886200E-01  2.628197E-02  0.000000E+00  1.466857E-02  3.401157E-05  1.281641E-19 -5.535933E-01  0.000000E+00
  2.738522E+00  1.245113E-01  5.000000E-01  5.815867E-01  2.626228E-02  0.000000E+00  1.472714E-02  4.616158E-05  2.171442E-19 -5.548254E-01  0.000000E+00
  2.705406E+00  1.243922E-01  5.000000E-01  5.745537E-01  2.623698E-02  0.000000E+00  1.478220E-02  5.807815E-05  2.779596E-19 -5.557152E-01  0.000000E+00
  2.672292E+00  1.242469E-01  5.000000E-01  5.675211E-01  2.620612E-02  0.000000E+00  1.483208E-02  6.983171E-05  3.301794E-19 -5.562366E-01  0.000000E+00
  2.639177E+00  1.240761E-01  5.000000E-01  5.604885E-01  2.616985E-02  0.000000E+00  1.487578E-02  8.140294E-05  2.906137E-19 -5.564038E-01  0.000000E+00
  2.606068E+00  1.238802E-01  5.000000E-01  5.534568E-01  2.612825E-02  0.000000E+00  1.491317E-02  9.299563E-05  2.317293E-19 -5.562258E-01  0.000000E+00
  2.572958E+00  1.236588E-01  5.000000E-01  5.464251E-01  2.608122E-02  0.000000E+00  1.494429E-02  1.047470E-04  2.196592E-19 -5.557280E-01  0.000000E+00
  2.539852E+00  1.234118E-01  5.000000E-01  5.393941E-01  2.602876E-02  0.000000E+00  1.496943E-02  1.169316E-04  1.630461E-19 -5.549201E-01  0.000000E+00
  2.506749E+00  1.231373E-01  5.000000E-01  5.323639E-01  2.597047E-02  0.000000E+00  1.498869E-02  1.297934E-04  1.226757E-19 -5.538157E-01  0.000000E+00
  2.473650E+00  1.228342E-01  5.000000E-01  5.253345E-01  2.590609E-02  0.000000E+00  1.500178E-02  1.432361E-04  1.099580E-19 -5.524672E-01  0.000000E+00
  2.440554E+00  1.225009E-01  5.000000E-01  5.183056E-01  2.583531E-02  0.000000E+00  1.500862E-02  1.570552E-04  7.603495E-20 -5.509367E-01  0.000000E+00
  2.407460E+00  1.221371E-01  5.000000E-01  5.112774E-01  2.575806E-02  0.000000E+00  1.500983E-02  1.713236E-04  1.439344E-20 -5.492534E-01  0.000000E+00
  2.374373E+00  1.217412E-01  5.000000E-01  5.042504E-01  2.567398E-02  0.000000E+00  1.500626E-02  1.861606E-04  3.215539E-22 -5.474500E-01  0.000000E+00
  2.341286E+00  1.213119E-01  5.000000E-01  4.972236E-01  2.558280E-02  0.000000E+00  1.499839E-02  2.008982E-04  9.465155E-20 -5.456612E-01  0.000000E+00
  2.308194E+00  1.208504E-01  5.000000E-01  4.901958E-01  2.548478E-02  0.000000E+00  1.498774E-02  2.146670E-04  2.189111E-19 -5.440685E-01  0.000000E+00
  2.275097E+00  1.203594E-01  5.000000E-01  4.831667E-01  2.538051E-02  0.000000E+00  1.497750E-02  2.270588E-04  3.186926E-20 -5.428164E-01  0.000000E+00
  2.241991E+00  1.198422E-01  5.000000E-01  4.761359E-01  2.527068E-02  0.000000E+00  1.497160E-02  2.380091E-04  2.793948E-20 -5.419972E-01  0.000000E+00
  2.208879E+00  1.193023E-01  5.000000E-01  4.691038E-01  2.515600E-02  0.000000E+00  1.497352E-02  2.476283E-04  5.230375E-20 -5.416536E-01  0.000000E+00
  2.175760E+00  1.187425E-01  5.000000E-01  4.620701E-01  2.503712E-02  0.000000E+00  1.498553E-02  2.560393E-04 -1.997859E-19 -5.417969E-01  0.000000E+00
  2.142637E+00  1.181660E-01  5.000000E-01  4.550354E-01  2.491469E-02  0.000000E+00  1.500860E-02  2.633480E-04 -1.432505E-19 -5.424104E-01  0.000000E+00
  2.109507E+00  1.175754E-01  5.000000E-01  4.479994E-01  2.478926E-02  0.000000E+00  1.504258E-02  2.697043E-04 -5.716967E-20 -5.434334E-01  0.000000E+00
  2.076374E+00  1.169735E-01  5.000000E-01  4.409628E-01  2.466143E-02  0.000000E+00  1.508675E-02  2.758797E-04 -2.338395E-19 -5.446991E-01  0.000000E+00
  2.043241E+00  1.163594E-01  5.000000E-01  4.339262E-01  2.453100E-02  0.000000E+00  1.513905E-02  2.828089E-04 -3.168507E-19 -5.459962E-01  0.000000E+00
  2.010106E+00  1.157312E-01  5.000000E-01  4.268892E-01  2.439760E-02  0.000000E+00  1.519574E-02  2.907350E-04 -2.107503E-19 -5.471783E-01  0.000000E+00
  1.976970E+00  1.150871E-01  5.000000E-01  4.198519E-01  2.426080E-02  0.000000E+00  1.525299E-02  2.997168E-04 -4.059474E-19 -5.481428E-01  0.000000E+00
  1.943835E+00  1.144247E-01  5.000000E-01  4.128148E-01  2.412012E-02  0.000000E+00  1.530789E-02  3.098161E-04 -3.954182E-19 -5.488298E-01  0.000000E+00
  1.910699E+00  1.137414E-01  5.000000E-01  4.057776E-01  2.397501E-02  0.000000E+00  1.535848E-02  3.208342E-04 -1.910046E-19 -5.492425E-01  0.000000E+00
  1.877561E+00  1.130358E-01  5.000000E-01  3.987399E-01  2.382516E-02  0.000000E+00  1.540423E-02  3.326691E-04 -4.284605E-19 -5.494025E-01  0.000000E+00
  1.844424E+00  1.123057E-01  5.000000E-01  3.917024E-01  2.367010E-02  0.000000E+00  1.544555E-02  3.452497E-04 -6.325277E-19 -5.493453E-01  0.000000E+00
  1.811282E+00  1.115497E-01  5.000000E-01  3.846638E-01  2.350955E-02  0.000000E+00  1.548312E-02  3.582831E-04 -7.103110E-19 -5.491341E-01  0.000000E+00
  1.778139E+00  1.107673E-01  5.000000E-01  3.776250E-01  2.334339E-02  0.000000E+00  1.551821E-02  3.718136E-04 -8.722624E-19 -5.487961E-01  0.000000E+00
  1.744992E+00  1.099569E-01  5.000000E-01  3.705854E-01  2.317127E-02  0.000000E+00  1.555175E-02  3.858437E-04 -8.479913E-19 -5.483555E-01  0.000000E+00
  1.711843E+00  1.091180E-01  5.000000E-01  3.635455E-01  2.299311E-02  0.000000E+00  1.558428E-02  4.003900E-04 -6.638568E-19 -5.478255E-01  0.000000E+00
  1.678692E+00  1.082489E-01  5.000000E-01  3.565049E-01  2.280854E-02  0.000000E+00  1.561589E-02  4.154328E-04 -6.943246E-19 -5.472089E-01  0.000000E+00
  1.645539E+00  1.073494E-01  5.000000E-01  3.494640E-01  2.261752E-02  0.000000E+00  1.564642E-02  4.310672E-04 -2.705942E-19 -5.464806E-01  0.000000E+00
  1.612385E+00  1.064176E-01  5.000000E-01  3.424231E-01  2.241962E-02  0.000000E+00  1.567559E-02  4.476067E-04  1.752862E-19 -5.455844E-01  0.000000E+00
  1.579236E+00  1.054518E-01  5.000000E-01  3.353830E-01  2.221450E-02  0.000000E+00  1.570269E-02  4.652810E-04  8.238522E-21 -5.444844E-01  0.000000E+00
  1.546090E+00  1.044488E-01  5.000000E-01  3.283435E-01  2.200148E-02  0.000000E+00  1.572653E-02  4.836554E-04 -3.653748E-20 -5.432427E-01  0.000000E+00
  1.512946E+00  1.034084E-01  5.000000E-01  3.213046E-01  2.178054E-02  0.000000E+00  1.574669E-02  5.019718E-04 -1.575662E-19 -5.419837E-01  0.000000E+00
  1.479807E+00  1.023312E-01  5.000000E-01  3.142666E-01  2.155176E-02  0.000000E+00  1.576466E-02  5.202023E-04 -5.243424E-19 -5.407738E-01  0.000000E+00
  1.446672E+00  1.012169E-01  5.000000E-01  3.072296E-01  2.131511E-02  0.000000E+00  1.578224E-02  5.384136E-04 -3.240411E-19 -5.396566E-01  0.000000E+00
  1.413540E+00  1.000658E-01  5.000000E-01  3.001932E-01  2.107065E-02  0.000000E+00  1.580082E-02  5.566813E-04  5.039109E-19 -5.386470E-01  0.000000E+00
  1.380413E+00  9.887788E-02  5.000000E-01  2.931579E-01  2.081836E-02  0.000000E+00  1.582116E-02  5.752751E-04  7.159105E-19 -5.377160E-01  0.000000E+00
  1.347294E+00  9.765243E-02  5.000000E-01  2.861242E-01  2.055811E-02  0.000000E+00  1.584302E-02  5.943871E-04  1.007198E-19 -5.368279E-01  0.000000E+00
  1.314179E+00  9.638835E-02  5.000000E-01  2.790915E-01  2.028965E-02  0.000000E+00  1.586542E-02  6.139712E-04 -1.492027E-19 -5.359653E-01  0.000000E+00
  1.281074E+00  9.508521E-02  5.000000E-01  2.720606E-01  2.001289E-02  0.000000E+00  1.588741E-02  6.340933E-04 -9.078047E-20 -5.351095E-01  0.000000E+00
  1.247974E+00  9.374136E-02  5.000000E-01  2.650310E-01  1.972749E-02  0.000000E+00  1.590802E-02  6.546342E-04 -1.889406E-19 -5.342714E-01  0.000000E+00
  1.214880E+00  9.235662E-02  5.000000E-01  2.580028E-01  1.943341E-02  0.000000E+00  1.592677E-02  6.755056E-04 -1.686397E-19 -5.334668E-01  0.000000E+00
  1.181795E+00  9.092993E-02  5.000000E-01  2.509763E-01  1.913042E-02  0.000000E+00  1.594368E-02  6.968739E-04 -2.363153E-19 -5.326960E-01  0.000000E+00
  1.148718E+00  8.946013E-02  5.000000E-01  2.439516E-01  1.881827E-02  0.000000E+00  1.595848E-02  7.185366E-04 -4.640894E-19 -5.320028E-01  0.000000E+00
  1.115646E+00  8.794686E-02  5.000000E-01  2.369279E-01  1.849689E-02  0.000000E+00  1.597128E-02  7.402643E-04  4.985005E-20 -5.314406E-01  0.000000E+00
  1.082583E+00  8.639014E-02  5.000000E-01  2.299061E-01  1.816628E-02  0.000000E+00  1.598289E-02  7.620928E-04  3.879276E-19 -5.310449E-01  0.000000E+00
  1.049524E+00  8.478942E-02  5.000000E-01  2.228852E-01  1.782632E-02  0.000000E+00  1.599446E-02  7.840208E-04  1.137032E-19 -5.308653E-01  0.000000E+00
  1.016475E+00  8.314514E-02  5.000000E-01  2.158664E-01  1.747712E-02  0.000000E+00  1.600755E-02  8.060072E-04 -9.499529E-20 -5.309856E-01  0.000000E+00
  9.834318E-01  8.145689E-02  5.000000E-01  2.088488E-01  1.711858E-02  0.000000E+00  1.602360E-02  8.273079E-04 -5.942592E-20 -5.315946E-01  0.000000E+00
  9.503976E-01  7.972860E-02  5.000000E-01  2.018331E-01  1.675153E-02  0.000000E+00  1.604500E-02  8.471399E-04  1.904697E-19 -5.328924E-01  0.000000E+00
  9.173728E-01  7.796424E-02  5.000000E-01  1.948195E-01  1.637682E-02  0.000000E+00  1.607558E-02  8.658953E-04 -1.878537E-19 -5.349231E-01  0.000000E+00
  8.843598E-01  7.616677E-02  5.000000E-01  1.878083E-01  1.599508E-02  0.000000E+00  1.611840E-02  8.846171E-04 -6.010876E-19 -5.375863E-01  0.000000E+00
  8.513623E-01  7.433679E-02  5.000000E-01  1.808005E-01  1.560644E-02  0.000000E+00  1.617391E-02  9.042551E-04 -1.840268E-19 -5.407162E-01  0.000000E+00
  8.183794E-01  7.247332E-02  5.000000E-01  1.737957E-01  1.521069E-02  0.000000E+00  1.623976E-02  9.252063E-04  3.776643E-19 -5.441734E-01  0.000000E+00
  7.854121E-01  7.057487E-02  5.000000E-01  1.667943E-01  1.480750E-02  0.000000E+00  1.631244E-02  9.475697E-04  6.360947E-19 -5.478630E-01  0.000000E+00
  7.524593E-01  6.863941E-02  5.000000E-01  1.597959E-01  1.439646E-02  0.000000E+00  1.638865E-02  9.713324E-04  1.147983E-18 -5.517268E-01  0.000000E+00
  7.195226E-01  6.666495E-02  5.000000E-01  1.528010E-01  1.397713E-02  0.000000E+00  1.646602E-02  9.966787E-04  4.977924E-19 -5.557038E-01  0.000000E+00
  6.866079E-01  6.464877E-02  5.000000E-01  1.458107E-01  1.354894E-02  0.000000E+00  1.654277E-02  1.024142E-03 -4.770876E-19 -5.597052E-01  0.000000E+00
  6.537221E-01  6.258671E-02  5.000000E-01  1.388265E-01  1.311101E-02  0.000000E+00  1.661661E-02  1.054210E-03 -1.822433E-19 -5.636522E-01  0.000000E+00
  6.208691E-01  6.047352E-02  5.000000E-01  1.318494E-01  1.266222E-02  0.000000E+00  1.668435E-02  1.087003E-03 -9.300600E-19 -5.675307E-01  0.000000E+00
  5.880524E-01  5.830366E-02  5.000000E-01  1.248799E-01  1.220140E-02  0.000000E+00  1.674251E-02  1.122198E-03 -1.831782E-18 -5.714219E-01  0.000000E+00
  5.552711E-01  5.607200E-02  5.000000E-01  1.179180E-01  1.172745E-02  0.000000E+00  1.678845E-02  1.159185E-03 -1.572954E-18 -5.754939E-01  0.000000E+00
  5.225283E-01  5.377478E-02  5.000000E-01  1.109642E-01  1.123958E-02  0.000000E+00  1.682113E-02  1.197566E-03 -1.775059E-18 -5.799608E-01  0.000000E+00
  4.898261E-01  5.140807E-02  5.000000E-01  1.040191E-01  1.073694E-02  0.000000E+00  1.684037E-02  1.236861E-03 -2.554542E-18 -5.851184E-01  0.000000E+00
  4.571624E-01  4.896918E-02  5.000000E-01  9.708209E-02  1.021898E-02  0.000000E+00  1.684598E-02  1.276139E-03 -3.067278E-18 -5.913850E-01  0.000000E+00
  4.245350E-01  4.645707E-02  5.000000E-01  9.015283E-02  9.685474E-03  0.000000E+00  1.683741E-02  1.314125E-03 -1.214287E-18 -5.992581E-01  0.000000E+00
  3.919369E-01  4.387310E-02  5.000000E-01  8.322981E-02  9.136702E-03  0.000000E+00  1.681312E-02  1.349683E-03  4.474321E-19 -6.091635E-01  0.000000E+00
  3.593832E-01  4.122151E-02  5.000000E-01  7.631621E-02  8.573570E-03  0.000000E+00  1.676922E-02  1.383007E-03 -1.686676E-18 -6.212115E-01  0.000000E+00
  3.269046E-01  3.850476E-02  5.000000E-01  6.941854E-02  7.996598E-03  0.000000E+00  1.669595E-02  1.416041E-03 -1.309507E-17 -6.351287E-01  0.000000E+00
  2.945750E-01  3.572120E-02  5.000000E-01  6.255253E-02  7.405439E-03  0.000000E+00  1.657431E-02  1.450682E-03 -3.498357E-17 -6.506164E-01  0.000000E+00
  2.624265E-01  3.285773E-02  5.000000E-01  5.572497E-02  6.797308E-03  0.000000E+00  1.637770E-02  1.483745E-03 -3.615217E-17 -6.681776E-01  0.000000E+00
  2.304268E-01  2.990560E-02  5.000000E-01  4.892903E-02  6.170347E-03  0.000000E+00  1.609166E-02  1.509019E-03  8.772920E-17 -6.893234E-01  0.000000E+00
  1.986088E-01  2.687006E-02  5.000000E-01  4.217167E-02  5.525674E-03  0.000000E+00  1.573698E-02  1.522565E-03  5.208368E-16 -7.164376E-01  0.000000E+00
  1.669282E-01  2.375324E-02  5.000000E-01  3.544349E-02  4.863737E-03  0.000000E+00  1.536828E-02  1.514760E-03  1.305403E-15 -7.536474E-01  0.000000E+00
  1.350509E-01  2.059086E-02  5.000000E-01  2.867354E-02  4.192125E-03  0.000000E+00  1.510241E-02  1.501474E-03  1.569719E-15 -8.033334E-01  0.000000E+00
  1.043791E-01  1.753742E-02  5.000000E-01  2.215959E-02  3.543650E-03  0.000000E+00  1.510693E-02  1.558781E-03 -1.650781E-15 -8.621852E-01  0.000000E+00
  7.632629E-02  1.453834E-02  5.000000E-01  1.620187E-02  2.906720E-03  0.000000E+00  1.538531E-02  1.716944E-03 -1.230872E-14 -9.311893E-01  0.000000E+00
  5.118571E-02  1.159005E-02  5.000000E-01  1.086263E-02  2.280575E-03  0.000000E+00  1.584809E-02  1.978070E-03 -2.417266E-14 -1.012781E+00  0.000000E+00
  3.264831E-02  9.149704E-03  5.000000E-01  6.925739E-03  1.762305E-03  0.000000E+00  1.684372E-02  2.507182E-03  8.114971E-15 -1.094550E+00  0.000000E+00
  2.051015E-02  7.164351E-03  5.000000E-01  4.347893E-03  1.340665E-03  0.000000E+00  1.923610E-02  3.577700E-03  1.868888E-13 -1.167270E+00  0.000000E+00
  1.247723E-02  5.502455E-03  5.000000E-01  2.641898E-03  9.877194E-04  0.000000E+00  2.492157E-02  5.790452E-03  5.910882E-13 -1.237308E+00  0.000000E+00
  7.055255E-03  4.121484E-03  5.000000E-01  1.490404E-03  6.944351E-04  0.000000E+00  3.836238E-02  1.144852E-02  9.728727E-13 -1.296063E+00  0.000000E+00
  3.418635E-03  2.935894E-03  5.000000E-01  7.180754E-04  4.426448E-04  0.000000E+00  6.437623E-02  2.676669E-02  3.716806E-13 -1.285367E+00  0.000000E+00
  1.108798E-03  1.854303E-03  5.000000E-01  2.275226E-04  2.129415E-04  0.000000E+00  8.120646E-02  6.019632E-02 -1.861837E-12 -1.021155E+00  0.000000E+00
  3.747479E-05  8.516372E-04  5.000000E-01  0.000000E+00  0.000000E+00  0.000000E+00  2.735137E-02  1.074971E-01 -4.187239E-12  8.877840E-02  0.000000E+00
  3.747479E-05  8.516372E-04  5.000000E-01  0.000000E+00  0.000000E+00  0.000000E+00  2.735137E-02  1.074971E-01 -4.187239E-12  8.877840E-02  0.000000E+00
  2.534065E-04 -1.495449E-04  5.000000E-01  4.585858E-05 -2.126265E-04  0.000000E+00 -3.240777E-02  7.910586E-02 -3.861570E-12  1.146314E+00  0.000000E+00
  1.848580E-03 -1.192913E-03  5.000000E-01  3.846343E-04 -4.342122E-04  0.000000E+00 -2.396716E-02  1.445542E-02 -1.880530E-12  1.201940E+00  0.000000E+00
  4.867645E-03 -2.280195E-03  5.000000E-01  1.025809E-03 -6.651242E-04  0.000000E+00 -1.646206E-03  7.672223E-04 -5.724348E-13  1.027098E+00  0.000000E+00
  9.380877E-03 -3.460245E-03  5.000000E-01  1.984309E-03 -9.157378E-04  0.000000E+00  9.971725E-03 -2.242102E-03  4.067135E-14  9.354776E-01  0.000000E+00
  1.589077E-02 -4.820613E-03  5.000000E-01  3.366850E-03 -1.204646E-03  0.000000E+00  1.420273E-02 -2.679363E-03  1.757665E-13  8.541922E-01  0.000000E+00
  2.547297E-02 -6.462989E-03  5.000000E-01  5.401873E-03 -1.553447E-03  0.000000E+00  1.475669E-02 -2.307969E-03  1.153598E-13  7.696825E-01  0.000000E+00
  3.989163E-02 -8.495614E-03  5.000000E-01  8.464043E-03 -1.985127E-03  0.000000E+00  1.394052E-02 -1.804484E-03  3.695031E-14  6.884158E-01  0.000000E+00
  6.092142E-02 -1.095585E-02  5.000000E-01  1.293025E-02 -2.507620E-03  0.000000E+00  1.300229E-02 -1.438418E-03 -1.610965E-15  6.181220E-01  0.000000E+00
  8.832839E-02 -1.379894E-02  5.000000E-01  1.875082E-02 -3.111423E-03  0.000000E+00  1.241867E-02 -1.255217E-03 -8.252845E-15  5.626168E-01  0.000000E+00
  1.189914E-01 -1.681546E-02  5.000000E-01  2.526288E-02 -3.752057E-03  0.000000E+00  1.223720E-02 -1.195848E-03 -4.320582E-15  5.193587E-01  0.000000E+00
  1.511926E-01 -1.994395E-02  5.000000E-01  3.210163E-02 -4.416472E-03  0.000000E+00  1.236170E-02 -1.205089E-03 -9.568807E-16  4.844149E-01  0.000000E+00
  1.838450E-01 -2.314278E-02  5.000000E-01  3.903620E-02 -5.095825E-03  0.000000E+00  1.266428E-02 -1.241917E-03  1.617253E-16  4.536051E-01  0.000000E+00
  2.165049E-01 -2.635556E-02  5.000000E-01  4.597236E-02 -5.778141E-03  0.000000E+00  1.302430E-02 -1.275032E-03  2.207027E-16  4.244103E-01  0.000000E+00
  2.491496E-01 -2.954067E-02  5.000000E-01  5.290529E-02 -6.454579E-03  0.000000E+00  1.336248E-02 -1.294772E-03  8.828904E-17  3.974539E-01  0.000000E+00
  2.819003E-01 -3.269498E-02  5.000000E-01  5.986074E-02 -7.124477E-03  0.000000E+00  1.364509E-02 -1.305428E-03  1.479796E-17  3.739032E-01  0.000000E+00
  3.147601E-01 -3.582119E-02  5.000000E-01  6.683936E-02 -7.788407E-03  0.000000E+00  1.386756E-02 -1.311845E-03 -4.080183E-18  3.534533E-01  0.000000E+00
  3.477303E-01 -3.892677E-02  5.000000E-01  7.384142E-02 -8.447955E-03  0.000000E+00  1.403994E-02 -1.316885E-03 -4.352427E-18  3.350199E-01  0.000000E+00
  3.807756E-01 -4.201790E-02  5.000000E-01  8.085941E-02 -9.104436E-03  0.000000E+00  1.417432E-02 -1.320194E-03 -1.115296E-18  3.175964E-01  0.000000E+00
  4.138291E-01 -4.508827E-02  5.000000E-01  8.787917E-02 -9.756508E-03  0.000000E+00  1.427749E-02 -1.318455E-03  5.169279E-19  3.005993E-01  0.000000E+00
  4.468689E-01 -4.812606E-02  5.000000E-01  9.489601E-02 -1.040166E-02  0.000000E+00  1.435293E-02 -1.310061E-03 -7.276827E-19  2.841206E-01  0.000000E+00
  4.799091E-01 -5.112395E-02  5.000000E-01  1.019129E-01 -1.103834E-02  0.000000E+00  1.440423E-02 -1.296301E-03 -1.633799E-18  2.685729E-01  0.000000E+00
  5.129612E-01 -5.407814E-02  5.000000E-01  1.089324E-01 -1.166574E-02  0.000000E+00  1.443561E-02 -1.279271E-03 -5.807165E-20  2.541745E-01  0.000000E+00
  5.460360E-01 -5.698830E-02  5.000000E-01  1.159567E-01 -1.228378E-02  0.000000E+00  1.445173E-02 -1.260820E-03  6.513401E-19  2.408716E-01  0.000000E+00
  5.791347E-01 -5.985573E-02  5.000000E-01  1.229860E-01 -1.289275E-02  0.000000E+00  1.445724E-02 -1.242116E-03  4.508691E-19  2.284672E-01  0.000000E+00
  6.122565E-01 -6.268219E-02  5.000000E-01  1.300203E-01 -1.349302E-02  0.000000E+00  1.445651E-02 -1.223822E-03 -1.137776E-19  2.167651E-01  0.000000E+00
  6.454013E-01 -6.546997E-02  5.000000E-01  1.370594E-01 -1.408508E-02  0.000000E+00  1.445376E-02 -1.206621E-03 -1.141888E-18  2.056438E-01  0.000000E+00
  6.785693E-01 -6.822241E-02  5.000000E-01  1.441035E-01 -1.466963E-02  0.000000E+00  1.445269E-02 -1.191170E-03 -1.502754E-18  1.950156E-01  0.000000E+00
  7.117575E-01 -7.094330E-02  5.000000E-01  1.511518E-01 -1.524748E-02  0.000000E+00  1.445546E-02 -1.177508E-03 -1.733257E-18  1.847548E-01  0.000000E+00
  7.449560E-01 -7.363459E-02  5.000000E-01  1.582024E-01 -1.581904E-02  0.000000E+00  1.446214E-02 -1.164962E-03 -5.559236E-19  1.747173E-01  0.000000E+00
  7.781569E-01 -7.629645E-02  5.000000E-01  1.652534E-01 -1.638436E-02  0.000000E+00  1.447155E-02 -1.152805E-03  4.006236E-19  1.648310E-01  0.000000E+00
  8.113578E-01 -7.892861E-02  5.000000E-01  1.723045E-01 -1.694336E-02  0.000000E+00  1.448242E-02 -1.140755E-03  1.859489E-19  1.551143E-01  0.000000E+00
  8.445597E-01 -8.153123E-02  5.000000E-01  1.793558E-01 -1.749610E-02  0.000000E+00  1.449421E-02 -1.128966E-03  1.855756E-19  1.456163E-01  0.000000E+00
  8.777625E-01 -8.410528E-02  5.000000E-01  1.864072E-01 -1.804276E-02  0.000000E+00  1.450710E-02 -1.117610E-03 -5.763839E-19  1.363366E-01  0.000000E+00
  9.109638E-01 -8.665134E-02  5.000000E-01  1.934584E-01 -1.858348E-02  0.000000E+00  1.452215E-02 -1.106902E-03 -8.651469E-19  1.272267E-01  0.000000E+00
  9.441676E-01 -8.917116E-02  5.000000E-01  2.005100E-01 -1.911863E-02  0.000000E+00  1.454134E-02 -1.097358E-03  5.627800E-19  1.182319E-01  0.000000E+00
  9.773746E-01 -9.166739E-02  5.000000E-01  2.075624E-01 -1.964877E-02  0.000000E+00  1.456681E-02 -1.089323E-03  9.821936E-19  1.092581E-01  0.000000E+00
  1.010583E+00 -9.414221E-02  5.000000E-01  2.146150E-01 -2.017436E-02  0.000000E+00  1.459978E-02 -1.082640E-03  8.440039E-19  1.001770E-01  0.000000E+00
  1.043798E+00 -9.659750E-02  5.000000E-01  2.216690E-01 -2.069580E-02  0.000000E+00  1.463999E-02 -1.076409E-03  4.427372E-19  9.084847E-02  0.000000E+00
  1.077015E+00 -9.903124E-02  5.000000E-01  2.287237E-01 -2.121267E-02  0.000000E+00  1.468640E-02 -1.069756E-03 -1.713218E-19  8.121747E-02  0.000000E+00
  1.110238E+00 -1.014415E-01  5.000000E-01  2.357793E-01 -2.172455E-02  0.000000E+00  1.473811E-02 -1.062313E-03  1.169065E-19  7.132981E-02  0.000000E+00
  1.143462E+00 -1.038252E-01  5.000000E-01  2.428354E-01 -2.223078E-02  0.000000E+00  1.479454E-02 -1.053980E-03  7.346541E-19  6.125048E-02  0.000000E+00
  1.176693E+00 -1.061803E-01  5.000000E-01  2.498927E-01 -2.273095E-02  0.000000E+00  1.485524E-02 -1.044740E-03  1.081026E-18  5.101951E-02  0.000000E+00
  1.209925E+00 -1.085040E-01  5.000000E-01  2.569505E-01 -2.322444E-02  0.000000E+00  1.491926E-02 -1.034121E-03  7.490188E-19  4.060831E-02  0.000000E+00
  1.243158E+00 -1.107919E-01  5.000000E-01  2.640083E-01 -2.371035E-02  0.000000E+00  1.498564E-02 -1.021868E-03  1.105770E-18  3.002035E-02  0.000000E+00
  1.276395E+00 -1.130411E-01  5.000000E-01  2.710670E-01 -2.418802E-02  0.000000E+00  1.505354E-02 -1.007862E-03  1.286873E-18  1.929138E-02  0.000000E+00
  1.309630E+00 -1.152470E-01  5.000000E-01  2.781253E-01 -2.465650E-02  0.000000E+00  1.512177E-02 -9.917011E-04 -7.948224E-19  8.437550E-03  0.000000E+00
  1.342868E+00 -1.174051E-01  5.000000E-01  2.851842E-01 -2.511483E-02  0.000000E+00  1.518957E-02 -9.734539E-04 -2.206211E-18 -2.473733E-03  0.000000E+00
  1.376108E+00 -1.195121E-01  5.000000E-01  2.922436E-01 -2.556229E-02  0.000000E+00  1.525594E-02 -9.529867E-04 -1.050425E-18 -1.339921E-02  0.000000E+00
  1.409347E+00 -1.215626E-01  5.000000E-01  2.993027E-01 -2.599777E-02  0.000000E+00  1.531944E-02 -9.300380E-04 -8.032373E-19 -2.430786E-02  0.000000E+00
  1.442589E+00 -1.235528E-01  5.000000E-01  3.063625E-01 -2.642044E-02  0.000000E+00  1.537864E-02 -9.046804E-04 -8.714775E-19 -3.512460E-02  0.000000E+00
  1.475831E+00 -1.254784E-01  5.000000E-01  3.134222E-01 -2.682939E-02  0.000000E+00  1.543155E-02 -8.767755E-04  2.764771E-19 -4.578678E-02  0.000000E+00
  1.509072E+00 -1.273350E-01  5.000000E-01  3.204819E-01 -2.722368E-02  0.000000E+00  1.547603E-02 -8.461687E-04  1.269113E-19 -5.622430E-02  0.000000E+00
  1.542314E+00 -1.291181E-01  5.000000E-01  3.275416E-01 -2.760239E-02  0.000000E+00  1.551077E-02 -8.131016E-04 -2.476424E-19 -6.632912E-02  0.000000E+00
  1.575558E+00 -1.308250E-01  5.000000E-01  3.346018E-01 -2.796488E-02  0.000000E+00  1.553577E-02 -7.780715E-04  3.659980E-20 -7.600311E-02  0.000000E+00
  1.608800E+00 -1.324525E-01  5.000000E-01  3.416615E-01 -2.831053E-02  0.000000E+00  1.555277E-02 -7.421067E-04 -1.259953E-19 -8.516134E-02  0.000000E+00
  1.642044E+00 -1.340020E-01  5.000000E-01  3.487219E-01 -2.863959E-02  0.000000E+00  1.556417E-02 -7.060843E-04 -6.922773E-20 -9.380277E-02  0.000000E+00
  1.675286E+00 -1.354734E-01  5.000000E-01  3.557816E-01 -2.895210E-02  0.000000E+00  1.557145E-02 -6.700285E-04  4.968005E-19 -1.020422E-01  0.000000E+00
  1.708526E+00 -1.368673E-01  5.000000E-01  3.628410E-01 -2.924813E-02  0.000000E+00  1.557541E-02 -6.338715E-04  2.311300E-19 -1.099754E-01  0.000000E+00
  1.741762E+00 -1.381836E-01  5.000000E-01  3.698996E-01 -2.952767E-02  0.000000E+00  1.557611E-02 -5.973913E-04 -2.101797E-19 -1.176605E-01  0.000000E+00
  1.774995E+00 -1.394213E-01  5.000000E-01  3.769573E-01 -2.979052E-02  0.000000E+00  1.557372E-02 -5.607516E-04 -3.143763E-19 -1.250760E-01  0.000000E+00
  1.808227E+00 -1.405813E-01  5.000000E-01  3.840150E-01 -3.003689E-02  0.000000E+00  1.556839E-02 -5.240958E-04 -3.245058E-19 -1.321935E-01  0.000000E+00
  1.841453E+00 -1.416632E-01  5.000000E-01  3.910714E-01 -3.026665E-02  0.000000E+00  1.555982E-02 -4.872851E-04  1.311982E-19 -1.390229E-01  0.000000E+00
  1.874678E+00 -1.426670E-01  5.000000E-01  3.981276E-01 -3.047983E-02  0.000000E+00  1.554796E-02 -4.504404E-04  2.560026E-20 -1.455547E-01  0.000000E+00
  1.907900E+00 -1.435928E-01  5.000000E-01  4.051830E-01 -3.067645E-02  0.000000E+00  1.553283E-02 -4.135869E-04 -1.576046E-19 -1.517932E-01  0.000000E+00
  1.941118E+00 -1.444407E-01  5.000000E-01  4.122377E-01 -3.085651E-02  0.000000E+00  1.551469E-02 -3.767281E-04  1.779981E-20 -1.577502E-01  0.000000E+00
  1.974334E+00 -1.452105E-01  5.000000E-01  4.192920E-01 -3.102001E-02  0.000000E+00  1.549454E-02 -3.401212E-04  9.149483E-20 -1.634203E-01  0.000000E+00
  2.007549E+00 -1.459034E-01  5.000000E-01  4.263460E-01 -3.116717E-02  0.000000E+00  1.547366E-02 -3.038452E-04 -6.257441E-21 -1.688294E-01  0.000000E+00
  2.040760E+00 -1.465195E-01  5.000000E-01  4.333993E-01 -3.129800E-02  0.000000E+00  1.545321E-02 -2.678071E-04  8.508829E-20 -1.740318E-01  0.000000E+00
  2.073970E+00 -1.470590E-01  5.000000E-01  4.404522E-01 -3.141259E-02  0.000000E+00  1.543435E-02 -2.321386E-04  1.981373E-19 -1.790549E-01  0.000000E+00
  2.107177E+00 -1.475230E-01  5.000000E-01  4.475046E-01 -3.151113E-02  0.000000E+00  1.541688E-02 -1.964446E-04  1.138548E-19 -1.839558E-01  0.000000E+00
  2.140379E+00 -1.479099E-01  5.000000E-01  4.545558E-01 -3.159329E-02  0.000000E+00  1.539912E-02 -1.600903E-04  1.125320E-19 -1.887673E-01  0.000000E+00
  2.173577E+00 -1.482179E-01  5.000000E-01  4.616063E-01 -3.165871E-02  0.000000E+00  1.537851E-02 -1.226958E-04  6.769851E-20 -1.934354E-01  0.000000E+00
  2.206768E+00 -1.484441E-01  5.000000E-01  4.686554E-01 -3.170675E-02  0.000000E+00  1.535199E-02 -8.409209E-05 -6.623895E-20 -1.978372E-01  0.000000E+00
  2.239954E+00 -1.485860E-01  5.000000E-01  4.757033E-01 -3.173688E-02  0.000000E+00  1.531608E-02 -4.426989E-05 -7.698412E-20 -2.018150E-01  0.000000E+00
  2.273134E+00 -1.486404E-01  5.000000E-01  4.827499E-01 -3.174844E-02  0.000000E+00  1.526705E-02 -3.291809E-06 -6.200139E-20 -2.052045E-01  0.000000E+00
  2.306309E+00 -1.486047E-01  5.000000E-01  4.897953E-01 -3.174085E-02  0.000000E+00  1.520126E-02  3.873447E-05 -1.068284E-19 -2.078434E-01  0.000000E+00
  2.339476E+00 -1.484757E-01  5.000000E-01  4.968392E-01 -3.171346E-02  0.000000E+00  1.511564E-02  8.175741E-05 -1.598402E-19 -2.095901E-01  0.000000E+00
  2.372638E+00 -1.482501E-01  5.000000E-01  5.038821E-01 -3.166554E-02  0.000000E+00  1.500954E-02  1.250101E-04 -6.918529E-20 -2.102642E-01  0.000000E+00
  2.405805E+00 -1.479272E-01  5.000000E-01  5.109259E-01 -3.159696E-02  0.000000E+00  1.488483E-02  1.673233E-04  3.893201E-20 -2.097116E-01  0.000000E+00
  2.438976E+00 -1.475083E-01  5.000000E-01  5.179706E-01 -3.150799E-02  0.000000E+00  1.474372E-02  2.082574E-04  2.542240E-19 -2.079383E-01  0.000000E+00
  2.472150E+00 -1.469940E-01  5.000000E-01  5.250160E-01 -3.139877E-02  0.000000E+00  1.458774E-02  2.477267E-04  2.368375E-19 -2.050374E-01  0.000000E+00
  2.505329E+00 -1.463853E-01  5.000000E-01  5.320625E-01 -3.126951E-02  0.000000E+00  1.441767E-02  2.855093E-04  5.609637E-20 -2.010818E-01  0.000000E+00
  2.538512E+00 -1.456836E-01  5.000000E-01  5.391097E-01 -3.112049E-02  0.000000E+00  1.423316E-02  3.215334E-04 -1.683898E-19 -1.961273E-01  0.000000E+00
  2.571700E+00 -1.448896E-01  5.000000E-01  5.461580E-01 -3.095186E-02  0.000000E+00  1.403385E-02  3.555837E-04 -2.138234E-19 -1.901774E-01  0.000000E+00
  2.604894E+00 -1.440053E-01  5.000000E-01  5.532074E-01 -3.076404E-02  0.000000E+00  1.382045E-02  3.874288E-04  2.102758E-19 -1.832326E-01  0.000000E+00
  2.638090E+00 -1.430319E-01  5.000000E-01  5.602575E-01 -3.055732E-02  0.000000E+00  1.359667E-02  4.161464E-04 -1.900294E-19 -1.752713E-01  0.000000E+00
  2.671292E+00 -1.419761E-01  5.000000E-01  5.673087E-01 -3.033311E-02  0.000000E+00  1.336938E-02  4.403480E-04 -3.892866E-19 -1.663276E-01  0.000000E+00
  2.704497E+00 -1.408478E-01  5.000000E-01  5.743608E-01 -3.009349E-02  0.000000E+00  1.314565E-02  4.596630E-04 -1.935578E-19 -1.566655E-01  0.000000E+00
  2.737708E+00 -1.396572E-01  5.000000E-01  5.814140E-01 -2.984063E-02  0.000000E+00  1.293127E-02  4.744765E-04 -9.329939E-20 -1.466757E-01  0.000000E+00
  2.770923E+00 -1.384142E-01  5.000000E-01  5.884680E-01 -2.957663E-02  0.000000E+00  1.273057E-02  4.852824E-04 -5.294208E-20 -1.367077E-01  0.000000E+00
  2.804143E+00 -1.371284E-01  5.000000E-01  5.955231E-01 -2.930357E-02  0.000000E+00  1.254665E-02  4.924196E-04  1.097059E-19 -1.269938E-01  0.000000E+00
  2.837367E+00 -1.358101E-01  5.000000E-01  6.025790E-01 -2.902359E-02  0.000000E+00  1.238135E-02  4.962607E-04 -2.794790E-21 -1.176879E-01  0.000000E+00
  2.870594E+00 -1.344686E-01  5.000000E-01  6.096357E-01 -2.873869E-02  0.000000E+00  1.223547E-02  4.972019E-04 -1.099060E-18 -1.089014E-01  0.000000E+00
  2.903823E+00 -1.331132E-01  5.000000E-01  6.166926E-01 -2.845085E-02  0.000000E+00  1.210903E-02  4.957595E-04 -5.371558E-19 -1.007446E-01  0.000000E+00
  2.937051E+00 -1.317514E-01  5.000000E-01  6.237496E-01 -2.816162E-02  0.000000E+00  1.200240E-02  4.921394E-04  2.600476E-19 -9.328727E-02  0.000000E+00
  2.970283E+00 -1.303917E-01  5.000000E-01  6.308072E-01 -2.787286E-02  0.000000E+00  1.191713E-02  4.863939E-04 -6.734522E-19 -8.659091E-02  0.000000E+00
  3.003515E+00 -1.290423E-01  5.000000E-01  6.378649E-01 -2.758627E-02  0.000000E+00  1.185611E-02  4.787879E-04 -5.650122E-19 -8.076865E-02  0.000000E+00
  3.036751E+00 -1.277110E-01  5.000000E-01  6.449232E-01 -2.730355E-02  0.000000E+00  1.182422E-02  4.694594E-04  5.378871E-20 -7.595085E-02  0.000000E+00
  3.069988E+00 -1.264067E-01  5.000000E-01  6.519820E-01 -2.702654E-02  0.000000E+00  1.182723E-02  4.587316E-04  2.157427E-19 -7.234211E-02  0.000000E+00
  3.103226E+00 -1.251362E-01  5.000000E-01  6.590410E-01 -2.675673E-02  0.000000E+00  1.187073E-02  4.466270E-04  3.526006E-19 -7.014143E-02  0.000000E+00
  3.136469E+00 -1.239086E-01  5.000000E-01  6.661010E-01 -2.649601E-02  0.000000E+00  1.195678E-02  4.337260E-04  1.234578E-19 -6.957508E-02  0.000000E+00
  3.169712E+00 -1.227283E-01  5.000000E-01  6.731611E-01 -2.624533E-02  0.000000E+00  1.207928E-02  4.231116E-04  1.088091E-19 -7.101560E-02  0.000000E+00
  3.202960E+00 -1.215839E-01  5.000000E-01  6.802220E-01 -2.600229E-02  0.000000E+00  1.222610E-02  4.182087E-04  4.928070E-20 -7.456242E-02  0.000000E+00
  3.236210E+00 -1.204575E-01  5.000000E-01  6.872835E-01 -2.576307E-02  0.000000E+00  1.238490E-02  4.200405E-04 -1.908763E-19 -7.974025E-02  0.000000E+00
  3.269464E+00 -1.193318E-01  5.000000E-01  6.943459E-01 -2.552402E-02  0.000000E+00  1.254466E-02  4.284655E-04 -3.608935E-19 -8.589478E-02  0.000000E+00
  3.302721E+00 -1.181894E-01  5.000000E-01  7.014089E-01 -2.528140E-02  0.000000E+00  1.269551E-02  4.433600E-04 -1.191291E-19 -9.251689E-02  0.000000E+00
  3.335981E+00 -1.170128E-01  5.000000E-01  7.084724E-01 -2.503152E-02  0.000000E+00  1.282979E-02  4.642553E-04  7.108686E-20 -9.921029E-02  0.000000E+00
  3.369247E+00 -1.157861E-01  5.000000E-01  7.155373E-01 -2.477099E-02  0.000000E+00  1.294243E-02  4.903746E-04 -6.721773E-20 -1.056322E-01  0.000000E+00
  3.402518E+00 -1.144959E-01  5.000000E-01  7.226033E-01 -2.449699E-02  0.000000E+00  1.302943E-02  5.212551E-04  2.398494E-19 -1.115630E-01  0.000000E+00
  3.435792E+00 -1.131281E-01  5.000000E-01  7.296699E-01 -2.420649E-02  0.000000E+00  1.308786E-02  5.562754E-04  3.885630E-19 -1.168068E-01  0.000000E+00
  3.469073E+00 -1.116712E-01  5.000000E-01  7.367379E-01 -2.389708E-02  0.000000E+00  1.311615E-02  5.946207E-04 -6.031524E-20 -1.211375E-01  0.000000E+00
  3.502353E+00 -1.101145E-01  5.000000E-01  7.438057E-01 -2.356648E-02  0.000000E+00  1.311362E-02  6.355061E-04  2.308798E-19 -1.243692E-01  0.000000E+00
  3.535630E+00 -1.084495E-01  5.000000E-01  7.508729E-01 -2.321288E-02  0.000000E+00  1.308043E-02  6.780424E-04  7.997883E-19 -1.263547E-01  0.000000E+00
  3.568904E+00 -1.066684E-01  5.000000E-01  7.579395E-01 -2.283462E-02  0.000000E+00  1.301721E-02  7.217309E-04  1.008755E-18 -1.270183E-01  0.000000E+00
  3.602176E+00 -1.047634E-01  5.000000E-01  7.650057E-01 -2.243004E-02  0.000000E+00  1.292530E-02  7.661183E-04  1.730682E-18 -1.263008E-01  0.000000E+00
  3.635446E+00 -1.027277E-01  5.000000E-01  7.720715E-01 -2.199770E-02  0.000000E+00  1.280610E-02  8.105420E-04  1.927349E-18 -1.241563E-01  0.000000E+00
  3.668713E+00 -1.005552E-01  5.000000E-01  7.791365E-01 -2.153632E-02  0.000000E+00  1.266022E-02  8.540183E-04  1.077886E-18 -1.205170E-01  0.000000E+00
  3.701976E+00 -9.824258E-02  5.000000E-01  7.862009E-01 -2.104518E-02  0.000000E+00  1.248503E-02  8.962991E-04  7.342028E-19 -1.153636E-01  0.000000E+00
  3.735241E+00 -9.578216E-02  5.000000E-01  7.932655E-01 -2.052264E-02  0.000000E+00  1.227304E-02  9.383451E-04  1.349182E-18 -1.087770E-01  0.000000E+00
  3.768500E+00 -9.315906E-02  5.000000E-01  8.003289E-01 -1.996556E-02  0.000000E+00  1.201696E-02  9.797744E-04  1.861637E-18 -1.005738E-01  0.000000E+00
  3.801751E+00 -9.036098E-02  5.000000E-01  8.073904E-01 -1.937132E-02  0.000000E+00  1.171486E-02  1.018192E-03  2.436397E-18 -9.030613E-02  0.000000E+00
  3.834989E+00 -8.738067E-02  5.000000E-01  8.144495E-01 -1.873837E-02  0.000000E+00  1.137096E-02  1.050515E-03  2.830010E-18 -7.763621E-02  0.000000E+00
  3.868211E+00 -8.422112E-02  5.000000E-01  8.215050E-01 -1.806736E-02  0.000000E+00  1.099341E-02  1.074813E-03  2.077099E-18 -6.263183E-02  0.000000E+00
  3.901422E+00 -8.088580E-02  5.000000E-01  8.285582E-01 -1.735902E-02  0.000000E+00  1.059220E-02  1.090495E-03  1.474859E-18 -4.567805E-02  0.000000E+00
  3.934617E+00 -7.738454E-02  5.000000E-01  8.356080E-01 -1.661544E-02  0.000000E+00  1.017802E-02  1.097395E-03 -4.699984E-20 -2.721200E-02  0.000000E+00
  3.967800E+00 -7.372913E-02  5.000000E-01  8.426552E-01 -1.583912E-02  0.000000E+00  9.759393E-03  1.095971E-03 -9.083365E-19 -7.695774E-03  0.000000E+00
  4.000972E+00 -6.993312E-02  5.000000E-01  8.497001E-01 -1.503294E-02  0.000000E+00  9.341310E-03  1.087054E-03 -4.567648E-19  1.251377E-02  0.000000E+00
  4.034139E+00 -6.600954E-02  5.000000E-01  8.567440E-01 -1.419967E-02  0.000000E+00  8.923799E-03  1.072112E-03 -3.950647E-19  3.313425E-02  0.000000E+00
  4.067311E+00 -6.196344E-02  5.000000E-01  8.637890E-01 -1.334038E-02  0.000000E+00  8.502424E-03  1.052171E-03  2.106536E-19  5.403656E-02  0.000000E+00
  4.100488E+00 -5.779873E-02  5.000000E-01  8.708348E-01 -1.245590E-02  0.000000E+00  8.070632E-03  1.026861E-03  1.004303E-18  7.534650E-02  0.000000E+00
  4.133669E+00 -5.351981E-02  5.000000E-01  8.778818E-01 -1.154716E-02  0.000000E+00  7.620916E-03  9.953920E-04  4.260730E-19  9.722726E-02  0.000000E+00
  4.166856E+00 -4.912897E-02  5.000000E-01  8.849299E-01 -1.061465E-02  0.000000E+00  7.147213E-03  9.570782E-04 -5.147986E-19  1.198057E-01  0.000000E+00
  4.200049E+00 -4.462949E-02  5.000000E-01  8.919793E-01 -9.659074E-03  0.000000E+00  6.648133E-03  9.116852E-04 -2.478565E-20  1.431238E-01  0.000000E+00
  4.233242E+00 -4.002332E-02  5.000000E-01  8.990286E-01 -8.680836E-03  0.000000E+00  6.130789E-03  8.587045E-04  7.151565E-19  1.672121E-01  0.000000E+00
  4.266405E+00 -3.533285E-02  5.000000E-01  9.060715E-01 -7.684696E-03  0.000000E+00  5.612825E-03  7.968587E-04 -2.945591E-19  1.920871E-01  0.000000E+00
  4.299502E+00 -3.061449E-02  5.000000E-01  9.131007E-01 -6.682631E-03  0.000000E+00  5.118874E-03  7.264410E-04  5.759107E-19  2.174134E-01  0.000000E+00
  4.332522E+00 -2.595300E-02  5.000000E-01  9.201132E-01 -5.692646E-03  0.000000E+00  4.672775E-03  6.512420E-04  1.154730E-18  2.421809E-01  0.000000E+00
  4.365472E+00 -2.142923E-02  5.000000E-01  9.271110E-01 -4.731908E-03  0.000000E+00  4.293235E-03  5.762963E-04  1.045901E-19  2.652043E-01  0.000000E+00
  4.398350E+00 -1.712791E-02  5.000000E-01  9.340935E-01 -3.818413E-03  0.000000E+00  3.995366E-03  5.050678E-04  1.038527E-18  2.858464E-01  0.000000E+00
  4.431155E+00 -1.313602E-02  5.000000E-01  9.410605E-01 -2.970634E-03  0.000000E+00  3.791970E-03  4.388965E-04  5.676728E-19  3.039285E-01  0.000000E+00
  4.463888E+00 -9.551321E-03  5.000000E-01  9.480121E-01 -2.209333E-03  0.000000E+00  3.689981E-03  3.774575E-04  5.273779E-20  3.191515E-01  0.000000E+00
  4.496579E+00 -6.449498E-03  5.000000E-01  9.549550E-01 -1.550582E-03  0.000000E+00  3.683373E-03  3.190061E-04 -2.328012E-19  3.312645E-01  0.000000E+00
  4.529252E+00 -3.884137E-03  5.000000E-01  9.618939E-01 -1.005762E-03  0.000000E+00  3.743268E-03  2.613979E-04 -6.845950E-19  3.404650E-01  0.000000E+00
  4.561929E+00 -1.879260E-03  5.000000E-01  9.688337E-01 -5.799754E-04  0.000000E+00  3.802789E-03  2.011124E-04 -1.427495E-19  3.458318E-01  0.000000E+00
  4.594574E+00 -4.624888E-04  5.000000E-01  9.757666E-01 -2.790881E-04  0.000000E+00  3.762797E-03  1.277729E-04 -1.496732E-19  3.460135E-01  0.000000E+00
  4.627203E+00  3.400425E-04  5.000000E-01  9.826962E-01 -1.086501E-04  0.000000E+00  3.572030E-03  4.153230E-05 -3.824164E-19  3.491834E-01  0.000000E+00
  4.659162E+00  5.006108E-04  5.000000E-01  9.894836E-01 -7.454937E-05  0.000000E+00  3.271016E-03 -1.113110E-05  1.016770E-18  3.598348E-01  0.000000E+00
  4.689251E+00  5.694916E-05  5.000000E-01  9.958737E-01 -1.687722E-04  0.000000E+00  2.768767E-03 -2.204323E-05  5.564814E-18  3.139579E-01  0.000000E+00
  4.708680E+00 -5.503868E-04  5.000000E-01  1.000000E+00 -2.977554E-04  0.000000E+00  1.969349E-03 -9.191445E-05  5.758359E-18  1.576361E-01  0.000000E+00
    1    2
    2    3
    3    4
    4    5
    5    6
    6    7
    7    8
    8    9
    9   10
   10   11
   11   12
   12   13
   13   14
   14   15
   15   16
   16   17
   17   18
   18   19
   19   20
   20   21
   21   22
   22   23
   23   24
   24   25
   25   26
   26   27
   27   28
   28   29
   29   30
   30   31
   31   32
   32   33
   33   34
   34   35
   35   36
   36   37
   37   38
   38   39
   39   40
   40   41
   41   42
   42   43
   43   44
   44   45
   45   46
   46   47
   47   48
   48   49
   49   50
   50   51
   51   52
   52   53
   53   54
   54   55
   55   56
   56   57
   57   58
   58   59
   59   60
   60   61
   61   62
   62   63
   63   64
   64   65
   65   66
   66   67
   67   68
   68   69
   69   70
   70   71
   71   72
   72   73
   73   74
   74   75
   75   76
   76   77
   77   78
   78   79
   79   80
   80   81
   81   82
   82   83
   83   84
   84   85
   85   86
   86   87
   87   88
   88   89
   89   90
   90   91
   91   92
   92   93
   93   94
   94   95
   95   96
   96   97
   97   98
   98   99
   99  100
  100  101
  101  102
  102  103
  103  104
  104  105
  105  106
  106  107
  107  108
  108  109
  109  110
  110  111
  111  112
  112  113
  113  114
  114  115
  115  116
  116  117
  117  118
  118  119
  119  120
  120  121
  121  122
  122  123
  123  124
  124  125
  125  126
  126  127
  127  128
  128  129
  129  130
  130  131
  131  132
  132  133
  133  134
  134  135
  135  136
  136  137
  137  138
  138  139
  139  140
  140  141
  141  142
  142  143
  143  144
  144  145
  145  146
  146  147
  147  148
  148  149
  149  150
  151  152
  152  153
  153  154
  154  155
  155  156
  156  157
  157  158
  158  159
  159  160
  160  161
  161  162
  162  163
  163  164
  164  165
  165  166
  166  167
  167  168
  168  169
  169  170
  170  171
  171  172
  172  173
  173  174
  174  175
  175  176
  176  177
  177  178
  178  179
  179  180
  180  181
  181  182
  182  183
  183  184
  184  185
  185  186
  186  187
  187  188
  188  189
  189  190
  190  191
  191  192
  192  193
  193  194
  194  195
  195  196
  196  197
  197  198
  198  199
  199  200
  200  201
  201  202
  202  203
  203  204
  204  205
  205  206
  206  207
  207  208
  208  209
  209  210
  210  211
  211  212
  212  213
  213  214
  214  215
  215  216
  216  217
  217  218
  218  219
  219  220
  220  221
  221  222
  222  223
  223  224
  224  225
  225  226
  226  227
  227  228
  228  229
  229  230
  230  231
  231  232
  232  233
  233  234
  234  235
  235  236
  236  237
  237  238
  238  239
  239  240
  240  241
  241  242
  242  243
  243  244
  244  245
  245  246
  246  247
  247  248
  248  249
  249  250
  250  251
  251  252
  252  253
  253  254
  254  255
  255  256
  256  257
  257  258
  258  259
  259  260
  260  261
  261  262
  262  263
  263  264
  264  265
  265  266
  266  267
  267  268
  268  269
  269  270
  270  271
  271  272
  272  273
  273  274
  274  275
  275  276
  276  277
  277  278
  278  279
  279  280
  280  281
  281  282
  282  283
  283  284
  284  285
  285  286
  286  287
  287  288
  288  289
  289  290
  290  291
  291  292
  292  293
  293  294
  294  295
  295  296
  296  297
  297  298
  298  299
  299  300
