 Title = "ADflow Slice Data"
Variables =  "CoordinateX"  "CoordinateY"  "CoordinateZ"  "XoC"  "YoC"  "ZoC" "VelocityX" "VelocityY" "VelocityZ" "CoefPressure" "Mach" 
Zone T= "Slice_0001 None Absolute Regular z = 0.50000000"
 Nodes =          300  Elements=          298  ZONETYPE=FELINESEG
 DATAPACKING=POINT
  4.708680E+00  3.695631E-04  5.000000E-01  1.000000E+00  1.154441E-04  0.000000E+00 -1.541787E-04  9.994928E-05 -1.366375E-18 -2.334972E-01  0.000000E+00
  4.689187E+00  7.738392E-03  5.000000E-01  9.958602E-01  1.680402E-03  0.000000E+00 -8.724981E-05  6.280890E-05  2.855219E-19 -2.817646E-01  0.000000E+00
  4.658673E+00  1.876073E-02  5.000000E-01  9.893797E-01  4.021275E-03  0.000000E+00 -1.270422E-04  3.575819E-05 -5.837767E-19 -2.734710E-01  0.000000E+00
  4.626256E+00  2.987883E-02  5.000000E-01  9.824953E-01  6.382487E-03  0.000000E+00 -2.681865E-04  8.196823E-05  3.113325E-19 -2.651327E-01  0.000000E+00
  4.593146E+00  4.069312E-02  5.000000E-01  9.754635E-01  8.679177E-03  0.000000E+00 -4.734396E-04  1.519726E-04  3.377293E-18 -2.709291E-01  0.000000E+00
  4.560031E+00  5.102900E-02  5.000000E-01  9.684306E-01  1.087426E-02  0.000000E+00 -6.909055E-04  2.123729E-04  3.584349E-18 -2.798431E-01  0.000000E+00
  4.526891E+00  6.094291E-02  5.000000E-01  9.613924E-01  1.297973E-02  0.000000E+00 -8.954141E-04  2.620424E-04  4.240853E-19 -2.863349E-01  0.000000E+00
  4.493752E+00  7.046415E-02  5.000000E-01  9.543545E-01  1.500181E-02  0.000000E+00 -1.076850E-03  3.027059E-04 -9.025839E-19 -2.912031E-01  0.000000E+00
  4.460612E+00  7.961985E-02  5.000000E-01  9.473165E-01  1.694626E-02  0.000000E+00 -1.227901E-03  3.324823E-04 -3.844999E-19 -2.954392E-01  0.000000E+00
  4.427470E+00  8.843110E-02  5.000000E-01  9.402779E-01  1.881755E-02  0.000000E+00 -1.345075E-03  3.506619E-04  1.507407E-18 -2.991326E-01  0.000000E+00
  4.394325E+00  9.690938E-02  5.000000E-01  9.332388E-01  2.061813E-02  0.000000E+00 -1.431236E-03  3.588989E-04  6.419796E-19 -3.023517E-01  0.000000E+00
  4.361178E+00  1.050645E-01  5.000000E-01  9.261991E-01  2.235007E-02  0.000000E+00 -1.494135E-03  3.602251E-04 -5.131961E-18 -3.054520E-01  0.000000E+00
  4.328027E+00  1.129016E-01  5.000000E-01  9.191587E-01  2.401448E-02  0.000000E+00 -1.544283E-03  3.575937E-04 -1.505453E-18 -3.087068E-01  0.000000E+00
  4.294876E+00  1.204217E-01  5.000000E-01  9.121181E-01  2.561157E-02  0.000000E+00 -1.593062E-03  3.536654E-04  8.219596E-19 -3.122479E-01  0.000000E+00
  4.261727E+00  1.276260E-01  5.000000E-01  9.050782E-01  2.714159E-02  0.000000E+00 -1.650390E-03  3.506711E-04 -1.242784E-18 -3.162892E-01  0.000000E+00
  4.228582E+00  1.345154E-01  5.000000E-01  8.980389E-01  2.860472E-02  0.000000E+00 -1.722830E-03  3.496473E-04 -1.102829E-19 -3.210447E-01  0.000000E+00
  4.195443E+00  1.410868E-01  5.000000E-01  8.910010E-01  3.000034E-02  0.000000E+00 -1.811965E-03  3.503299E-04 -1.005648E-18 -3.266581E-01  0.000000E+00
  4.162308E+00  1.473369E-01  5.000000E-01  8.839640E-01  3.132770E-02  0.000000E+00 -1.912681E-03  3.510778E-04 -8.359890E-19 -3.332563E-01  0.000000E+00
  4.129179E+00  1.532638E-01  5.000000E-01  8.769281E-01  3.258643E-02  0.000000E+00 -2.011819E-03  3.494432E-04 -1.414725E-18 -3.410822E-01  0.000000E+00
  4.096054E+00  1.588644E-01  5.000000E-01  8.698933E-01  3.377585E-02  0.000000E+00 -2.091651E-03  3.435450E-04 -1.628065E-18 -3.499748E-01  0.000000E+00
  4.062934E+00  1.641385E-01  5.000000E-01  8.628593E-01  3.489594E-02  0.000000E+00 -2.139867E-03  3.326729E-04 -3.363052E-19 -3.587086E-01  0.000000E+00
  4.029817E+00  1.690868E-01  5.000000E-01  8.558262E-01  3.594684E-02  0.000000E+00 -2.148395E-03  3.142509E-04 -4.144569E-19 -3.672046E-01  0.000000E+00
  3.996705E+00  1.737132E-01  5.000000E-01  8.487940E-01  3.692937E-02  0.000000E+00 -2.067160E-03  2.787930E-04 -3.153966E-19 -3.834001E-01  0.000000E+00
  3.963594E+00  1.780270E-01  5.000000E-01  8.417620E-01  3.784551E-02  0.000000E+00 -1.707442E-03  2.071386E-04  1.158241E-18 -4.276058E-01  0.000000E+00
  3.930486E+00  1.820432E-01  5.000000E-01  8.347307E-01  3.869846E-02  0.000000E+00 -6.569959E-04  6.858664E-05  2.824917E-18 -5.207829E-01  0.000000E+00
  3.897377E+00  1.857831E-01  5.000000E-01  8.276991E-01  3.949273E-02  0.000000E+00  1.665882E-03 -1.783528E-04  5.477757E-18 -6.594635E-01  0.000000E+00
  3.864269E+00  1.892784E-01  5.000000E-01  8.206678E-01  4.023504E-02  0.000000E+00  5.634787E-03 -5.582051E-04  1.037958E-17 -8.073026E-01  0.000000E+00
  3.831161E+00  1.925678E-01  5.000000E-01  8.136366E-01  4.093362E-02  0.000000E+00  1.072870E-02 -1.020225E-03  1.466012E-17 -9.208164E-01  0.000000E+00
  3.798054E+00  1.957033E-01  5.000000E-01  8.066054E-01  4.159953E-02  0.000000E+00  1.536379E-02 -1.426462E-03  1.424790E-17 -9.824305E-01  0.000000E+00
  3.764948E+00  1.987473E-01  5.000000E-01  7.995744E-01  4.224600E-02  0.000000E+00  1.810176E-02 -1.665082E-03  1.040710E-17 -1.005383E+00  0.000000E+00
  3.731842E+00  2.017747E-01  5.000000E-01  7.925435E-01  4.288895E-02  0.000000E+00  1.884497E-02 -1.750489E-03  8.883549E-18 -1.012852E+00  0.000000E+00
  3.698737E+00  2.048718E-01  5.000000E-01  7.855130E-01  4.354671E-02  0.000000E+00  1.851396E-02 -1.769002E-03  1.109403E-17 -1.019270E+00  0.000000E+00
  3.665634E+00  2.080894E-01  5.000000E-01  7.784827E-01  4.423003E-02  0.000000E+00  1.805688E-02 -1.783531E-03  1.417822E-17 -1.027735E+00  0.000000E+00
  3.632534E+00  2.114073E-01  5.000000E-01  7.714530E-01  4.493468E-02  0.000000E+00  1.791360E-02 -1.815759E-03  1.610012E-17 -1.036781E+00  0.000000E+00
  3.599434E+00  2.147955E-01  5.000000E-01  7.644234E-01  4.565424E-02  0.000000E+00  1.809315E-02 -1.863943E-03  1.933486E-17 -1.044883E+00  0.000000E+00
  3.566334E+00  2.182224E-01  5.000000E-01  7.573939E-01  4.638204E-02  0.000000E+00  1.845062E-02 -1.912513E-03  2.782269E-17 -1.050938E+00  0.000000E+00
  3.533236E+00  2.216525E-01  5.000000E-01  7.503646E-01  4.711050E-02  0.000000E+00  1.885819E-02 -1.945350E-03  4.362453E-17 -1.054267E+00  0.000000E+00
  3.500138E+00  2.250462E-01  5.000000E-01  7.433354E-01  4.783123E-02  0.000000E+00  1.925356E-02 -1.953080E-03  6.512730E-17 -1.054521E+00  0.000000E+00
  3.467038E+00  2.283628E-01  5.000000E-01  7.363057E-01  4.853561E-02  0.000000E+00  1.962605E-02 -1.931768E-03  8.641876E-17 -1.051478E+00  0.000000E+00
  3.433936E+00  2.315578E-01  5.000000E-01  7.292757E-01  4.921414E-02  0.000000E+00  1.998715E-02 -1.879048E-03  9.986259E-17 -1.044901E+00  0.000000E+00
  3.400832E+00  2.345827E-01  5.000000E-01  7.222453E-01  4.985656E-02  0.000000E+00  2.034810E-02 -1.792457E-03  1.002499E-16 -1.034533E+00  0.000000E+00
  3.367728E+00  2.373862E-01  5.000000E-01  7.152146E-01  5.045195E-02  0.000000E+00  2.071272E-02 -1.668689E-03  8.892273E-17 -1.020055E+00  0.000000E+00
  3.334620E+00  2.399135E-01  5.000000E-01  7.081835E-01  5.098869E-02  0.000000E+00  2.107696E-02 -1.503926E-03  6.993858E-17 -1.001088E+00  0.000000E+00
  3.301512E+00  2.421078E-01  5.000000E-01  7.011520E-01  5.145471E-02  0.000000E+00  2.142990E-02 -1.294586E-03  5.196567E-17 -9.772326E-01  0.000000E+00
  3.268401E+00  2.439109E-01  5.000000E-01  6.941202E-01  5.183764E-02  0.000000E+00  2.175593E-02 -1.037758E-03  4.167394E-17 -9.480716E-01  0.000000E+00
  3.235290E+00  2.452637E-01  5.000000E-01  6.870881E-01  5.212495E-02  0.000000E+00  2.203664E-02 -7.319702E-04  3.590615E-17 -9.131733E-01  0.000000E+00
  3.202177E+00  2.461076E-01  5.000000E-01  6.800557E-01  5.230417E-02  0.000000E+00  2.225327E-02 -3.782108E-04  3.063768E-17 -8.721483E-01  0.000000E+00
  3.169063E+00  2.463866E-01  5.000000E-01  6.730231E-01  5.236341E-02  0.000000E+00  2.238950E-02  1.945107E-05  2.459329E-17 -8.248134E-01  0.000000E+00
  3.135947E+00  2.460470E-01  5.000000E-01  6.659902E-01  5.229131E-02  0.000000E+00  2.242444E-02  4.471631E-04  1.858850E-17 -7.719062E-01  0.000000E+00
  3.102831E+00  2.450592E-01  5.000000E-01  6.589571E-01  5.208152E-02  0.000000E+00  2.233027E-02  8.733633E-04  1.416194E-17 -7.157624E-01  0.000000E+00
  3.069714E+00  2.434465E-01  5.000000E-01  6.519238E-01  5.173900E-02  0.000000E+00  2.210670E-02  1.270671E-03  1.215419E-17 -6.587527E-01  0.000000E+00
  3.036593E+00  2.412411E-01  5.000000E-01  6.448899E-01  5.127064E-02  0.000000E+00  2.178751E-02  1.631164E-03  1.220574E-17 -6.020077E-01  0.000000E+00
  3.003475E+00  2.384763E-01  5.000000E-01  6.378564E-01  5.068347E-02  0.000000E+00  2.140685E-02  1.954053E-03  1.221967E-17 -5.460187E-01  0.000000E+00
  2.970356E+00  2.351835E-01  5.000000E-01  6.308227E-01  4.998416E-02  0.000000E+00  2.098547E-02  2.239303E-03  1.079957E-17 -4.910430E-01  0.000000E+00
  2.937236E+00  2.313967E-01  5.000000E-01  6.237888E-01  4.917993E-02  0.000000E+00  2.053285E-02  2.487056E-03  7.152763E-18 -4.372249E-01  0.000000E+00
  2.904117E+00  2.271490E-01  5.000000E-01  6.167550E-01  4.827782E-02  0.000000E+00  2.005306E-02  2.697908E-03  3.393507E-18 -3.846458E-01  0.000000E+00
  2.870996E+00  2.224737E-01  5.000000E-01  6.097211E-01  4.728490E-02  0.000000E+00  1.954831E-02  2.872397E-03  1.056976E-18 -3.333959E-01  0.000000E+00
  2.837877E+00  2.174047E-01  5.000000E-01  6.026873E-01  4.620838E-02  0.000000E+00  1.902147E-02  3.011578E-03 -1.711930E-18 -2.835482E-01  0.000000E+00
  2.804757E+00  2.119755E-01  5.000000E-01  5.956535E-01  4.505534E-02  0.000000E+00  1.847602E-02  3.116838E-03 -5.159943E-18 -2.351709E-01  0.000000E+00
  2.771639E+00  2.062201E-01  5.000000E-01  5.886200E-01  4.383305E-02  0.000000E+00  1.791582E-02  3.190064E-03 -6.061676E-18 -1.883015E-01  0.000000E+00
  2.738522E+00  2.001716E-01  5.000000E-01  5.815868E-01  4.254849E-02  0.000000E+00  1.734416E-02  3.233174E-03 -4.749203E-18 -1.429756E-01  0.000000E+00
  2.705406E+00  1.938637E-01  5.000000E-01  5.745537E-01  4.120885E-02  0.000000E+00  1.676369E-02  3.248086E-03 -3.990852E-18 -9.921070E-02  0.000000E+00
  2.672292E+00  1.873299E-01  5.000000E-01  5.675212E-01  3.982123E-02  0.000000E+00  1.617676E-02  3.236978E-03 -2.295180E-18 -5.696029E-02  0.000000E+00
  2.639177E+00  1.806029E-01  5.000000E-01  5.604885E-01  3.839259E-02  0.000000E+00  1.558523E-02  3.201894E-03 -1.708799E-18 -1.615929E-02  0.000000E+00
  2.606068E+00  1.737169E-01  5.000000E-01  5.534568E-01  3.693015E-02  0.000000E+00  1.499047E-02  3.144381E-03 -1.248826E-19  2.318458E-02  0.000000E+00
  2.572958E+00  1.667056E-01  5.000000E-01  5.464251E-01  3.544113E-02  0.000000E+00  1.439363E-02  3.065155E-03 -1.101238E-20  6.090662E-02  0.000000E+00
  2.539852E+00  1.596096E-01  5.000000E-01  5.393941E-01  3.393411E-02  0.000000E+00  1.379737E-02  2.966093E-03 -5.328095E-19  9.687345E-02  0.000000E+00
  2.506749E+00  1.524669E-01  5.000000E-01  5.323639E-01  3.241717E-02  0.000000E+00  1.320531E-02  2.850346E-03  1.628064E-18  1.310422E-01  0.000000E+00
  2.473650E+00  1.453156E-01  5.000000E-01  5.253345E-01  3.089842E-02  0.000000E+00  1.262046E-02  2.720812E-03  9.869039E-19  1.633556E-01  0.000000E+00
  2.440554E+00  1.381926E-01  5.000000E-01  5.183057E-01  2.938566E-02  0.000000E+00  1.204508E-02  2.580060E-03 -4.641934E-19  1.937749E-01  0.000000E+00
  2.407460E+00  1.311354E-01  5.000000E-01  5.112774E-01  2.788689E-02  0.000000E+00  1.148080E-02  2.430551E-03 -5.765334E-19  2.223291E-01  0.000000E+00
  2.374373E+00  1.241806E-01  5.000000E-01  5.042505E-01  2.640986E-02  0.000000E+00  1.092856E-02  2.274508E-03 -1.037067E-19  2.490676E-01  0.000000E+00
  2.341286E+00  1.173628E-01  5.000000E-01  4.972236E-01  2.496194E-02  0.000000E+00  1.038888E-02  2.113439E-03  3.657135E-19  2.739723E-01  0.000000E+00
  2.308194E+00  1.107189E-01  5.000000E-01  4.901958E-01  2.355094E-02  0.000000E+00  9.862769E-03  1.948701E-03 -1.975501E-18  2.969732E-01  0.000000E+00
  2.275097E+00  1.042876E-01  5.000000E-01  4.831667E-01  2.218508E-02  0.000000E+00  9.352312E-03  1.781994E-03 -2.349004E-18  3.179915E-01  0.000000E+00
  2.241991E+00  9.810842E-02  5.000000E-01  4.761359E-01  2.087278E-02  0.000000E+00  8.860885E-03  1.615261E-03 -4.630143E-19  3.369684E-01  0.000000E+00
  2.208879E+00  9.222210E-02  5.000000E-01  4.691038E-01  1.962267E-02  0.000000E+00  8.393263E-03  1.450526E-03 -1.432969E-18  3.538624E-01  0.000000E+00
  2.175760E+00  8.666928E-02  5.000000E-01  4.620701E-01  1.844338E-02  0.000000E+00  7.955598E-03  1.289642E-03 -8.127692E-19  3.685613E-01  0.000000E+00
  2.142637E+00  8.149177E-02  5.000000E-01  4.550355E-01  1.734381E-02  0.000000E+00  7.555158E-03  1.134124E-03  1.163791E-18  3.807007E-01  0.000000E+00
  2.109507E+00  7.673100E-02  5.000000E-01  4.479994E-01  1.633274E-02  0.000000E+00  7.200234E-03  9.855319E-04  1.323165E-18  3.896710E-01  0.000000E+00
  2.076374E+00  7.242890E-02  5.000000E-01  4.409628E-01  1.541908E-02  0.000000E+00  6.899986E-03  8.479550E-04  1.941810E-18  3.953379E-01  0.000000E+00
  2.043241E+00  6.859470E-02  5.000000E-01  4.339262E-01  1.460479E-02  0.000000E+00  6.660790E-03  7.265752E-04  2.400500E-18  3.982789E-01  0.000000E+00
  2.010106E+00  6.520568E-02  5.000000E-01  4.268892E-01  1.388504E-02  0.000000E+00  6.482077E-03  6.220548E-04  1.517680E-18  3.989775E-01  0.000000E+00
  1.976970E+00  6.223782E-02  5.000000E-01  4.198519E-01  1.325474E-02  0.000000E+00  6.358051E-03  5.314730E-04  9.778353E-19  3.976846E-01  0.000000E+00
  1.943835E+00  5.966725E-02  5.000000E-01  4.128148E-01  1.270882E-02  0.000000E+00  6.281228E-03  4.519272E-04 -5.730215E-19  3.946718E-01  0.000000E+00
  1.910699E+00  5.746956E-02  5.000000E-01  4.057776E-01  1.224208E-02  0.000000E+00  6.244291E-03  3.810258E-04 -1.319991E-18  3.901562E-01  0.000000E+00
  1.877561E+00  5.562198E-02  5.000000E-01  3.987399E-01  1.184970E-02  0.000000E+00  6.241329E-03  3.169906E-04 -3.769047E-19  3.842886E-01  0.000000E+00
  1.844424E+00  5.410136E-02  5.000000E-01  3.917025E-01  1.152676E-02  0.000000E+00  6.268258E-03  2.585272E-04 -1.040387E-19  3.771603E-01  0.000000E+00
  1.811282E+00  5.288544E-02  5.000000E-01  3.846638E-01  1.126853E-02  0.000000E+00  6.322711E-03  2.045592E-04 -1.206931E-19  3.688245E-01  0.000000E+00
  1.778139E+00  5.195343E-02  5.000000E-01  3.776250E-01  1.107059E-02  0.000000E+00  6.403641E-03  1.543750E-04 -6.711334E-20  3.593393E-01  0.000000E+00
  1.744992E+00  5.128348E-02  5.000000E-01  3.705854E-01  1.092831E-02  0.000000E+00  6.510760E-03  1.074308E-04  3.824355E-20  3.487248E-01  0.000000E+00
  1.711843E+00  5.085531E-02  5.000000E-01  3.635455E-01  1.083738E-02  0.000000E+00  6.644496E-03  6.328714E-05  2.394114E-19  3.369968E-01  0.000000E+00
  1.678692E+00  5.064759E-02  5.000000E-01  3.565049E-01  1.079326E-02  0.000000E+00  6.805952E-03  2.157623E-05  1.414549E-19  3.241522E-01  0.000000E+00
  1.645539E+00  5.064058E-02  5.000000E-01  3.494640E-01  1.079177E-02  0.000000E+00  6.997051E-03 -1.794504E-05 -3.047818E-20  3.101426E-01  0.000000E+00
  1.612385E+00  5.081300E-02  5.000000E-01  3.424231E-01  1.082839E-02  0.000000E+00  7.220690E-03 -5.537948E-05  1.907470E-20  2.948415E-01  0.000000E+00
  1.579236E+00  5.114394E-02  5.000000E-01  3.353830E-01  1.089868E-02  0.000000E+00  7.480791E-03 -9.057169E-05 -1.102817E-19  2.780365E-01  0.000000E+00
  1.546090E+00  5.161035E-02  5.000000E-01  3.283436E-01  1.099773E-02  0.000000E+00  7.782171E-03 -1.223384E-04 -3.405224E-19  2.596366E-01  0.000000E+00
  1.512946E+00  5.218129E-02  5.000000E-01  3.213046E-01  1.111898E-02  0.000000E+00  8.128959E-03 -1.485380E-04 -3.029212E-19  2.397766E-01  0.000000E+00
  1.479807E+00  5.281751E-02  5.000000E-01  3.142666E-01  1.125410E-02  0.000000E+00  8.522453E-03 -1.672013E-04 -4.925778E-20  2.186808E-01  0.000000E+00
  1.446672E+00  5.347818E-02  5.000000E-01  3.072296E-01  1.139441E-02  0.000000E+00  8.960590E-03 -1.767975E-04  8.450038E-20  1.965784E-01  0.000000E+00
  1.413540E+00  5.412250E-02  5.000000E-01  3.001932E-01  1.153125E-02  0.000000E+00  9.438844E-03 -1.756544E-04  4.879850E-20  1.737634E-01  0.000000E+00
  1.380413E+00  5.470975E-02  5.000000E-01  2.931579E-01  1.165596E-02  0.000000E+00  9.950874E-03 -1.618970E-04  9.737491E-20  1.506176E-01  0.000000E+00
  1.347294E+00  5.519974E-02  5.000000E-01  2.861242E-01  1.176003E-02  0.000000E+00  1.048871E-02 -1.336924E-04 -4.694600E-20  1.275767E-01  0.000000E+00
  1.314179E+00  5.555417E-02  5.000000E-01  2.790915E-01  1.183530E-02  0.000000E+00  1.104306E-02 -8.949287E-05 -1.349908E-19  1.051272E-01  0.000000E+00
  1.281074E+00  5.573730E-02  5.000000E-01  2.720606E-01  1.187419E-02  0.000000E+00  1.160371E-02 -2.800840E-05 -1.608404E-19  8.384855E-02  0.000000E+00
  1.247974E+00  5.571538E-02  5.000000E-01  2.650310E-01  1.186954E-02  0.000000E+00  1.215928E-02  5.149739E-05 -2.726546E-19  6.436539E-02  0.000000E+00
  1.214880E+00  5.545864E-02  5.000000E-01  2.580028E-01  1.181501E-02  0.000000E+00  1.269720E-02  1.492214E-04 -3.410270E-19  4.731123E-02  0.000000E+00
  1.181795E+00  5.493938E-02  5.000000E-01  2.509763E-01  1.170473E-02  0.000000E+00  1.320333E-02  2.648505E-04 -5.049683E-19  3.328028E-02  0.000000E+00
  1.148718E+00  5.413269E-02  5.000000E-01  2.439516E-01  1.153341E-02  0.000000E+00  1.366095E-02  3.970714E-04 -5.408063E-19  2.277483E-02  0.000000E+00
  1.115646E+00  5.301689E-02  5.000000E-01  2.369279E-01  1.129644E-02  0.000000E+00  1.405032E-02  5.436710E-04 -1.127353E-18  1.639251E-02  0.000000E+00
  1.082583E+00  5.157281E-02  5.000000E-01  2.299061E-01  1.098976E-02  0.000000E+00  1.434882E-02  7.015558E-04 -1.440775E-18  1.518065E-02  0.000000E+00
  1.049524E+00  4.978274E-02  5.000000E-01  2.228852E-01  1.060959E-02  0.000000E+00  1.453159E-02  8.663350E-04 -2.295423E-18  2.079738E-02  0.000000E+00
  1.016475E+00  4.763146E-02  5.000000E-01  2.158665E-01  1.015271E-02  0.000000E+00  1.457278E-02  1.030675E-03 -1.266074E-18  3.488609E-02  0.000000E+00
  9.834318E-01  4.510648E-02  5.000000E-01  2.088488E-01  9.616467E-03  0.000000E+00  1.444535E-02  1.173800E-03  1.122930E-18  5.686493E-02  0.000000E+00
  9.503976E-01  4.225511E-02  5.000000E-01  2.018331E-01  9.010904E-03  0.000000E+00  1.413915E-02  1.267454E-03  2.089053E-18  8.355173E-02  0.000000E+00
  9.173728E-01  3.917609E-02  5.000000E-01  1.948195E-01  8.356998E-03  0.000000E+00  1.368432E-02  1.302421E-03  1.451002E-18  1.119012E-01  0.000000E+00
  8.843598E-01  3.596252E-02  5.000000E-01  1.878083E-01  7.674515E-03  0.000000E+00  1.313711E-02  1.288494E-03  1.013113E-18  1.399685E-01  0.000000E+00
  8.513623E-01  3.269593E-02  5.000000E-01  1.808005E-01  6.980771E-03  0.000000E+00  1.255228E-02  1.239088E-03  2.445489E-19  1.663933E-01  0.000000E+00
  8.183794E-01  2.944536E-02  5.000000E-01  1.737957E-01  6.290430E-03  0.000000E+00  1.197111E-02  1.166326E-03 -1.849940E-18  1.903735E-01  0.000000E+00
  7.854121E-01  2.626827E-02  5.000000E-01  1.667943E-01  5.615694E-03  0.000000E+00  1.141882E-02  1.079826E-03 -2.441039E-18  2.115234E-01  0.000000E+00
  7.524593E-01  2.321067E-02  5.000000E-01  1.597959E-01  4.966335E-03  0.000000E+00  1.090752E-02  9.865533E-04 -1.968202E-18  2.297051E-01  0.000000E+00
  7.195226E-01  2.030871E-02  5.000000E-01  1.528010E-01  4.350028E-03  0.000000E+00  1.044081E-02  8.914316E-04 -6.888802E-19  2.449381E-01  0.000000E+00
  6.866079E-01  1.758878E-02  5.000000E-01  1.458107E-01  3.772383E-03  0.000000E+00  1.001751E-02  7.980244E-04 -1.040290E-18  2.573683E-01  0.000000E+00
  6.537221E-01  1.506762E-02  5.000000E-01  1.388265E-01  3.236950E-03  0.000000E+00  9.633558E-03  7.086975E-04 -1.248440E-18  2.672440E-01  0.000000E+00
  6.208691E-01  1.275360E-02  5.000000E-01  1.318494E-01  2.745509E-03  0.000000E+00  9.282839E-03  6.247508E-04 -3.034391E-19  2.748499E-01  0.000000E+00
  5.880524E-01  1.064883E-02  5.000000E-01  1.248799E-01  2.298507E-03  0.000000E+00  8.957517E-03  5.466448E-04  7.298899E-19  2.804388E-01  0.000000E+00
  5.552711E-01  8.751144E-03  5.000000E-01  1.179180E-01  1.895486E-03  0.000000E+00  8.648604E-03  4.742859E-04  6.189106E-19  2.842329E-01  0.000000E+00
  5.225283E-01  7.056312E-03  5.000000E-01  1.109642E-01  1.535545E-03  0.000000E+00  8.346372E-03  4.074806E-04  3.942597E-19  2.864797E-01  0.000000E+00
  4.898261E-01  5.557050E-03  5.000000E-01  1.040191E-01  1.217139E-03  0.000000E+00  8.040301E-03  3.458676E-04  7.122802E-19  2.874296E-01  0.000000E+00
  4.571624E-01  4.245932E-03  5.000000E-01  9.708209E-02  9.386896E-04  0.000000E+00  7.719021E-03  2.887602E-04  1.069492E-19  2.872557E-01  0.000000E+00
  4.245350E-01  3.116588E-03  5.000000E-01  9.015284E-02  6.988447E-04  0.000000E+00  7.370068E-03  2.353064E-04  1.153326E-19  2.859371E-01  0.000000E+00
  3.919369E-01  2.165839E-03  5.000000E-01  8.322981E-02  4.969290E-04  0.000000E+00  6.978852E-03  1.849186E-04  4.110319E-19  2.831773E-01  0.000000E+00
  3.593832E-01  1.392857E-03  5.000000E-01  7.631621E-02  3.327666E-04  0.000000E+00  6.527029E-03  1.381081E-04  1.111774E-19  2.785590E-01  0.000000E+00
  3.269046E-01  7.929956E-04  5.000000E-01  6.941854E-02  2.053708E-04  0.000000E+00  5.991522E-03  9.674544E-05 -1.841507E-18  2.718860E-01  0.000000E+00
  2.945750E-01  3.513494E-04  5.000000E-01  6.255253E-02  1.115760E-04  0.000000E+00  5.347733E-03  6.294470E-05 -7.277533E-18  2.634236E-01  0.000000E+00
  2.624265E-01  4.144717E-05  5.000000E-01  5.572497E-02  4.576036E-05  0.000000E+00  4.579239E-03  3.674049E-05 -9.880244E-18  2.536256E-01  0.000000E+00
  2.304268E-01 -1.471099E-04  5.000000E-01  4.892903E-02  5.715470E-06  0.000000E+00  3.689279E-03  1.641121E-05  2.781619E-17  2.426326E-01  0.000000E+00
  1.986088E-01 -2.083411E-04  5.000000E-01  4.217167E-02 -7.288536E-06  0.000000E+00  2.698352E-03  3.718468E-07  1.788487E-16  2.283676E-01  0.000000E+00
  1.669282E-01 -1.240981E-04  5.000000E-01  3.544349E-02  1.060262E-05  0.000000E+00  1.624134E-03 -9.529175E-06  3.760127E-16  2.036743E-01  0.000000E+00
  1.350509E-01  2.216315E-04  5.000000E-01  2.867354E-02  8.402709E-05  0.000000E+00  4.612016E-04 -4.453894E-06 -1.875620E-16  1.600836E-01  0.000000E+00
  1.043791E-01  8.492420E-04  5.000000E-01  2.215959E-02  2.173161E-04  0.000000E+00 -8.323072E-04  1.484216E-05 -3.647243E-15  9.212868E-02  0.000000E+00
  7.632629E-02  1.469554E-03  5.000000E-01  1.620187E-02  3.490552E-04  0.000000E+00 -2.337625E-03  4.706604E-05 -1.100006E-14 -6.331709E-03  0.000000E+00
  5.118571E-02  2.027016E-03  5.000000E-01  1.086263E-02  4.674465E-04  0.000000E+00 -4.210338E-03  9.337771E-05 -1.072402E-14 -1.293220E-01  0.000000E+00
  3.264831E-02  2.388969E-03  5.000000E-01  6.925739E-03  5.443164E-04  0.000000E+00 -6.648153E-03  5.500631E-05  4.112983E-14 -2.517563E-01  0.000000E+00
  2.051015E-02  2.365166E-03  5.000000E-01  4.347893E-03  5.392612E-04  0.000000E+00 -9.491291E-03 -2.116516E-04  2.198998E-13 -3.657414E-01  0.000000E+00
  1.247723E-02  2.085433E-03  5.000000E-01  2.641898E-03  4.798527E-04  0.000000E+00 -1.097539E-02 -6.511619E-04  5.308460E-13 -5.020395E-01  0.000000E+00
  7.055255E-03  1.695809E-03  5.000000E-01  1.490404E-03  3.971061E-04  0.000000E+00 -4.266930E-03 -3.073084E-04  4.926112E-13 -6.871061E-01  0.000000E+00
  3.418635E-03  1.212147E-03  5.000000E-01  7.180754E-04  2.943882E-04  0.000000E+00  2.374137E-02  6.309607E-03 -1.425823E-12 -8.560302E-01  0.000000E+00
  1.108798E-03  5.991613E-04  5.000000E-01  2.275226E-04  1.642051E-04  0.000000E+00  6.327904E-02  3.800251E-02 -7.138655E-12 -7.261218E-01  0.000000E+00
  3.747479E-05 -1.740220E-04  5.000000E-01  0.000000E+00  0.000000E+00  0.000000E+00  3.012543E-02  8.795130E-02 -1.373995E-11  3.515368E-01  0.000000E+00
  3.747479E-05 -1.740220E-04  5.000000E-01  0.000000E+00  0.000000E+00  0.000000E+00  3.012543E-02  8.795130E-02 -1.373995E-11  3.515368E-01  0.000000E+00
  2.534065E-04 -1.215069E-03  5.000000E-01  4.585858E-05 -2.210929E-04  0.000000E+00 -2.312807E-02  6.722799E-02 -1.241292E-11  1.264037E+00  0.000000E+00
  1.848580E-03 -2.606523E-03  5.000000E-01  3.846343E-04 -5.166035E-04  0.000000E+00 -1.335370E-02  1.147231E-02 -5.640828E-12  1.172090E+00  0.000000E+00
  4.867645E-03 -4.378556E-03  5.000000E-01  1.025809E-03 -8.929397E-04  0.000000E+00  4.332525E-03 -2.188722E-03 -1.358551E-12  1.010207E+00  0.000000E+00
  9.380877E-03 -6.613288E-03  5.000000E-01  1.984309E-03 -1.367542E-03  0.000000E+00  1.268332E-02 -5.906565E-03  4.227422E-13  9.275215E-01  0.000000E+00
  1.589077E-02 -9.533616E-03  5.000000E-01  3.366850E-03 -1.987748E-03  0.000000E+00  1.534671E-02 -6.622341E-03  6.615858E-13  8.389491E-01  0.000000E+00
  2.547297E-02 -1.351626E-02  5.000000E-01  5.401873E-03 -2.833565E-03  0.000000E+00  1.543000E-02 -6.198991E-03  3.663211E-13  7.412608E-01  0.000000E+00
  3.989163E-02 -1.910115E-02  5.000000E-01  8.464044E-03 -4.019657E-03  0.000000E+00  1.478852E-02 -5.539882E-03  9.223468E-14  6.391756E-01  0.000000E+00
  6.092142E-02 -2.670163E-02  5.000000E-01  1.293025E-02 -5.633812E-03  0.000000E+00  1.432961E-02 -5.041035E-03 -2.138842E-14  5.364962E-01  0.000000E+00
  8.832839E-02 -3.607579E-02  5.000000E-01  1.875082E-02 -7.624653E-03  0.000000E+00  1.433739E-02 -4.795388E-03 -3.211651E-14  4.372623E-01  0.000000E+00
  1.189914E-01 -4.610634E-02  5.000000E-01  2.526288E-02 -9.754897E-03  0.000000E+00  1.480763E-02 -4.744207E-03 -1.533290E-14  3.430235E-01  0.000000E+00
  1.511926E-01 -5.621770E-02  5.000000E-01  3.210163E-02 -1.190230E-02  0.000000E+00  1.565015E-02 -4.810776E-03 -3.396549E-15  2.542050E-01  0.000000E+00
  1.838450E-01 -6.605697E-02  5.000000E-01  3.903620E-02 -1.399192E-02  0.000000E+00  1.672842E-02 -4.910811E-03  5.970580E-16  1.681568E-01  0.000000E+00
  2.165049E-01 -7.541617E-02  5.000000E-01  4.597236E-02 -1.597958E-02  0.000000E+00  1.788103E-02 -4.959177E-03  9.035862E-16  8.182132E-02  0.000000E+00
  2.491496E-01 -8.419437E-02  5.000000E-01  5.290529E-02 -1.784386E-02  0.000000E+00  1.897876E-02 -4.912856E-03  4.242907E-16 -4.226294E-03  0.000000E+00
  2.819003E-01 -9.236548E-02  5.000000E-01  5.986074E-02 -1.957920E-02  0.000000E+00  1.994861E-02 -4.768378E-03  9.745856E-17 -8.787450E-02  0.000000E+00
  3.147601E-01 -9.989625E-02  5.000000E-01  6.683936E-02 -2.117855E-02  0.000000E+00  2.077103E-02 -4.537155E-03 -1.226825E-17 -1.684436E-01  0.000000E+00
  3.477303E-01 -1.067623E-01  5.000000E-01  7.384142E-02 -2.263672E-02  0.000000E+00  2.148806E-02 -4.239363E-03 -2.424066E-17 -2.466531E-01  0.000000E+00
  3.807756E-01 -1.129372E-01  5.000000E-01  8.085941E-02 -2.394814E-02  0.000000E+00  2.221145E-02 -3.897889E-03 -1.142240E-17 -3.239832E-01  0.000000E+00
  4.138291E-01 -1.183815E-01  5.000000E-01  8.787917E-02 -2.510436E-02  0.000000E+00  2.310733E-02 -3.529268E-03 -4.595939E-18 -4.020897E-01  0.000000E+00
  4.468689E-01 -1.230561E-01  5.000000E-01  9.489602E-02 -2.609714E-02  0.000000E+00  2.430486E-02 -3.134128E-03 -4.187535E-18 -4.821528E-01  0.000000E+00
  4.799091E-01 -1.269331E-01  5.000000E-01  1.019130E-01 -2.692051E-02  0.000000E+00  2.563961E-02 -2.676665E-03 -3.455394E-18 -5.650039E-01  0.000000E+00
  5.129612E-01 -1.299914E-01  5.000000E-01  1.089324E-01 -2.757003E-02  0.000000E+00  2.626680E-02 -2.088389E-03 -4.646649E-18 -6.501320E-01  0.000000E+00
  5.460360E-01 -1.322183E-01  5.000000E-01  1.159567E-01 -2.804295E-02  0.000000E+00  2.458317E-02 -1.355542E-03 -5.779017E-18 -7.288737E-01  0.000000E+00
  5.791347E-01 -1.336078E-01  5.000000E-01  1.229860E-01 -2.833805E-02  0.000000E+00  1.938020E-02 -6.244407E-04 -4.641875E-18 -7.716172E-01  0.000000E+00
  6.122565E-01 -1.341618E-01  5.000000E-01  1.300203E-01 -2.845571E-02  0.000000E+00  1.169474E-02 -1.295537E-04 -1.617112E-18 -7.311419E-01  0.000000E+00
  6.454013E-01 -1.338914E-01  5.000000E-01  1.370594E-01 -2.839829E-02  0.000000E+00  4.531256E-03  3.788884E-05  4.937179E-19 -5.839450E-01  0.000000E+00
  6.785693E-01 -1.328203E-01  5.000000E-01  1.441035E-01 -2.817082E-02  0.000000E+00 -6.456254E-06 -9.189271E-06  9.051471E-19 -3.721639E-01  0.000000E+00
  7.117575E-01 -1.309877E-01  5.000000E-01  1.511518E-01 -2.778161E-02  0.000000E+00 -2.023832E-03 -1.187761E-04  5.168239E-20 -1.821004E-01  0.000000E+00
  7.449560E-01 -1.284503E-01  5.000000E-01  1.582024E-01 -2.724273E-02  0.000000E+00 -2.565004E-03 -2.103965E-04  1.856556E-19 -7.111042E-02  0.000000E+00
  7.781569E-01 -1.252866E-01  5.000000E-01  1.652535E-01 -2.657084E-02  0.000000E+00 -2.532777E-03 -2.639176E-04  1.153625E-18 -2.860850E-02  0.000000E+00
  8.113578E-01 -1.216024E-01  5.000000E-01  1.723045E-01 -2.578840E-02  0.000000E+00 -2.412594E-03 -2.874380E-04  6.657170E-19 -1.136859E-02  0.000000E+00
  8.445597E-01 -1.175373E-01  5.000000E-01  1.793558E-01 -2.492509E-02  0.000000E+00 -2.352335E-03 -2.967517E-04  1.611241E-18  6.752851E-03  0.000000E+00
  8.777625E-01 -1.132717E-01  5.000000E-01  1.864072E-01 -2.401917E-02  0.000000E+00 -2.348939E-03 -2.996701E-04  3.538652E-18  2.723607E-02  0.000000E+00
  9.109638E-01 -1.090302E-01  5.000000E-01  1.934584E-01 -2.311837E-02  0.000000E+00 -2.384292E-03 -2.929728E-04  1.694731E-18  4.503228E-02  0.000000E+00
  9.441676E-01 -1.050848E-01  5.000000E-01  2.005100E-01 -2.228048E-02  0.000000E+00 -2.453736E-03 -2.684796E-04 -1.307772E-20  5.984294E-02  0.000000E+00
  9.773746E-01 -1.017566E-01  5.000000E-01  2.075624E-01 -2.157364E-02  0.000000E+00 -2.542645E-03 -2.168936E-04 -7.147058E-19  7.457899E-02  0.000000E+00
  1.010583E+00 -9.940725E-02  5.000000E-01  2.146150E-01 -2.107470E-02  0.000000E+00 -2.616980E-03 -1.365455E-04 -1.436124E-18  9.146186E-02  0.000000E+00
  1.043798E+00 -9.828272E-02  5.000000E-01  2.216690E-01 -2.083588E-02  0.000000E+00 -2.635210E-03 -4.057359E-05 -6.016651E-19  1.117202E-01  0.000000E+00
  1.077015E+00 -9.839392E-02  5.000000E-01  2.287237E-01 -2.085949E-02  0.000000E+00 -2.562066E-03  5.416500E-05 -1.286935E-19  1.356343E-01  0.000000E+00
  1.110238E+00 -9.971900E-02  5.000000E-01  2.357793E-01 -2.114091E-02  0.000000E+00 -2.376248E-03  1.346083E-04  8.591964E-19  1.625670E-01  0.000000E+00
  1.143462E+00 -1.022225E-01  5.000000E-01  2.428354E-01 -2.167259E-02  0.000000E+00 -2.070145E-03  1.878781E-04  1.429764E-18  1.914636E-01  0.000000E+00
  1.176693E+00 -1.058560E-01  5.000000E-01  2.498927E-01 -2.244425E-02  0.000000E+00 -1.643769E-03  2.020797E-04  2.200545E-18  2.205997E-01  0.000000E+00
  1.209925E+00 -1.105547E-01  5.000000E-01  2.569505E-01 -2.344214E-02  0.000000E+00 -1.098427E-03  1.670806E-04  2.008448E-18  2.474566E-01  0.000000E+00
  1.243158E+00 -1.162360E-01  5.000000E-01  2.640083E-01 -2.464871E-02  0.000000E+00 -4.304317E-04  7.450977E-05  1.361333E-18  2.691135E-01  0.000000E+00
  1.276395E+00 -1.228016E-01  5.000000E-01  2.710670E-01 -2.604309E-02  0.000000E+00  3.755171E-04 -8.347172E-05  1.859885E-19  2.827178E-01  0.000000E+00
  1.309630E+00 -1.301330E-01  5.000000E-01  2.781254E-01 -2.760009E-02  0.000000E+00  1.350436E-03 -3.156140E-04  1.998853E-18  2.857269E-01  0.000000E+00
  1.342868E+00 -1.380944E-01  5.000000E-01  2.851842E-01 -2.929089E-02  0.000000E+00  2.536625E-03 -6.302260E-04  3.655595E-18  2.760716E-01  0.000000E+00
  1.376108E+00 -1.465331E-01  5.000000E-01  2.922436E-01 -3.108306E-02  0.000000E+00  3.972036E-03 -1.029945E-03 -4.732326E-20  2.521613E-01  0.000000E+00
  1.409347E+00 -1.552770E-01  5.000000E-01  2.993027E-01 -3.294007E-02  0.000000E+00  5.669385E-03 -1.502962E-03 -6.014518E-19  2.132031E-01  0.000000E+00
  1.442589E+00 -1.641418E-01  5.000000E-01  3.063625E-01 -3.482272E-02  0.000000E+00  7.600444E-03 -2.016216E-03 -2.667253E-18  1.592524E-01  0.000000E+00
  1.475831E+00 -1.729283E-01  5.000000E-01  3.134222E-01 -3.668877E-02  0.000000E+00  9.693419E-03 -2.515097E-03 -3.665016E-18  9.095286E-02  0.000000E+00
  1.509072E+00 -1.814284E-01  5.000000E-01  3.204819E-01 -3.849398E-02  0.000000E+00  1.184322E-02 -2.929955E-03 -5.023119E-18  9.632080E-03  0.000000E+00
  1.542314E+00 -1.894279E-01  5.000000E-01  3.275416E-01 -4.019287E-02  0.000000E+00  1.392865E-02 -3.189575E-03 -7.956231E-18 -8.256427E-02  0.000000E+00
  1.575558E+00 -1.967123E-01  5.000000E-01  3.346018E-01 -4.173990E-02  0.000000E+00  1.584275E-02 -3.251788E-03 -6.378879E-18 -1.818084E-01  0.000000E+00
  1.608800E+00 -2.031262E-01  5.000000E-01  3.416616E-01 -4.310205E-02  0.000000E+00  1.752953E-02 -3.134288E-03 -2.519746E-18 -2.821243E-01  0.000000E+00
  1.642044E+00 -2.086411E-01  5.000000E-01  3.487219E-01 -4.427329E-02  0.000000E+00  1.896828E-02 -2.875609E-03  5.383961E-18 -3.792989E-01  0.000000E+00
  1.675286E+00 -2.132416E-01  5.000000E-01  3.557816E-01 -4.525033E-02  0.000000E+00  2.014851E-02 -2.497989E-03  1.253570E-17 -4.727737E-01  0.000000E+00
  1.708526E+00 -2.169137E-01  5.000000E-01  3.628410E-01 -4.603019E-02  0.000000E+00  2.107498E-02 -2.021640E-03  1.927820E-17 -5.630223E-01  0.000000E+00
  1.741762E+00 -2.196429E-01  5.000000E-01  3.698996E-01 -4.660980E-02  0.000000E+00  2.176017E-02 -1.467183E-03  2.554122E-17 -6.503994E-01  0.000000E+00
  1.774995E+00 -2.214143E-01  5.000000E-01  3.769573E-01 -4.698600E-02  0.000000E+00  2.221975E-02 -8.552827E-04  2.870611E-17 -7.349388E-01  0.000000E+00
  1.808227E+00 -2.222152E-01  5.000000E-01  3.840150E-01 -4.715608E-02  0.000000E+00  2.248160E-02 -2.054414E-04  3.166785E-17 -8.165460E-01  0.000000E+00
  1.841453E+00 -2.220316E-01  5.000000E-01  3.910715E-01 -4.711710E-02  0.000000E+00  2.261141E-02  4.670381E-04  3.376563E-17 -8.951886E-01  0.000000E+00
  1.874678E+00 -2.208505E-01  5.000000E-01  3.981276E-01 -4.686626E-02  0.000000E+00  2.273641E-02  1.157277E-03  3.395852E-17 -9.709417E-01  0.000000E+00
  1.907900E+00 -2.186592E-01  5.000000E-01  4.051831E-01 -4.640088E-02  0.000000E+00  2.300915E-02  1.877521E-03  3.252963E-17 -1.044087E+00  0.000000E+00
  1.941118E+00 -2.154451E-01  5.000000E-01  4.122377E-01 -4.571829E-02  0.000000E+00  2.343088E-02  2.640538E-03  3.330398E-17 -1.115012E+00  0.000000E+00
  1.974334E+00 -2.111959E-01  5.000000E-01  4.192920E-01 -4.481586E-02  0.000000E+00  2.349626E-02  3.384104E-03  3.820650E-17 -1.183289E+00  0.000000E+00
  2.007549E+00 -2.059002E-01  5.000000E-01  4.263460E-01 -4.369120E-02  0.000000E+00  2.190442E-02  3.830247E-03  4.121314E-17 -1.244296E+00  0.000000E+00
  2.040760E+00 -1.995471E-01  5.000000E-01  4.333993E-01 -4.234194E-02  0.000000E+00  1.729998E-02  3.527580E-03  3.191522E-17 -1.281195E+00  0.000000E+00
  2.073970E+00 -1.921248E-01  5.000000E-01  4.404522E-01 -4.076562E-02  0.000000E+00  1.020399E-02  2.345671E-03  1.660222E-17 -1.262712E+00  0.000000E+00
  2.107177E+00 -1.836258E-01  5.000000E-01  4.475046E-01 -3.896066E-02  0.000000E+00  3.422896E-03  8.568806E-04  5.713846E-18 -1.167441E+00  0.000000E+00
  2.140379E+00 -1.741144E-01  5.000000E-01  4.545559E-01 -3.694065E-02  0.000000E+00 -8.436777E-04 -2.607972E-04 -3.170508E-19 -1.021583E+00  0.000000E+00
  2.173577E+00 -1.637368E-01  5.000000E-01  4.616063E-01 -3.473673E-02  0.000000E+00 -2.674738E-03 -8.427036E-04  7.015210E-19 -8.910652E-01  0.000000E+00
  2.206768E+00 -1.526451E-01  5.000000E-01  4.686554E-01 -3.238112E-02  0.000000E+00 -3.080015E-03 -1.042516E-03 -7.931878E-19 -8.205519E-01  0.000000E+00
  2.239954E+00 -1.409907E-01  5.000000E-01  4.757033E-01 -2.990599E-02  0.000000E+00 -2.905170E-03 -1.042193E-03 -4.436985E-18 -8.004166E-01  0.000000E+00
  2.273134E+00 -1.289256E-01  5.000000E-01  4.827499E-01 -2.734368E-02  0.000000E+00 -2.594142E-03 -9.603575E-04 -3.324393E-18 -7.978832E-01  0.000000E+00
  2.306309E+00 -1.166021E-01  5.000000E-01  4.897953E-01 -2.472647E-02  0.000000E+00 -2.301028E-03 -8.601175E-04 -3.126628E-18 -7.946071E-01  0.000000E+00
  2.339476E+00 -1.041734E-01  5.000000E-01  4.968392E-01 -2.208691E-02  0.000000E+00 -2.064192E-03 -7.711031E-04 -3.145322E-18 -7.896291E-01  0.000000E+00
  2.372638E+00 -9.179030E-02  5.000000E-01  5.038821E-01 -1.945705E-02  0.000000E+00 -1.908603E-03 -7.065285E-04  1.231426E-18 -7.860652E-01  0.000000E+00
  2.405805E+00 -7.960456E-02  5.000000E-01  5.109259E-01 -1.686909E-02  0.000000E+00 -1.857325E-03 -6.725199E-04  2.875431E-18 -7.846164E-01  0.000000E+00
  2.438976E+00 -6.777174E-02  5.000000E-01  5.179707E-01 -1.435609E-02  0.000000E+00 -1.915016E-03 -6.680007E-04 -8.715267E-19 -7.847223E-01  0.000000E+00
  2.472150E+00 -5.644759E-02  5.000000E-01  5.250160E-01 -1.195112E-02  0.000000E+00 -2.068789E-03 -6.843786E-04 -4.016769E-19 -7.860148E-01  0.000000E+00
  2.505329E+00 -4.578633E-02  5.000000E-01  5.320625E-01 -9.686933E-03  0.000000E+00 -2.298734E-03 -7.085992E-04 -1.417764E-18 -7.882143E-01  0.000000E+00
  2.538512E+00 -3.594322E-02  5.000000E-01  5.391097E-01 -7.596499E-03  0.000000E+00 -2.584532E-03 -7.266120E-04 -2.166558E-18 -7.908674E-01  0.000000E+00
  2.571700E+00 -2.707179E-02  5.000000E-01  5.461580E-01 -5.712425E-03  0.000000E+00 -2.907449E-03 -7.248636E-04  2.330256E-18 -7.935139E-01  0.000000E+00
  2.604894E+00 -1.932613E-02  5.000000E-01  5.532074E-01 -4.067437E-03  0.000000E+00 -3.251168E-03 -6.929052E-04  1.463894E-18 -7.960330E-01  0.000000E+00
  2.638090E+00 -1.284918E-02  5.000000E-01  5.602575E-01 -2.691891E-03  0.000000E+00 -3.602441E-03 -6.299152E-04 -7.479075E-19 -7.981878E-01  0.000000E+00
  2.671292E+00 -7.653853E-03  5.000000E-01  5.673088E-01 -1.588532E-03  0.000000E+00 -3.949058E-03 -5.429521E-04  1.308262E-18 -7.993064E-01  0.000000E+00
  2.704497E+00 -3.666914E-03  5.000000E-01  5.743608E-01 -7.418044E-04  0.000000E+00 -4.277330E-03 -4.377700E-04  7.977229E-19 -7.989177E-01  0.000000E+00
  2.737708E+00 -8.131193E-04  5.000000E-01  5.814141E-01 -1.357286E-04  0.000000E+00 -4.573897E-03 -3.179215E-04 -7.255726E-19 -7.967295E-01  0.000000E+00
  2.770923E+00  9.829141E-04  5.000000E-01  5.884680E-01  2.457048E-04  0.000000E+00 -4.827278E-03 -1.879037E-04 -1.280280E-19 -7.924114E-01  0.000000E+00
  2.804143E+00  1.796926E-03  5.000000E-01  5.955231E-01  4.185810E-04  0.000000E+00 -5.027727E-03 -5.334619E-05 -5.549684E-19 -7.857336E-01  0.000000E+00
  2.837367E+00  1.704311E-03  5.000000E-01  6.025790E-01  3.989117E-04  0.000000E+00 -5.167907E-03  7.975022E-05 -2.150241E-18 -7.765520E-01  0.000000E+00
  2.870594E+00  7.810140E-04  5.000000E-01  6.096357E-01  2.028262E-04  0.000000E+00 -5.242952E-03  2.055219E-04 -3.801927E-18 -7.647967E-01  0.000000E+00
  2.903823E+00 -8.968555E-04  5.000000E-01  6.166926E-01 -1.535121E-04  0.000000E+00 -5.250186E-03  3.185068E-04 -5.232431E-18 -7.504987E-01  0.000000E+00
  2.937051E+00 -3.251360E-03  5.000000E-01  6.237496E-01 -6.535510E-04  0.000000E+00 -5.189083E-03  4.142143E-04 -6.626680E-18 -7.337882E-01  0.000000E+00
  2.970283E+00 -6.206564E-03  5.000000E-01  6.308073E-01 -1.281164E-03  0.000000E+00 -5.061354E-03  4.893973E-04 -6.297533E-18 -7.148700E-01  0.000000E+00
  3.003515E+00 -9.685280E-03  5.000000E-01  6.378649E-01 -2.019958E-03  0.000000E+00 -4.870816E-03  5.419888E-04 -3.938107E-18 -6.940357E-01  0.000000E+00
  3.036751E+00 -1.361142E-02  5.000000E-01  6.449233E-01 -2.853774E-03  0.000000E+00 -4.623392E-03  5.713099E-04 -2.319438E-18 -6.716632E-01  0.000000E+00
  3.069988E+00 -1.790931E-02  5.000000E-01  6.519820E-01 -3.766540E-03  0.000000E+00 -4.327247E-03  5.780963E-04 -6.290189E-19 -6.481513E-01  0.000000E+00
  3.103226E+00 -2.250205E-02  5.000000E-01  6.590410E-01 -4.741924E-03  0.000000E+00 -3.992404E-03  5.644464E-04  7.476797E-19 -6.239668E-01  0.000000E+00
  3.136469E+00 -2.731633E-02  5.000000E-01  6.661010E-01 -5.764359E-03  0.000000E+00 -3.630724E-03  5.331427E-04  2.198852E-19 -5.996181E-01  0.000000E+00
  3.169712E+00 -3.227079E-02  5.000000E-01  6.731611E-01 -6.816565E-03  0.000000E+00 -3.255732E-03  4.866528E-04 -1.115853E-18 -5.754850E-01  0.000000E+00
  3.202960E+00 -3.725741E-02  5.000000E-01  6.802221E-01 -7.875600E-03  0.000000E+00 -2.880766E-03  4.285428E-04 -3.817543E-19 -5.518730E-01  0.000000E+00
  3.236210E+00 -4.215671E-02  5.000000E-01  6.872835E-01 -8.916091E-03  0.000000E+00 -2.517296E-03  3.638854E-04  1.036997E-18 -5.292574E-01  0.000000E+00
  3.269464E+00 -4.685436E-02  5.000000E-01  6.943460E-01 -9.913758E-03  0.000000E+00 -2.175044E-03  2.979007E-04  1.542900E-18 -5.081228E-01  0.000000E+00
  3.302721E+00 -5.123980E-02  5.000000E-01  7.014089E-01 -1.084512E-02  0.000000E+00 -1.861916E-03  2.348803E-04  2.666387E-18 -4.887800E-01  0.000000E+00
  3.335981E+00 -5.520982E-02  5.000000E-01  7.084725E-01 -1.168825E-02  0.000000E+00 -1.583777E-03  1.779291E-04  1.729622E-18 -4.713229E-01  0.000000E+00
  3.369247E+00 -5.867134E-02  5.000000E-01  7.155373E-01 -1.242339E-02  0.000000E+00 -1.344872E-03  1.290389E-04  5.679617E-19 -4.556887E-01  0.000000E+00
  3.402518E+00 -6.154256E-02  5.000000E-01  7.226033E-01 -1.303317E-02  0.000000E+00 -1.148509E-03  8.855811E-05  1.922401E-21 -4.418081E-01  0.000000E+00
  3.435792E+00 -6.374967E-02  5.000000E-01  7.296699E-01 -1.350191E-02  0.000000E+00 -9.970180E-04  5.595479E-05 -4.784817E-19 -4.294318E-01  0.000000E+00
  3.469073E+00 -6.523257E-02  5.000000E-01  7.367379E-01 -1.381684E-02  0.000000E+00 -8.905424E-04  2.979541E-05  6.885252E-21 -4.182111E-01  0.000000E+00
  3.502353E+00 -6.594035E-02  5.000000E-01  7.438058E-01 -1.396715E-02  0.000000E+00 -8.263477E-04  7.726650E-06  4.632471E-20 -4.078887E-01  0.000000E+00
  3.535630E+00 -6.583469E-02  5.000000E-01  7.508729E-01 -1.394471E-02  0.000000E+00 -7.989586E-04 -1.261802E-05 -3.885088E-19 -3.982384E-01  0.000000E+00
  3.568904E+00 -6.488710E-02  5.000000E-01  7.579396E-01 -1.374347E-02  0.000000E+00 -8.006937E-04 -3.330867E-05 -4.271230E-19 -3.891025E-01  0.000000E+00
  3.602176E+00 -6.307689E-02  5.000000E-01  7.650057E-01 -1.335902E-02  0.000000E+00 -8.229380E-04 -5.579141E-05  4.210598E-19 -3.804599E-01  0.000000E+00
  3.635446E+00 -6.039190E-02  5.000000E-01  7.720715E-01 -1.278880E-02  0.000000E+00 -8.578059E-04 -8.078978E-05  1.514760E-18 -3.724033E-01  0.000000E+00
  3.668713E+00 -5.682764E-02  5.000000E-01  7.791365E-01 -1.203184E-02  0.000000E+00 -8.993167E-04 -1.084669E-04  7.732146E-19 -3.650288E-01  0.000000E+00
  3.701976E+00 -5.238897E-02  5.000000E-01  7.862009E-01 -1.108917E-02  0.000000E+00 -9.435568E-04 -1.382300E-04 -4.559159E-19 -3.583238E-01  0.000000E+00
  3.735241E+00 -4.710113E-02  5.000000E-01  7.932655E-01 -9.966165E-03  0.000000E+00 -9.885351E-04 -1.674445E-04  5.711910E-19 -3.522882E-01  0.000000E+00
  3.768500E+00 -4.113435E-02  5.000000E-01  8.003289E-01 -8.698967E-03  0.000000E+00 -1.033801E-03 -1.927429E-04 -1.166906E-18 -3.469202E-01  0.000000E+00
  3.801751E+00 -3.471061E-02  5.000000E-01  8.073905E-01 -7.334723E-03  0.000000E+00 -1.079427E-03 -2.128144E-04 -2.268999E-18 -3.421444E-01  0.000000E+00
  3.834989E+00 -2.802941E-02  5.000000E-01  8.144495E-01 -5.915801E-03  0.000000E+00 -1.125479E-03 -2.276314E-04 -7.156879E-19 -3.378764E-01  0.000000E+00
  3.868211E+00 -2.127030E-02  5.000000E-01  8.215051E-01 -4.480332E-03  0.000000E+00 -1.171894E-03 -2.372382E-04 -1.468840E-18 -3.339594E-01  0.000000E+00
  3.901422E+00 -1.458037E-02  5.000000E-01  8.285582E-01 -3.059555E-03  0.000000E+00 -1.218250E-03 -2.418227E-04 -1.315066E-18 -3.302546E-01  0.000000E+00
  3.934617E+00 -8.084610E-03  5.000000E-01  8.356080E-01 -1.680015E-03  0.000000E+00 -1.264114E-03 -2.417114E-04  1.622354E-19 -3.267037E-01  0.000000E+00
  3.967800E+00 -1.882159E-03  5.000000E-01  8.426552E-01 -3.627664E-04  0.000000E+00 -1.309321E-03 -2.373197E-04  8.635794E-19 -3.232452E-01  0.000000E+00
  4.000972E+00  3.949195E-03  5.000000E-01  8.497001E-01  8.756700E-04  0.000000E+00 -1.353720E-03 -2.291114E-04  1.116754E-18 -3.197968E-01  0.000000E+00
  4.034139E+00  9.352385E-03  5.000000E-01  8.567441E-01  2.023175E-03  0.000000E+00 -1.396854E-03 -2.176720E-04  1.376998E-18 -3.162828E-01  0.000000E+00
  4.067311E+00  1.429425E-02  5.000000E-01  8.637890E-01  3.072706E-03  0.000000E+00 -1.437933E-03 -2.036225E-04 -5.429839E-19 -3.126600E-01  0.000000E+00
  4.100488E+00  1.875502E-02  5.000000E-01  8.708349E-01  4.020064E-03  0.000000E+00 -1.475999E-03 -1.873794E-04 -1.027332E-18 -3.088900E-01  0.000000E+00
  4.133669E+00  2.272492E-02  5.000000E-01  8.778818E-01  4.863172E-03  0.000000E+00 -1.509934E-03 -1.693496E-04 -6.380890E-19 -3.049289E-01  0.000000E+00
  4.166856E+00  2.620459E-02  5.000000E-01  8.849300E-01  5.602169E-03  0.000000E+00 -1.538478E-03 -1.499869E-04 -1.183165E-18 -3.007320E-01  0.000000E+00
  4.200049E+00  2.920067E-02  5.000000E-01  8.919793E-01  6.238462E-03  0.000000E+00 -1.560231E-03 -1.297366E-04 -1.828580E-19 -2.962324E-01  0.000000E+00
  4.233242E+00  3.172709E-02  5.000000E-01  8.990286E-01  6.775012E-03  0.000000E+00 -1.573650E-03 -1.087147E-04 -5.586760E-19 -2.913710E-01  0.000000E+00
  4.266405E+00  3.378653E-02  5.000000E-01  9.060715E-01  7.212388E-03  0.000000E+00 -1.577288E-03 -8.643239E-05 -4.884936E-19 -2.861467E-01  0.000000E+00
  4.299502E+00  3.535896E-02  5.000000E-01  9.131007E-01  7.546333E-03  0.000000E+00 -1.570091E-03 -6.218062E-05  5.123169E-19 -2.805770E-01  0.000000E+00
  4.332522E+00  3.640429E-02  5.000000E-01  9.201133E-01  7.768336E-03  0.000000E+00 -1.551390E-03 -3.603301E-05  4.705773E-19 -2.746641E-01  0.000000E+00
  4.365472E+00  3.688837E-02  5.000000E-01  9.271110E-01  7.871141E-03  0.000000E+00 -1.520681E-03 -8.798548E-06  1.643581E-19 -2.683839E-01  0.000000E+00
  4.398350E+00  3.677693E-02  5.000000E-01  9.340936E-01  7.847475E-03  0.000000E+00 -1.477241E-03  1.898174E-05 -1.397590E-19 -2.616690E-01  0.000000E+00
  4.431155E+00  3.603475E-02  5.000000E-01  9.410605E-01  7.689854E-03  0.000000E+00 -1.419955E-03  4.661894E-05 -1.901278E-19 -2.546161E-01  0.000000E+00
  4.463888E+00  3.461586E-02  5.000000E-01  9.480122E-01  7.388516E-03  0.000000E+00 -1.347599E-03  7.264541E-05  1.556406E-19 -2.473264E-01  0.000000E+00
  4.496579E+00  3.248584E-02  5.000000E-01  9.549550E-01  6.936153E-03  0.000000E+00 -1.257938E-03  9.505853E-05 -3.798686E-20 -2.395435E-01  0.000000E+00
  4.529252E+00  2.962480E-02  5.000000E-01  9.618939E-01  6.328537E-03  0.000000E+00 -1.147113E-03  1.125750E-04 -1.075597E-18 -2.311249E-01  0.000000E+00
  4.561929E+00  2.603169E-02  5.000000E-01  9.688337E-01  5.565449E-03  0.000000E+00 -1.014441E-03  1.242918E-04 -2.739102E-18 -2.234567E-01  0.000000E+00
  4.594574E+00  2.170490E-02  5.000000E-01  9.757666E-01  4.646546E-03  0.000000E+00 -8.686427E-04  1.248670E-04 -8.429578E-19 -2.180364E-01  0.000000E+00
  4.627203E+00  1.662545E-02  5.000000E-01  9.826963E-01  3.567796E-03  0.000000E+00 -7.130666E-04  1.101594E-04  8.301702E-19 -2.089866E-01  0.000000E+00
  4.659162E+00  1.088564E-02  5.000000E-01  9.894836E-01  2.348802E-03  0.000000E+00 -5.260151E-04  9.532137E-05 -9.107890E-19 -1.883738E-01  0.000000E+00
  4.689251E+00  4.744438E-03  5.000000E-01  9.958738E-01  1.044560E-03  0.000000E+00 -3.173570E-04  9.592946E-05 -1.902454E-18 -1.803662E-01  0.000000E+00
  4.708680E+00  3.695631E-04  5.000000E-01  1.000000E+00  1.154441E-04  0.000000E+00 -1.541787E-04  9.994928E-05 -1.366375E-18 -2.334972E-01  0.000000E+00
    1    2
    2    3
    3    4
    4    5
    5    6
    6    7
    7    8
    8    9
    9   10
   10   11
   11   12
   12   13
   13   14
   14   15
   15   16
   16   17
   17   18
   18   19
   19   20
   20   21
   21   22
   22   23
   23   24
   24   25
   25   26
   26   27
   27   28
   28   29
   29   30
   30   31
   31   32
   32   33
   33   34
   34   35
   35   36
   36   37
   37   38
   38   39
   39   40
   40   41
   41   42
   42   43
   43   44
   44   45
   45   46
   46   47
   47   48
   48   49
   49   50
   50   51
   51   52
   52   53
   53   54
   54   55
   55   56
   56   57
   57   58
   58   59
   59   60
   60   61
   61   62
   62   63
   63   64
   64   65
   65   66
   66   67
   67   68
   68   69
   69   70
   70   71
   71   72
   72   73
   73   74
   74   75
   75   76
   76   77
   77   78
   78   79
   79   80
   80   81
   81   82
   82   83
   83   84
   84   85
   85   86
   86   87
   87   88
   88   89
   89   90
   90   91
   91   92
   92   93
   93   94
   94   95
   95   96
   96   97
   97   98
   98   99
   99  100
  100  101
  101  102
  102  103
  103  104
  104  105
  105  106
  106  107
  107  108
  108  109
  109  110
  110  111
  111  112
  112  113
  113  114
  114  115
  115  116
  116  117
  117  118
  118  119
  119  120
  120  121
  121  122
  122  123
  123  124
  124  125
  125  126
  126  127
  127  128
  128  129
  129  130
  130  131
  131  132
  132  133
  133  134
  134  135
  135  136
  136  137
  137  138
  138  139
  139  140
  140  141
  141  142
  142  143
  143  144
  144  145
  145  146
  146  147
  147  148
  148  149
  149  150
  151  152
  152  153
  153  154
  154  155
  155  156
  156  157
  157  158
  158  159
  159  160
  160  161
  161  162
  162  163
  163  164
  164  165
  165  166
  166  167
  167  168
  168  169
  169  170
  170  171
  171  172
  172  173
  173  174
  174  175
  175  176
  176  177
  177  178
  178  179
  179  180
  180  181
  181  182
  182  183
  183  184
  184  185
  185  186
  186  187
  187  188
  188  189
  189  190
  190  191
  191  192
  192  193
  193  194
  194  195
  195  196
  196  197
  197  198
  198  199
  199  200
  200  201
  201  202
  202  203
  203  204
  204  205
  205  206
  206  207
  207  208
  208  209
  209  210
  210  211
  211  212
  212  213
  213  214
  214  215
  215  216
  216  217
  217  218
  218  219
  219  220
  220  221
  221  222
  222  223
  223  224
  224  225
  225  226
  226  227
  227  228
  228  229
  229  230
  230  231
  231  232
  232  233
  233  234
  234  235
  235  236
  236  237
  237  238
  238  239
  239  240
  240  241
  241  242
  242  243
  243  244
  244  245
  245  246
  246  247
  247  248
  248  249
  249  250
  250  251
  251  252
  252  253
  253  254
  254  255
  255  256
  256  257
  257  258
  258  259
  259  260
  260  261
  261  262
  262  263
  263  264
  264  265
  265  266
  266  267
  267  268
  268  269
  269  270
  270  271
  271  272
  272  273
  273  274
  274  275
  275  276
  276  277
  277  278
  278  279
  279  280
  280  281
  281  282
  282  283
  283  284
  284  285
  285  286
  286  287
  287  288
  288  289
  289  290
  290  291
  291  292
  292  293
  293  294
  294  295
  295  296
  296  297
  297  298
  298  299
  299  300
