 Title = "ADflow Slice Data"
Variables =  "CoordinateX"  "CoordinateY"  "CoordinateZ"  "XoC"  "YoC"  "ZoC" "VelocityX" "VelocityY" "VelocityZ" "CoefPressure" "Mach" 
Zone T= "Slice_0001 None Absolute Regular z = 0.50000000"
 Nodes =          300  Elements=          298  ZONETYPE=FELINESEG
 DATAPACKING=POINT
  4.708680E+00 -5.661539E-04  5.000000E-01  1.000000E+00 -3.045523E-04  0.000000E+00  1.961238E-03 -8.578917E-05  5.539165E-18  1.587565E-01  0.000000E+00
  4.689187E+00  3.024610E-03  5.000000E-01  9.958601E-01  4.580377E-04  0.000000E+00  1.251830E-03 -1.845760E-04  2.424747E-18  7.014441E-02  0.000000E+00
  4.658673E+00  8.548300E-03  5.000000E-01  9.893797E-01  1.631134E-03  0.000000E+00  8.483901E-04 -1.755231E-04  3.006709E-18  9.048368E-02  0.000000E+00
  4.626256E+00  1.429354E-02  5.000000E-01  9.824952E-01  2.851281E-03  0.000000E+00  5.972058E-04 -1.072374E-04  8.290539E-19  8.420301E-02  0.000000E+00
  4.593146E+00  2.003623E-02  5.000000E-01  9.754635E-01  4.070888E-03  0.000000E+00  4.878622E-04 -7.768260E-05 -2.403077E-18  6.247422E-02  0.000000E+00
  4.560031E+00  2.565645E-02  5.000000E-01  9.684306E-01  5.264484E-03  0.000000E+00  5.075350E-04 -8.494535E-05 -3.155829E-18  4.683212E-02  0.000000E+00
  4.526891E+00  3.115920E-02  5.000000E-01  9.613923E-01  6.433134E-03  0.000000E+00  6.061973E-04 -1.009092E-04 -1.850186E-18  3.319260E-02  0.000000E+00
  4.493752E+00  3.653983E-02  5.000000E-01  9.543545E-01  7.575846E-03  0.000000E+00  7.494214E-04 -1.201675E-04  6.307087E-19  1.668425E-02  0.000000E+00
  4.460612E+00  4.179481E-02  5.000000E-01  9.473164E-01  8.691874E-03  0.000000E+00  9.165518E-04 -1.430000E-04  3.189801E-19 -1.626655E-03  0.000000E+00
  4.427470E+00  4.692108E-02  5.000000E-01  9.402779E-01  9.780568E-03  0.000000E+00  1.084746E-03 -1.651094E-04 -5.393756E-19 -2.042424E-02  0.000000E+00
  4.394325E+00  5.190982E-02  5.000000E-01  9.332387E-01  1.084006E-02  0.000000E+00  1.231271E-03 -1.825910E-04  6.102009E-19 -3.988028E-02  0.000000E+00
  4.361178E+00  5.675456E-02  5.000000E-01  9.261991E-01  1.186896E-02  0.000000E+00  1.341136E-03 -1.936158E-04  1.472885E-18 -6.115751E-02  0.000000E+00
  4.328027E+00  6.144639E-02  5.000000E-01  9.191586E-01  1.286539E-02  0.000000E+00  1.409706E-03 -1.968493E-04  4.367124E-19 -8.514088E-02  0.000000E+00
  4.294876E+00  6.597455E-02  5.000000E-01  9.121181E-01  1.382706E-02  0.000000E+00  1.436494E-03 -1.914310E-04 -5.681830E-19 -1.097935E-01  0.000000E+00
  4.261727E+00  7.033052E-02  5.000000E-01  9.050782E-01  1.475216E-02  0.000000E+00  1.414665E-03 -1.784896E-04  6.910716E-19 -1.299530E-01  0.000000E+00
  4.228582E+00  7.450606E-02  5.000000E-01  8.980388E-01  1.563894E-02  0.000000E+00  1.341511E-03 -1.623594E-04  9.753186E-20 -1.443217E-01  0.000000E+00
  4.195443E+00  7.849035E-02  5.000000E-01  8.910010E-01  1.648511E-02  0.000000E+00  1.274266E-03 -1.519961E-04 -1.438493E-18 -1.648010E-01  0.000000E+00
  4.162308E+00  8.227169E-02  5.000000E-01  8.839639E-01  1.728817E-02  0.000000E+00  1.409796E-03 -1.638024E-04 -6.941936E-19 -2.147150E-01  0.000000E+00
  4.129179E+00  8.584114E-02  5.000000E-01  8.769281E-01  1.804623E-02  0.000000E+00  2.117833E-03 -2.259178E-04 -2.131271E-19 -3.099141E-01  0.000000E+00
  4.096054E+00  8.918808E-02  5.000000E-01  8.698932E-01  1.875704E-02  0.000000E+00  3.844450E-03 -3.711687E-04 -7.933721E-19 -4.405174E-01  0.000000E+00
  4.062934E+00  9.230469E-02  5.000000E-01  8.628593E-01  1.941893E-02  0.000000E+00  6.805170E-03 -6.033161E-04 -3.158316E-18 -5.744061E-01  0.000000E+00
  4.029817E+00  9.518332E-02  5.000000E-01  8.558262E-01  2.003028E-02  0.000000E+00  1.060199E-02 -8.674723E-04 -6.171151E-18 -6.781961E-01  0.000000E+00
  3.996705E+00  9.781836E-02  5.000000E-01  8.487940E-01  2.058990E-02  0.000000E+00  1.421583E-02 -1.068861E-03 -8.804519E-18 -7.359695E-01  0.000000E+00
  3.963594E+00  1.002079E-01  5.000000E-01  8.417620E-01  2.109739E-02  0.000000E+00  1.664901E-02 -1.138527E-03 -1.137094E-17 -7.523467E-01  0.000000E+00
  3.930486E+00  1.023538E-01  5.000000E-01  8.347306E-01  2.155311E-02  0.000000E+00  1.761481E-02 -1.081078E-03 -1.038978E-17 -7.422781E-01  0.000000E+00
  3.897377E+00  1.042607E-01  5.000000E-01  8.276991E-01  2.195809E-02  0.000000E+00  1.751583E-02 -9.526764E-04 -5.874744E-18 -7.198484E-01  0.000000E+00
  3.864269E+00  1.059406E-01  5.000000E-01  8.206677E-01  2.231486E-02  0.000000E+00  1.694321E-02 -8.086590E-04 -1.734751E-18 -6.938889E-01  0.000000E+00
  3.831161E+00  1.074085E-01  5.000000E-01  8.136366E-01  2.262661E-02  0.000000E+00  1.630711E-02 -6.790341E-04  1.163859E-18 -6.688709E-01  0.000000E+00
  3.798054E+00  1.086882E-01  5.000000E-01  8.066053E-01  2.289838E-02  0.000000E+00  1.577792E-02 -5.739208E-04  2.109131E-18 -6.468551E-01  0.000000E+00
  3.764948E+00  1.098097E-01  5.000000E-01  7.995744E-01  2.313656E-02  0.000000E+00  1.538064E-02 -4.947793E-04  1.419504E-18 -6.288335E-01  0.000000E+00
  3.731842E+00  1.108112E-01  5.000000E-01  7.925435E-01  2.334926E-02  0.000000E+00  1.508880E-02 -4.413710E-04  4.778207E-19 -6.154293E-01  0.000000E+00
  3.698737E+00  1.117397E-01  5.000000E-01  7.855130E-01  2.354644E-02  0.000000E+00  1.487907E-02 -4.097111E-04 -5.160032E-19 -6.065345E-01  0.000000E+00
  3.665634E+00  1.126295E-01  5.000000E-01  7.784827E-01  2.373542E-02  0.000000E+00  1.474357E-02 -3.900747E-04 -9.974192E-19 -6.009780E-01  0.000000E+00
  3.632534E+00  1.134876E-01  5.000000E-01  7.714529E-01  2.391767E-02  0.000000E+00  1.467238E-02 -3.748472E-04 -8.249210E-19 -5.974710E-01  0.000000E+00
  3.599434E+00  1.143168E-01  5.000000E-01  7.644234E-01  2.409377E-02  0.000000E+00  1.464669E-02 -3.621270E-04 -1.469105E-19 -5.952361E-01  0.000000E+00
  3.566334E+00  1.151204E-01  5.000000E-01  7.573938E-01  2.426442E-02  0.000000E+00  1.464810E-02 -3.512267E-04  5.479946E-19 -5.937432E-01  0.000000E+00
  3.533236E+00  1.159002E-01  5.000000E-01  7.503646E-01  2.443003E-02  0.000000E+00  1.466314E-02 -3.412862E-04  8.728423E-19 -5.926483E-01  0.000000E+00
  3.500138E+00  1.166570E-01  5.000000E-01  7.433353E-01  2.459075E-02  0.000000E+00  1.468361E-02 -3.319925E-04  1.282812E-18 -5.918082E-01  0.000000E+00
  3.467038E+00  1.173926E-01  5.000000E-01  7.363057E-01  2.474699E-02  0.000000E+00  1.470633E-02 -3.232896E-04  1.619654E-18 -5.911619E-01  0.000000E+00
  3.433936E+00  1.181080E-01  5.000000E-01  7.292757E-01  2.489892E-02  0.000000E+00  1.473137E-02 -3.148139E-04  1.834833E-18 -5.906390E-01  0.000000E+00
  3.400832E+00  1.188031E-01  5.000000E-01  7.222453E-01  2.504654E-02  0.000000E+00  1.475930E-02 -3.062368E-04  1.616624E-18 -5.901767E-01  0.000000E+00
  3.367728E+00  1.194774E-01  5.000000E-01  7.152146E-01  2.518975E-02  0.000000E+00  1.479017E-02 -2.971688E-04  1.146945E-18 -5.896911E-01  0.000000E+00
  3.334620E+00  1.201292E-01  5.000000E-01  7.081834E-01  2.532817E-02  0.000000E+00  1.482310E-02 -2.871940E-04  8.068127E-19 -5.890801E-01  0.000000E+00
  3.301512E+00  1.207560E-01  5.000000E-01  7.011520E-01  2.546129E-02  0.000000E+00  1.485597E-02 -2.759440E-04  6.998631E-19 -5.882579E-01  0.000000E+00
  3.268401E+00  1.213548E-01  5.000000E-01  6.941201E-01  2.558847E-02  0.000000E+00  1.488626E-02 -2.629741E-04  5.675970E-19 -5.871239E-01  0.000000E+00
  3.235290E+00  1.219216E-01  5.000000E-01  6.870881E-01  2.570883E-02  0.000000E+00  1.491136E-02 -2.478343E-04  6.210630E-19 -5.855546E-01  0.000000E+00
  3.202177E+00  1.224513E-01  5.000000E-01  6.800557E-01  2.582132E-02  0.000000E+00  1.492846E-02 -2.302751E-04  8.567223E-19 -5.834553E-01  0.000000E+00
  3.169063E+00  1.229390E-01  5.000000E-01  6.730231E-01  2.592491E-02  0.000000E+00  1.493527E-02 -2.101250E-04  1.225929E-18 -5.807796E-01  0.000000E+00
  3.135947E+00  1.233790E-01  5.000000E-01  6.659902E-01  2.601835E-02  0.000000E+00  1.493039E-02 -1.877098E-04  1.621796E-18 -5.775943E-01  0.000000E+00
  3.102831E+00  1.237674E-01  5.000000E-01  6.589571E-01  2.610083E-02  0.000000E+00  1.491341E-02 -1.645914E-04  1.703586E-18 -5.741525E-01  0.000000E+00
  3.069714E+00  1.241054E-01  5.000000E-01  6.519238E-01  2.617262E-02  0.000000E+00  1.488675E-02 -1.422239E-04  1.706841E-18 -5.707479E-01  0.000000E+00
  3.036593E+00  1.243956E-01  5.000000E-01  6.448898E-01  2.623425E-02  0.000000E+00  1.485561E-02 -1.209351E-04  1.547945E-18 -5.675651E-01  0.000000E+00
  3.003475E+00  1.246402E-01  5.000000E-01  6.378564E-01  2.628620E-02  0.000000E+00  1.482545E-02 -1.004831E-04  1.164231E-18 -5.646785E-01  0.000000E+00
  2.970356E+00  1.248401E-01  5.000000E-01  6.308226E-01  2.632866E-02  0.000000E+00  1.479969E-02 -8.094352E-05  6.943399E-19 -5.621395E-01  0.000000E+00
  2.937236E+00  1.249981E-01  5.000000E-01  6.237888E-01  2.636220E-02  0.000000E+00  1.477996E-02 -6.242318E-05  3.192609E-19 -5.599732E-01  0.000000E+00
  2.904117E+00  1.251156E-01  5.000000E-01  6.167550E-01  2.638715E-02  0.000000E+00  1.476696E-02 -4.476834E-05  1.252251E-19 -5.581611E-01  0.000000E+00
  2.870996E+00  1.251945E-01  5.000000E-01  6.097211E-01  2.640392E-02  0.000000E+00  1.476051E-02 -2.797776E-05  2.313099E-20 -5.566850E-01  0.000000E+00
  2.837877E+00  1.252368E-01  5.000000E-01  6.026873E-01  2.641290E-02  0.000000E+00  1.476029E-02 -1.196389E-05 -2.127221E-20 -5.555057E-01  0.000000E+00
  2.804757E+00  1.252439E-01  5.000000E-01  5.956535E-01  2.641440E-02  0.000000E+00  1.476573E-02  3.296475E-06 -1.314895E-21 -5.545842E-01  0.000000E+00
  2.771639E+00  1.252177E-01  5.000000E-01  5.886200E-01  2.640885E-02  0.000000E+00  1.477638E-02  1.798668E-05  6.821445E-20 -5.538646E-01  0.000000E+00
  2.738522E+00  1.251589E-01  5.000000E-01  5.815867E-01  2.639637E-02  0.000000E+00  1.479154E-02  3.214147E-05  1.753100E-19 -5.533070E-01  0.000000E+00
  2.705406E+00  1.250695E-01  5.000000E-01  5.745537E-01  2.637737E-02  0.000000E+00  1.481054E-02  4.569439E-05  2.957991E-19 -5.528861E-01  0.000000E+00
  2.672292E+00  1.249503E-01  5.000000E-01  5.675211E-01  2.635206E-02  0.000000E+00  1.483292E-02  5.872881E-05  3.871595E-19 -5.525708E-01  0.000000E+00
  2.639177E+00  1.248029E-01  5.000000E-01  5.604885E-01  2.632075E-02  0.000000E+00  1.485812E-02  7.124355E-05  4.053543E-19 -5.523366E-01  0.000000E+00
  2.606068E+00  1.246284E-01  5.000000E-01  5.534568E-01  2.628370E-02  0.000000E+00  1.488569E-02  8.352131E-05  2.872957E-19 -5.521196E-01  0.000000E+00
  2.572958E+00  1.244270E-01  5.000000E-01  5.464251E-01  2.624091E-02  0.000000E+00  1.491470E-02  9.586219E-05  2.097375E-19 -5.518428E-01  0.000000E+00
  2.539852E+00  1.241985E-01  5.000000E-01  5.393941E-01  2.619240E-02  0.000000E+00  1.494379E-02  1.086543E-04  1.945735E-19 -5.514100E-01  0.000000E+00
  2.506749E+00  1.239413E-01  5.000000E-01  5.323639E-01  2.613777E-02  0.000000E+00  1.497105E-02  1.221587E-04  2.085939E-19 -5.507442E-01  0.000000E+00
  2.473650E+00  1.236540E-01  5.000000E-01  5.253345E-01  2.607676E-02  0.000000E+00  1.499418E-02  1.362762E-04  2.818854E-19 -5.498252E-01  0.000000E+00
  2.440554E+00  1.233353E-01  5.000000E-01  5.183056E-01  2.600907E-02  0.000000E+00  1.501143E-02  1.507981E-04  2.069719E-19 -5.486625E-01  0.000000E+00
  2.407460E+00  1.229848E-01  5.000000E-01  5.112774E-01  2.593463E-02  0.000000E+00  1.502220E-02  1.657896E-04  5.185478E-20 -5.472537E-01  0.000000E+00
  2.374373E+00  1.226007E-01  5.000000E-01  5.042504E-01  2.585306E-02  0.000000E+00  1.502656E-02  1.813625E-04  1.263205E-20 -5.456181E-01  0.000000E+00
  2.341286E+00  1.221818E-01  5.000000E-01  4.972236E-01  2.576409E-02  0.000000E+00  1.502460E-02  1.968495E-04  7.665637E-20 -5.438923E-01  0.000000E+00
  2.308194E+00  1.217292E-01  5.000000E-01  4.901958E-01  2.566798E-02  0.000000E+00  1.501780E-02  2.113864E-04 -6.520326E-21 -5.422700E-01  0.000000E+00
  2.275097E+00  1.212456E-01  5.000000E-01  4.831667E-01  2.556528E-02  0.000000E+00  1.500956E-02  2.245710E-04 -7.940999E-20 -5.409137E-01  0.000000E+00
  2.241991E+00  1.207342E-01  5.000000E-01  4.761359E-01  2.545666E-02  0.000000E+00  1.500415E-02  2.363455E-04  8.057817E-20 -5.399358E-01  0.000000E+00
  2.208879E+00  1.201981E-01  5.000000E-01  4.691038E-01  2.534281E-02  0.000000E+00  1.500544E-02  2.468275E-04  1.692665E-19 -5.393976E-01  0.000000E+00
  2.175760E+00  1.196403E-01  5.000000E-01  4.620701E-01  2.522435E-02  0.000000E+00  1.501610E-02  2.561480E-04 -4.890611E-20 -5.393241E-01  0.000000E+00
  2.142637E+00  1.190637E-01  5.000000E-01  4.550354E-01  2.510188E-02  0.000000E+00  1.503741E-02  2.644194E-04 -2.764769E-19 -5.397074E-01  0.000000E+00
  2.109507E+00  1.184707E-01  5.000000E-01  4.479994E-01  2.497595E-02  0.000000E+00  1.506943E-02  2.717956E-04 -6.778230E-20 -5.404899E-01  0.000000E+00
  2.076374E+00  1.178641E-01  5.000000E-01  4.409628E-01  2.484712E-02  0.000000E+00  1.511152E-02  2.790459E-04  3.194975E-20 -5.415054E-01  0.000000E+00
  2.043241E+00  1.172428E-01  5.000000E-01  4.339262E-01  2.471517E-02  0.000000E+00  1.516162E-02  2.871028E-04  5.889501E-20 -5.425406E-01  0.000000E+00
  2.010106E+00  1.166049E-01  5.000000E-01  4.268892E-01  2.457969E-02  0.000000E+00  1.521591E-02  2.962112E-04 -5.502961E-21 -5.434455E-01  0.000000E+00
  1.976970E+00  1.159483E-01  5.000000E-01  4.198519E-01  2.444025E-02  0.000000E+00  1.527048E-02  3.064303E-04 -3.792247E-19 -5.441140E-01  0.000000E+00
  1.943835E+00  1.152707E-01  5.000000E-01  4.128148E-01  2.429634E-02  0.000000E+00  1.532229E-02  3.178211E-04 -7.060744E-19 -5.444832E-01  0.000000E+00
  1.910699E+00  1.145692E-01  5.000000E-01  4.057776E-01  2.414738E-02  0.000000E+00  1.536926E-02  3.301870E-04 -9.553138E-19 -5.445544E-01  0.000000E+00
  1.877561E+00  1.138424E-01  5.000000E-01  3.987399E-01  2.399302E-02  0.000000E+00  1.541076E-02  3.434276E-04 -1.026553E-18 -5.443475E-01  0.000000E+00
  1.844424E+00  1.130879E-01  5.000000E-01  3.917024E-01  2.383277E-02  0.000000E+00  1.544709E-02  3.574735E-04 -9.184243E-19 -5.438966E-01  0.000000E+00
  1.811282E+00  1.123040E-01  5.000000E-01  3.846638E-01  2.366630E-02  0.000000E+00  1.547881E-02  3.720358E-04 -7.382902E-19 -5.432629E-01  0.000000E+00
  1.778139E+00  1.114902E-01  5.000000E-01  3.776250E-01  2.349346E-02  0.000000E+00  1.550703E-02  3.871585E-04 -8.254696E-19 -5.424719E-01  0.000000E+00
  1.744992E+00  1.106445E-01  5.000000E-01  3.705854E-01  2.331385E-02  0.000000E+00  1.553249E-02  4.028419E-04 -8.565438E-19 -5.415457E-01  0.000000E+00
  1.711843E+00  1.097662E-01  5.000000E-01  3.635455E-01  2.312734E-02  0.000000E+00  1.555544E-02  4.190982E-04 -7.146083E-19 -5.404948E-01  0.000000E+00
  1.678692E+00  1.088536E-01  5.000000E-01  3.565049E-01  2.293352E-02  0.000000E+00  1.557564E-02  4.359008E-04 -6.806674E-19 -5.393180E-01  0.000000E+00
  1.645539E+00  1.079060E-01  5.000000E-01  3.494640E-01  2.273228E-02  0.000000E+00  1.559266E-02  4.533356E-04 -5.769341E-19 -5.379861E-01  0.000000E+00
  1.612385E+00  1.069213E-01  5.000000E-01  3.424231E-01  2.252315E-02  0.000000E+00  1.560598E-02  4.717048E-04 -3.740592E-19 -5.364434E-01  0.000000E+00
  1.579236E+00  1.058976E-01  5.000000E-01  3.353830E-01  2.230574E-02  0.000000E+00  1.561488E-02  4.911799E-04 -3.067570E-19 -5.346738E-01  0.000000E+00
  1.546090E+00  1.048315E-01  5.000000E-01  3.283435E-01  2.207933E-02  0.000000E+00  1.561836E-02  5.109936E-04 -3.588349E-19 -5.328093E-01  0.000000E+00
  1.512946E+00  1.037241E-01  5.000000E-01  3.213046E-01  2.184413E-02  0.000000E+00  1.561671E-02  5.299222E-04 -1.976286E-19 -5.310774E-01  0.000000E+00
  1.479807E+00  1.025777E-01  5.000000E-01  3.142666E-01  2.160066E-02  0.000000E+00  1.561308E-02  5.477687E-04 -1.228108E-19 -5.296246E-01  0.000000E+00
  1.446672E+00  1.013943E-01  5.000000E-01  3.072296E-01  2.134933E-02  0.000000E+00  1.561129E-02  5.646684E-04 -9.281375E-20 -5.285394E-01  0.000000E+00
  1.413540E+00  1.001761E-01  5.000000E-01  3.001932E-01  2.109063E-02  0.000000E+00  1.561437E-02  5.807936E-04 -3.881514E-19 -5.278572E-01  0.000000E+00
  1.380413E+00  9.892510E-02  5.000000E-01  2.931579E-01  2.082494E-02  0.000000E+00  1.562410E-02  5.965016E-04 -2.905948E-19 -5.275498E-01  0.000000E+00
  1.347294E+00  9.764239E-02  5.000000E-01  2.861242E-01  2.055253E-02  0.000000E+00  1.564071E-02  6.120665E-04  1.004958E-19 -5.275685E-01  0.000000E+00
  1.314179E+00  9.632860E-02  5.000000E-01  2.790914E-01  2.027351E-02  0.000000E+00  1.566326E-02  6.275232E-04 -2.324847E-19 -5.278742E-01  0.000000E+00
  1.281074E+00  9.498484E-02  5.000000E-01  2.720606E-01  1.998813E-02  0.000000E+00  1.569067E-02  6.430166E-04 -7.821647E-19 -5.284216E-01  0.000000E+00
  1.247974E+00  9.361087E-02  5.000000E-01  2.650310E-01  1.969633E-02  0.000000E+00  1.572176E-02  6.585119E-04 -1.260861E-18 -5.291927E-01  0.000000E+00
  1.214880E+00  9.220771E-02  5.000000E-01  2.580028E-01  1.939834E-02  0.000000E+00  1.575587E-02  6.740073E-04 -1.218666E-18 -5.301739E-01  0.000000E+00
  1.181795E+00  9.077535E-02  5.000000E-01  2.509763E-01  1.909414E-02  0.000000E+00  1.579290E-02  6.897568E-04 -8.079242E-19 -5.313371E-01  0.000000E+00
  1.148718E+00  8.931349E-02  5.000000E-01  2.439516E-01  1.878367E-02  0.000000E+00  1.583261E-02  7.056484E-04 -2.672054E-19 -5.327003E-01  0.000000E+00
  1.115646E+00  8.782250E-02  5.000000E-01  2.369279E-01  1.846703E-02  0.000000E+00  1.587519E-02  7.215384E-04 -7.778278E-20 -5.342944E-01  0.000000E+00
  1.082583E+00  8.630298E-02  5.000000E-01  2.299061E-01  1.814432E-02  0.000000E+00  1.592145E-02  7.375347E-04  2.348077E-19 -5.361334E-01  0.000000E+00
  1.049524E+00  8.475487E-02  5.000000E-01  2.228852E-01  1.781554E-02  0.000000E+00  1.597233E-02  7.536838E-04  7.797753E-19 -5.382373E-01  0.000000E+00
  1.016475E+00  8.317895E-02  5.000000E-01  2.158664E-01  1.748085E-02  0.000000E+00  1.602869E-02  7.700405E-04  7.966274E-19 -5.406233E-01  0.000000E+00
  9.834318E-01  8.157496E-02  5.000000E-01  2.088488E-01  1.714020E-02  0.000000E+00  1.609104E-02  7.865125E-04  4.319231E-19 -5.433128E-01  0.000000E+00
  9.503976E-01  7.994436E-02  5.000000E-01  2.018331E-01  1.679390E-02  0.000000E+00  1.615988E-02  8.033399E-04  2.511841E-19 -5.462696E-01  0.000000E+00
  9.173728E-01  7.828633E-02  5.000000E-01  1.948195E-01  1.644178E-02  0.000000E+00  1.623527E-02  8.211876E-04 -3.641633E-19 -5.493809E-01  0.000000E+00
  8.843598E-01  7.659946E-02  5.000000E-01  1.878083E-01  1.608353E-02  0.000000E+00  1.631594E-02  8.406749E-04 -6.674690E-19 -5.525095E-01  0.000000E+00
  8.513623E-01  7.488056E-02  5.000000E-01  1.808005E-01  1.571848E-02  0.000000E+00  1.639953E-02  8.623191E-04 -1.103026E-19 -5.555263E-01  0.000000E+00
  8.183794E-01  7.312547E-02  5.000000E-01  1.737957E-01  1.534574E-02  0.000000E+00  1.648291E-02  8.861981E-04  2.278125E-20 -5.583724E-01  0.000000E+00
  7.854121E-01  7.133011E-02  5.000000E-01  1.667943E-01  1.496445E-02  0.000000E+00  1.656349E-02  9.121909E-04 -1.062373E-19 -5.610503E-01  0.000000E+00
  7.524593E-01  6.949034E-02  5.000000E-01  1.597959E-01  1.457373E-02  0.000000E+00  1.663977E-02  9.401337E-04 -7.267368E-19 -5.635963E-01  0.000000E+00
  7.195226E-01  6.760259E-02  5.000000E-01  1.528010E-01  1.417281E-02  0.000000E+00  1.671136E-02  9.701028E-04 -6.637662E-19 -5.660309E-01  0.000000E+00
  6.866079E-01  6.566288E-02  5.000000E-01  1.458107E-01  1.376087E-02  0.000000E+00  1.677818E-02  1.002549E-03 -3.874324E-19 -5.683311E-01  0.000000E+00
  6.537221E-01  6.366612E-02  5.000000E-01  1.388265E-01  1.333680E-02  0.000000E+00  1.683916E-02  1.037884E-03 -7.756763E-19 -5.704706E-01  0.000000E+00
  6.208691E-01  6.160641E-02  5.000000E-01  1.318494E-01  1.289937E-02  0.000000E+00  1.689197E-02  1.076144E-03 -9.415334E-19 -5.724765E-01  0.000000E+00
  5.880524E-01  5.947781E-02  5.000000E-01  1.248799E-01  1.244731E-02  0.000000E+00  1.693364E-02  1.116912E-03 -1.611469E-18 -5.744628E-01  0.000000E+00
  5.552711E-01  5.727493E-02  5.000000E-01  1.179180E-01  1.197947E-02  0.000000E+00  1.696188E-02  1.159485E-03 -2.414082E-18 -5.766247E-01  0.000000E+00
  5.225283E-01  5.499396E-02  5.000000E-01  1.109642E-01  1.149505E-02  0.000000E+00  1.697594E-02  1.203383E-03 -2.197624E-18 -5.791983E-01  0.000000E+00
  4.898261E-01  5.263099E-02  5.000000E-01  1.040191E-01  1.099321E-02  0.000000E+00  1.697591E-02  1.248055E-03 -2.122160E-18 -5.824991E-01  0.000000E+00
  4.571624E-01  5.018351E-02  5.000000E-01  9.708209E-02  1.047343E-02  0.000000E+00  1.696187E-02  1.292508E-03 -2.445788E-18 -5.869656E-01  0.000000E+00
  4.245350E-01  4.765071E-02  5.000000E-01  9.015283E-02  9.935525E-03  0.000000E+00  1.693355E-02  1.335414E-03 -2.039853E-18 -5.931182E-01  0.000000E+00
  3.919369E-01  4.503427E-02  5.000000E-01  8.322981E-02  9.379856E-03  0.000000E+00  1.688973E-02  1.375607E-03 -1.023434E-18 -6.014076E-01  0.000000E+00
  3.593832E-01  4.233880E-02  5.000000E-01  7.631621E-02  8.807405E-03  0.000000E+00  1.682696E-02  1.413290E-03 -2.792113E-18 -6.119658E-01  0.000000E+00
  3.269046E-01  3.956721E-02  5.000000E-01  6.941854E-02  8.218788E-03  0.000000E+00  1.673602E-02  1.450438E-03 -1.382367E-17 -6.245329E-01  0.000000E+00
  2.945750E-01  3.671838E-02  5.000000E-01  6.255253E-02  7.613767E-03  0.000000E+00  1.659850E-02  1.488947E-03 -3.344206E-17 -6.388171E-01  0.000000E+00
  2.624265E-01  3.377969E-02  5.000000E-01  5.572497E-02  6.989661E-03  0.000000E+00  1.638840E-02  1.525537E-03 -3.579197E-17 -6.553340E-01  0.000000E+00
  2.304268E-01  3.074289E-02  5.000000E-01  4.892903E-02  6.344718E-03  0.000000E+00  1.609186E-02  1.553889E-03  7.748392E-17 -6.756171E-01  0.000000E+00
  1.986088E-01  2.761402E-02  5.000000E-01  4.217167E-02  5.680223E-03  0.000000E+00  1.573028E-02  1.570104E-03  4.873387E-16 -7.020719E-01  0.000000E+00
  1.669282E-01  2.439588E-02  5.000000E-01  3.544349E-02  4.996771E-03  0.000000E+00  1.535909E-02  1.564702E-03  1.247811E-15 -7.388425E-01  0.000000E+00
  1.350509E-01  2.112433E-02  5.000000E-01  2.867354E-02  4.301974E-03  0.000000E+00  1.509596E-02  1.554047E-03  1.549553E-15 -7.882891E-01  0.000000E+00
  1.043791E-01  1.795980E-02  5.000000E-01  2.215959E-02  3.629905E-03  0.000000E+00  1.510893E-02  1.615196E-03 -1.417467E-15 -8.470427E-01  0.000000E+00
  7.632629E-02  1.485380E-02  5.000000E-01  1.620187E-02  2.970267E-03  0.000000E+00  1.540186E-02  1.778536E-03 -1.143254E-14 -9.161693E-01  0.000000E+00
  5.118571E-02  1.180646E-02  5.000000E-01  1.086263E-02  2.323087E-03  0.000000E+00  1.588403E-02  2.045529E-03 -2.261330E-14 -9.982668E-01  0.000000E+00
  3.264831E-02  9.292148E-03  5.000000E-01  6.925739E-03  1.789109E-03  0.000000E+00  1.689159E-02  2.581574E-03  7.921035E-15 -1.080884E+00  0.000000E+00
  2.051015E-02  7.258361E-03  5.000000E-01  4.347893E-03  1.357182E-03  0.000000E+00  1.925740E-02  3.657399E-03  1.763880E-13 -1.154690E+00  0.000000E+00
  1.247723E-02  5.564887E-03  5.000000E-01  2.641898E-03  9.975301E-04  0.000000E+00  2.484725E-02  5.867921E-03  5.563493E-13 -1.226108E+00  0.000000E+00
  7.055255E-03  4.163156E-03  5.000000E-01  1.490404E-03  6.998368E-04  0.000000E+00  3.812112E-02  1.151768E-02  9.124792E-13 -1.286539E+00  0.000000E+00
  3.418635E-03  2.964065E-03  5.000000E-01  7.180754E-04  4.451794E-04  0.000000E+00  6.397894E-02  2.683479E-02  3.331135E-13 -1.277475E+00  0.000000E+00
  1.108798E-03  1.874197E-03  5.000000E-01  2.275226E-04  2.137182E-04  0.000000E+00  8.088726E-02  6.026494E-02 -1.809598E-12 -1.014578E+00  0.000000E+00
  3.747479E-05  8.678741E-04  5.000000E-01  0.000000E+00  0.000000E+00  0.000000E+00  2.726744E-02  1.074310E-01 -4.053843E-12  9.421197E-02  0.000000E+00
  3.747479E-05  8.678741E-04  5.000000E-01  0.000000E+00  0.000000E+00  0.000000E+00  2.726744E-02  1.074310E-01 -4.053843E-12  9.421197E-02  0.000000E+00
  2.534065E-04 -1.324614E-04  5.000000E-01  4.585858E-05 -2.124467E-04  0.000000E+00 -3.224300E-02  7.884089E-02 -3.744372E-12  1.149525E+00  0.000000E+00
  1.848580E-03 -1.170502E-03  5.000000E-01  3.846343E-04 -4.329010E-04  0.000000E+00 -2.366636E-02  1.422103E-02 -1.826434E-12  1.201868E+00  0.000000E+00
  4.867645E-03 -2.248239E-03  5.000000E-01  1.025809E-03 -6.617859E-04  0.000000E+00 -1.416508E-03  6.868153E-04 -5.563589E-13  1.025114E+00  0.000000E+00
  9.380877E-03 -3.414792E-03  5.000000E-01  1.984309E-03 -9.095330E-04  0.000000E+00  1.009603E-02 -2.243397E-03  3.936679E-14  9.333313E-01  0.000000E+00
  1.589077E-02 -4.756883E-03  5.000000E-01  3.366850E-03 -1.194560E-03  0.000000E+00  1.425266E-02 -2.650787E-03  1.701619E-13  8.523995E-01  0.000000E+00
  2.547297E-02 -6.374294E-03  5.000000E-01  5.401873E-03 -1.538059E-03  0.000000E+00  1.476348E-02 -2.272421E-03  1.112196E-13  7.684109E-01  0.000000E+00
  3.989163E-02 -8.372624E-03  5.000000E-01  8.464043E-03 -1.962455E-03  0.000000E+00  1.392370E-02 -1.771026E-03  3.534603E-14  6.877980E-01  0.000000E+00
  6.092142E-02 -1.078823E-02  5.000000E-01  1.293025E-02 -2.475470E-03  0.000000E+00  1.297192E-02 -1.409497E-03 -1.660659E-15  6.182896E-01  0.000000E+00
  8.832839E-02 -1.358148E-02  5.000000E-01  1.875082E-02 -3.068687E-03  0.000000E+00  1.237912E-02 -1.230813E-03 -7.907424E-15  5.636375E-01  0.000000E+00
  1.189914E-01 -1.655277E-02  5.000000E-01  2.526288E-02 -3.699717E-03  0.000000E+00  1.219016E-02 -1.175500E-03 -4.104582E-15  5.211844E-01  0.000000E+00
  1.511926E-01 -1.964559E-02  5.000000E-01  3.210163E-02 -4.356555E-03  0.000000E+00  1.230810E-02 -1.188584E-03 -8.975834E-16  4.869165E-01  0.000000E+00
  1.838450E-01 -2.282066E-02  5.000000E-01  3.903620E-02 -5.030863E-03  0.000000E+00  1.260511E-02 -1.229352E-03  1.587678E-16  4.566421E-01  0.000000E+00
  2.165049E-01 -2.602199E-02  5.000000E-01  4.597236E-02 -5.710747E-03  0.000000E+00  1.296091E-02 -1.266687E-03  2.097065E-16  4.278646E-01  0.000000E+00
  2.491496E-01 -2.920757E-02  5.000000E-01  5.290529E-02 -6.387285E-03  0.000000E+00  1.329653E-02 -1.291007E-03  8.299098E-17  4.012341E-01  0.000000E+00
  2.819003E-01 -3.237416E-02  5.000000E-01  5.986073E-02 -7.059791E-03  0.000000E+00  1.357843E-02 -1.306630E-03  1.140321E-17  3.779290E-01  0.000000E+00
  3.147601E-01 -3.552460E-02  5.000000E-01  6.683936E-02 -7.728867E-03  0.000000E+00  1.380214E-02 -1.318384E-03 -6.415548E-18  3.576383E-01  0.000000E+00
  3.477303E-01 -3.866657E-02  5.000000E-01  7.384142E-02 -8.396145E-03  0.000000E+00  1.397776E-02 -1.329100E-03 -4.142191E-18  3.392671E-01  0.000000E+00
  3.807756E-01 -4.180648E-02  5.000000E-01  8.085941E-02 -9.062984E-03  0.000000E+00  1.411749E-02 -1.338379E-03 -3.254349E-19  3.217988E-01  0.000000E+00
  4.138291E-01 -4.493795E-02  5.000000E-01  8.787917E-02 -9.728031E-03  0.000000E+00  1.422819E-02 -1.342831E-03  1.252236E-18  3.046403E-01  0.000000E+00
  4.468689E-01 -4.804897E-02  5.000000E-01  9.489601E-02 -1.038874E-02  0.000000E+00  1.431347E-02 -1.340777E-03  4.661290E-19  2.878745E-01  0.000000E+00
  4.799091E-01 -5.113203E-02  5.000000E-01  1.019129E-01 -1.104350E-02  0.000000E+00  1.437708E-02 -1.333456E-03  9.128243E-19  2.719043E-01  0.000000E+00
  5.129612E-01 -5.418309E-02  5.000000E-01  1.089324E-01 -1.169147E-02  0.000000E+00  1.442336E-02 -1.322920E-03  1.365399E-18  2.569358E-01  0.000000E+00
  5.460360E-01 -5.720149E-02  5.000000E-01  1.159567E-01 -1.233251E-02  0.000000E+00  1.445720E-02 -1.310971E-03 -7.534714E-19  2.429009E-01  0.000000E+00
  5.791347E-01 -6.018807E-02  5.000000E-01  1.229860E-01 -1.296678E-02  0.000000E+00  1.448346E-02 -1.298719E-03 -5.877852E-19  2.295864E-01  0.000000E+00
  6.122565E-01 -6.314391E-02  5.000000E-01  1.300203E-01 -1.359453E-02  0.000000E+00  1.450674E-02 -1.286751E-03  2.015214E-19  2.167790E-01  0.000000E+00
  6.454013E-01 -6.607039E-02  5.000000E-01  1.370594E-01 -1.421604E-02  0.000000E+00  1.453153E-02 -1.275658E-03  2.311461E-19  2.043403E-01  0.000000E+00
  6.785693E-01 -6.896961E-02  5.000000E-01  1.441035E-01 -1.483176E-02  0.000000E+00  1.456179E-02 -1.265977E-03 -1.531977E-19  1.921658E-01  0.000000E+00
  7.117575E-01 -7.184370E-02  5.000000E-01  1.511518E-01 -1.544215E-02  0.000000E+00  1.459986E-02 -1.257574E-03  2.426158E-19  1.801139E-01  0.000000E+00
  7.449560E-01 -7.469245E-02  5.000000E-01  1.582024E-01 -1.604716E-02  0.000000E+00  1.464590E-02 -1.249527E-03  6.984549E-19  1.680282E-01  0.000000E+00
  7.781569E-01 -7.751323E-02  5.000000E-01  1.652534E-01 -1.664622E-02  0.000000E+00  1.469856E-02 -1.240778E-03  9.146255E-19  1.558325E-01  0.000000E+00
  8.113578E-01 -8.030233E-02  5.000000E-01  1.723045E-01 -1.723856E-02  0.000000E+00  1.475595E-02 -1.230634E-03  1.463170E-18  1.435552E-01  0.000000E+00
  8.445597E-01 -8.305568E-02  5.000000E-01  1.793558E-01 -1.782330E-02  0.000000E+00  1.481611E-02 -1.218743E-03  1.510526E-19  1.312735E-01  0.000000E+00
  8.777625E-01 -8.576919E-02  5.000000E-01  1.864072E-01 -1.839958E-02  0.000000E+00  1.487673E-02 -1.204657E-03 -5.151311E-20  1.190400E-01  0.000000E+00
  9.109638E-01 -8.843747E-02  5.000000E-01  1.934584E-01 -1.896626E-02  0.000000E+00  1.493512E-02 -1.187874E-03  1.297356E-18  1.068940E-01  0.000000E+00
  9.441676E-01 -9.105538E-02  5.000000E-01  2.005100E-01 -1.952224E-02  0.000000E+00  1.498878E-02 -1.168163E-03  1.093329E-18  9.491317E-02  0.000000E+00
  9.773746E-01 -9.361790E-02  5.000000E-01  2.075624E-01 -2.006646E-02  0.000000E+00  1.503546E-02 -1.145260E-03 -3.058724E-20  8.317491E-02  0.000000E+00
  1.010583E+00 -9.611894E-02  5.000000E-01  2.146150E-01 -2.059761E-02  0.000000E+00  1.507404E-02 -1.119415E-03 -8.078648E-19  7.178594E-02  0.000000E+00
  1.043798E+00 -9.855507E-02  5.000000E-01  2.216690E-01 -2.111499E-02  0.000000E+00  1.510499E-02 -1.091612E-03 -1.724619E-18  6.087124E-02  0.000000E+00
  1.077015E+00 -1.009244E-01  5.000000E-01  2.287237E-01 -2.161818E-02  0.000000E+00  1.512931E-02 -1.062587E-03 -2.376751E-19  5.046289E-02  0.000000E+00
  1.110238E+00 -1.032261E-01  5.000000E-01  2.357793E-01 -2.210699E-02  0.000000E+00  1.514762E-02 -1.032513E-03  2.929627E-19  4.050334E-02  0.000000E+00
  1.143462E+00 -1.054583E-01  5.000000E-01  2.428354E-01 -2.258107E-02  0.000000E+00  1.516050E-02 -1.001635E-03 -9.395573E-19  3.095452E-02  0.000000E+00
  1.176693E+00 -1.076212E-01  5.000000E-01  2.498927E-01 -2.304041E-02  0.000000E+00  1.516850E-02 -9.702801E-04 -2.059552E-19  2.181622E-02  0.000000E+00
  1.209925E+00 -1.097144E-01  5.000000E-01  2.569505E-01 -2.348495E-02  0.000000E+00  1.517143E-02 -9.383273E-04 -4.279297E-19  1.306422E-02  0.000000E+00
  1.243158E+00 -1.117366E-01  5.000000E-01  2.640083E-01 -2.391442E-02  0.000000E+00  1.516903E-02 -9.059043E-04 -1.202388E-19  4.715673E-03  0.000000E+00
  1.276395E+00 -1.136885E-01  5.000000E-01  2.710670E-01 -2.432895E-02  0.000000E+00  1.516122E-02 -8.732921E-04  8.957844E-19 -3.194218E-03  0.000000E+00
  1.309630E+00 -1.155700E-01  5.000000E-01  2.781253E-01 -2.472853E-02  0.000000E+00  1.514774E-02 -8.405080E-04  4.802125E-19 -1.067052E-02  0.000000E+00
  1.342868E+00 -1.173814E-01  5.000000E-01  2.851842E-01 -2.511323E-02  0.000000E+00  1.512905E-02 -8.080421E-04  2.016928E-19 -1.768607E-02  0.000000E+00
  1.376108E+00 -1.191250E-01  5.000000E-01  2.922436E-01 -2.548354E-02  0.000000E+00  1.510585E-02 -7.761880E-04 -2.800877E-19 -2.425620E-02  0.000000E+00
  1.409347E+00 -1.208018E-01  5.000000E-01  2.993027E-01 -2.583964E-02  0.000000E+00  1.507907E-02 -7.451105E-04 -5.318654E-19 -3.042913E-02  0.000000E+00
  1.442589E+00 -1.224145E-01  5.000000E-01  3.063625E-01 -2.618214E-02  0.000000E+00  1.505056E-02 -7.152917E-04  3.344189E-19 -3.623387E-02  0.000000E+00
  1.475831E+00 -1.239659E-01  5.000000E-01  3.134222E-01 -2.651163E-02  0.000000E+00  1.502252E-02 -6.869755E-04  3.259410E-19 -4.174193E-02  0.000000E+00
  1.509072E+00 -1.254592E-01  5.000000E-01  3.204819E-01 -2.682877E-02  0.000000E+00  1.499749E-02 -6.603338E-04  4.821424E-20 -4.705096E-02  0.000000E+00
  1.542314E+00 -1.268976E-01  5.000000E-01  3.275416E-01 -2.713424E-02  0.000000E+00  1.497825E-02 -6.357581E-04  3.597722E-19 -5.224562E-02  0.000000E+00
  1.575558E+00 -1.282857E-01  5.000000E-01  3.346018E-01 -2.742904E-02  0.000000E+00  1.496646E-02 -6.130757E-04 -5.300769E-20 -5.745655E-02  0.000000E+00
  1.608800E+00 -1.296256E-01  5.000000E-01  3.416615E-01 -2.771361E-02  0.000000E+00  1.496182E-02 -5.913482E-04 -5.165178E-19 -6.284038E-02  0.000000E+00
  1.642044E+00 -1.309181E-01  5.000000E-01  3.487219E-01 -2.798809E-02  0.000000E+00  1.496298E-02 -5.698123E-04 -8.879434E-19 -6.845284E-02  0.000000E+00
  1.675286E+00 -1.321621E-01  5.000000E-01  3.557816E-01 -2.825229E-02  0.000000E+00  1.496826E-02 -5.480608E-04 -6.933048E-19 -7.424871E-02  0.000000E+00
  1.708526E+00 -1.333568E-01  5.000000E-01  3.628410E-01 -2.850601E-02  0.000000E+00  1.497602E-02 -5.258906E-04  2.233710E-19 -8.014213E-02  0.000000E+00
  1.741762E+00 -1.345009E-01  5.000000E-01  3.698996E-01 -2.874901E-02  0.000000E+00  1.498456E-02 -5.030050E-04  5.741444E-19 -8.607470E-02  0.000000E+00
  1.774995E+00 -1.355925E-01  5.000000E-01  3.769573E-01 -2.898082E-02  0.000000E+00  1.499286E-02 -4.794975E-04  1.873061E-19 -9.197532E-02  0.000000E+00
  1.808227E+00 -1.366310E-01  5.000000E-01  3.840150E-01 -2.920139E-02  0.000000E+00  1.500029E-02 -4.554574E-04  2.396721E-19 -9.780002E-02  0.000000E+00
  1.841453E+00 -1.376149E-01  5.000000E-01  3.910714E-01 -2.941034E-02  0.000000E+00  1.500607E-02 -4.307162E-04 -1.270223E-19 -1.035481E-01  0.000000E+00
  1.874678E+00 -1.385429E-01  5.000000E-01  3.981276E-01 -2.960742E-02  0.000000E+00  1.500973E-02 -4.053550E-04 -1.467819E-19 -1.091921E-01  0.000000E+00
  1.907900E+00 -1.394139E-01  5.000000E-01  4.051830E-01 -2.979239E-02  0.000000E+00  1.501079E-02 -3.793668E-04  4.013345E-21 -1.147087E-01  0.000000E+00
  1.941118E+00 -1.402265E-01  5.000000E-01  4.122377E-01 -2.996498E-02  0.000000E+00  1.500881E-02 -3.527242E-04 -2.500503E-19 -1.200767E-01  0.000000E+00
  1.974334E+00 -1.409796E-01  5.000000E-01  4.192920E-01 -3.012491E-02  0.000000E+00  1.500374E-02 -3.256433E-04 -1.403842E-19 -1.252538E-01  0.000000E+00
  2.007549E+00 -1.416728E-01  5.000000E-01  4.263460E-01 -3.027213E-02  0.000000E+00  1.499544E-02 -2.981739E-04 -1.807872E-19 -1.302224E-01  0.000000E+00
  2.040760E+00 -1.423049E-01  5.000000E-01  4.333993E-01 -3.040638E-02  0.000000E+00  1.498359E-02 -2.702068E-04  1.058429E-19 -1.349850E-01  0.000000E+00
  2.073970E+00 -1.428750E-01  5.000000E-01  4.404522E-01 -3.052746E-02  0.000000E+00  1.496822E-02 -2.418978E-04  2.586408E-19 -1.395118E-01  0.000000E+00
  2.107177E+00 -1.433827E-01  5.000000E-01  4.475046E-01 -3.063528E-02  0.000000E+00  1.494935E-02 -2.132661E-04  9.708313E-20 -1.437871E-01  0.000000E+00
  2.140379E+00 -1.438268E-01  5.000000E-01  4.545558E-01 -3.072960E-02  0.000000E+00  1.492720E-02 -1.844632E-04 -6.064452E-20 -1.477857E-01  0.000000E+00
  2.173577E+00 -1.442076E-01  5.000000E-01  4.616063E-01 -3.081047E-02  0.000000E+00  1.490185E-02 -1.555895E-04 -1.687066E-19 -1.514927E-01  0.000000E+00
  2.206768E+00 -1.445244E-01  5.000000E-01  4.686553E-01 -3.087775E-02  0.000000E+00  1.487272E-02 -1.265398E-04 -1.276710E-19 -1.549117E-01  0.000000E+00
  2.239954E+00 -1.447768E-01  5.000000E-01  4.757033E-01 -3.093135E-02  0.000000E+00  1.483876E-02 -9.727568E-05 -9.511265E-20 -1.580251E-01  0.000000E+00
  2.273134E+00 -1.449638E-01  5.000000E-01  4.827499E-01 -3.097107E-02  0.000000E+00  1.479839E-02 -6.779449E-05 -2.695820E-20 -1.607932E-01  0.000000E+00
  2.306309E+00 -1.450851E-01  5.000000E-01  4.897953E-01 -3.099682E-02  0.000000E+00  1.474979E-02 -3.810456E-05 -3.700818E-20 -1.631588E-01  0.000000E+00
  2.339476E+00 -1.451396E-01  5.000000E-01  4.968392E-01 -3.100839E-02  0.000000E+00  1.469142E-02 -8.132580E-06 -9.123786E-20 -1.650734E-01  0.000000E+00
  2.372638E+00 -1.451260E-01  5.000000E-01  5.038821E-01 -3.100551E-02  0.000000E+00  1.462371E-02  2.151501E-05 -1.231913E-19 -1.664467E-01  0.000000E+00
  2.405805E+00 -1.450460E-01  5.000000E-01  5.109259E-01 -3.098852E-02  0.000000E+00  1.454936E-02  4.983324E-05 -9.646165E-20 -1.672120E-01  0.000000E+00
  2.438976E+00 -1.449029E-01  5.000000E-01  5.179706E-01 -3.095812E-02  0.000000E+00  1.447156E-02  7.651750E-05 -4.306541E-20 -1.674563E-01  0.000000E+00
  2.472150E+00 -1.446994E-01  5.000000E-01  5.250160E-01 -3.091490E-02  0.000000E+00  1.439356E-02  1.016156E-04  3.572917E-20 -1.673476E-01  0.000000E+00
  2.505329E+00 -1.444386E-01  5.000000E-01  5.320625E-01 -3.085952E-02  0.000000E+00  1.431889E-02  1.250683E-04  6.883041E-20 -1.670362E-01  0.000000E+00
  2.538512E+00 -1.441239E-01  5.000000E-01  5.391097E-01 -3.079269E-02  0.000000E+00  1.425091E-02  1.469943E-04 -7.133761E-20 -1.666706E-01  0.000000E+00
  2.571700E+00 -1.437581E-01  5.000000E-01  5.461580E-01 -3.071500E-02  0.000000E+00  1.419279E-02  1.673562E-04 -2.215204E-19 -1.663671E-01  0.000000E+00
  2.604894E+00 -1.433453E-01  5.000000E-01  5.532074E-01 -3.062733E-02  0.000000E+00  1.414644E-02  1.863171E-04 -1.167008E-19 -1.662451E-01  0.000000E+00
  2.638090E+00 -1.428880E-01  5.000000E-01  5.602575E-01 -3.053021E-02  0.000000E+00  1.411112E-02  2.047933E-04 -1.447944E-19 -1.664587E-01  0.000000E+00
  2.671292E+00 -1.423860E-01  5.000000E-01  5.673087E-01 -3.042360E-02  0.000000E+00  1.408393E-02  2.238751E-04 -1.770670E-19 -1.670954E-01  0.000000E+00
  2.704497E+00 -1.418367E-01  5.000000E-01  5.743608E-01 -3.030693E-02  0.000000E+00  1.406165E-02  2.440225E-04 -1.297538E-19 -1.680836E-01  0.000000E+00
  2.737708E+00 -1.412376E-01  5.000000E-01  5.814140E-01 -3.017970E-02  0.000000E+00  1.404163E-02  2.652519E-04 -2.970512E-19 -1.692622E-01  0.000000E+00
  2.770923E+00 -1.405860E-01  5.000000E-01  5.884680E-01 -3.004132E-02  0.000000E+00  1.402172E-02  2.875836E-04 -2.446479E-19 -1.704933E-01  0.000000E+00
  2.804143E+00 -1.398791E-01  5.000000E-01  5.955231E-01 -2.989120E-02  0.000000E+00  1.400042E-02  3.109185E-04 -9.426141E-20 -1.716712E-01  0.000000E+00
  2.837367E+00 -1.391145E-01  5.000000E-01  6.025790E-01 -2.972882E-02  0.000000E+00  1.397639E-02  3.352686E-04 -1.664814E-19 -1.727350E-01  0.000000E+00
  2.870594E+00 -1.382892E-01  5.000000E-01  6.096357E-01 -2.955354E-02  0.000000E+00  1.394796E-02  3.607398E-04 -1.400668E-19 -1.736379E-01  0.000000E+00
  2.903823E+00 -1.373999E-01  5.000000E-01  6.166926E-01 -2.936469E-02  0.000000E+00  1.391276E-02  3.876347E-04 -2.519568E-19 -1.743355E-01  0.000000E+00
  2.937051E+00 -1.364417E-01  5.000000E-01  6.237496E-01 -2.916117E-02  0.000000E+00  1.386842E-02  4.158934E-04 -3.316727E-19 -1.747145E-01  0.000000E+00
  2.970283E+00 -1.354109E-01  5.000000E-01  6.308072E-01 -2.894226E-02  0.000000E+00  1.381265E-02  4.452298E-04 -3.607876E-19 -1.746222E-01  0.000000E+00
  3.003515E+00 -1.343033E-01  5.000000E-01  6.378649E-01 -2.870703E-02  0.000000E+00  1.374266E-02  4.755295E-04 -4.568856E-19 -1.739330E-01  0.000000E+00
  3.036751E+00 -1.331148E-01  5.000000E-01  6.449232E-01 -2.845463E-02  0.000000E+00  1.365544E-02  5.064156E-04 -5.035855E-19 -1.725079E-01  0.000000E+00
  3.069988E+00 -1.318420E-01  5.000000E-01  6.519820E-01 -2.818432E-02  0.000000E+00  1.354744E-02  5.377081E-04 -6.087581E-19 -1.702422E-01  0.000000E+00
  3.103226E+00 -1.304800E-01  5.000000E-01  6.590410E-01 -2.789506E-02  0.000000E+00  1.341618E-02  5.689845E-04 -5.817288E-19 -1.669981E-01  0.000000E+00
  3.136469E+00 -1.290260E-01  5.000000E-01  6.661010E-01 -2.758628E-02  0.000000E+00  1.326147E-02  5.996641E-04 -4.020585E-19 -1.626530E-01  0.000000E+00
  3.169712E+00 -1.274768E-01  5.000000E-01  6.731611E-01 -2.725726E-02  0.000000E+00  1.308719E-02  6.283030E-04 -2.755914E-21 -1.570906E-01  0.000000E+00
  3.202960E+00 -1.258368E-01  5.000000E-01  6.802220E-01 -2.690896E-02  0.000000E+00  1.290076E-02  6.532584E-04 -1.715794E-19 -1.503056E-01  0.000000E+00
  3.236210E+00 -1.241127E-01  5.000000E-01  6.872835E-01 -2.654280E-02  0.000000E+00  1.270975E-02  6.742233E-04 -2.745291E-19 -1.425667E-01  0.000000E+00
  3.269464E+00 -1.223122E-01  5.000000E-01  6.943459E-01 -2.616042E-02  0.000000E+00  1.252035E-02  6.915556E-04  4.739023E-19 -1.342629E-01  0.000000E+00
  3.302721E+00 -1.204425E-01  5.000000E-01  7.014089E-01 -2.576333E-02  0.000000E+00  1.233693E-02  7.058725E-04  6.662708E-19 -1.257541E-01  0.000000E+00
  3.335981E+00 -1.185098E-01  5.000000E-01  7.084724E-01 -2.535289E-02  0.000000E+00  1.216289E-02  7.175333E-04  1.341052E-19 -1.172542E-01  0.000000E+00
  3.369247E+00 -1.165211E-01  5.000000E-01  7.155373E-01 -2.493053E-02  0.000000E+00  1.200126E-02  7.267184E-04 -3.821103E-19 -1.088555E-01  0.000000E+00
  3.402518E+00 -1.144841E-01  5.000000E-01  7.226033E-01 -2.449793E-02  0.000000E+00  1.185380E-02  7.339743E-04 -9.277389E-19 -1.006941E-01  0.000000E+00
  3.435792E+00 -1.124041E-01  5.000000E-01  7.296699E-01 -2.405618E-02  0.000000E+00  1.172146E-02  7.397692E-04 -1.604874E-18 -9.290322E-02  0.000000E+00
  3.469073E+00 -1.102871E-01  5.000000E-01  7.367379E-01 -2.360658E-02  0.000000E+00  1.160509E-02  7.444547E-04 -7.210138E-19 -8.556333E-02  0.000000E+00
  3.502353E+00 -1.081377E-01  5.000000E-01  7.438057E-01 -2.315011E-02  0.000000E+00  1.150542E-02  7.484550E-04  1.132298E-18 -7.875523E-02  0.000000E+00
  3.535630E+00 -1.059608E-01  5.000000E-01  7.508729E-01 -2.268778E-02  0.000000E+00  1.142357E-02  7.521304E-04  6.315510E-19 -7.254775E-02  0.000000E+00
  3.568904E+00 -1.037594E-01  5.000000E-01  7.579395E-01 -2.222026E-02  0.000000E+00  1.136121E-02  7.561960E-04  1.472092E-19 -6.702656E-02  0.000000E+00
  3.602176E+00 -1.015349E-01  5.000000E-01  7.650057E-01 -2.174783E-02  0.000000E+00  1.132094E-02  7.614270E-04  1.526317E-18 -6.225427E-02  0.000000E+00
  3.635446E+00 -9.928740E-02  5.000000E-01  7.720715E-01 -2.127052E-02  0.000000E+00  1.130526E-02  7.683550E-04  2.097812E-18 -5.828645E-02  0.000000E+00
  3.668713E+00 -9.701617E-02  5.000000E-01  7.791365E-01 -2.078817E-02  0.000000E+00  1.131417E-02  7.770432E-04  1.217933E-18 -5.512582E-02  0.000000E+00
  3.701976E+00 -9.472137E-02  5.000000E-01  7.862009E-01 -2.030081E-02  0.000000E+00  1.134055E-02  7.884766E-04  9.360234E-19 -5.276996E-02  0.000000E+00
  3.735241E+00 -9.239493E-02  5.000000E-01  7.932655E-01 -1.980673E-02  0.000000E+00  1.136464E-02  8.067562E-04  1.126027E-18 -5.138062E-02  0.000000E+00
  3.768500E+00 -9.000381E-02  5.000000E-01  8.003289E-01 -1.929891E-02  0.000000E+00  1.136068E-02  8.348525E-04  1.029034E-18 -5.059846E-02  0.000000E+00
  3.801751E+00 -8.751092E-02  5.000000E-01  8.073904E-01 -1.876948E-02  0.000000E+00  1.130848E-02  8.707364E-04  9.725408E-19 -4.921016E-02  0.000000E+00
  3.834989E+00 -8.488634E-02  5.000000E-01  8.144495E-01 -1.821209E-02  0.000000E+00  1.119727E-02  9.097164E-04  1.771205E-18 -4.593228E-02  0.000000E+00
  3.868211E+00 -8.211297E-02  5.000000E-01  8.215050E-01 -1.762309E-02  0.000000E+00  1.102444E-02  9.476759E-04  1.823962E-18 -4.007893E-02  0.000000E+00
  3.901422E+00 -7.917716E-02  5.000000E-01  8.285582E-01 -1.699960E-02  0.000000E+00  1.079395E-02  9.817180E-04  6.333797E-19 -3.154152E-02  0.000000E+00
  3.934617E+00 -7.607439E-02  5.000000E-01  8.356080E-01 -1.634065E-02  0.000000E+00  1.051464E-02  1.009543E-03  1.072320E-19 -2.048021E-02  0.000000E+00
  3.967800E+00 -7.280489E-02  5.000000E-01  8.426552E-01 -1.564629E-02  0.000000E+00  1.019641E-02  1.029835E-03  2.479367E-20 -7.232333E-03  0.000000E+00
  4.000972E+00 -6.937308E-02  5.000000E-01  8.497001E-01 -1.491745E-02  0.000000E+00  9.847531E-03  1.042092E-03  1.594702E-19  7.866385E-03  0.000000E+00
  4.034139E+00 -6.578509E-02  5.000000E-01  8.567440E-01 -1.415545E-02  0.000000E+00  9.472027E-03  1.046924E-03  8.309598E-19  2.448395E-02  0.000000E+00
  4.067311E+00 -6.204088E-02  5.000000E-01  8.637890E-01 -1.336027E-02  0.000000E+00  9.069426E-03  1.044847E-03 -9.241788E-19  4.240150E-02  0.000000E+00
  4.100488E+00 -5.814070E-02  5.000000E-01  8.708348E-01 -1.253197E-02  0.000000E+00  8.636743E-03  1.035112E-03 -1.740663E-19  6.164391E-02  0.000000E+00
  4.133669E+00 -5.408655E-02  5.000000E-01  8.778818E-01 -1.167097E-02  0.000000E+00  8.169476E-03  1.016643E-03  9.430737E-19  8.227474E-02  0.000000E+00
  4.166856E+00 -4.987937E-02  5.000000E-01  8.849299E-01 -1.077747E-02  0.000000E+00  7.664190E-03  9.885442E-04  3.080065E-19  1.043257E-01  0.000000E+00
  4.200049E+00 -4.552199E-02  5.000000E-01  8.919793E-01 -9.852068E-03  0.000000E+00  7.122098E-03  9.504467E-04  3.222251E-18  1.277440E-01  0.000000E+00
  4.233242E+00 -4.101668E-02  5.000000E-01  8.990286E-01 -8.895250E-03  0.000000E+00  6.553356E-03  9.017472E-04  6.455297E-19  1.524642E-01  0.000000E+00
  4.266405E+00 -3.638707E-02  5.000000E-01  9.060715E-01 -7.912035E-03  0.000000E+00  5.979279E-03  8.411258E-04  2.661569E-19  1.784034E-01  0.000000E+00
  4.299502E+00 -3.169215E-02  5.000000E-01  9.131007E-01 -6.914950E-03  0.000000E+00  5.428325E-03  7.691417E-04  1.598438E-18  2.051037E-01  0.000000E+00
  4.332522E+00 -2.702069E-02  5.000000E-01  9.201132E-01 -5.922845E-03  0.000000E+00  4.927597E-03  6.903359E-04 -4.498563E-19  2.314010E-01  0.000000E+00
  4.365472E+00 -2.245815E-02  5.000000E-01  9.271110E-01 -4.953875E-03  0.000000E+00  4.498070E-03  6.106951E-04 -7.357069E-19  2.559634E-01  0.000000E+00
  4.398350E+00 -1.809447E-02  5.000000E-01  9.340935E-01 -4.027136E-03  0.000000E+00  4.156154E-03  5.344757E-04 -5.276512E-20  2.780549E-01  0.000000E+00
  4.431155E+00 -1.402206E-02  5.000000E-01  9.410605E-01 -3.162257E-03  0.000000E+00  3.915131E-03  4.635949E-04  1.424486E-18  2.974509E-01  0.000000E+00
  4.463888E+00 -1.034434E-02  5.000000E-01  9.480121E-01 -2.381199E-03  0.000000E+00  3.781685E-03  3.981288E-04  3.989152E-19  3.138353E-01  0.000000E+00
  4.496579E+00 -7.141911E-03  5.000000E-01  9.549550E-01 -1.701081E-03  0.000000E+00  3.748956E-03  3.365466E-04  3.269202E-19  3.269479E-01  0.000000E+00
  4.529252E+00 -4.472326E-03  5.000000E-01  9.618939E-01 -1.134127E-03  0.000000E+00  3.787033E-03  2.766869E-04  1.373910E-18  3.369903E-01  0.000000E+00
  4.561929E+00 -2.362321E-03  5.000000E-01  9.688337E-01 -6.860141E-04  0.000000E+00  3.828231E-03  2.147706E-04  5.892153E-19  3.430755E-01  0.000000E+00
  4.594574E+00 -8.415027E-04  5.000000E-01  9.757666E-01 -3.630296E-04  0.000000E+00  3.773355E-03  1.400972E-04 -1.917581E-19  3.439264E-01  0.000000E+00
  4.627203E+00  6.339744E-05  5.000000E-01  9.826962E-01 -1.708511E-04  0.000000E+00  3.571802E-03  5.278792E-05 -3.176906E-19  3.477381E-01  0.000000E+00
  4.659162E+00  3.235881E-04  5.000000E-01  9.894836E-01 -1.155930E-04  0.000000E+00  3.264184E-03 -6.897027E-07  8.073261E-19  3.588802E-01  0.000000E+00
  4.689251E+00 -2.412933E-05  5.000000E-01  9.958737E-01 -1.894396E-04  0.000000E+00  2.759095E-03 -1.319332E-05  5.247006E-18  3.135328E-01  0.000000E+00
  4.708680E+00 -5.661539E-04  5.000000E-01  1.000000E+00 -3.045523E-04  0.000000E+00  1.961238E-03 -8.578917E-05  5.539165E-18  1.587565E-01  0.000000E+00
    1    2
    2    3
    3    4
    4    5
    5    6
    6    7
    7    8
    8    9
    9   10
   10   11
   11   12
   12   13
   13   14
   14   15
   15   16
   16   17
   17   18
   18   19
   19   20
   20   21
   21   22
   22   23
   23   24
   24   25
   25   26
   26   27
   27   28
   28   29
   29   30
   30   31
   31   32
   32   33
   33   34
   34   35
   35   36
   36   37
   37   38
   38   39
   39   40
   40   41
   41   42
   42   43
   43   44
   44   45
   45   46
   46   47
   47   48
   48   49
   49   50
   50   51
   51   52
   52   53
   53   54
   54   55
   55   56
   56   57
   57   58
   58   59
   59   60
   60   61
   61   62
   62   63
   63   64
   64   65
   65   66
   66   67
   67   68
   68   69
   69   70
   70   71
   71   72
   72   73
   73   74
   74   75
   75   76
   76   77
   77   78
   78   79
   79   80
   80   81
   81   82
   82   83
   83   84
   84   85
   85   86
   86   87
   87   88
   88   89
   89   90
   90   91
   91   92
   92   93
   93   94
   94   95
   95   96
   96   97
   97   98
   98   99
   99  100
  100  101
  101  102
  102  103
  103  104
  104  105
  105  106
  106  107
  107  108
  108  109
  109  110
  110  111
  111  112
  112  113
  113  114
  114  115
  115  116
  116  117
  117  118
  118  119
  119  120
  120  121
  121  122
  122  123
  123  124
  124  125
  125  126
  126  127
  127  128
  128  129
  129  130
  130  131
  131  132
  132  133
  133  134
  134  135
  135  136
  136  137
  137  138
  138  139
  139  140
  140  141
  141  142
  142  143
  143  144
  144  145
  145  146
  146  147
  147  148
  148  149
  149  150
  151  152
  152  153
  153  154
  154  155
  155  156
  156  157
  157  158
  158  159
  159  160
  160  161
  161  162
  162  163
  163  164
  164  165
  165  166
  166  167
  167  168
  168  169
  169  170
  170  171
  171  172
  172  173
  173  174
  174  175
  175  176
  176  177
  177  178
  178  179
  179  180
  180  181
  181  182
  182  183
  183  184
  184  185
  185  186
  186  187
  187  188
  188  189
  189  190
  190  191
  191  192
  192  193
  193  194
  194  195
  195  196
  196  197
  197  198
  198  199
  199  200
  200  201
  201  202
  202  203
  203  204
  204  205
  205  206
  206  207
  207  208
  208  209
  209  210
  210  211
  211  212
  212  213
  213  214
  214  215
  215  216
  216  217
  217  218
  218  219
  219  220
  220  221
  221  222
  222  223
  223  224
  224  225
  225  226
  226  227
  227  228
  228  229
  229  230
  230  231
  231  232
  232  233
  233  234
  234  235
  235  236
  236  237
  237  238
  238  239
  239  240
  240  241
  241  242
  242  243
  243  244
  244  245
  245  246
  246  247
  247  248
  248  249
  249  250
  250  251
  251  252
  252  253
  253  254
  254  255
  255  256
  256  257
  257  258
  258  259
  259  260
  260  261
  261  262
  262  263
  263  264
  264  265
  265  266
  266  267
  267  268
  268  269
  269  270
  270  271
  271  272
  272  273
  273  274
  274  275
  275  276
  276  277
  277  278
  278  279
  279  280
  280  281
  281  282
  282  283
  283  284
  284  285
  285  286
  286  287
  287  288
  288  289
  289  290
  290  291
  291  292
  292  293
  293  294
  294  295
  295  296
  296  297
  297  298
  298  299
  299  300
