 Title = "ADflow Slice Data"
Variables =  "CoordinateX"  "CoordinateY"  "CoordinateZ"  "XoC"  "YoC"  "ZoC" "VelocityX" "VelocityY" "VelocityZ" "CoefPressure" "Mach" 
Zone T= "Slice_0001 None Absolute Regular z = 0.50000000"
 Nodes =          300  Elements=          298  ZONETYPE=FELINESEG
 DATAPACKING=POINT
  4.708680E+00 -1.010734E-03  5.000000E-01  9.999999E-01 -4.274893E-04  0.000000E+00  1.275459E-03  5.990049E-05  3.898330E-18  1.463059E-01  0.000000E+00
  4.689187E+00  7.512897E-04  5.000000E-01  9.958601E-01 -5.327876E-05  0.000000E+00  8.798128E-04 -4.860129E-05  3.931769E-19  1.011914E-01  0.000000E+00
  4.658673E+00  3.418783E-03  5.000000E-01  9.893796E-01  5.132312E-04  0.000000E+00  5.659076E-04 -6.704643E-05 -3.781412E-19  1.261381E-01  0.000000E+00
  4.626256E+00  6.175212E-03  5.000000E-01  9.824952E-01  1.098629E-03  0.000000E+00  2.697185E-04 -2.437099E-05  9.293105E-19  1.242355E-01  0.000000E+00
  4.593146E+00  8.950214E-03  5.000000E-01  9.754634E-01  1.687971E-03  0.000000E+00  2.820933E-05  2.631220E-06  9.987460E-19  1.082803E-01  0.000000E+00
  4.560031E+00  1.171915E-02  5.000000E-01  9.684306E-01  2.276025E-03  0.000000E+00 -1.484133E-04  1.297864E-05 -5.964243E-21  9.763175E-02  0.000000E+00
  4.526891E+00  1.451138E-02  5.000000E-01  9.613923E-01  2.869027E-03  0.000000E+00 -2.845096E-04  2.304435E-05 -1.204688E-19  8.989795E-02  0.000000E+00
  4.493752E+00  1.734693E-02  5.000000E-01  9.543544E-01  3.471228E-03  0.000000E+00 -3.934498E-04  3.392790E-05 -4.394293E-19  8.064119E-02  0.000000E+00
  4.460612E+00  2.024188E-02  5.000000E-01  9.473164E-01  4.086043E-03  0.000000E+00 -4.787846E-04  4.261723E-05 -7.065556E-19  7.020131E-02  0.000000E+00
  4.427470E+00  2.321092E-02  5.000000E-01  9.402778E-01  4.716595E-03  0.000000E+00 -5.462207E-04  4.965801E-05  3.760944E-19  5.946658E-02  0.000000E+00
  4.394325E+00  2.626190E-02  5.000000E-01  9.332387E-01  5.364548E-03  0.000000E+00 -6.028149E-04  5.632428E-05  1.028778E-18  4.845119E-02  0.000000E+00
  4.361178E+00  2.940379E-02  5.000000E-01  9.261990E-01  6.031807E-03  0.000000E+00 -6.539773E-04  6.297316E-05  3.523499E-19  3.710279E-02  0.000000E+00
  4.328027E+00  3.264218E-02  5.000000E-01  9.191586E-01  6.719561E-03  0.000000E+00 -7.028911E-04  6.973164E-05 -1.007489E-18  2.546137E-02  0.000000E+00
  4.294876E+00  3.598016E-02  5.000000E-01  9.121180E-01  7.428467E-03  0.000000E+00 -7.508254E-04  7.685914E-05  9.563119E-20  1.355276E-02  0.000000E+00
  4.261727E+00  3.942196E-02  5.000000E-01  9.050782E-01  8.159421E-03  0.000000E+00 -7.980252E-04  8.419299E-05  5.081227E-19  1.481475E-03  0.000000E+00
  4.228582E+00  4.297096E-02  5.000000E-01  8.980388E-01  8.913142E-03  0.000000E+00 -8.439971E-04  9.173096E-05 -2.684535E-19 -1.082142E-02  0.000000E+00
  4.195443E+00  4.662688E-02  5.000000E-01  8.910010E-01  9.689568E-03  0.000000E+00 -8.876990E-04  9.939518E-05  4.791433E-19 -2.344465E-02  0.000000E+00
  4.162308E+00  5.038695E-02  5.000000E-01  8.839639E-01  1.048812E-02  0.000000E+00 -9.285414E-04  1.068471E-04  1.678836E-18 -3.631354E-02  0.000000E+00
  4.129179E+00  5.424932E-02  5.000000E-01  8.769280E-01  1.130839E-02  0.000000E+00 -9.666654E-04  1.141164E-04  1.117131E-18 -4.947500E-02  0.000000E+00
  4.096054E+00  5.820804E-02  5.000000E-01  8.698932E-01  1.214912E-02  0.000000E+00 -1.002835E-03  1.212499E-04  5.194883E-21 -6.301237E-02  0.000000E+00
  4.062934E+00  6.225692E-02  5.000000E-01  8.628592E-01  1.300900E-02  0.000000E+00 -1.038765E-03  1.282835E-04  1.093239E-18 -7.694120E-02  0.000000E+00
  4.029817E+00  6.638595E-02  5.000000E-01  8.558262E-01  1.388591E-02  0.000000E+00 -1.077142E-03  1.354461E-04 -4.241986E-19 -9.131356E-02  0.000000E+00
  3.996705E+00  7.058222E-02  5.000000E-01  8.487939E-01  1.477709E-02  0.000000E+00 -1.120947E-03  1.430014E-04 -1.874913E-18 -1.062419E-01  0.000000E+00
  3.963594E+00  7.483045E-02  5.000000E-01  8.417620E-01  1.567931E-02  0.000000E+00 -1.171949E-03  1.508221E-04 -9.267597E-19 -1.219476E-01  0.000000E+00
  3.930486E+00  7.911106E-02  5.000000E-01  8.347306E-01  1.658841E-02  0.000000E+00 -1.228223E-03  1.585976E-04 -3.247355E-19 -1.388461E-01  0.000000E+00
  3.897377E+00  8.339845E-02  5.000000E-01  8.276991E-01  1.749895E-02  0.000000E+00 -1.283809E-03  1.657879E-04 -1.212025E-18 -1.569021E-01  0.000000E+00
  3.864269E+00  8.766245E-02  5.000000E-01  8.206677E-01  1.840452E-02  0.000000E+00 -1.332398E-03  1.712807E-04 -9.595117E-19 -1.749425E-01  0.000000E+00
  3.831161E+00  9.186275E-02  5.000000E-01  8.136365E-01  1.929656E-02  0.000000E+00 -1.367011E-03  1.731585E-04  7.493072E-19 -1.918356E-01  0.000000E+00
  3.798054E+00  9.595300E-02  5.000000E-01  8.066053E-01  2.016522E-02  0.000000E+00 -1.361563E-03  1.665786E-04  4.102139E-19 -2.099080E-01  0.000000E+00
  3.764948E+00  9.987636E-02  5.000000E-01  7.995743E-01  2.099845E-02  0.000000E+00 -1.226808E-03  1.400059E-04  1.393672E-18 -2.387434E-01  0.000000E+00
  3.731842E+00  1.035680E-01  5.000000E-01  7.925435E-01  2.178245E-02  0.000000E+00 -7.502280E-04  7.539290E-05  1.932874E-18 -2.949198E-01  0.000000E+00
  3.698737E+00  1.069566E-01  5.000000E-01  7.855129E-01  2.250212E-02  0.000000E+00  4.381017E-04 -4.593502E-05 -1.076182E-20 -3.917858E-01  0.000000E+00
  3.665634E+00  1.099937E-01  5.000000E-01  7.784827E-01  2.314713E-02  0.000000E+00  2.780539E-03 -2.342827E-04  2.630998E-20 -5.230114E-01  0.000000E+00
  3.632534E+00  1.126808E-01  5.000000E-01  7.714529E-01  2.371780E-02  0.000000E+00  6.451131E-03 -4.718141E-04  2.478388E-18 -6.577499E-01  0.000000E+00
  3.599434E+00  1.150260E-01  5.000000E-01  7.644234E-01  2.421586E-02  0.000000E+00  1.088838E-02 -6.954233E-04  7.864330E-18 -7.589286E-01  0.000000E+00
  3.566334E+00  1.170416E-01  5.000000E-01  7.573938E-01  2.464392E-02  0.000000E+00  1.481645E-02 -8.194000E-04  1.700871E-17 -8.087404E-01  0.000000E+00
  3.533236E+00  1.187424E-01  5.000000E-01  7.503645E-01  2.500513E-02  0.000000E+00  1.714359E-02 -8.033532E-04  2.637779E-17 -8.149658E-01  0.000000E+00
  3.500138E+00  1.201459E-01  5.000000E-01  7.433353E-01  2.530321E-02  0.000000E+00  1.776346E-02 -6.846301E-04  3.198571E-17 -7.968457E-01  0.000000E+00
  3.467038E+00  1.212757E-01  5.000000E-01  7.363056E-01  2.554314E-02  0.000000E+00  1.732069E-02 -5.313892E-04  3.302559E-17 -7.702006E-01  0.000000E+00
  3.433936E+00  1.221587E-01  5.000000E-01  7.292757E-01  2.573067E-02  0.000000E+00  1.652415E-02 -3.901764E-04  2.959265E-17 -7.433131E-01  0.000000E+00
  3.400832E+00  1.228256E-01  5.000000E-01  7.222452E-01  2.587230E-02  0.000000E+00  1.577807E-02 -2.768859E-04  2.203755E-17 -7.194510E-01  0.000000E+00
  3.367728E+00  1.233113E-01  5.000000E-01  7.152146E-01  2.597545E-02  0.000000E+00  1.520196E-02 -1.917319E-04  1.274755E-17 -6.996582E-01  0.000000E+00
  3.334620E+00  1.236540E-01  5.000000E-01  7.081834E-01  2.604822E-02  0.000000E+00  1.477710E-02 -1.315377E-04  4.283646E-18 -6.842733E-01  0.000000E+00
  3.301512E+00  1.238953E-01  5.000000E-01  7.011520E-01  2.609948E-02  0.000000E+00  1.445678E-02 -9.406056E-05 -1.769989E-18 -6.735709E-01  0.000000E+00
  3.268401E+00  1.240801E-01  5.000000E-01  6.941201E-01  2.613872E-02  0.000000E+00  1.421424E-02 -7.817333E-05 -4.934370E-18 -6.678945E-01  0.000000E+00
  3.235290E+00  1.242551E-01  5.000000E-01  6.870880E-01  2.617590E-02  0.000000E+00  1.404847E-02 -8.341883E-05 -6.078183E-18 -6.676364E-01  0.000000E+00
  3.202177E+00  1.244687E-01  5.000000E-01  6.800557E-01  2.622125E-02  0.000000E+00  1.397232E-02 -1.099732E-04 -6.493517E-18 -6.731632E-01  0.000000E+00
  3.169063E+00  1.247704E-01  5.000000E-01  6.730230E-01  2.628533E-02  0.000000E+00  1.400031E-02 -1.581312E-04 -7.027205E-18 -6.844970E-01  0.000000E+00
  3.135947E+00  1.252094E-01  5.000000E-01  6.659902E-01  2.637857E-02  0.000000E+00  1.414283E-02 -2.245417E-04 -7.623027E-18 -7.006074E-01  0.000000E+00
  3.102831E+00  1.258165E-01  5.000000E-01  6.589570E-01  2.650751E-02  0.000000E+00  1.440072E-02 -2.979087E-04 -8.403925E-18 -7.189746E-01  0.000000E+00
  3.069714E+00  1.265758E-01  5.000000E-01  6.519238E-01  2.666875E-02  0.000000E+00  1.474732E-02 -3.679263E-04 -8.633670E-18 -7.369975E-01  0.000000E+00
  3.036593E+00  1.274644E-01  5.000000E-01  6.448898E-01  2.685747E-02  0.000000E+00  1.513204E-02 -4.314208E-04 -7.798864E-18 -7.531601E-01  0.000000E+00
  3.003475E+00  1.284594E-01  5.000000E-01  6.378564E-01  2.706879E-02  0.000000E+00  1.550851E-02 -4.864276E-04 -6.409635E-18 -7.666715E-01  0.000000E+00
  2.970356E+00  1.295370E-01  5.000000E-01  6.308226E-01  2.729764E-02  0.000000E+00  1.584774E-02 -5.313060E-04 -4.751747E-18 -7.772981E-01  0.000000E+00
  2.937236E+00  1.306751E-01  5.000000E-01  6.237887E-01  2.753934E-02  0.000000E+00  1.614011E-02 -5.649732E-04 -3.725175E-18 -7.851158E-01  0.000000E+00
  2.904117E+00  1.318507E-01  5.000000E-01  6.167550E-01  2.778901E-02  0.000000E+00  1.638941E-02 -5.867054E-04 -4.385188E-18 -7.902792E-01  0.000000E+00
  2.870996E+00  1.330414E-01  5.000000E-01  6.097210E-01  2.804189E-02  0.000000E+00  1.660375E-02 -5.962841E-04 -5.771569E-18 -7.929529E-01  0.000000E+00
  2.837877E+00  1.342247E-01  5.000000E-01  6.026873E-01  2.829319E-02  0.000000E+00  1.679017E-02 -5.934917E-04 -6.195000E-18 -7.932502E-01  0.000000E+00
  2.804757E+00  1.353780E-01  5.000000E-01  5.956534E-01  2.853812E-02  0.000000E+00  1.695200E-02 -5.781454E-04 -5.275725E-18 -7.912376E-01  0.000000E+00
  2.771639E+00  1.364790E-01  5.000000E-01  5.886200E-01  2.877196E-02  0.000000E+00  1.708921E-02 -5.498596E-04 -2.412219E-18 -7.869171E-01  0.000000E+00
  2.738522E+00  1.375045E-01  5.000000E-01  5.815867E-01  2.898974E-02  0.000000E+00  1.719887E-02 -5.083989E-04  1.340955E-18 -7.802592E-01  0.000000E+00
  2.705406E+00  1.384322E-01  5.000000E-01  5.745537E-01  2.918676E-02  0.000000E+00  1.727662E-02 -4.537007E-04  4.477303E-18 -7.712070E-01  0.000000E+00
  2.672292E+00  1.392392E-01  5.000000E-01  5.675211E-01  2.935814E-02  0.000000E+00  1.731840E-02 -3.856878E-04  6.680925E-18 -7.596859E-01  0.000000E+00
  2.639177E+00  1.399029E-01  5.000000E-01  5.604885E-01  2.949909E-02  0.000000E+00  1.732090E-02 -3.048519E-04  7.089921E-18 -7.457307E-01  0.000000E+00
  2.606068E+00  1.404005E-01  5.000000E-01  5.534568E-01  2.960477E-02  0.000000E+00  1.728039E-02 -2.145886E-04  5.662239E-18 -7.297712E-01  0.000000E+00
  2.572958E+00  1.407196E-01  5.000000E-01  5.464250E-01  2.967256E-02  0.000000E+00  1.719406E-02 -1.225723E-04  3.441871E-18 -7.127574E-01  0.000000E+00
  2.539852E+00  1.408663E-01  5.000000E-01  5.393941E-01  2.970371E-02  0.000000E+00  1.706936E-02 -3.419119E-05  1.331197E-18 -6.955057E-01  0.000000E+00
  2.506749E+00  1.408464E-01  5.000000E-01  5.323638E-01  2.969948E-02  0.000000E+00  1.692128E-02  4.973731E-05 -2.709451E-19 -6.783882E-01  0.000000E+00
  2.473650E+00  1.406660E-01  5.000000E-01  5.253345E-01  2.966116E-02  0.000000E+00  1.676137E-02  1.291131E-04 -1.304979E-18 -6.615912E-01  0.000000E+00
  2.440554E+00  1.403308E-01  5.000000E-01  5.183056E-01  2.958998E-02  0.000000E+00  1.659540E-02  2.038352E-04 -1.557855E-18 -6.451872E-01  0.000000E+00
  2.407460E+00  1.398474E-01  5.000000E-01  5.112774E-01  2.948732E-02  0.000000E+00  1.642475E-02  2.740880E-04 -1.309759E-18 -6.291718E-01  0.000000E+00
  2.374373E+00  1.392211E-01  5.000000E-01  5.042504E-01  2.935430E-02  0.000000E+00  1.624837E-02  3.400647E-04 -1.021637E-18 -6.135441E-01  0.000000E+00
  2.341286E+00  1.384571E-01  5.000000E-01  4.972236E-01  2.919205E-02  0.000000E+00  1.606431E-02  4.011398E-04 -5.511466E-19 -5.984109E-01  0.000000E+00
  2.308194E+00  1.375631E-01  5.000000E-01  4.901958E-01  2.900219E-02  0.000000E+00  1.587222E-02  4.564835E-04 -3.416419E-19 -5.839410E-01  0.000000E+00
  2.275097E+00  1.365481E-01  5.000000E-01  4.831666E-01  2.878663E-02  0.000000E+00  1.567429E-02  5.057414E-04 -6.733288E-19 -5.702939E-01  0.000000E+00
  2.241991E+00  1.354217E-01  5.000000E-01  4.761359E-01  2.854740E-02  0.000000E+00  1.547421E-02  5.489332E-04 -6.494143E-19 -5.576077E-01  0.000000E+00
  2.208879E+00  1.341939E-01  5.000000E-01  4.691037E-01  2.828665E-02  0.000000E+00  1.527598E-02  5.862882E-04 -5.520982E-19 -5.460006E-01  0.000000E+00
  2.175760E+00  1.328747E-01  5.000000E-01  4.620701E-01  2.800649E-02  0.000000E+00  1.508320E-02  6.180763E-04 -2.487797E-19 -5.355811E-01  0.000000E+00
  2.142637E+00  1.314745E-01  5.000000E-01  4.550354E-01  2.770912E-02  0.000000E+00  1.489905E-02  6.445743E-04 -1.674031E-19 -5.264507E-01  0.000000E+00
  2.109507E+00  1.300035E-01  5.000000E-01  4.479994E-01  2.739672E-02  0.000000E+00  1.472651E-02  6.660648E-04 -4.342578E-19 -5.187009E-01  0.000000E+00
  2.076374E+00  1.284728E-01  5.000000E-01  4.409628E-01  2.707164E-02  0.000000E+00  1.456850E-02  6.830302E-04  2.260525E-19 -5.123978E-01  0.000000E+00
  2.043241E+00  1.268922E-01  5.000000E-01  4.339262E-01  2.673595E-02  0.000000E+00  1.442760E-02  6.958455E-04  7.482846E-19 -5.076116E-01  0.000000E+00
  2.010106E+00  1.252722E-01  5.000000E-01  4.268892E-01  2.639191E-02  0.000000E+00  1.430619E-02  7.047212E-04  5.360747E-19 -5.044061E-01  0.000000E+00
  1.976970E+00  1.236233E-01  5.000000E-01  4.198518E-01  2.604172E-02  0.000000E+00  1.420685E-02  7.101472E-04  1.465819E-18 -5.027897E-01  0.000000E+00
  1.943835E+00  1.219553E-01  5.000000E-01  4.128148E-01  2.568748E-02  0.000000E+00  1.413173E-02  7.126183E-04  3.134999E-18 -5.027462E-01  0.000000E+00
  1.910699E+00  1.202773E-01  5.000000E-01  4.057775E-01  2.533110E-02  0.000000E+00  1.408229E-02  7.123432E-04  4.197201E-18 -5.042698E-01  0.000000E+00
  1.877561E+00  1.185987E-01  5.000000E-01  3.987399E-01  2.497462E-02  0.000000E+00  1.405986E-02  7.095647E-04  5.471724E-18 -5.073364E-01  0.000000E+00
  1.844424E+00  1.169284E-01  5.000000E-01  3.917024E-01  2.461988E-02  0.000000E+00  1.406568E-02  7.045105E-04  6.661472E-18 -5.119038E-01  0.000000E+00
  1.811282E+00  1.152747E-01  5.000000E-01  3.846638E-01  2.426868E-02  0.000000E+00  1.410078E-02  6.971885E-04  7.348653E-18 -5.179272E-01  0.000000E+00
  1.778139E+00  1.136468E-01  5.000000E-01  3.776250E-01  2.392295E-02  0.000000E+00  1.416636E-02  6.878489E-04  7.165248E-18 -5.253105E-01  0.000000E+00
  1.744992E+00  1.120517E-01  5.000000E-01  3.705854E-01  2.358419E-02  0.000000E+00  1.426328E-02  6.766659E-04  5.933103E-18 -5.339391E-01  0.000000E+00
  1.711843E+00  1.104973E-01  5.000000E-01  3.635455E-01  2.325407E-02  0.000000E+00  1.439206E-02  6.637827E-04  3.837736E-18 -5.436818E-01  0.000000E+00
  1.678692E+00  1.089893E-01  5.000000E-01  3.565048E-01  2.293381E-02  0.000000E+00  1.455268E-02  6.492710E-04  2.043873E-18 -5.544016E-01  0.000000E+00
  1.645539E+00  1.075343E-01  5.000000E-01  3.494640E-01  2.262480E-02  0.000000E+00  1.474431E-02  6.332470E-04  8.153315E-19 -5.659334E-01  0.000000E+00
  1.612385E+00  1.061365E-01  5.000000E-01  3.424230E-01  2.232794E-02  0.000000E+00  1.496446E-02  6.159557E-04 -1.583597E-19 -5.780284E-01  0.000000E+00
  1.579236E+00  1.047996E-01  5.000000E-01  3.353830E-01  2.204402E-02  0.000000E+00  1.520817E-02  5.981780E-04 -6.549362E-19 -5.902366E-01  0.000000E+00
  1.546090E+00  1.035235E-01  5.000000E-01  3.283435E-01  2.177302E-02  0.000000E+00  1.546898E-02  5.836188E-04 -1.264067E-18 -6.016520E-01  0.000000E+00
  1.512946E+00  1.022942E-01  5.000000E-01  3.213046E-01  2.151194E-02  0.000000E+00  1.573549E-02  5.773517E-04 -1.206133E-18 -6.111623E-01  0.000000E+00
  1.479807E+00  1.010875E-01  5.000000E-01  3.142666E-01  2.125567E-02  0.000000E+00  1.598854E-02  5.813698E-04 -9.721942E-19 -6.180550E-01  0.000000E+00
  1.446672E+00  9.988015E-02  5.000000E-01  3.072296E-01  2.099925E-02  0.000000E+00  1.620799E-02  5.949374E-04 -1.790984E-18 -6.221241E-01  0.000000E+00
  1.413540E+00  9.865075E-02  5.000000E-01  3.001932E-01  2.073816E-02  0.000000E+00  1.638104E-02  6.170492E-04 -2.475292E-18 -6.234507E-01  0.000000E+00
  1.380413E+00  9.737980E-02  5.000000E-01  2.931578E-01  2.046824E-02  0.000000E+00  1.650367E-02  6.469386E-04 -2.702017E-18 -6.222626E-01  0.000000E+00
  1.347294E+00  9.604934E-02  5.000000E-01  2.861242E-01  2.018568E-02  0.000000E+00  1.657779E-02  6.837353E-04 -3.097102E-18 -6.188564E-01  0.000000E+00
  1.314179E+00  9.464331E-02  5.000000E-01  2.790914E-01  1.988708E-02  0.000000E+00  1.660750E-02  7.262351E-04 -3.193616E-18 -6.135565E-01  0.000000E+00
  1.281074E+00  9.314878E-02  5.000000E-01  2.720606E-01  1.956968E-02  0.000000E+00  1.659702E-02  7.732610E-04 -3.038217E-18 -6.066653E-01  0.000000E+00
  1.247974E+00  9.155384E-02  5.000000E-01  2.650310E-01  1.923095E-02  0.000000E+00  1.654909E-02  8.232992E-04 -2.089854E-18 -5.984921E-01  0.000000E+00
  1.214880E+00  8.985066E-02  5.000000E-01  2.580028E-01  1.886924E-02  0.000000E+00  1.646529E-02  8.747914E-04 -1.100800E-18 -5.893321E-01  0.000000E+00
  1.181795E+00  8.803274E-02  5.000000E-01  2.509763E-01  1.848316E-02  0.000000E+00  1.634664E-02  9.264398E-04 -7.701939E-19 -5.794510E-01  0.000000E+00
  1.148718E+00  8.609571E-02  5.000000E-01  2.439516E-01  1.807178E-02  0.000000E+00  1.619321E-02  9.765001E-04 -9.274506E-19 -5.691598E-01  0.000000E+00
  1.115646E+00  8.403839E-02  5.000000E-01  2.369279E-01  1.763485E-02  0.000000E+00  1.600589E-02  1.023279E-03 -8.181014E-19 -5.587816E-01  0.000000E+00
  1.082583E+00  8.186232E-02  5.000000E-01  2.299061E-01  1.717271E-02  0.000000E+00  1.578819E-02  1.065630E-03 -4.274994E-19 -5.486380E-01  0.000000E+00
  1.049524E+00  7.957046E-02  5.000000E-01  2.228852E-01  1.668598E-02  0.000000E+00  1.554751E-02  1.102753E-03 -3.416761E-20 -5.391612E-01  0.000000E+00
  1.016475E+00  7.716920E-02  5.000000E-01  2.158664E-01  1.617601E-02  0.000000E+00  1.529606E-02  1.133748E-03  2.359792E-19 -5.311058E-01  0.000000E+00
  9.834318E-01  7.466676E-02  5.000000E-01  2.088488E-01  1.564455E-02  0.000000E+00  1.504850E-02  1.153685E-03 -1.152632E-20 -5.260104E-01  0.000000E+00
  9.503976E-01  7.209675E-02  5.000000E-01  2.018331E-01  1.509874E-02  0.000000E+00  1.482693E-02  1.156887E-03  5.962838E-19 -5.256934E-01  0.000000E+00
  9.173728E-01  6.950599E-02  5.000000E-01  1.948195E-01  1.454853E-02  0.000000E+00  1.466559E-02  1.145873E-03  1.033345E-18 -5.309256E-01  0.000000E+00
  8.843598E-01  6.693168E-02  5.000000E-01  1.878083E-01  1.400181E-02  0.000000E+00  1.459604E-02  1.128179E-03 -6.111778E-19 -5.412707E-01  0.000000E+00
  8.513623E-01  6.439915E-02  5.000000E-01  1.808005E-01  1.346396E-02  0.000000E+00  1.463096E-02  1.109490E-03 -1.692206E-18 -5.556531E-01  0.000000E+00
  8.183794E-01  6.192391E-02  5.000000E-01  1.737957E-01  1.293828E-02  0.000000E+00  1.476146E-02  1.092362E-03 -4.626854E-19 -5.727769E-01  0.000000E+00
  7.854121E-01  5.951442E-02  5.000000E-01  1.667943E-01  1.242657E-02  0.000000E+00  1.496359E-02  1.077285E-03  5.240385E-19 -5.914208E-01  0.000000E+00
  7.524593E-01  5.717356E-02  5.000000E-01  1.597959E-01  1.192942E-02  0.000000E+00  1.520811E-02  1.063825E-03  7.058642E-19 -6.106075E-01  0.000000E+00
  7.195226E-01  5.490068E-02  5.000000E-01  1.528009E-01  1.144672E-02  0.000000E+00  1.546877E-02  1.051632E-03  4.809650E-19 -6.296321E-01  0.000000E+00
  6.866079E-01  5.269195E-02  5.000000E-01  1.458107E-01  1.097764E-02  0.000000E+00  1.572664E-02  1.040912E-03  8.196351E-19 -6.480319E-01  0.000000E+00
  6.537221E-01  5.054071E-02  5.000000E-01  1.388265E-01  1.052077E-02  0.000000E+00  1.597008E-02  1.032095E-03  1.277443E-18 -6.655755E-01  0.000000E+00
  6.208691E-01  4.843865E-02  5.000000E-01  1.318494E-01  1.007434E-02  0.000000E+00  1.619309E-02  1.025476E-03  1.514520E-18 -6.822419E-01  0.000000E+00
  5.880524E-01  4.637713E-02  5.000000E-01  1.248799E-01  9.636527E-03  0.000000E+00  1.639358E-02  1.021062E-03  2.251801E-18 -6.981697E-01  0.000000E+00
  5.552711E-01  4.434801E-02  5.000000E-01  1.179180E-01  9.205592E-03  0.000000E+00  1.657214E-02  1.018645E-03  2.525241E-18 -7.135891E-01  0.000000E+00
  5.225283E-01  4.234465E-02  5.000000E-01  1.109642E-01  8.780128E-03  0.000000E+00  1.673084E-02  1.018165E-03  1.585644E-18 -7.287596E-01  0.000000E+00
  4.898261E-01  4.036045E-02  5.000000E-01  1.040191E-01  8.358732E-03  0.000000E+00  1.687156E-02  1.019456E-03  1.037931E-18 -7.439829E-01  0.000000E+00
  4.571624E-01  3.838998E-02  5.000000E-01  9.708209E-02  7.940254E-03  0.000000E+00  1.699488E-02  1.021990E-03  1.679631E-18 -7.596129E-01  0.000000E+00
  4.245350E-01  3.642903E-02  5.000000E-01  9.015283E-02  7.523795E-03  0.000000E+00  1.710010E-02  1.025037E-03  1.388768E-18 -7.759991E-01  0.000000E+00
  3.919369E-01  3.447482E-02  5.000000E-01  8.322981E-02  7.108770E-03  0.000000E+00  1.718481E-02  1.028060E-03  7.678779E-19 -7.933802E-01  0.000000E+00
  3.593832E-01  3.252610E-02  5.000000E-01  7.631620E-02  6.694909E-03  0.000000E+00  1.724344E-02  1.031586E-03 -6.255978E-19 -8.117624E-01  0.000000E+00
  3.269046E-01  3.057939E-02  5.000000E-01  6.941854E-02  6.281476E-03  0.000000E+00  1.726404E-02  1.037513E-03 -4.330183E-18 -8.309340E-01  0.000000E+00
  2.945750E-01  2.862726E-02  5.000000E-01  6.255252E-02  5.866892E-03  0.000000E+00  1.722593E-02  1.047961E-03 -9.831799E-18 -8.507147E-01  0.000000E+00
  2.624265E-01  2.665284E-02  5.000000E-01  5.572497E-02  5.447575E-03  0.000000E+00  1.710247E-02  1.061958E-03 -7.105810E-18 -8.714319E-01  0.000000E+00
  2.304268E-01  2.464004E-02  5.000000E-01  4.892903E-02  5.020104E-03  0.000000E+00  1.687901E-02  1.076837E-03  3.482474E-17 -8.940077E-01  0.000000E+00
  1.986088E-01  2.257861E-02  5.000000E-01  4.217166E-02  4.582308E-03  0.000000E+00  1.657327E-02  1.091541E-03  1.609533E-16 -9.199917E-01  0.000000E+00
  1.669282E-01  2.045077E-02  5.000000E-01  3.544349E-02  4.130406E-03  0.000000E+00  1.623533E-02  1.100826E-03  3.610795E-16 -9.523958E-01  0.000000E+00
  1.350509E-01  1.825584E-02  5.000000E-01  2.867354E-02  3.664258E-03  0.000000E+00  1.597379E-02  1.118682E-03  3.605669E-16 -9.934525E-01  0.000000E+00
  1.043791E-01  1.607058E-02  5.000000E-01  2.215959E-02  3.200162E-03  0.000000E+00  1.595264E-02  1.209025E-03 -6.538277E-16 -1.041325E+00  0.000000E+00
  7.632629E-02  1.381367E-02  5.000000E-01  1.620187E-02  2.720849E-03  0.000000E+00  1.620092E-02  1.411839E-03 -3.634047E-15 -1.096207E+00  0.000000E+00
  5.118571E-02  1.143469E-02  5.000000E-01  1.086263E-02  2.215613E-03  0.000000E+00  1.667289E-02  1.753858E-03 -6.625512E-15 -1.158808E+00  0.000000E+00
  3.264831E-02  9.302925E-03  5.000000E-01  6.925739E-03  1.762878E-03  0.000000E+00  1.778238E-02  2.409286E-03  2.720736E-15 -1.218863E+00  0.000000E+00
  2.051015E-02  7.444364E-03  5.000000E-01  4.347893E-03  1.368166E-03  0.000000E+00  2.050622E-02  3.685138E-03  5.139897E-14 -1.269226E+00  0.000000E+00
  1.247723E-02  5.808222E-03  5.000000E-01  2.641898E-03  1.020689E-03  0.000000E+00  2.674282E-02  6.258582E-03  1.583338E-13 -1.316321E+00  0.000000E+00
  7.055255E-03  4.400462E-03  5.000000E-01  1.490404E-03  7.217158E-04  0.000000E+00  4.067739E-02  1.252496E-02  2.571119E-13 -1.353110E+00  0.000000E+00
  3.418635E-03  3.167686E-03  5.000000E-01  7.180754E-04  4.599044E-04  0.000000E+00  6.627816E-02  2.861220E-02  1.094312E-13 -1.325685E+00  0.000000E+00
  1.108798E-03  2.037559E-03  5.000000E-01  2.275226E-04  2.198933E-04  0.000000E+00  8.125994E-02  6.209809E-02 -4.272810E-13 -1.057164E+00  0.000000E+00
  3.747479E-05  1.002160E-03  5.000000E-01  0.000000E+00  0.000000E+00  0.000000E+00  2.643561E-02  1.094443E-01 -9.668040E-13  3.980642E-02  0.000000E+00
  3.747479E-05  1.002160E-03  5.000000E-01  0.000000E+00  0.000000E+00  0.000000E+00  2.643561E-02  1.094443E-01 -9.668040E-13  3.980642E-02  0.000000E+00
  2.534065E-04  2.018934E-06  5.000000E-01  4.585858E-05 -2.124054E-04  0.000000E+00 -3.397636E-02  8.042171E-02 -8.868294E-13  1.117762E+00  0.000000E+00
  1.848580E-03 -9.869361E-04  5.000000E-01  3.846343E-04 -4.224352E-04  0.000000E+00 -2.613604E-02  1.469680E-02 -4.355296E-13  1.208237E+00  0.000000E+00
  4.867645E-03 -1.947569E-03  5.000000E-01  1.025809E-03 -6.264500E-04  0.000000E+00 -3.152367E-03  1.138259E-03 -1.374121E-13  1.034704E+00  0.000000E+00
  9.380877E-03 -2.908575E-03  5.000000E-01  1.984309E-03 -8.305441E-04  0.000000E+00  8.942561E-03 -1.527480E-03  6.068930E-15  9.418394E-01  0.000000E+00
  1.589077E-02 -3.913592E-03  5.000000E-01  3.366850E-03 -1.043985E-03  0.000000E+00  1.336931E-02 -1.751985E-03  4.045644E-14  8.643252E-01  0.000000E+00
  2.547297E-02 -4.982151E-03  5.000000E-01  5.401873E-03 -1.270921E-03  0.000000E+00  1.392495E-02 -1.318978E-03  2.793478E-14  7.872871E-01  0.000000E+00
  3.989163E-02 -6.096520E-03  5.000000E-01  8.464043E-03 -1.507585E-03  0.000000E+00  1.297896E-02 -8.478988E-04  9.527075E-15  7.179462E-01  0.000000E+00
  6.092142E-02 -7.191649E-03  5.000000E-01  1.293025E-02 -1.740164E-03  0.000000E+00  1.184087E-02 -5.498744E-04 -7.827793E-17  6.643450E-01  0.000000E+00
  8.832839E-02 -8.290527E-03  5.000000E-01  1.875082E-02 -1.973538E-03  0.000000E+00  1.102441E-02 -4.309327E-04 -1.933713E-15  6.287832E-01  0.000000E+00
  1.189914E-01 -9.457596E-03  5.000000E-01  2.526288E-02 -2.221395E-03  0.000000E+00  1.058964E-02 -4.210669E-04 -1.044593E-15  6.063216E-01  0.000000E+00
  1.511926E-01 -1.079832E-02  5.000000E-01  3.210162E-02 -2.506131E-03  0.000000E+00  1.044421E-02 -4.685488E-04 -2.297503E-16  5.910964E-01  0.000000E+00
  1.838450E-01 -1.237456E-02  5.000000E-01  3.903620E-02 -2.840886E-03  0.000000E+00  1.047323E-02 -5.438103E-04  4.146958E-17  5.786212E-01  0.000000E+00
  2.165049E-01 -1.419455E-02  5.000000E-01  4.597235E-02 -3.227408E-03  0.000000E+00  1.057871E-02 -6.287722E-04  5.192977E-17  5.668090E-01  0.000000E+00
  2.491496E-01 -1.625794E-02  5.000000E-01  5.290529E-02 -3.665621E-03  0.000000E+00  1.069905E-02 -7.184119E-04  1.834187E-17  5.559918E-01  0.000000E+00
  2.819003E-01 -1.858659E-02  5.000000E-01  5.986073E-02 -4.160168E-03  0.000000E+00  1.080771E-02 -8.144843E-04  1.574892E-18  5.466594E-01  0.000000E+00
  3.147601E-01 -2.120442E-02  5.000000E-01  6.683936E-02 -4.716132E-03  0.000000E+00  1.090099E-02 -9.184689E-04 -1.485072E-18  5.382521E-01  0.000000E+00
  3.477303E-01 -2.413597E-02  5.000000E-01  7.384141E-02 -5.338722E-03  0.000000E+00  1.098717E-02 -1.030973E-03  1.507379E-20  5.298466E-01  0.000000E+00
  3.807756E-01 -2.740171E-02  5.000000E-01  8.085941E-02 -6.032283E-03  0.000000E+00  1.107758E-02 -1.151398E-03  1.167091E-18  5.207125E-01  0.000000E+00
  4.138291E-01 -3.100865E-02  5.000000E-01  8.787916E-02 -6.798308E-03  0.000000E+00  1.118101E-02 -1.277885E-03  1.290330E-18  5.103760E-01  0.000000E+00
  4.468689E-01 -3.495739E-02  5.000000E-01  9.489601E-02 -7.636924E-03  0.000000E+00  1.130379E-02 -1.409648E-03 -9.448045E-19  4.986953E-01  0.000000E+00
  4.799091E-01 -3.925050E-02  5.000000E-01  1.019129E-01 -8.548676E-03  0.000000E+00  1.145175E-02 -1.547656E-03 -1.951315E-18  4.856588E-01  0.000000E+00
  5.129612E-01 -4.389047E-02  5.000000E-01  1.089324E-01 -9.534091E-03  0.000000E+00  1.163120E-02 -1.693540E-03 -2.267441E-18  4.711077E-01  0.000000E+00
  5.460360E-01 -4.887947E-02  5.000000E-01  1.159567E-01 -1.059363E-02  0.000000E+00  1.184939E-02 -1.849014E-03 -2.761620E-18  4.547094E-01  0.000000E+00
  5.791347E-01 -5.421666E-02  5.000000E-01  1.229860E-01 -1.172712E-02  0.000000E+00  1.211448E-02 -2.015525E-03 -3.841187E-18  4.360168E-01  0.000000E+00
  6.122565E-01 -5.989662E-02  5.000000E-01  1.300203E-01 -1.293340E-02  0.000000E+00  1.243558E-02 -2.194217E-03 -6.190005E-18  4.145220E-01  0.000000E+00
  6.454013E-01 -6.590852E-02  5.000000E-01  1.370594E-01 -1.421018E-02  0.000000E+00  1.282315E-02 -2.386138E-03 -5.246535E-18  3.896779E-01  0.000000E+00
  6.785693E-01 -7.223504E-02  5.000000E-01  1.441035E-01 -1.555378E-02  0.000000E+00  1.328931E-02 -2.591992E-03 -2.960720E-18  3.608526E-01  0.000000E+00
  7.117575E-01 -7.884958E-02  5.000000E-01  1.511518E-01 -1.695855E-02  0.000000E+00  1.384787E-02 -2.811232E-03  1.656789E-19  3.272569E-01  0.000000E+00
  7.449560E-01 -8.571113E-02  5.000000E-01  1.582024E-01 -1.841577E-02  0.000000E+00  1.451432E-02 -3.041200E-03  1.117283E-18  2.879521E-01  0.000000E+00
  7.781569E-01 -9.276226E-02  5.000000E-01  1.652534E-01 -1.991326E-02  0.000000E+00  1.530553E-02 -3.276552E-03  3.357109E-19  2.419284E-01  0.000000E+00
  8.113578E-01 -9.992789E-02  5.000000E-01  1.723045E-01 -2.143506E-02  0.000000E+00  1.623681E-02 -3.507820E-03 -6.692639E-19  1.881325E-01  0.000000E+00
  8.445597E-01 -1.071127E-01  5.000000E-01  1.793558E-01 -2.296093E-02  0.000000E+00  1.731360E-02 -3.718161E-03 -2.686499E-19  1.254580E-01  0.000000E+00
  8.777625E-01 -1.141978E-01  5.000000E-01  1.864072E-01 -2.446563E-02  0.000000E+00  1.851686E-02 -3.878556E-03  1.272868E-18  5.279715E-02  0.000000E+00
  9.109638E-01 -1.210369E-01  5.000000E-01  1.934584E-01 -2.591809E-02  0.000000E+00  1.978758E-02 -3.944848E-03  4.099679E-19 -3.064047E-02  0.000000E+00
  9.441676E-01 -1.274574E-01  5.000000E-01  2.005100E-01 -2.728165E-02  0.000000E+00  2.102169E-02 -3.860561E-03  1.450015E-18 -1.247952E-01  0.000000E+00
  9.773746E-01 -1.332600E-01  5.000000E-01  2.075624E-01 -2.851399E-02  0.000000E+00  2.209248E-02 -3.571436E-03  7.581864E-19 -2.282252E-01  0.000000E+00
  1.010583E+00 -1.382218E-01  5.000000E-01  2.146150E-01 -2.956775E-02  0.000000E+00  2.294394E-02 -3.079462E-03 -1.318573E-18 -3.360309E-01  0.000000E+00
  1.043798E+00 -1.421944E-01  5.000000E-01  2.216690E-01 -3.041142E-02  0.000000E+00  2.368968E-02 -2.472211E-03 -2.141054E-18 -4.398027E-01  0.000000E+00
  1.077015E+00 -1.451714E-01  5.000000E-01  2.287236E-01 -3.104367E-02  0.000000E+00  2.453284E-02 -1.828380E-03 -3.370877E-18 -5.343316E-01  0.000000E+00
  1.110238E+00 -1.471699E-01  5.000000E-01  2.357793E-01 -3.146809E-02  0.000000E+00  2.555119E-02 -1.159373E-03 -3.324317E-18 -6.200692E-01  0.000000E+00
  1.143462E+00 -1.482163E-01  5.000000E-01  2.428354E-01 -3.169033E-02  0.000000E+00  2.636623E-02 -4.566868E-04 -3.600946E-18 -6.990018E-01  0.000000E+00
  1.176693E+00 -1.483504E-01  5.000000E-01  2.498927E-01 -3.171882E-02  0.000000E+00  2.579000E-02  2.308160E-04 -4.259273E-18 -7.703975E-01  0.000000E+00
  1.209925E+00 -1.476244E-01  5.000000E-01  2.569505E-01 -3.156463E-02  0.000000E+00  2.224134E-02  7.216911E-04 -3.514932E-18 -8.211498E-01  0.000000E+00
  1.243158E+00 -1.461026E-01  5.000000E-01  2.640083E-01 -3.124144E-02  0.000000E+00  1.547589E-02  8.113594E-04 -1.457257E-18 -8.165836E-01  0.000000E+00
  1.276395E+00 -1.438651E-01  5.000000E-01  2.710670E-01 -3.076624E-02  0.000000E+00  7.740734E-03  5.348531E-04  1.532723E-19 -7.183733E-01  0.000000E+00
  1.309630E+00 -1.410062E-01  5.000000E-01  2.781253E-01 -3.015909E-02  0.000000E+00  1.844021E-03  1.501057E-04  2.232901E-19 -5.305327E-01  0.000000E+00
  1.342868E+00 -1.376343E-01  5.000000E-01  2.851842E-01 -2.944298E-02  0.000000E+00 -1.250499E-03 -1.250379E-04 -2.786959E-19 -3.170143E-01  0.000000E+00
  1.376108E+00 -1.338742E-01  5.000000E-01  2.922435E-01 -2.864443E-02  0.000000E+00 -2.258166E-03 -2.468040E-04 -2.584822E-19 -1.554741E-01  0.000000E+00
  1.409347E+00 -1.298632E-01  5.000000E-01  2.993027E-01 -2.779258E-02  0.000000E+00 -2.255119E-03 -2.708727E-04  5.584270E-19 -7.333805E-02  0.000000E+00
  1.442589E+00 -1.257508E-01  5.000000E-01  3.063625E-01 -2.691922E-02  0.000000E+00 -1.942867E-03 -2.448247E-04  1.617184E-19 -3.938772E-02  0.000000E+00
  1.475831E+00 -1.216980E-01  5.000000E-01  3.134222E-01 -2.605849E-02  0.000000E+00 -1.614126E-03 -1.972533E-04  5.783840E-19 -1.187401E-02  0.000000E+00
  1.509072E+00 -1.178725E-01  5.000000E-01  3.204819E-01 -2.524605E-02  0.000000E+00 -1.301981E-03 -1.436755E-04  1.184809E-18  2.507169E-02  0.000000E+00
  1.542314E+00 -1.144465E-01  5.000000E-01  3.275416E-01 -2.451846E-02  0.000000E+00 -9.572375E-04 -9.080789E-05  1.288610E-18  6.626114E-02  0.000000E+00
  1.575558E+00 -1.115945E-01  5.000000E-01  3.346018E-01 -2.391276E-02  0.000000E+00 -5.487369E-04 -4.296872E-05  2.653307E-18  1.037353E-01  0.000000E+00
  1.608800E+00 -1.094169E-01  5.000000E-01  3.416615E-01 -2.345029E-02  0.000000E+00 -7.023610E-05 -6.202024E-06  1.639267E-18  1.342121E-01  0.000000E+00
  1.642044E+00 -1.078649E-01  5.000000E-01  3.487219E-01 -2.312068E-02  0.000000E+00  4.817842E-04  1.585162E-05 -1.576733E-19  1.575776E-01  0.000000E+00
  1.675286E+00 -1.068704E-01  5.000000E-01  3.557815E-01 -2.290948E-02  0.000000E+00  1.117502E-03  2.271897E-05 -1.582976E-19  1.743074E-01  0.000000E+00
  1.708526E+00 -1.063639E-01  5.000000E-01  3.628410E-01 -2.280191E-02  0.000000E+00  1.848469E-03  1.424460E-05  4.493365E-20  1.843171E-01  0.000000E+00
  1.741762E+00 -1.062749E-01  5.000000E-01  3.698996E-01 -2.278301E-02  0.000000E+00  2.677265E-03 -8.877333E-06 -1.834287E-19  1.874326E-01  0.000000E+00
  1.774995E+00 -1.065313E-01  5.000000E-01  3.769573E-01 -2.283747E-02  0.000000E+00  3.591463E-03 -4.439274E-05 -3.251471E-20  1.839915E-01  0.000000E+00
  1.808227E+00 -1.070620E-01  5.000000E-01  3.840150E-01 -2.295017E-02  0.000000E+00  4.564623E-03 -8.812022E-05  1.705162E-19  1.748010E-01  0.000000E+00
  1.841453E+00 -1.077939E-01  5.000000E-01  3.910714E-01 -2.310561E-02  0.000000E+00  5.562526E-03 -1.340674E-04  3.187662E-19  1.608466E-01  0.000000E+00
  1.874678E+00 -1.086539E-01  5.000000E-01  3.981276E-01 -2.328825E-02  0.000000E+00  6.549890E-03 -1.750983E-04  8.645349E-19  1.431607E-01  0.000000E+00
  1.907900E+00 -1.095684E-01  5.000000E-01  4.051830E-01 -2.348247E-02  0.000000E+00  7.493113E-03 -2.036193E-04  1.322201E-18  1.228428E-01  0.000000E+00
  1.941118E+00 -1.104631E-01  5.000000E-01  4.122377E-01 -2.367249E-02  0.000000E+00  8.358102E-03 -2.122874E-04  1.239233E-18  1.011271E-01  0.000000E+00
  1.974334E+00 -1.112633E-01  5.000000E-01  4.192919E-01 -2.384243E-02  0.000000E+00  9.105976E-03 -1.949438E-04  1.109087E-18  7.941697E-02  0.000000E+00
  2.007549E+00 -1.118948E-01  5.000000E-01  4.263460E-01 -2.397653E-02  0.000000E+00  9.691748E-03 -1.472894E-04  1.032353E-18  5.933351E-02  0.000000E+00
  2.040760E+00 -1.122821E-01  5.000000E-01  4.333993E-01 -2.405879E-02  0.000000E+00  1.007019E-02 -6.778839E-05  8.335908E-19  4.273122E-02  0.000000E+00
  2.073970E+00 -1.123497E-01  5.000000E-01  4.404522E-01 -2.407316E-02  0.000000E+00  1.020890E-02  3.996941E-05  5.392875E-19  3.151431E-02  0.000000E+00
  2.107177E+00 -1.120247E-01  5.000000E-01  4.475046E-01 -2.400413E-02  0.000000E+00  1.010988E-02  1.593377E-04 -7.884172E-21  2.792153E-02  0.000000E+00
  2.140379E+00 -1.112972E-01  5.000000E-01  4.545558E-01 -2.384963E-02  0.000000E+00  9.817958E-03  2.640416E-04 -3.978332E-19  3.376300E-02  0.000000E+00
  2.173577E+00 -1.102319E-01  5.000000E-01  4.616063E-01 -2.362338E-02  0.000000E+00  9.395249E-03  3.392507E-04 -6.430888E-19  4.803990E-02  0.000000E+00
  2.206768E+00 -1.088968E-01  5.000000E-01  4.686553E-01 -2.333984E-02  0.000000E+00  8.897701E-03  3.847282E-04 -3.598580E-19  6.766455E-02  0.000000E+00
  2.239954E+00 -1.073606E-01  5.000000E-01  4.757033E-01 -2.301358E-02  0.000000E+00  8.370725E-03  4.042409E-04 -8.291626E-20  8.997016E-02  0.000000E+00
  2.273134E+00 -1.056916E-01  5.000000E-01  4.827498E-01 -2.265913E-02  0.000000E+00  7.848397E-03  4.024610E-04  3.468845E-20  1.133266E-01  0.000000E+00
  2.306309E+00 -1.039588E-01  5.000000E-01  4.897953E-01 -2.229113E-02  0.000000E+00  7.354671E-03  3.839305E-04  5.498770E-19  1.368074E-01  0.000000E+00
  2.339476E+00 -1.022311E-01  5.000000E-01  4.968392E-01 -2.192420E-02  0.000000E+00  6.905530E-03  3.525815E-04  1.765144E-19  1.597459E-01  0.000000E+00
  2.372638E+00 -1.005767E-01  5.000000E-01  5.038821E-01 -2.157285E-02  0.000000E+00  6.511986E-03  3.112877E-04  2.299744E-19  1.815883E-01  0.000000E+00
  2.405805E+00 -9.906651E-02  5.000000E-01  5.109259E-01 -2.125213E-02  0.000000E+00  6.182680E-03  2.619412E-04  6.606480E-19  2.018534E-01  0.000000E+00
  2.438976E+00 -9.777342E-02  5.000000E-01  5.179706E-01 -2.097750E-02  0.000000E+00  5.925696E-03  2.057898E-04  4.198611E-19  2.201000E-01  0.000000E+00
  2.472150E+00 -9.676972E-02  5.000000E-01  5.250160E-01 -2.076434E-02  0.000000E+00  5.750289E-03  1.431063E-04  1.392746E-20  2.359427E-01  0.000000E+00
  2.505329E+00 -9.612787E-02  5.000000E-01  5.320624E-01 -2.062803E-02  0.000000E+00  5.668106E-03  7.277177E-05 -1.606691E-19  2.490270E-01  0.000000E+00
  2.538512E+00 -9.592055E-02  5.000000E-01  5.391097E-01 -2.058400E-02  0.000000E+00  5.692934E-03 -8.035492E-06 -1.671341E-20  2.589290E-01  0.000000E+00
  2.571700E+00 -9.621965E-02  5.000000E-01  5.461579E-01 -2.064752E-02  0.000000E+00  5.838901E-03 -1.044926E-04  2.776771E-20  2.651704E-01  0.000000E+00
  2.604894E+00 -9.709808E-02  5.000000E-01  5.532074E-01 -2.083408E-02  0.000000E+00  6.116887E-03 -2.226894E-04  1.844802E-20  2.672695E-01  0.000000E+00
  2.638090E+00 -9.862026E-02  5.000000E-01  5.602574E-01 -2.115735E-02  0.000000E+00  6.526484E-03 -3.620657E-04  2.888451E-19  2.640489E-01  0.000000E+00
  2.671292E+00 -1.007647E-01  5.000000E-01  5.673087E-01 -2.161279E-02  0.000000E+00  7.054334E-03 -5.151935E-04  6.078056E-19  2.543202E-01  0.000000E+00
  2.704497E+00 -1.034514E-01  5.000000E-01  5.743608E-01 -2.218336E-02  0.000000E+00  7.683909E-03 -6.772423E-04  5.463386E-19  2.384461E-01  0.000000E+00
  2.737708E+00 -1.065995E-01  5.000000E-01  5.814140E-01 -2.285196E-02  0.000000E+00  8.400728E-03 -8.462791E-04 -1.242359E-18  2.174444E-01  0.000000E+00
  2.770923E+00 -1.101277E-01  5.000000E-01  5.884680E-01 -2.360125E-02  0.000000E+00  9.191574E-03 -1.019117E-03 -3.835269E-18  1.917817E-01  0.000000E+00
  2.804143E+00 -1.139548E-01  5.000000E-01  5.955230E-01 -2.441403E-02  0.000000E+00  1.004475E-02 -1.190996E-03 -4.526401E-18  1.614916E-01  0.000000E+00
  2.837367E+00 -1.179996E-01  5.000000E-01  6.025790E-01 -2.527304E-02  0.000000E+00  1.095058E-02 -1.355885E-03 -3.163955E-18  1.265160E-01  0.000000E+00
  2.870594E+00 -1.221803E-01  5.000000E-01  6.096356E-01 -2.616093E-02  0.000000E+00  1.190111E-02 -1.506816E-03 -8.197764E-19  8.686868E-02  0.000000E+00
  2.903823E+00 -1.264152E-01  5.000000E-01  6.166926E-01 -2.706031E-02  0.000000E+00  1.288916E-02 -1.635881E-03  5.312871E-19  4.259829E-02  0.000000E+00
  2.937051E+00 -1.306202E-01  5.000000E-01  6.237495E-01 -2.795335E-02  0.000000E+00  1.390749E-02 -1.734855E-03  9.009573E-19 -6.196863E-03  0.000000E+00
  2.970283E+00 -1.347140E-01  5.000000E-01  6.308072E-01 -2.882279E-02  0.000000E+00  1.494701E-02 -1.795038E-03  9.092767E-19 -5.937814E-02  0.000000E+00
  3.003515E+00 -1.386136E-01  5.000000E-01  6.378649E-01 -2.965095E-02  0.000000E+00  1.599287E-02 -1.806717E-03  4.641512E-19 -1.167648E-01  0.000000E+00
  3.036751E+00 -1.422370E-01  5.000000E-01  6.449232E-01 -3.042047E-02  0.000000E+00  1.701929E-02 -1.759659E-03  1.244950E-18 -1.780142E-01  0.000000E+00
  3.069988E+00 -1.455026E-01  5.000000E-01  6.519820E-01 -3.111400E-02  0.000000E+00  1.798458E-02 -1.643029E-03  2.439501E-18 -2.425030E-01  0.000000E+00
  3.103226E+00 -1.483274E-01  5.000000E-01  6.590409E-01 -3.171394E-02  0.000000E+00  1.883367E-02 -1.448014E-03  2.475992E-18 -3.090492E-01  0.000000E+00
  3.136469E+00 -1.506318E-01  5.000000E-01  6.661010E-01 -3.220333E-02  0.000000E+00  1.951245E-02 -1.175247E-03  1.884546E-18 -3.756614E-01  0.000000E+00
  3.169712E+00 -1.523461E-01  5.000000E-01  6.731610E-01 -3.256740E-02  0.000000E+00  2.000397E-02 -8.541314E-04 -6.314257E-20 -4.387597E-01  0.000000E+00
  3.202960E+00 -1.534797E-01  5.000000E-01  6.802220E-01 -3.280815E-02  0.000000E+00  2.032715E-02 -5.252191E-04 -2.585944E-18 -4.950327E-01  0.000000E+00
  3.236210E+00 -1.540718E-01  5.000000E-01  6.872834E-01 -3.293391E-02  0.000000E+00  2.050344E-02 -2.095579E-04 -4.918102E-18 -5.436811E-01  0.000000E+00
  3.269464E+00 -1.541663E-01  5.000000E-01  6.943459E-01 -3.295397E-02  0.000000E+00  2.055393E-02  8.333743E-05 -7.445255E-18 -5.852505E-01  0.000000E+00
  3.302721E+00 -1.538081E-01  5.000000E-01  7.014089E-01 -3.287790E-02  0.000000E+00  2.050110E-02  3.476732E-04 -9.534813E-18 -6.204841E-01  0.000000E+00
  3.335981E+00 -1.530433E-01  5.000000E-01  7.084724E-01 -3.271548E-02  0.000000E+00  2.036589E-02  5.795968E-04 -9.950665E-18 -6.499527E-01  0.000000E+00
  3.369247E+00 -1.519191E-01  5.000000E-01  7.155373E-01 -3.247672E-02  0.000000E+00  2.016622E-02  7.768651E-04 -8.096515E-18 -6.740523E-01  0.000000E+00
  3.402518E+00 -1.504842E-01  5.000000E-01  7.226032E-01 -3.217197E-02  0.000000E+00  1.991806E-02  9.397770E-04 -4.411610E-18 -6.931850E-01  0.000000E+00
  3.435792E+00 -1.487833E-01  5.000000E-01  7.296699E-01 -3.181075E-02  0.000000E+00  1.964471E-02  1.070395E-03  1.591839E-18 -7.077475E-01  0.000000E+00
  3.469073E+00 -1.468617E-01  5.000000E-01  7.367378E-01 -3.140264E-02  0.000000E+00  1.938495E-02  1.172652E-03  7.539636E-18 -7.181692E-01  0.000000E+00
  3.502353E+00 -1.447613E-01  5.000000E-01  7.438057E-01 -3.095657E-02  0.000000E+00  1.918833E-02  1.252475E-03  1.224302E-17 -7.250007E-01  0.000000E+00
  3.535630E+00 -1.425226E-01  5.000000E-01  7.508728E-01 -3.048113E-02  0.000000E+00  1.908656E-02  1.315106E-03  1.643063E-17 -7.288013E-01  0.000000E+00
  3.568904E+00 -1.401825E-01  5.000000E-01  7.579395E-01 -2.998415E-02  0.000000E+00  1.902977E-02  1.360568E-03  1.882347E-17 -7.298498E-01  0.000000E+00
  3.602176E+00 -1.377733E-01  5.000000E-01  7.650057E-01 -2.947250E-02  0.000000E+00  1.881343E-02  1.376526E-03  1.846619E-17 -7.273733E-01  0.000000E+00
  3.635446E+00 -1.353244E-01  5.000000E-01  7.720714E-01 -2.895241E-02  0.000000E+00  1.807364E-02  1.336783E-03  1.297383E-17 -7.182693E-01  0.000000E+00
  3.668713E+00 -1.328619E-01  5.000000E-01  7.791365E-01 -2.842943E-02  0.000000E+00  1.646099E-02  1.215980E-03  1.170725E-18 -6.954481E-01  0.000000E+00
  3.701976E+00 -1.304111E-01  5.000000E-01  7.862008E-01 -2.790895E-02  0.000000E+00  1.396192E-02  1.020980E-03 -1.090904E-17 -6.481421E-01  0.000000E+00
  3.735241E+00 -1.279820E-01  5.000000E-01  7.932655E-01 -2.739306E-02  0.000000E+00  1.107850E-02  8.077778E-04 -1.535931E-17 -5.678150E-01  0.000000E+00
  3.768500E+00 -1.255234E-01  5.000000E-01  8.003288E-01 -2.687092E-02  0.000000E+00  8.583726E-03  6.419553E-04 -1.175273E-17 -4.572563E-01  0.000000E+00
  3.801751E+00 -1.229685E-01  5.000000E-01  8.073904E-01 -2.632832E-02  0.000000E+00  7.024704E-03  5.573482E-04 -7.261200E-18 -3.365256E-01  0.000000E+00
  3.834989E+00 -1.202626E-01  5.000000E-01  8.144494E-01 -2.575365E-02  0.000000E+00  6.439708E-03  5.499370E-04 -4.416427E-18 -2.366929E-01  0.000000E+00
  3.868211E+00 -1.173697E-01  5.000000E-01  8.215050E-01 -2.513927E-02  0.000000E+00  6.506276E-03  5.941288E-04 -8.754731E-19 -1.796352E-01  0.000000E+00
  3.901422E+00 -1.142613E-01  5.000000E-01  8.285582E-01 -2.447914E-02  0.000000E+00  6.847675E-03  6.657609E-04  4.348535E-19 -1.623117E-01  0.000000E+00
  3.934617E+00 -1.109224E-01  5.000000E-01  8.356079E-01 -2.377002E-02  0.000000E+00  7.197054E-03  7.470288E-04  2.627124E-19 -1.628586E-01  0.000000E+00
  3.967800E+00 -1.073452E-01  5.000000E-01  8.426552E-01 -2.301031E-02  0.000000E+00  7.424943E-03  8.248052E-04  1.907179E-18 -1.603978E-01  0.000000E+00
  4.000972E+00 -1.035286E-01  5.000000E-01  8.497000E-01 -2.219977E-02  0.000000E+00  7.500271E-03  8.895145E-04  2.999750E-18 -1.473223E-01  0.000000E+00
  4.034139E+00 -9.947465E-02  5.000000E-01  8.567440E-01 -2.133880E-02  0.000000E+00  7.437275E-03  9.369329E-04  3.284598E-18 -1.269346E-01  0.000000E+00
  4.067311E+00 -9.517989E-02  5.000000E-01  8.637889E-01 -2.042670E-02  0.000000E+00  7.258374E-03  9.668733E-04  3.277335E-18 -1.046801E-01  0.000000E+00
  4.100488E+00 -9.064226E-02  5.000000E-01  8.708348E-01 -1.946302E-02  0.000000E+00  6.982334E-03  9.802103E-04 -2.356868E-19 -8.272289E-02  0.000000E+00
  4.133669E+00 -8.586211E-02  5.000000E-01  8.778817E-01 -1.844783E-02  0.000000E+00  6.623861E-03  9.776427E-04 -2.547473E-18 -6.033413E-02  0.000000E+00
  4.166856E+00 -8.083898E-02  5.000000E-01  8.849299E-01 -1.738105E-02  0.000000E+00  6.196071E-03  9.594478E-04 -1.492904E-19 -3.632813E-02  0.000000E+00
  4.200049E+00 -7.557442E-02  5.000000E-01  8.919793E-01 -1.626298E-02  0.000000E+00  5.713195E-03  9.260672E-04 -5.254749E-19 -1.044328E-02  0.000000E+00
  4.233242E+00 -7.006940E-02  5.000000E-01  8.990285E-01 -1.509385E-02  0.000000E+00  5.194056E-03  8.781209E-04 -2.471893E-18  1.689793E-02  0.000000E+00
  4.266405E+00 -6.434630E-02  5.000000E-01  9.060715E-01 -1.387841E-02  0.000000E+00  4.664229E-03  8.164401E-04 -1.638585E-18  4.519487E-02  0.000000E+00
  4.299502E+00 -5.846132E-02  5.000000E-01  9.131006E-01 -1.262858E-02  0.000000E+00  4.152819E-03  7.439603E-04 -1.624795E-18  7.383882E-02  0.000000E+00
  4.332522E+00 -5.249723E-02  5.000000E-01  9.201132E-01 -1.136196E-02  0.000000E+00  3.685097E-03  6.665910E-04 -1.233571E-18  1.018042E-01  0.000000E+00
  4.365472E+00 -4.653094E-02  5.000000E-01  9.271109E-01 -1.009486E-02  0.000000E+00  3.278235E-03  5.907064E-04  7.428199E-19  1.280023E-01  0.000000E+00
  4.398350E+00 -4.064271E-02  5.000000E-01  9.340935E-01 -8.844347E-03  0.000000E+00  2.942707E-03  5.207980E-04  8.250005E-20  1.518848E-01  0.000000E+00
  4.431155E+00 -3.491448E-02  5.000000E-01  9.410604E-01 -7.627812E-03  0.000000E+00  2.684204E-03  4.593282E-04 -2.382622E-18  1.733817E-01  0.000000E+00
  4.463888E+00 -2.943837E-02  5.000000E-01  9.480121E-01 -6.464820E-03  0.000000E+00  2.502420E-03  4.070644E-04 -1.491910E-18  1.923959E-01  0.000000E+00
  4.496579E+00 -2.428336E-02  5.000000E-01  9.549550E-01 -5.370024E-03  0.000000E+00  2.388155E-03  3.632558E-04  1.027374E-18  2.088784E-01  0.000000E+00
  4.529252E+00 -1.949796E-02  5.000000E-01  9.618938E-01 -4.353722E-03  0.000000E+00  2.320604E-03  3.262419E-04  7.568618E-20  2.230497E-01  0.000000E+00
  4.561929E+00 -1.510283E-02  5.000000E-01  9.688337E-01 -3.420303E-03  0.000000E+00  2.263686E-03  2.918090E-04 -1.504527E-18  2.343341E-01  0.000000E+00
  4.594574E+00 -1.112853E-02  5.000000E-01  9.757665E-01 -2.576261E-03  0.000000E+00  2.174777E-03  2.491397E-04 -1.642262E-18  2.424263E-01  0.000000E+00
  4.627203E+00 -7.602544E-03  5.000000E-01  9.826962E-01 -1.827428E-03  0.000000E+00  2.045643E-03  1.969808E-04 -8.223909E-19  2.539366E-01  0.000000E+00
  4.659162E+00 -4.617799E-03  5.000000E-01  9.894835E-01 -1.193541E-03  0.000000E+00  1.902515E-03  1.676360E-04  1.467256E-18  2.701409E-01  0.000000E+00
  4.689251E+00 -2.269285E-03  5.000000E-01  9.958737E-01 -6.947746E-04  0.000000E+00  1.672132E-03  1.466377E-04  4.315456E-18  2.437747E-01  0.000000E+00
  4.708680E+00 -1.010734E-03  5.000000E-01  9.999999E-01 -4.274893E-04  0.000000E+00  1.275459E-03  5.990049E-05  3.898330E-18  1.463059E-01  0.000000E+00
    1    2
    2    3
    3    4
    4    5
    5    6
    6    7
    7    8
    8    9
    9   10
   10   11
   11   12
   12   13
   13   14
   14   15
   15   16
   16   17
   17   18
   18   19
   19   20
   20   21
   21   22
   22   23
   23   24
   24   25
   25   26
   26   27
   27   28
   28   29
   29   30
   30   31
   31   32
   32   33
   33   34
   34   35
   35   36
   36   37
   37   38
   38   39
   39   40
   40   41
   41   42
   42   43
   43   44
   44   45
   45   46
   46   47
   47   48
   48   49
   49   50
   50   51
   51   52
   52   53
   53   54
   54   55
   55   56
   56   57
   57   58
   58   59
   59   60
   60   61
   61   62
   62   63
   63   64
   64   65
   65   66
   66   67
   67   68
   68   69
   69   70
   70   71
   71   72
   72   73
   73   74
   74   75
   75   76
   76   77
   77   78
   78   79
   79   80
   80   81
   81   82
   82   83
   83   84
   84   85
   85   86
   86   87
   87   88
   88   89
   89   90
   90   91
   91   92
   92   93
   93   94
   94   95
   95   96
   96   97
   97   98
   98   99
   99  100
  100  101
  101  102
  102  103
  103  104
  104  105
  105  106
  106  107
  107  108
  108  109
  109  110
  110  111
  111  112
  112  113
  113  114
  114  115
  115  116
  116  117
  117  118
  118  119
  119  120
  120  121
  121  122
  122  123
  123  124
  124  125
  125  126
  126  127
  127  128
  128  129
  129  130
  130  131
  131  132
  132  133
  133  134
  134  135
  135  136
  136  137
  137  138
  138  139
  139  140
  140  141
  141  142
  142  143
  143  144
  144  145
  145  146
  146  147
  147  148
  148  149
  149  150
  151  152
  152  153
  153  154
  154  155
  155  156
  156  157
  157  158
  158  159
  159  160
  160  161
  161  162
  162  163
  163  164
  164  165
  165  166
  166  167
  167  168
  168  169
  169  170
  170  171
  171  172
  172  173
  173  174
  174  175
  175  176
  176  177
  177  178
  178  179
  179  180
  180  181
  181  182
  182  183
  183  184
  184  185
  185  186
  186  187
  187  188
  188  189
  189  190
  190  191
  191  192
  192  193
  193  194
  194  195
  195  196
  196  197
  197  198
  198  199
  199  200
  200  201
  201  202
  202  203
  203  204
  204  205
  205  206
  206  207
  207  208
  208  209
  209  210
  210  211
  211  212
  212  213
  213  214
  214  215
  215  216
  216  217
  217  218
  218  219
  219  220
  220  221
  221  222
  222  223
  223  224
  224  225
  225  226
  226  227
  227  228
  228  229
  229  230
  230  231
  231  232
  232  233
  233  234
  234  235
  235  236
  236  237
  237  238
  238  239
  239  240
  240  241
  241  242
  242  243
  243  244
  244  245
  245  246
  246  247
  247  248
  248  249
  249  250
  250  251
  251  252
  252  253
  253  254
  254  255
  255  256
  256  257
  257  258
  258  259
  259  260
  260  261
  261  262
  262  263
  263  264
  264  265
  265  266
  266  267
  267  268
  268  269
  269  270
  270  271
  271  272
  272  273
  273  274
  274  275
  275  276
  276  277
  277  278
  278  279
  279  280
  280  281
  281  282
  282  283
  283  284
  284  285
  285  286
  286  287
  287  288
  288  289
  289  290
  290  291
  291  292
  292  293
  293  294
  294  295
  295  296
  296  297
  297  298
  298  299
  299  300
