 Title = "ADflow Slice Data"
Variables =  "CoordinateX"  "CoordinateY"  "CoordinateZ"  "XoC"  "YoC"  "ZoC" "VelocityX" "VelocityY" "VelocityZ" "CoefPressure" "Mach" 
Zone T= "Slice_0001 None Absolute Regular z = 0.50000000"
 Nodes =          300  Elements=          298  ZONETYPE=FELINESEG
 DATAPACKING=POINT
  4.708680E+00 -2.816513E-04  5.000000E-01  9.999999E-01 -3.337968E-04  0.000000E+00  2.353980E-03 -1.591883E-04  5.628526E-18  1.538969E-01  0.000000E+00
  4.689187E+00  3.089269E-03  5.000000E-01  9.958601E-01  3.821039E-04  0.000000E+00  1.636084E-03 -2.403089E-04  3.137645E-19  7.124345E-02  0.000000E+00
  4.658673E+00  8.273127E-03  5.000000E-01  9.893797E-01  1.483028E-03  0.000000E+00  1.312925E-03 -2.424880E-04 -1.165159E-18  8.897238E-02  0.000000E+00
  4.626256E+00  1.366696E-02  5.000000E-01  9.824952E-01  2.628545E-03  0.000000E+00  1.164974E-03 -1.940398E-04 -1.573078E-18  8.231010E-02  0.000000E+00
  4.593146E+00  1.906500E-02  5.000000E-01  9.754635E-01  3.774956E-03  0.000000E+00  1.158264E-03 -1.815807E-04 -2.450278E-18  6.123225E-02  0.000000E+00
  4.560031E+00  2.435826E-02  5.000000E-01  9.684306E-01  4.899114E-03  0.000000E+00  1.273427E-03 -2.014465E-04 -7.480116E-19  4.491303E-02  0.000000E+00
  4.526891E+00  2.955434E-02  5.000000E-01  9.613923E-01  6.002634E-03  0.000000E+00  1.454272E-03 -2.269238E-04 -7.764364E-20  2.985654E-02  0.000000E+00
  4.493752E+00  3.465132E-02  5.000000E-01  9.543545E-01  7.085107E-03  0.000000E+00  1.660092E-03 -2.526361E-04 -4.798896E-19  1.238952E-02  0.000000E+00
  4.460612E+00  3.964848E-02  5.000000E-01  9.473164E-01  8.146381E-03  0.000000E+00  1.865826E-03 -2.780620E-04  1.588775E-18 -6.288377E-03  0.000000E+00
  4.427470E+00  4.454495E-02  5.000000E-01  9.402779E-01  9.186273E-03  0.000000E+00  2.049361E-03 -2.992057E-04  4.356653E-18 -2.514299E-02  0.000000E+00
  4.394325E+00  4.933502E-02  5.000000E-01  9.332387E-01  1.020356E-02  0.000000E+00  2.194118E-03 -3.133421E-04  3.263018E-18 -4.432072E-02  0.000000E+00
  4.361178E+00  5.401437E-02  5.000000E-01  9.261991E-01  1.119734E-02  0.000000E+00  2.291704E-03 -3.198123E-04  5.860215E-19 -6.457408E-02  0.000000E+00
  4.328027E+00  5.857655E-02  5.000000E-01  9.191586E-01  1.216624E-02  0.000000E+00  2.339302E-03 -3.181692E-04  1.717568E-19 -8.666850E-02  0.000000E+00
  4.294876E+00  6.301316E-02  5.000000E-01  9.121180E-01  1.310847E-02  0.000000E+00  2.335171E-03 -3.078338E-04 -4.985043E-19 -1.099077E-01  0.000000E+00
  4.261727E+00  6.731722E-02  5.000000E-01  9.050782E-01  1.402254E-02  0.000000E+00  2.274739E-03 -2.888245E-04 -1.807051E-18 -1.311936E-01  0.000000E+00
  4.228582E+00  7.148180E-02  5.000000E-01  8.980388E-01  1.490700E-02  0.000000E+00  2.155869E-03 -2.631886E-04 -1.888910E-18 -1.477624E-01  0.000000E+00
  4.195443E+00  7.549732E-02  5.000000E-01  8.910010E-01  1.575979E-02  0.000000E+00  2.007246E-03 -2.375072E-04 -7.412862E-20 -1.636011E-01  0.000000E+00
  4.162308E+00  7.935324E-02  5.000000E-01  8.839639E-01  1.657870E-02  0.000000E+00  1.939697E-03 -2.245588E-04  1.966216E-19 -1.939020E-01  0.000000E+00
  4.129179E+00  8.304062E-02  5.000000E-01  8.769281E-01  1.736180E-02  0.000000E+00  2.196571E-03 -2.453722E-04  9.319512E-20 -2.589732E-01  0.000000E+00
  4.096054E+00  8.654861E-02  5.000000E-01  8.698932E-01  1.810682E-02  0.000000E+00  3.154662E-03 -3.287930E-04  5.464814E-19 -3.678301E-01  0.000000E+00
  4.062934E+00  8.986799E-02  5.000000E-01  8.628593E-01  1.881177E-02  0.000000E+00  5.206683E-03 -5.015459E-04 -4.101149E-19 -5.056660E-01  0.000000E+00
  4.029817E+00  9.298887E-02  5.000000E-01  8.558262E-01  1.947457E-02  0.000000E+00  8.434184E-03 -7.554922E-04 -2.001498E-18 -6.389838E-01  0.000000E+00
  3.996705E+00  9.590215E-02  5.000000E-01  8.487939E-01  2.009328E-02  0.000000E+00  1.228601E-02 -1.026589E-03 -4.286804E-18 -7.358179E-01  0.000000E+00
  3.963594E+00  9.860087E-02  5.000000E-01  8.417620E-01  2.066642E-02  0.000000E+00  1.570305E-02 -1.219860E-03 -5.687751E-18 -7.836082E-01  0.000000E+00
  3.930486E+00  1.010799E-01  5.000000E-01  8.347306E-01  2.119290E-02  0.000000E+00  1.781468E-02 -1.273765E-03 -4.681417E-18 -7.905208E-01  0.000000E+00
  3.897377E+00  1.033354E-01  5.000000E-01  8.276991E-01  2.167193E-02  0.000000E+00  1.851267E-02 -1.202874E-03 -9.682891E-19 -7.734947E-01  0.000000E+00
  3.864269E+00  1.053683E-01  5.000000E-01  8.206677E-01  2.210365E-02  0.000000E+00  1.828414E-02 -1.065835E-03  2.503266E-18 -7.467655E-01  0.000000E+00
  3.831161E+00  1.071802E-01  5.000000E-01  8.136366E-01  2.248845E-02  0.000000E+00  1.770381E-02 -9.151814E-04  4.211936E-18 -7.184269E-01  0.000000E+00
  3.798054E+00  1.087789E-01  5.000000E-01  8.066053E-01  2.282799E-02  0.000000E+00  1.712874E-02 -7.773702E-04  4.461872E-18 -6.920153E-01  0.000000E+00
  3.764948E+00  1.101759E-01  5.000000E-01  7.995744E-01  2.312468E-02  0.000000E+00  1.668433E-02 -6.594683E-04  3.357648E-18 -6.686411E-01  0.000000E+00
  3.731842E+00  1.113883E-01  5.000000E-01  7.925435E-01  2.338215E-02  0.000000E+00  1.636581E-02 -5.612433E-04  9.698135E-19 -6.483984E-01  0.000000E+00
  3.698737E+00  1.124397E-01  5.000000E-01  7.855129E-01  2.360544E-02  0.000000E+00  1.613029E-02 -4.788103E-04 -1.130613E-18 -6.307320E-01  0.000000E+00
  3.665634E+00  1.133482E-01  5.000000E-01  7.784827E-01  2.379839E-02  0.000000E+00  1.594035E-02 -4.052986E-04 -1.770925E-18 -6.145719E-01  0.000000E+00
  3.632534E+00  1.141184E-01  5.000000E-01  7.714529E-01  2.396196E-02  0.000000E+00  1.576741E-02 -3.358684E-04 -1.208981E-18 -5.990221E-01  0.000000E+00
  3.599434E+00  1.147535E-01  5.000000E-01  7.644234E-01  2.409684E-02  0.000000E+00  1.558962E-02 -2.698076E-04 -1.609473E-19 -5.837287E-01  0.000000E+00
  3.566334E+00  1.152590E-01  5.000000E-01  7.573938E-01  2.420420E-02  0.000000E+00  1.539509E-02 -2.075711E-04  6.699320E-19 -5.686453E-01  0.000000E+00
  3.533236E+00  1.156410E-01  5.000000E-01  7.503646E-01  2.428532E-02  0.000000E+00  1.518075E-02 -1.495760E-04  1.480407E-18 -5.538985E-01  0.000000E+00
  3.500138E+00  1.159060E-01  5.000000E-01  7.433353E-01  2.434161E-02  0.000000E+00  1.494898E-02 -9.669904E-05  1.942784E-18 -5.397587E-01  0.000000E+00
  3.467038E+00  1.160639E-01  5.000000E-01  7.363057E-01  2.437514E-02  0.000000E+00  1.470560E-02 -4.986785E-05  1.982591E-18 -5.265251E-01  0.000000E+00
  3.433936E+00  1.161254E-01  5.000000E-01  7.292757E-01  2.438820E-02  0.000000E+00  1.445811E-02 -9.518719E-06  1.806064E-18 -5.144520E-01  0.000000E+00
  3.400832E+00  1.161025E-01  5.000000E-01  7.222452E-01  2.438334E-02  0.000000E+00  1.421370E-02  2.401824E-05  1.384682E-18 -5.037869E-01  0.000000E+00
  3.367728E+00  1.160088E-01  5.000000E-01  7.152146E-01  2.436343E-02  0.000000E+00  1.397925E-02  5.058010E-05  8.400662E-19 -4.947603E-01  0.000000E+00
  3.334620E+00  1.158584E-01  5.000000E-01  7.081834E-01  2.433150E-02  0.000000E+00  1.376163E-02  7.011564E-05  3.230412E-19 -4.875952E-01  0.000000E+00
  3.301512E+00  1.156671E-01  5.000000E-01  7.011520E-01  2.429086E-02  0.000000E+00  1.356790E-02  8.260776E-05 -3.516948E-20 -4.825412E-01  0.000000E+00
  3.268401E+00  1.154511E-01  5.000000E-01  6.941201E-01  2.424499E-02  0.000000E+00  1.340598E-02  8.818981E-05 -1.564594E-19 -4.798434E-01  0.000000E+00
  3.235290E+00  1.152274E-01  5.000000E-01  6.870881E-01  2.419748E-02  0.000000E+00  1.328435E-02  8.706104E-05 -2.256736E-19 -4.797163E-01  0.000000E+00
  3.202177E+00  1.150130E-01  5.000000E-01  6.800557E-01  2.415194E-02  0.000000E+00  1.321074E-02  7.928360E-05 -3.496688E-19 -4.823468E-01  0.000000E+00
  3.169063E+00  1.148255E-01  5.000000E-01  6.730231E-01  2.411213E-02  0.000000E+00  1.319104E-02  6.498932E-05 -5.405200E-19 -4.877946E-01  0.000000E+00
  3.135947E+00  1.146819E-01  5.000000E-01  6.659902E-01  2.408165E-02  0.000000E+00  1.322865E-02  4.530045E-05 -7.723134E-19 -4.957795E-01  0.000000E+00
  3.102831E+00  1.145945E-01  5.000000E-01  6.589570E-01  2.406307E-02  0.000000E+00  1.332283E-02  2.312910E-05 -9.138109E-19 -5.055504E-01  0.000000E+00
  3.069714E+00  1.145632E-01  5.000000E-01  6.519238E-01  2.405642E-02  0.000000E+00  1.346478E-02  8.377000E-07 -9.370556E-19 -5.162492E-01  0.000000E+00
  3.036593E+00  1.145863E-01  5.000000E-01  6.448898E-01  2.406134E-02  0.000000E+00  1.363858E-02 -2.115544E-05 -8.140290E-19 -5.272342E-01  0.000000E+00
  3.003475E+00  1.146619E-01  5.000000E-01  6.378564E-01  2.407738E-02  0.000000E+00  1.382781E-02 -4.260815E-05 -5.719553E-19 -5.380180E-01  0.000000E+00
  2.970356E+00  1.147862E-01  5.000000E-01  6.308226E-01  2.410380E-02  0.000000E+00  1.401913E-02 -6.347283E-05 -2.517054E-19 -5.483175E-01  0.000000E+00
  2.937236E+00  1.149574E-01  5.000000E-01  6.237888E-01  2.414015E-02  0.000000E+00  1.420431E-02 -8.369944E-05 -1.272051E-20 -5.579993E-01  0.000000E+00
  2.904117E+00  1.151722E-01  5.000000E-01  6.167550E-01  2.418577E-02  0.000000E+00  1.438002E-02 -1.030257E-04  7.991133E-20 -5.670009E-01  0.000000E+00
  2.870996E+00  1.154276E-01  5.000000E-01  6.097211E-01  2.424000E-02  0.000000E+00  1.454585E-02 -1.213401E-04  5.012879E-20 -5.753237E-01  0.000000E+00
  2.837877E+00  1.157203E-01  5.000000E-01  6.026873E-01  2.430217E-02  0.000000E+00  1.470298E-02 -1.384714E-04 -1.103662E-19 -5.829806E-01  0.000000E+00
  2.804757E+00  1.160469E-01  5.000000E-01  5.956534E-01  2.437152E-02  0.000000E+00  1.485285E-02 -1.543210E-04 -2.705590E-19 -5.899949E-01  0.000000E+00
  2.771639E+00  1.164040E-01  5.000000E-01  5.886200E-01  2.444737E-02  0.000000E+00  1.499683E-02 -1.686438E-04 -3.703781E-19 -5.963732E-01  0.000000E+00
  2.738522E+00  1.167872E-01  5.000000E-01  5.815867E-01  2.452875E-02  0.000000E+00  1.513574E-02 -1.813401E-04 -4.203411E-19 -6.021337E-01  0.000000E+00
  2.705406E+00  1.171930E-01  5.000000E-01  5.745537E-01  2.461493E-02  0.000000E+00  1.527010E-02 -1.924085E-04 -3.901437E-19 -6.073017E-01  0.000000E+00
  2.672292E+00  1.176172E-01  5.000000E-01  5.675211E-01  2.470501E-02  0.000000E+00  1.540042E-02 -2.017150E-04 -2.709724E-19 -6.118865E-01  0.000000E+00
  2.639177E+00  1.180558E-01  5.000000E-01  5.604885E-01  2.479817E-02  0.000000E+00  1.552688E-02 -2.092024E-04 -1.519627E-19 -6.158904E-01  0.000000E+00
  2.606068E+00  1.185048E-01  5.000000E-01  5.534568E-01  2.489353E-02  0.000000E+00  1.564963E-02 -2.144461E-04 -1.637995E-20 -6.192569E-01  0.000000E+00
  2.572958E+00  1.189586E-01  5.000000E-01  5.464251E-01  2.498990E-02  0.000000E+00  1.576815E-02 -2.168868E-04  1.105843E-19 -6.218958E-01  0.000000E+00
  2.539852E+00  1.194110E-01  5.000000E-01  5.393941E-01  2.508599E-02  0.000000E+00  1.588110E-02 -2.159156E-04  1.783266E-19 -6.237009E-01  0.000000E+00
  2.506749E+00  1.198542E-01  5.000000E-01  5.323638E-01  2.518012E-02  0.000000E+00  1.598629E-02 -2.111575E-04  2.095045E-19 -6.245983E-01  0.000000E+00
  2.473650E+00  1.202809E-01  5.000000E-01  5.253345E-01  2.527073E-02  0.000000E+00  1.608115E-02 -2.026295E-04  1.837677E-19 -6.245746E-01  0.000000E+00
  2.440554E+00  1.206837E-01  5.000000E-01  5.183056E-01  2.535627E-02  0.000000E+00  1.616376E-02 -1.904867E-04  1.800394E-19 -6.236449E-01  0.000000E+00
  2.407460E+00  1.210563E-01  5.000000E-01  5.112774E-01  2.543541E-02  0.000000E+00  1.623340E-02 -1.746285E-04  1.235071E-19 -6.218080E-01  0.000000E+00
  2.374373E+00  1.213911E-01  5.000000E-01  5.042504E-01  2.550651E-02  0.000000E+00  1.628987E-02 -1.549263E-04  6.728605E-20 -6.190776E-01  0.000000E+00
  2.341286E+00  1.216811E-01  5.000000E-01  4.972236E-01  2.556809E-02  0.000000E+00  1.633249E-02 -1.320930E-04  1.108273E-19 -6.155750E-01  0.000000E+00
  2.308194E+00  1.219216E-01  5.000000E-01  4.901958E-01  2.561917E-02  0.000000E+00  1.636152E-02 -1.070969E-04  1.488338E-19 -6.114675E-01  0.000000E+00
  2.275097E+00  1.221095E-01  5.000000E-01  4.831667E-01  2.565908E-02  0.000000E+00  1.637876E-02 -8.045997E-05  1.338755E-19 -6.068808E-01  0.000000E+00
  2.241991E+00  1.222420E-01  5.000000E-01  4.761359E-01  2.568721E-02  0.000000E+00  1.638640E-02 -5.235083E-05  6.469215E-20 -6.018830E-01  0.000000E+00
  2.208879E+00  1.223163E-01  5.000000E-01  4.691037E-01  2.570298E-02  0.000000E+00  1.638582E-02 -2.273444E-05  4.910988E-20 -5.964854E-01  0.000000E+00
  2.175760E+00  1.223291E-01  5.000000E-01  4.620701E-01  2.570571E-02  0.000000E+00  1.637706E-02  8.467303E-06  6.654281E-20 -5.906633E-01  0.000000E+00
  2.142637E+00  1.222773E-01  5.000000E-01  4.550354E-01  2.569470E-02  0.000000E+00  1.635921E-02  4.134205E-05  7.207256E-20 -5.843794E-01  0.000000E+00
  2.109507E+00  1.221570E-01  5.000000E-01  4.479994E-01  2.566917E-02  0.000000E+00  1.633107E-02  7.586389E-05 -8.522460E-21 -5.776312E-01  0.000000E+00
  2.076374E+00  1.219649E-01  5.000000E-01  4.409628E-01  2.562836E-02  0.000000E+00  1.629140E-02  1.113129E-04 -1.196743E-19 -5.705448E-01  0.000000E+00
  2.043241E+00  1.216994E-01  5.000000E-01  4.339262E-01  2.557198E-02  0.000000E+00  1.623973E-02  1.459209E-04 -1.234079E-19 -5.634154E-01  0.000000E+00
  2.010106E+00  1.213643E-01  5.000000E-01  4.268892E-01  2.550082E-02  0.000000E+00  1.617859E-02  1.784158E-04 -1.666687E-19 -5.565228E-01  0.000000E+00
  1.976970E+00  1.209636E-01  5.000000E-01  4.198519E-01  2.541572E-02  0.000000E+00  1.611312E-02  2.088059E-04 -4.011928E-19 -5.500070E-01  0.000000E+00
  1.943835E+00  1.205007E-01  5.000000E-01  4.128148E-01  2.531741E-02  0.000000E+00  1.604783E-02  2.372935E-04 -7.284250E-19 -5.439450E-01  0.000000E+00
  1.910699E+00  1.199788E-01  5.000000E-01  4.057775E-01  2.520658E-02  0.000000E+00  1.598533E-02  2.637825E-04 -6.622174E-19 -5.384057E-01  0.000000E+00
  1.877561E+00  1.194023E-01  5.000000E-01  3.987399E-01  2.508413E-02  0.000000E+00  1.592714E-02  2.882519E-04 -5.202214E-19 -5.334362E-01  0.000000E+00
  1.844424E+00  1.187747E-01  5.000000E-01  3.917024E-01  2.495084E-02  0.000000E+00  1.587422E-02  3.106951E-04 -5.563649E-19 -5.290826E-01  0.000000E+00
  1.811282E+00  1.181003E-01  5.000000E-01  3.846638E-01  2.480762E-02  0.000000E+00  1.582733E-02  3.308692E-04 -5.544949E-19 -5.254154E-01  0.000000E+00
  1.778139E+00  1.173843E-01  5.000000E-01  3.776250E-01  2.465556E-02  0.000000E+00  1.578794E-02  3.488748E-04 -4.382129E-19 -5.224694E-01  0.000000E+00
  1.744992E+00  1.166307E-01  5.000000E-01  3.705854E-01  2.449552E-02  0.000000E+00  1.575760E-02  3.647728E-04 -4.985273E-19 -5.202772E-01  0.000000E+00
  1.711843E+00  1.158449E-01  5.000000E-01  3.635455E-01  2.432864E-02  0.000000E+00  1.573778E-02  3.786426E-04 -5.252783E-19 -5.188609E-01  0.000000E+00
  1.678692E+00  1.150309E-01  5.000000E-01  3.565049E-01  2.415576E-02  0.000000E+00  1.572971E-02  3.905253E-04 -1.555574E-19 -5.182319E-01  0.000000E+00
  1.645539E+00  1.141941E-01  5.000000E-01  3.494640E-01  2.397804E-02  0.000000E+00  1.573441E-02  4.005722E-04 -5.394171E-20 -5.183691E-01  0.000000E+00
  1.612385E+00  1.133382E-01  5.000000E-01  3.424230E-01  2.379627E-02  0.000000E+00  1.575259E-02  4.091493E-04 -2.216324E-19 -5.192066E-01  0.000000E+00
  1.579236E+00  1.124674E-01  5.000000E-01  3.353830E-01  2.361133E-02  0.000000E+00  1.578417E-02  4.166100E-04 -2.820323E-19 -5.206640E-01  0.000000E+00
  1.546090E+00  1.115838E-01  5.000000E-01  3.283435E-01  2.342368E-02  0.000000E+00  1.582830E-02  4.230616E-04 -2.472917E-19 -5.226796E-01  0.000000E+00
  1.512946E+00  1.106909E-01  5.000000E-01  3.213046E-01  2.323404E-02  0.000000E+00  1.588396E-02  4.285083E-04 -1.739702E-20 -5.252009E-01  0.000000E+00
  1.479807E+00  1.097910E-01  5.000000E-01  3.142666E-01  2.304293E-02  0.000000E+00  1.595064E-02  4.332812E-04  7.873833E-20 -5.281447E-01  0.000000E+00
  1.446672E+00  1.088859E-01  5.000000E-01  3.072296E-01  2.285072E-02  0.000000E+00  1.602754E-02  4.374936E-04  9.047237E-21 -5.314480E-01  0.000000E+00
  1.413540E+00  1.079774E-01  5.000000E-01  3.001932E-01  2.265777E-02  0.000000E+00  1.611392E-02  4.412682E-04  1.272870E-19 -5.350414E-01  0.000000E+00
  1.380413E+00  1.070668E-01  5.000000E-01  2.931579E-01  2.246437E-02  0.000000E+00  1.620919E-02  4.449827E-04  1.210311E-19 -5.388251E-01  0.000000E+00
  1.347294E+00  1.061541E-01  5.000000E-01  2.861242E-01  2.227054E-02  0.000000E+00  1.631242E-02  4.489769E-04  7.219320E-20 -5.427010E-01  0.000000E+00
  1.314179E+00  1.052390E-01  5.000000E-01  2.790914E-01  2.207619E-02  0.000000E+00  1.642226E-02  4.533643E-04  1.291240E-19 -5.465966E-01  0.000000E+00
  1.281074E+00  1.043212E-01  5.000000E-01  2.720606E-01  2.188128E-02  0.000000E+00  1.653766E-02  4.583998E-04  5.300148E-20 -5.504392E-01  0.000000E+00
  1.247974E+00  1.033990E-01  5.000000E-01  2.650310E-01  2.168543E-02  0.000000E+00  1.665766E-02  4.641319E-04 -1.713945E-20 -5.541911E-01  0.000000E+00
  1.214880E+00  1.024720E-01  5.000000E-01  2.580028E-01  2.148855E-02  0.000000E+00  1.678195E-02  4.706425E-04  9.796842E-20 -5.578214E-01  0.000000E+00
  1.181795E+00  1.015383E-01  5.000000E-01  2.509763E-01  2.129025E-02  0.000000E+00  1.691107E-02  4.782998E-04 -1.266101E-20 -5.612862E-01  0.000000E+00
  1.148718E+00  1.005958E-01  5.000000E-01  2.439516E-01  2.109010E-02  0.000000E+00  1.704550E-02  4.870392E-04 -3.463028E-19 -5.645983E-01  0.000000E+00
  1.115646E+00  9.964323E-02  5.000000E-01  2.369279E-01  2.088779E-02  0.000000E+00  1.718632E-02  4.967366E-04 -3.743713E-19 -5.677905E-01  0.000000E+00
  1.082583E+00  9.867930E-02  5.000000E-01  2.299061E-01  2.068308E-02  0.000000E+00  1.733525E-02  5.075355E-04 -2.659255E-19 -5.708746E-01  0.000000E+00
  1.049524E+00  9.770219E-02  5.000000E-01  2.228852E-01  2.047556E-02  0.000000E+00  1.749348E-02  5.194695E-04 -4.699270E-19 -5.738453E-01  0.000000E+00
  1.016475E+00  9.671084E-02  5.000000E-01  2.158664E-01  2.026502E-02  0.000000E+00  1.766129E-02  5.327968E-04 -2.779996E-19 -5.765982E-01  0.000000E+00
  9.834318E-01  9.570296E-02  5.000000E-01  2.088488E-01  2.005098E-02  0.000000E+00  1.783870E-02  5.493686E-04  2.706327E-19 -5.787701E-01  0.000000E+00
  9.503976E-01  9.467103E-02  5.000000E-01  2.018331E-01  1.983182E-02  0.000000E+00  1.802388E-02  5.726307E-04  2.709282E-19 -5.797730E-01  0.000000E+00
  9.173728E-01  9.359959E-02  5.000000E-01  1.948195E-01  1.960427E-02  0.000000E+00  1.820928E-02  6.042930E-04  5.146390E-19 -5.791864E-01  0.000000E+00
  8.843598E-01  9.247469E-02  5.000000E-01  1.878083E-01  1.936537E-02  0.000000E+00  1.838461E-02  6.439137E-04  6.822473E-19 -5.768902E-01  0.000000E+00
  8.513623E-01  9.128275E-02  5.000000E-01  1.808005E-01  1.911223E-02  0.000000E+00  1.854286E-02  6.908552E-04  1.113116E-19 -5.729265E-01  0.000000E+00
  8.183794E-01  9.001147E-02  5.000000E-01  1.737957E-01  1.884224E-02  0.000000E+00  1.868146E-02  7.441755E-04 -1.542461E-19 -5.674764E-01  0.000000E+00
  7.854121E-01  8.865052E-02  5.000000E-01  1.667943E-01  1.855321E-02  0.000000E+00  1.880204E-02  8.029023E-04 -2.883160E-19 -5.607770E-01  0.000000E+00
  7.524593E-01  8.719124E-02  5.000000E-01  1.597959E-01  1.824330E-02  0.000000E+00  1.890872E-02  8.661931E-04 -4.536625E-19 -5.530539E-01  0.000000E+00
  7.195226E-01  8.562685E-02  5.000000E-01  1.528009E-01  1.791106E-02  0.000000E+00  1.900641E-02  9.336896E-04 -1.914760E-20 -5.444473E-01  0.000000E+00
  6.866079E-01  8.395102E-02  5.000000E-01  1.458107E-01  1.755515E-02  0.000000E+00  1.909914E-02  1.005696E-03  5.372340E-20 -5.349759E-01  0.000000E+00
  6.537221E-01  8.215683E-02  5.000000E-01  1.388265E-01  1.717411E-02  0.000000E+00  1.918853E-02  1.082622E-03 -4.702444E-19 -5.245919E-01  0.000000E+00
  6.208691E-01  8.023688E-02  5.000000E-01  1.318494E-01  1.676636E-02  0.000000E+00  1.927346E-02  1.164484E-03 -1.174955E-18 -5.132571E-01  0.000000E+00
  5.880524E-01  7.818398E-02  5.000000E-01  1.248799E-01  1.633038E-02  0.000000E+00  1.935117E-02  1.250731E-03 -1.035393E-18 -5.009904E-01  0.000000E+00
  5.552711E-01  7.599179E-02  5.000000E-01  1.179180E-01  1.586481E-02  0.000000E+00  1.941864E-02  1.340411E-03 -2.643333E-19 -4.878647E-01  0.000000E+00
  5.225283E-01  7.365574E-02  5.000000E-01  1.109642E-01  1.536869E-02  0.000000E+00  1.947337E-02  1.432839E-03 -1.136401E-18 -4.739358E-01  0.000000E+00
  4.898261E-01  7.117102E-02  5.000000E-01  1.040191E-01  1.484100E-02  0.000000E+00  1.951153E-02  1.527068E-03 -1.235365E-18 -4.592525E-01  0.000000E+00
  4.571624E-01  6.853431E-02  5.000000E-01  9.708209E-02  1.428102E-02  0.000000E+00  1.952538E-02  1.621172E-03 -7.404305E-19 -4.438541E-01  0.000000E+00
  4.245350E-01  6.574404E-02  5.000000E-01  9.015283E-02  1.368844E-02  0.000000E+00  1.950177E-02  1.712174E-03 -2.638306E-19 -4.276580E-01  0.000000E+00
  3.919369E-01  6.280143E-02  5.000000E-01  8.322981E-02  1.306350E-02  0.000000E+00  1.942177E-02  1.796679E-03  8.851993E-19 -4.102429E-01  0.000000E+00
  3.593832E-01  5.971075E-02  5.000000E-01  7.631620E-02  1.240711E-02  0.000000E+00  1.926260E-02  1.872993E-03  9.870196E-19 -3.906305E-01  0.000000E+00
  3.269046E-01  5.647316E-02  5.000000E-01  6.941854E-02  1.171953E-02  0.000000E+00  1.900094E-02  1.942506E-03 -1.938190E-18 -3.676178E-01  0.000000E+00
  2.945750E-01  5.308287E-02  5.000000E-01  6.255253E-02  1.099952E-02  0.000000E+00  1.861808E-02  2.007972E-03 -1.258386E-17 -3.412477E-01  0.000000E+00
  2.624265E-01  4.951718E-02  5.000000E-01  5.572497E-02  1.024225E-02  0.000000E+00  1.810940E-02  2.066624E-03 -3.352747E-17 -3.154091E-01  0.000000E+00
  2.304268E-01  4.575705E-02  5.000000E-01  4.892903E-02  9.443693E-03  0.000000E+00  1.751059E-02  2.115121E-03 -4.957670E-17 -2.988024E-01  0.000000E+00
  1.986088E-01  4.179868E-02  5.000000E-01  4.217166E-02  8.603031E-03  0.000000E+00  1.692617E-02  2.160325E-03  9.058618E-18 -3.028016E-01  0.000000E+00
  1.669282E-01  3.763036E-02  5.000000E-01  3.544349E-02  7.717783E-03  0.000000E+00  1.653106E-02  2.206001E-03  2.869984E-16 -3.379571E-01  0.000000E+00
  1.350509E-01  3.328759E-02  5.000000E-01  2.867354E-02  6.795485E-03  0.000000E+00  1.662123E-02  2.304434E-03  9.325900E-16 -4.029866E-01  0.000000E+00
  1.043791E-01  2.896645E-02  5.000000E-01  2.215959E-02  5.877781E-03  0.000000E+00  1.761205E-02  2.636576E-03  1.844291E-15 -4.768223E-01  0.000000E+00
  7.632629E-02  2.454843E-02  5.000000E-01  1.620187E-02  4.939502E-03  0.000000E+00  1.968938E-02  3.340722E-03  2.539079E-15 -5.435284E-01  0.000000E+00
  5.118571E-02  1.999539E-02  5.000000E-01  1.086263E-02  3.972548E-03  0.000000E+00  2.285468E-02  4.546636E-03  2.999584E-15 -5.993376E-01  0.000000E+00
  3.264831E-02  1.603519E-02  5.000000E-01  6.925739E-03  3.131500E-03  0.000000E+00  2.744676E-02  6.843924E-03  4.638005E-15 -6.237363E-01  0.000000E+00
  2.051015E-02  1.266515E-02  5.000000E-01  4.347893E-03  2.415786E-03  0.000000E+00  3.319235E-02  1.073701E-02  7.972380E-15 -6.093838E-01  0.000000E+00
  1.247723E-02  9.748922E-03  5.000000E-01  2.641898E-03  1.796450E-03  0.000000E+00  3.906163E-02  1.610077E-02  9.949230E-15 -5.881195E-01  0.000000E+00
  7.055255E-03  7.269509E-03  5.000000E-01  1.490404E-03  1.269884E-03  0.000000E+00  4.549349E-02  2.411850E-02  8.487204E-15 -5.689095E-01  0.000000E+00
  3.418635E-03  5.109777E-03  5.000000E-01  7.180754E-04  8.112102E-04  0.000000E+00  5.236112E-02  3.859969E-02  1.243523E-14 -4.857751E-01  0.000000E+00
  1.108798E-03  3.126152E-03  5.000000E-01  2.275226E-04  3.899369E-04  0.000000E+00  4.822675E-02  5.986542E-02  4.073773E-14 -1.744895E-01  0.000000E+00
  3.747479E-05  1.290079E-03  5.000000E-01  0.000000E+00  0.000000E+00  0.000000E+00  1.658137E-02  7.029255E-02  8.899094E-14  5.252766E-01  0.000000E+00
  3.747479E-05  1.290079E-03  5.000000E-01  0.000000E+00  0.000000E+00  0.000000E+00  1.658137E-02  7.029255E-02  8.899094E-14  5.252766E-01  0.000000E+00
  2.534065E-04 -5.220211E-04  5.000000E-01  4.585858E-05 -3.848454E-04  0.000000E+00 -1.317969E-02  4.555801E-02  1.088652E-13  1.136798E+00  0.000000E+00
  1.848580E-03 -2.371134E-03  5.000000E-01  3.846343E-04 -7.775516E-04  0.000000E+00 -1.052587E-02  1.170966E-02  8.035146E-14  1.182248E+00  0.000000E+00
  4.867645E-03 -4.242074E-03  5.000000E-01  1.025809E-03 -1.174893E-03  0.000000E+00  4.082265E-03 -1.686563E-03  3.817689E-14  9.902450E-01  0.000000E+00
  9.380877E-03 -6.202951E-03  5.000000E-01  1.984309E-03 -1.591335E-03  0.000000E+00  1.348058E-02 -5.035263E-03  1.055921E-14  8.515122E-01  0.000000E+00
  1.589077E-02 -8.370723E-03  5.000000E-01  3.366850E-03 -2.051717E-03  0.000000E+00  1.726675E-02 -5.068792E-03  1.366452E-15  7.480300E-01  0.000000E+00
  2.547297E-02 -1.085043E-02  5.000000E-01  5.401873E-03 -2.578346E-03  0.000000E+00  1.770150E-02 -4.051703E-03  1.819145E-15  6.499065E-01  0.000000E+00
  3.989163E-02 -1.370785E-02  5.000000E-01  8.464043E-03 -3.185191E-03  0.000000E+00  1.655370E-02 -2.905961E-03  2.836379E-15  5.613345E-01  0.000000E+00
  6.092142E-02 -1.687417E-02  5.000000E-01  1.293025E-02 -3.857640E-03  0.000000E+00  1.510572E-02 -2.080182E-03  1.630061E-15  4.945562E-01  0.000000E+00
  8.832839E-02 -2.025500E-02  5.000000E-01  1.875082E-02 -4.575646E-03  0.000000E+00  1.404276E-02 -1.648021E-03  7.918102E-17  4.517723E-01  0.000000E+00
  1.189914E-01 -2.366259E-02  5.000000E-01  2.526288E-02 -5.299333E-03  0.000000E+00  1.351153E-02 -1.471655E-03 -4.501547E-16  4.228597E-01  0.000000E+00
  1.511926E-01 -2.710423E-02  5.000000E-01  3.210163E-02 -6.030254E-03  0.000000E+00  1.341120E-02 -1.429850E-03 -3.053872E-16  3.988276E-01  0.000000E+00
  1.838450E-01 -3.058475E-02  5.000000E-01  3.903620E-02 -6.769430E-03  0.000000E+00  1.357259E-02 -1.443056E-03 -8.967493E-17  3.744643E-01  0.000000E+00
  2.165049E-01 -3.405646E-02  5.000000E-01  4.597235E-02 -7.506736E-03  0.000000E+00  1.383567E-02 -1.459176E-03  5.507507E-18  3.485769E-01  0.000000E+00
  2.491496E-01 -3.747633E-02  5.000000E-01  5.290529E-02 -8.233033E-03  0.000000E+00  1.410022E-02 -1.464301E-03  1.892265E-17  3.239782E-01  0.000000E+00
  2.819003E-01 -4.084950E-02  5.000000E-01  5.986073E-02 -8.949412E-03  0.000000E+00  1.432513E-02 -1.465165E-03  8.113774E-18  3.031173E-01  0.000000E+00
  3.147601E-01 -4.419014E-02  5.000000E-01  6.683936E-02 -9.658881E-03  0.000000E+00  1.450341E-02 -1.467784E-03  1.459435E-18  2.856326E-01  0.000000E+00
  3.477303E-01 -4.751631E-02  5.000000E-01  7.384141E-02 -1.036528E-02  0.000000E+00  1.464432E-02 -1.474683E-03  6.702335E-19  2.698841E-01  0.000000E+00
  3.807756E-01 -5.084305E-02  5.000000E-01  8.085941E-02 -1.107179E-02  0.000000E+00  1.475900E-02 -1.483965E-03 -4.772375E-19  2.544272E-01  0.000000E+00
  4.138291E-01 -5.416778E-02  5.000000E-01  8.787917E-02 -1.177789E-02  0.000000E+00  1.485223E-02 -1.490031E-03 -1.475449E-18  2.385226E-01  0.000000E+00
  4.468689E-01 -5.747874E-02  5.000000E-01  9.489601E-02 -1.248105E-02  0.000000E+00  1.492606E-02 -1.490084E-03 -2.894462E-20  2.224004E-01  0.000000E+00
  4.799091E-01 -6.076887E-02  5.000000E-01  1.019129E-01 -1.317979E-02  0.000000E+00  1.498384E-02 -1.485476E-03  3.705369E-19  2.067023E-01  0.000000E+00
  5.129612E-01 -6.403519E-02  5.000000E-01  1.089324E-01 -1.387348E-02  0.000000E+00  1.503040E-02 -1.478641E-03 -2.803242E-20  1.917546E-01  0.000000E+00
  5.460360E-01 -6.727856E-02  5.000000E-01  1.159567E-01 -1.456229E-02  0.000000E+00  1.507151E-02 -1.471639E-03 -4.761186E-20  1.774668E-01  0.000000E+00
  5.791347E-01 -7.050120E-02  5.000000E-01  1.229860E-01 -1.524670E-02  0.000000E+00  1.511317E-02 -1.465593E-03 -2.767892E-19  1.635251E-01  0.000000E+00
  6.122565E-01 -7.370497E-02  5.000000E-01  1.300203E-01 -1.592711E-02  0.000000E+00  1.516121E-02 -1.460929E-03 -3.133635E-19  1.496080E-01  0.000000E+00
  6.454013E-01 -7.689130E-02  5.000000E-01  1.370594E-01 -1.660380E-02  0.000000E+00  1.522152E-02 -1.458071E-03 -6.205468E-19  1.354946E-01  0.000000E+00
  6.785693E-01 -8.006168E-02  5.000000E-01  1.441035E-01 -1.727711E-02  0.000000E+00  1.529942E-02 -1.457336E-03  2.534265E-20  1.210139E-01  0.000000E+00
  7.117575E-01 -8.321667E-02  5.000000E-01  1.511518E-01 -1.794716E-02  0.000000E+00  1.539825E-02 -1.458114E-03  2.123850E-19  1.059487E-01  0.000000E+00
  7.449560E-01 -8.635292E-02  5.000000E-01  1.582024E-01 -1.861322E-02  0.000000E+00  1.551850E-02 -1.458683E-03  4.183455E-21  9.006432E-02  0.000000E+00
  7.781569E-01 -8.946294E-02  5.000000E-01  1.652534E-01 -1.927371E-02  0.000000E+00  1.565852E-02 -1.457013E-03  3.861748E-19  7.323333E-02  0.000000E+00
  8.113578E-01 -9.253656E-02  5.000000E-01  1.723045E-01 -1.992647E-02  0.000000E+00  1.581532E-02 -1.451350E-03  1.087871E-18  5.547907E-02  0.000000E+00
  8.445597E-01 -9.556168E-02  5.000000E-01  1.793558E-01 -2.056893E-02  0.000000E+00  1.598438E-02 -1.440112E-03  1.712886E-18  3.692092E-02  0.000000E+00
  8.777625E-01 -9.852450E-02  5.000000E-01  1.864072E-01 -2.119816E-02  0.000000E+00  1.615832E-02 -1.421282E-03  7.145149E-19  1.769998E-02  0.000000E+00
  9.109638E-01 -1.014080E-01  5.000000E-01  1.934584E-01 -2.181055E-02  0.000000E+00  1.632637E-02 -1.392490E-03 -3.836597E-19 -1.980814E-03  0.000000E+00
  9.441676E-01 -1.041938E-01  5.000000E-01  2.005100E-01 -2.240218E-02  0.000000E+00  1.647546E-02 -1.351602E-03 -6.403536E-20 -2.176466E-02  0.000000E+00
  9.773746E-01 -1.068618E-01  5.000000E-01  2.075624E-01 -2.296881E-02  0.000000E+00  1.659225E-02 -1.296772E-03  3.358402E-19 -4.117581E-02  0.000000E+00
  1.010583E+00 -1.093900E-01  5.000000E-01  2.146150E-01 -2.350573E-02  0.000000E+00  1.666847E-02 -1.229017E-03  4.030956E-20 -5.952924E-02  0.000000E+00
  1.043798E+00 -1.117642E-01  5.000000E-01  2.216690E-01 -2.400995E-02  0.000000E+00  1.670465E-02 -1.153391E-03  4.877892E-19 -7.602602E-02  0.000000E+00
  1.077015E+00 -1.139814E-01  5.000000E-01  2.287236E-01 -2.448084E-02  0.000000E+00  1.670497E-02 -1.074138E-03  2.053259E-18 -9.030725E-02  0.000000E+00
  1.110238E+00 -1.160412E-01  5.000000E-01  2.357793E-01 -2.491828E-02  0.000000E+00  1.667234E-02 -9.926683E-04  1.433194E-18 -1.025175E-01  0.000000E+00
  1.143462E+00 -1.179426E-01  5.000000E-01  2.428354E-01 -2.532208E-02  0.000000E+00  1.660910E-02 -9.100492E-04 -1.176273E-19 -1.128442E-01  0.000000E+00
  1.176693E+00 -1.196870E-01  5.000000E-01  2.498927E-01 -2.569257E-02  0.000000E+00  1.651699E-02 -8.274093E-04 -4.801469E-19 -1.213491E-01  0.000000E+00
  1.209925E+00 -1.212765E-01  5.000000E-01  2.569505E-01 -2.603013E-02  0.000000E+00  1.639651E-02 -7.453278E-04 -8.687245E-19 -1.280295E-01  0.000000E+00
  1.243158E+00 -1.227126E-01  5.000000E-01  2.640083E-01 -2.633512E-02  0.000000E+00  1.624820E-02 -6.647000E-04 -4.214784E-19 -1.327971E-01  0.000000E+00
  1.276395E+00 -1.239997E-01  5.000000E-01  2.710670E-01 -2.660847E-02  0.000000E+00  1.607327E-02 -5.866152E-04 -9.676044E-20 -1.355615E-01  0.000000E+00
  1.309630E+00 -1.251425E-01  5.000000E-01  2.781253E-01 -2.685117E-02  0.000000E+00  1.587354E-02 -5.118392E-04  5.397336E-20 -1.363303E-01  0.000000E+00
  1.342868E+00 -1.261468E-01  5.000000E-01  2.851842E-01 -2.706447E-02  0.000000E+00  1.565259E-02 -4.416072E-04  2.186348E-19 -1.351422E-01  0.000000E+00
  1.376108E+00 -1.270217E-01  5.000000E-01  2.922436E-01 -2.725026E-02  0.000000E+00  1.541502E-02 -3.768293E-04  1.352998E-19 -1.321426E-01  0.000000E+00
  1.409347E+00 -1.277756E-01  5.000000E-01  2.993027E-01 -2.741038E-02  0.000000E+00  1.516624E-02 -3.181252E-04 -5.552728E-20 -1.275627E-01  0.000000E+00
  1.442589E+00 -1.284197E-01  5.000000E-01  3.063625E-01 -2.754718E-02  0.000000E+00  1.491287E-02 -2.662857E-04 -1.598998E-19 -1.216480E-01  0.000000E+00
  1.475831E+00 -1.289663E-01  5.000000E-01  3.134222E-01 -2.766326E-02  0.000000E+00  1.466181E-02 -2.216633E-04 -1.088847E-20 -1.147062E-01  0.000000E+00
  1.509072E+00 -1.294286E-01  5.000000E-01  3.204819E-01 -2.776143E-02  0.000000E+00  1.441976E-02 -1.843774E-04 -5.457714E-20 -1.070733E-01  0.000000E+00
  1.542314E+00 -1.298202E-01  5.000000E-01  3.275416E-01 -2.784459E-02  0.000000E+00  1.419288E-02 -1.546160E-04 -2.509147E-21 -9.905813E-02  0.000000E+00
  1.575558E+00 -1.301567E-01  5.000000E-01  3.346018E-01 -2.791607E-02  0.000000E+00  1.398508E-02 -1.318781E-04 -4.097751E-20 -9.099358E-02  0.000000E+00
  1.608800E+00 -1.304512E-01  5.000000E-01  3.416615E-01 -2.797862E-02  0.000000E+00  1.379704E-02 -1.148316E-04 -1.443037E-19 -8.320684E-02  0.000000E+00
  1.642044E+00 -1.307142E-01  5.000000E-01  3.487219E-01 -2.803447E-02  0.000000E+00  1.362776E-02 -1.024218E-04 -1.076859E-19 -7.586776E-02  0.000000E+00
  1.675286E+00 -1.309550E-01  5.000000E-01  3.557816E-01 -2.808560E-02  0.000000E+00  1.347589E-02 -9.411065E-05 -1.047934E-19 -6.899466E-02  0.000000E+00
  1.708526E+00 -1.311825E-01  5.000000E-01  3.628410E-01 -2.813391E-02  0.000000E+00  1.334030E-02 -8.961963E-05 -8.536200E-20 -6.255467E-02  0.000000E+00
  1.741762E+00 -1.314056E-01  5.000000E-01  3.698996E-01 -2.818129E-02  0.000000E+00  1.322013E-02 -8.862503E-05  2.029591E-20 -5.655627E-02  0.000000E+00
  1.774995E+00 -1.316320E-01  5.000000E-01  3.769573E-01 -2.822939E-02  0.000000E+00  1.311539E-02 -9.115375E-05  3.547164E-20 -5.101670E-02  0.000000E+00
  1.808227E+00 -1.318714E-01  5.000000E-01  3.840150E-01 -2.828023E-02  0.000000E+00  1.302667E-02 -9.723851E-05  1.839507E-20 -4.599539E-02  0.000000E+00
  1.841453E+00 -1.321321E-01  5.000000E-01  3.910714E-01 -2.833559E-02  0.000000E+00  1.295464E-02 -1.067102E-04 -2.548701E-20 -4.160532E-02  0.000000E+00
  1.874678E+00 -1.324228E-01  5.000000E-01  3.981276E-01 -2.839732E-02  0.000000E+00  1.290062E-02 -1.196361E-04 -3.205959E-20 -3.794560E-02  0.000000E+00
  1.907900E+00 -1.327522E-01  5.000000E-01  4.051830E-01 -2.846729E-02  0.000000E+00  1.286678E-02 -1.360470E-04 -2.186940E-20 -3.513692E-02  0.000000E+00
  1.941118E+00 -1.331292E-01  5.000000E-01  4.122377E-01 -2.854734E-02  0.000000E+00  1.285694E-02 -1.560166E-04 -1.304295E-19 -3.332807E-02  0.000000E+00
  1.974334E+00 -1.335621E-01  5.000000E-01  4.192920E-01 -2.863930E-02  0.000000E+00  1.287758E-02 -1.799041E-04 -1.766797E-19 -3.268662E-02  0.000000E+00
  2.007549E+00 -1.340609E-01  5.000000E-01  4.263460E-01 -2.874521E-02  0.000000E+00  1.293755E-02 -2.080554E-04 -1.496183E-19 -3.346503E-02  0.000000E+00
  2.040760E+00 -1.346340E-01  5.000000E-01  4.333993E-01 -2.886693E-02  0.000000E+00  1.304662E-02 -2.408877E-04  1.430472E-19 -3.600999E-02  0.000000E+00
  2.073970E+00 -1.352905E-01  5.000000E-01  4.404522E-01 -2.900635E-02  0.000000E+00  1.321283E-02 -2.788981E-04  3.993461E-19 -4.069087E-02  0.000000E+00
  2.107177E+00 -1.360392E-01  5.000000E-01  4.475046E-01 -2.916537E-02  0.000000E+00  1.343645E-02 -3.195793E-04  1.596769E-19 -4.806546E-02  0.000000E+00
  2.140379E+00 -1.368740E-01  5.000000E-01  4.545558E-01 -2.934266E-02  0.000000E+00  1.370796E-02 -3.572083E-04  1.386685E-20 -5.867522E-02  0.000000E+00
  2.173577E+00 -1.377736E-01  5.000000E-01  4.616063E-01 -2.953370E-02  0.000000E+00  1.401474E-02 -3.877732E-04 -1.656967E-20 -7.242736E-02  0.000000E+00
  2.206768E+00 -1.387146E-01  5.000000E-01  4.686553E-01 -2.973355E-02  0.000000E+00  1.434582E-02 -4.099416E-04 -3.587883E-19 -8.871208E-02  0.000000E+00
  2.239954E+00 -1.396742E-01  5.000000E-01  4.757033E-01 -2.993734E-02  0.000000E+00  1.469165E-02 -4.227825E-04 -3.089188E-20 -1.069558E-01  0.000000E+00
  2.273134E+00 -1.406286E-01  5.000000E-01  4.827499E-01 -3.014005E-02  0.000000E+00  1.504406E-02 -4.253497E-04  5.020673E-19 -1.267911E-01  0.000000E+00
  2.306309E+00 -1.415550E-01  5.000000E-01  4.897953E-01 -3.033677E-02  0.000000E+00  1.539640E-02 -4.166865E-04  2.468924E-19 -1.480026E-01  0.000000E+00
  2.339476E+00 -1.424294E-01  5.000000E-01  4.968392E-01 -3.052248E-02  0.000000E+00  1.574354E-02 -3.957768E-04 -2.155985E-19 -1.704356E-01  0.000000E+00
  2.372638E+00 -1.432280E-01  5.000000E-01  5.038821E-01 -3.069208E-02  0.000000E+00  1.608289E-02 -3.624329E-04 -3.339820E-19 -1.938565E-01  0.000000E+00
  2.405805E+00 -1.439298E-01  5.000000E-01  5.109259E-01 -3.084113E-02  0.000000E+00  1.641333E-02 -3.170658E-04 -2.238727E-19 -2.179697E-01  0.000000E+00
  2.438976E+00 -1.445155E-01  5.000000E-01  5.179706E-01 -3.096552E-02  0.000000E+00  1.673077E-02 -2.594254E-04 -2.927276E-19 -2.425155E-01  0.000000E+00
  2.472150E+00 -1.449650E-01  5.000000E-01  5.250160E-01 -3.106099E-02  0.000000E+00  1.702334E-02 -1.889552E-04 -2.424360E-19 -2.671499E-01  0.000000E+00
  2.505329E+00 -1.452587E-01  5.000000E-01  5.320624E-01 -3.112336E-02  0.000000E+00  1.726644E-02 -1.055179E-04 -1.780371E-19 -2.912521E-01  0.000000E+00
  2.538512E+00 -1.453774E-01  5.000000E-01  5.391097E-01 -3.114856E-02  0.000000E+00  1.741958E-02 -9.454059E-06 -1.454515E-19 -3.137921E-01  0.000000E+00
  2.571700E+00 -1.453010E-01  5.000000E-01  5.461580E-01 -3.113235E-02  0.000000E+00  1.743182E-02  9.751907E-05  3.228753E-20 -3.331647E-01  0.000000E+00
  2.604894E+00 -1.450113E-01  5.000000E-01  5.532074E-01 -3.107081E-02  0.000000E+00  1.725763E-02  2.114767E-04  2.267014E-19 -3.472204E-01  0.000000E+00
  2.638090E+00 -1.444900E-01  5.000000E-01  5.602575E-01 -3.096012E-02  0.000000E+00  1.688431E-02  3.227749E-04  4.653235E-19 -3.533458E-01  0.000000E+00
  2.671292E+00 -1.437411E-01  5.000000E-01  5.673087E-01 -3.080106E-02  0.000000E+00  1.634539E-02  4.199265E-04  8.675048E-19 -3.494947E-01  0.000000E+00
  2.704497E+00 -1.427821E-01  5.000000E-01  5.743608E-01 -3.059738E-02  0.000000E+00  1.570578E-02  4.986820E-04  8.566054E-19 -3.357277E-01  0.000000E+00
  2.737708E+00 -1.416312E-01  5.000000E-01  5.814140E-01 -3.035297E-02  0.000000E+00  1.503906E-02  5.606630E-04  4.945924E-19 -3.143107E-01  0.000000E+00
  2.770923E+00 -1.403064E-01  5.000000E-01  5.884680E-01 -3.007162E-02  0.000000E+00  1.440590E-02  6.089594E-04  6.563961E-19 -2.887570E-01  0.000000E+00
  2.804143E+00 -1.388256E-01  5.000000E-01  5.955230E-01 -2.975712E-02  0.000000E+00  1.384101E-02  6.464929E-04  4.363735E-19 -2.625687E-01  0.000000E+00
  2.837367E+00 -1.372067E-01  5.000000E-01  6.025790E-01 -2.941331E-02  0.000000E+00  1.335231E-02  6.755195E-04 -6.571097E-20 -2.381369E-01  0.000000E+00
  2.870594E+00 -1.354674E-01  5.000000E-01  6.096357E-01 -2.904392E-02  0.000000E+00  1.293049E-02  6.974940E-04 -3.692485E-19 -2.162915E-01  0.000000E+00
  2.903823E+00 -1.336250E-01  5.000000E-01  6.166926E-01 -2.865264E-02  0.000000E+00  1.256119E-02  7.134744E-04 -2.905937E-19 -1.966838E-01  0.000000E+00
  2.937051E+00 -1.316949E-01  5.000000E-01  6.237496E-01 -2.824274E-02  0.000000E+00  1.223347E-02  7.239917E-04  6.743139E-19 -1.785254E-01  0.000000E+00
  2.970283E+00 -1.296938E-01  5.000000E-01  6.308072E-01 -2.781776E-02  0.000000E+00  1.194273E-02  7.294397E-04  1.297816E-18 -1.612636E-01  0.000000E+00
  3.003515E+00 -1.276379E-01  5.000000E-01  6.378649E-01 -2.738114E-02  0.000000E+00  1.168957E-02  7.305296E-04  1.238412E-18 -1.448452E-01  0.000000E+00
  3.036751E+00 -1.255430E-01  5.000000E-01  6.449232E-01 -2.693623E-02  0.000000E+00  1.147830E-02  7.279628E-04  1.158379E-18 -1.295303E-01  0.000000E+00
  3.069988E+00 -1.234257E-01  5.000000E-01  6.519820E-01 -2.648656E-02  0.000000E+00  1.131430E-02  7.226335E-04 -1.051707E-19 -1.156992E-01  0.000000E+00
  3.103226E+00 -1.213008E-01  5.000000E-01  6.590409E-01 -2.603529E-02  0.000000E+00  1.120201E-02  7.150848E-04 -2.006941E-18 -1.036279E-01  0.000000E+00
  3.136469E+00 -1.191851E-01  5.000000E-01  6.661010E-01 -2.558596E-02  0.000000E+00  1.114147E-02  7.062388E-04 -1.628903E-18 -9.350368E-02  0.000000E+00
  3.169712E+00 -1.170902E-01  5.000000E-01  6.731611E-01 -2.514107E-02  0.000000E+00  1.112370E-02  6.992070E-04  6.499523E-20 -8.560656E-02  0.000000E+00
  3.202960E+00 -1.150100E-01  5.000000E-01  6.802220E-01 -2.469927E-02  0.000000E+00  1.113350E-02  6.970340E-04 -4.536466E-19 -7.991887E-02  0.000000E+00
  3.236210E+00 -1.129307E-01  5.000000E-01  6.872835E-01 -2.425768E-02  0.000000E+00  1.115635E-02  7.001095E-04 -3.068091E-19 -7.582964E-02  0.000000E+00
  3.269464E+00 -1.108396E-01  5.000000E-01  6.943459E-01 -2.381359E-02  0.000000E+00  1.118034E-02  7.076778E-04  1.863482E-18 -7.258551E-02  0.000000E+00
  3.302721E+00 -1.087239E-01  5.000000E-01  7.014089E-01 -2.336426E-02  0.000000E+00  1.119597E-02  7.190879E-04  2.208913E-18 -6.964809E-02  0.000000E+00
  3.335981E+00 -1.065707E-01  5.000000E-01  7.084724E-01 -2.290697E-02  0.000000E+00  1.119668E-02  7.335483E-04  1.942540E-18 -6.665788E-02  0.000000E+00
  3.369247E+00 -1.043686E-01  5.000000E-01  7.155373E-01 -2.243931E-02  0.000000E+00  1.117880E-02  7.501797E-04  1.777836E-18 -6.334763E-02  0.000000E+00
  3.402518E+00 -1.021088E-01  5.000000E-01  7.226033E-01 -2.195939E-02  0.000000E+00  1.114006E-02  7.684546E-04 -2.196324E-19 -5.957773E-02  0.000000E+00
  3.435792E+00 -9.978153E-02  5.000000E-01  7.296699E-01 -2.146513E-02  0.000000E+00  1.107922E-02  7.878086E-04 -1.433173E-18 -5.523503E-02  0.000000E+00
  3.469073E+00 -9.737942E-02  5.000000E-01  7.367379E-01 -2.095498E-02  0.000000E+00  1.099614E-02  8.076054E-04 -6.986002E-19 -5.018154E-02  0.000000E+00
  3.502353E+00 -9.489599E-02  5.000000E-01  7.438057E-01 -2.042756E-02  0.000000E+00  1.089111E-02  8.272765E-04 -2.917787E-19 -4.431746E-02  0.000000E+00
  3.535630E+00 -9.232663E-02  5.000000E-01  7.508729E-01 -1.988189E-02  0.000000E+00  1.076452E-02  8.461907E-04 -5.691802E-19 -3.757516E-02  0.000000E+00
  3.568904E+00 -8.966719E-02  5.000000E-01  7.579395E-01 -1.931709E-02  0.000000E+00  1.061631E-02  8.639830E-04  3.689016E-19 -2.993841E-02  0.000000E+00
  3.602176E+00 -8.691349E-02  5.000000E-01  7.650057E-01 -1.873227E-02  0.000000E+00  1.044614E-02  8.802726E-04  7.856270E-19 -2.138810E-02  0.000000E+00
  3.635446E+00 -8.406224E-02  5.000000E-01  7.720714E-01 -1.812674E-02  0.000000E+00  1.025355E-02  8.945056E-04 -3.954208E-19 -1.189570E-02  0.000000E+00
  3.668713E+00 -8.111097E-02  5.000000E-01  7.791365E-01 -1.749996E-02  0.000000E+00  1.003860E-02  9.060023E-04 -8.872117E-19 -1.408145E-03  0.000000E+00
  3.701976E+00 -7.805968E-02  5.000000E-01  7.862009E-01 -1.685194E-02  0.000000E+00  9.802004E-03  9.144604E-04 -1.201242E-18  1.007605E-02  0.000000E+00
  3.735241E+00 -7.490613E-02  5.000000E-01  7.932655E-01 -1.618220E-02  0.000000E+00  9.545942E-03  9.193139E-04 -2.185706E-19  2.253209E-02  0.000000E+00
  3.768500E+00 -7.165450E-02  5.000000E-01  8.003289E-01 -1.549164E-02  0.000000E+00  9.275135E-03  9.195059E-04  1.634237E-18  3.597056E-02  0.000000E+00
  3.801751E+00 -6.831402E-02  5.000000E-01  8.073904E-01 -1.478220E-02  0.000000E+00  8.995365E-03  9.147428E-04  2.184269E-18  5.025332E-02  0.000000E+00
  3.834989E+00 -6.489470E-02  5.000000E-01  8.144495E-01 -1.405602E-02  0.000000E+00  8.712659E-03  9.050416E-04  9.642330E-19  6.515009E-02  0.000000E+00
  3.868211E+00 -6.141203E-02  5.000000E-01  8.215050E-01 -1.331639E-02  0.000000E+00  8.432531E-03  8.908688E-04  6.967323E-20  8.039226E-02  0.000000E+00
  3.901422E+00 -5.787826E-02  5.000000E-01  8.285582E-01 -1.256590E-02  0.000000E+00  8.159548E-03  8.730856E-04 -1.461600E-19  9.573566E-02  0.000000E+00
  3.934617E+00 -5.430845E-02  5.000000E-01  8.356079E-01 -1.180776E-02  0.000000E+00  7.897468E-03  8.523353E-04 -2.089707E-19  1.110329E-01  0.000000E+00
  3.967800E+00 -5.071664E-02  5.000000E-01  8.426552E-01 -1.104495E-02  0.000000E+00  7.648249E-03  8.292427E-04  4.094358E-20  1.261346E-01  0.000000E+00
  4.000972E+00 -4.711639E-02  5.000000E-01  8.497001E-01 -1.028034E-02  0.000000E+00  7.411746E-03  8.044284E-04  4.456603E-20  1.409512E-01  0.000000E+00
  4.034139E+00 -4.351909E-02  5.000000E-01  8.567440E-01 -9.516366E-03  0.000000E+00  7.185103E-03  7.788347E-04 -5.295915E-19  1.554169E-01  0.000000E+00
  4.067311E+00 -3.992819E-02  5.000000E-01  8.637890E-01 -8.753747E-03  0.000000E+00  6.962968E-03  7.530846E-04 -5.958819E-19  1.695429E-01  0.000000E+00
  4.100488E+00 -3.634548E-02  5.000000E-01  8.708348E-01 -7.992868E-03  0.000000E+00  6.738871E-03  7.269001E-04  4.624122E-19  1.835092E-01  0.000000E+00
  4.133669E+00 -3.277261E-02  5.000000E-01  8.778818E-01 -7.234078E-03  0.000000E+00  6.505919E-03  6.997635E-04  1.003566E-18  1.975125E-01  0.000000E+00
  4.166856E+00 -2.920910E-02  5.000000E-01  8.849299E-01 -6.477276E-03  0.000000E+00  6.258165E-03  6.712322E-04  3.326137E-19  2.117246E-01  0.000000E+00
  4.200049E+00 -2.565508E-02  5.000000E-01  8.919793E-01 -5.722490E-03  0.000000E+00  5.992560E-03  6.410713E-04 -1.333821E-19  2.262620E-01  0.000000E+00
  4.233242E+00 -2.210946E-02  5.000000E-01  8.990285E-01 -4.969487E-03  0.000000E+00  5.711543E-03  6.084857E-04  3.320762E-19  2.412454E-01  0.000000E+00
  4.266405E+00 -1.858751E-02  5.000000E-01  9.060715E-01 -4.221511E-03  0.000000E+00  5.424846E-03  5.714386E-04  3.268549E-19  2.568016E-01  0.000000E+00
  4.299502E+00 -1.513147E-02  5.000000E-01  9.131007E-01 -3.487534E-03  0.000000E+00  5.147845E-03  5.283341E-04 -5.308344E-19  2.728037E-01  0.000000E+00
  4.332522E+00 -1.180585E-02  5.000000E-01  9.201132E-01 -2.781252E-03  0.000000E+00  4.896883E-03  4.800524E-04 -1.471308E-18  2.885917E-01  0.000000E+00
  4.365472E+00 -8.671121E-03  5.000000E-01  9.271110E-01 -2.115514E-03  0.000000E+00  4.686609E-03  4.287999E-04 -1.488866E-18  3.033202E-01  0.000000E+00
  4.398350E+00 -5.789909E-03  5.000000E-01  9.340935E-01 -1.503615E-03  0.000000E+00  4.530984E-03  3.759761E-04 -7.002564E-19  3.164839E-01  0.000000E+00
  4.431155E+00 -3.225701E-03  5.000000E-01  9.410605E-01 -9.590405E-04  0.000000E+00  4.443731E-03  3.216263E-04  4.406051E-19  3.278549E-01  0.000000E+00
  4.463888E+00 -1.049737E-03  5.000000E-01  9.480121E-01 -4.969194E-04  0.000000E+00  4.434335E-03  2.650731E-04  1.497329E-18  3.370669E-01  0.000000E+00
  4.496579E+00  6.844498E-04  5.000000E-01  9.549550E-01 -1.286206E-04  0.000000E+00  4.499994E-03  2.053917E-04  1.643779E-18  3.438173E-01  0.000000E+00
  4.529252E+00  1.941335E-03  5.000000E-01  9.618938E-01  1.383109E-04  0.000000E+00  4.612534E-03  1.424674E-04  8.882843E-19  3.481789E-01  0.000000E+00
  4.561929E+00  2.708726E-03  5.000000E-01  9.688337E-01  3.012858E-04  0.000000E+00  4.697992E-03  7.604723E-05  1.248111E-19  3.491187E-01  0.000000E+00
  4.594574E+00  2.973130E-03  5.000000E-01  9.757666E-01  3.574388E-04  0.000000E+00  4.641099E-03  5.794262E-07 -3.071815E-19  3.454413E-01  0.000000E+00
  4.627203E+00  2.720981E-03  5.000000E-01  9.826962E-01  3.038885E-04  0.000000E+00  4.376557E-03 -7.962749E-05 -2.875136E-19  3.450272E-01  0.000000E+00
  4.659162E+00  1.956619E-03  5.000000E-01  9.894836E-01  1.415568E-04  0.000000E+00  3.946404E-03 -1.199406E-04  1.057245E-18  3.508964E-01  0.000000E+00
  4.689251E+00  7.529819E-04  5.000000E-01  9.958737E-01 -1.140661E-04  0.000000E+00  3.278201E-03 -1.153090E-04  5.390085E-18  3.017469E-01  0.000000E+00
  4.708680E+00 -2.816513E-04  5.000000E-01  9.999999E-01 -3.337968E-04  0.000000E+00  2.353980E-03 -1.591883E-04  5.628526E-18  1.538969E-01  0.000000E+00
    1    2
    2    3
    3    4
    4    5
    5    6
    6    7
    7    8
    8    9
    9   10
   10   11
   11   12
   12   13
   13   14
   14   15
   15   16
   16   17
   17   18
   18   19
   19   20
   20   21
   21   22
   22   23
   23   24
   24   25
   25   26
   26   27
   27   28
   28   29
   29   30
   30   31
   31   32
   32   33
   33   34
   34   35
   35   36
   36   37
   37   38
   38   39
   39   40
   40   41
   41   42
   42   43
   43   44
   44   45
   45   46
   46   47
   47   48
   48   49
   49   50
   50   51
   51   52
   52   53
   53   54
   54   55
   55   56
   56   57
   57   58
   58   59
   59   60
   60   61
   61   62
   62   63
   63   64
   64   65
   65   66
   66   67
   67   68
   68   69
   69   70
   70   71
   71   72
   72   73
   73   74
   74   75
   75   76
   76   77
   77   78
   78   79
   79   80
   80   81
   81   82
   82   83
   83   84
   84   85
   85   86
   86   87
   87   88
   88   89
   89   90
   90   91
   91   92
   92   93
   93   94
   94   95
   95   96
   96   97
   97   98
   98   99
   99  100
  100  101
  101  102
  102  103
  103  104
  104  105
  105  106
  106  107
  107  108
  108  109
  109  110
  110  111
  111  112
  112  113
  113  114
  114  115
  115  116
  116  117
  117  118
  118  119
  119  120
  120  121
  121  122
  122  123
  123  124
  124  125
  125  126
  126  127
  127  128
  128  129
  129  130
  130  131
  131  132
  132  133
  133  134
  134  135
  135  136
  136  137
  137  138
  138  139
  139  140
  140  141
  141  142
  142  143
  143  144
  144  145
  145  146
  146  147
  147  148
  148  149
  149  150
  151  152
  152  153
  153  154
  154  155
  155  156
  156  157
  157  158
  158  159
  159  160
  160  161
  161  162
  162  163
  163  164
  164  165
  165  166
  166  167
  167  168
  168  169
  169  170
  170  171
  171  172
  172  173
  173  174
  174  175
  175  176
  176  177
  177  178
  178  179
  179  180
  180  181
  181  182
  182  183
  183  184
  184  185
  185  186
  186  187
  187  188
  188  189
  189  190
  190  191
  191  192
  192  193
  193  194
  194  195
  195  196
  196  197
  197  198
  198  199
  199  200
  200  201
  201  202
  202  203
  203  204
  204  205
  205  206
  206  207
  207  208
  208  209
  209  210
  210  211
  211  212
  212  213
  213  214
  214  215
  215  216
  216  217
  217  218
  218  219
  219  220
  220  221
  221  222
  222  223
  223  224
  224  225
  225  226
  226  227
  227  228
  228  229
  229  230
  230  231
  231  232
  232  233
  233  234
  234  235
  235  236
  236  237
  237  238
  238  239
  239  240
  240  241
  241  242
  242  243
  243  244
  244  245
  245  246
  246  247
  247  248
  248  249
  249  250
  250  251
  251  252
  252  253
  253  254
  254  255
  255  256
  256  257
  257  258
  258  259
  259  260
  260  261
  261  262
  262  263
  263  264
  264  265
  265  266
  266  267
  267  268
  268  269
  269  270
  270  271
  271  272
  272  273
  273  274
  274  275
  275  276
  276  277
  277  278
  278  279
  279  280
  280  281
  281  282
  282  283
  283  284
  284  285
  285  286
  286  287
  287  288
  288  289
  289  290
  290  291
  291  292
  292  293
  293  294
  294  295
  295  296
  296  297
  297  298
  298  299
  299  300
