 Title = "ADflow Slice Data"
Variables =  "CoordinateX"  "CoordinateY"  "CoordinateZ"  "XoC"  "YoC"  "ZoC" "VelocityX" "VelocityY" "VelocityZ" "CoefPressure" "Mach" 
Zone T= "Slice_0001 None Absolute Regular z = 0.50000000"
 Nodes =          300  Elements=          298  ZONETYPE=FELINESEG
 DATAPACKING=POINT
  4.708680E+00 -3.729245E-04  5.000000E-01  9.999999E-01 -3.613162E-04  0.000000E+00  1.025631E-03  6.902593E-07  3.303333E-18  8.042042E-02  0.000000E+00
  4.689187E+00  3.610987E-03  5.000000E-01  9.958601E-01  4.847688E-04  0.000000E+00  4.096811E-04 -2.688986E-05  1.698986E-18 -4.246112E-02  0.000000E+00
  4.658673E+00  9.992060E-03  5.000000E-01  9.893797E-01  1.839952E-03  0.000000E+00 -1.119378E-04  1.315527E-06 -5.614193E-20 -3.308033E-02  0.000000E+00
  4.626256E+00  1.689413E-02  5.000000E-01  9.824952E-01  3.305782E-03  0.000000E+00 -5.411603E-04  1.080594E-04 -1.824379E-18 -3.755959E-02  0.000000E+00
  4.593146E+00  2.400558E-02  5.000000E-01  9.754634E-01  4.816079E-03  0.000000E+00 -8.604656E-04  1.917537E-04 -2.631103E-18 -6.180074E-02  0.000000E+00
  4.560031E+00  3.112449E-02  5.000000E-01  9.684306E-01  6.327961E-03  0.000000E+00 -1.069260E-03  2.313019E-04 -2.227420E-18 -7.869468E-02  0.000000E+00
  4.526891E+00  3.820996E-02  5.000000E-01  9.613923E-01  7.832739E-03  0.000000E+00 -1.203773E-03  2.541785E-04 -2.225758E-18 -8.823483E-02  0.000000E+00
  4.493752E+00  4.521833E-02  5.000000E-01  9.543545E-01  9.321145E-03  0.000000E+00 -1.292397E-03  2.705267E-04 -8.441676E-19 -9.839594E-02  0.000000E+00
  4.460612E+00  5.211486E-02  5.000000E-01  9.473164E-01  1.078580E-02  0.000000E+00 -1.351526E-03  2.785999E-04  1.107374E-18 -1.106742E-01  0.000000E+00
  4.427470E+00  5.887019E-02  5.000000E-01  9.402779E-01  1.222047E-02  0.000000E+00 -1.397060E-03  2.808314E-04  4.702218E-20 -1.245747E-01  0.000000E+00
  4.394325E+00  6.545212E-02  5.000000E-01  9.332387E-01  1.361831E-02  0.000000E+00 -1.441071E-03  2.811466E-04  5.242115E-19 -1.406671E-01  0.000000E+00
  4.361178E+00  7.183377E-02  5.000000E-01  9.261991E-01  1.497361E-02  0.000000E+00 -1.488341E-03  2.815159E-04  4.332159E-19 -1.588251E-01  0.000000E+00
  4.328027E+00  7.798767E-02  5.000000E-01  9.191586E-01  1.628055E-02  0.000000E+00 -1.541772E-03  2.824768E-04 -1.985412E-19 -1.768601E-01  0.000000E+00
  4.294876E+00  8.388572E-02  5.000000E-01  9.121180E-01  1.753315E-02  0.000000E+00 -1.599824E-03  2.812818E-04  4.142384E-19 -1.932507E-01  0.000000E+00
  4.261727E+00  8.950380E-02  5.000000E-01  9.050782E-01  1.872629E-02  0.000000E+00 -1.615198E-03  2.665256E-04  8.402359E-19 -2.147092E-01  0.000000E+00
  4.228582E+00  9.481945E-02  5.000000E-01  8.980388E-01  1.985520E-02  0.000000E+00 -1.409790E-03  2.130991E-04  1.280975E-18 -2.610117E-01  0.000000E+00
  4.195443E+00  9.980806E-02  5.000000E-01  8.910010E-01  2.091466E-02  0.000000E+00 -5.929158E-04  7.825851E-05  3.242353E-19 -3.546005E-01  0.000000E+00
  4.162308E+00  1.044450E-01  5.000000E-01  8.839639E-01  2.189943E-02  0.000000E+00  1.421890E-03 -1.886028E-04 -7.098957E-19 -4.970749E-01  0.000000E+00
  4.129179E+00  1.087099E-01  5.000000E-01  8.769281E-01  2.280519E-02  0.000000E+00  5.139060E-03 -6.094382E-04 -4.062495E-18 -6.554797E-01  0.000000E+00
  4.096054E+00  1.125814E-01  5.000000E-01  8.698932E-01  2.362741E-02  0.000000E+00  1.030729E-02 -1.108224E-03 -1.055625E-17 -7.799795E-01  0.000000E+00
  4.062934E+00  1.160429E-01  5.000000E-01  8.628593E-01  2.436255E-02  0.000000E+00  1.548474E-02 -1.495392E-03 -1.982147E-17 -8.402255E-01  0.000000E+00
  4.029817E+00  1.190794E-01  5.000000E-01  8.558262E-01  2.500743E-02  0.000000E+00  1.895077E-02 -1.608097E-03 -3.007127E-17 -8.415608E-01  0.000000E+00
  3.996705E+00  1.216802E-01  5.000000E-01  8.487939E-01  2.555978E-02  0.000000E+00  2.014579E-02 -1.454754E-03 -3.561214E-17 -8.086845E-01  0.000000E+00
  3.963594E+00  1.238415E-01  5.000000E-01  8.417620E-01  2.601878E-02  0.000000E+00  1.976461E-02 -1.167578E-03 -3.501070E-17 -7.629185E-01  0.000000E+00
  3.930486E+00  1.255668E-01  5.000000E-01  8.347306E-01  2.638518E-02  0.000000E+00  1.877914E-02 -8.638440E-04 -2.811285E-17 -7.148135E-01  0.000000E+00
  3.897377E+00  1.268667E-01  5.000000E-01  8.276991E-01  2.666125E-02  0.000000E+00  1.777396E-02 -5.942225E-04 -1.718019E-17 -6.679088E-01  0.000000E+00
  3.864269E+00  1.277648E-01  5.000000E-01  8.206677E-01  2.685200E-02  0.000000E+00  1.692007E-02 -3.678414E-04 -6.892044E-18 -6.230889E-01  0.000000E+00
  3.831161E+00  1.282940E-01  5.000000E-01  8.136366E-01  2.696437E-02  0.000000E+00  1.618631E-02 -1.830620E-04  9.043976E-20 -5.809551E-01  0.000000E+00
  3.798054E+00  1.285033E-01  5.000000E-01  8.066053E-01  2.700882E-02  0.000000E+00  1.550657E-02 -4.023948E-05  3.001133E-18 -5.427379E-01  0.000000E+00
  3.764948E+00  1.284563E-01  5.000000E-01  7.995744E-01  2.699884E-02  0.000000E+00  1.485177E-02  5.816233E-05  2.762577E-18 -5.103471E-01  0.000000E+00
  3.731842E+00  1.282337E-01  5.000000E-01  7.925435E-01  2.695156E-02  0.000000E+00  1.423488E-02  1.102783E-04  1.388323E-18 -4.859910E-01  0.000000E+00
  3.698737E+00  1.279335E-01  5.000000E-01  7.855129E-01  2.688782E-02  0.000000E+00  1.369898E-02  1.242410E-04  8.092771E-20 -4.705136E-01  0.000000E+00
  3.665634E+00  1.276281E-01  5.000000E-01  7.784827E-01  2.682296E-02  0.000000E+00  1.329294E-02  1.207466E-04 -5.648110E-19 -4.623044E-01  0.000000E+00
  3.632534E+00  1.273296E-01  5.000000E-01  7.714529E-01  2.675957E-02  0.000000E+00  1.303272E-02  1.144826E-04 -5.037661E-19 -4.592113E-01  0.000000E+00
  3.599434E+00  1.270433E-01  5.000000E-01  7.644234E-01  2.669876E-02  0.000000E+00  1.289685E-02  1.073473E-04 -2.996593E-19 -4.598642E-01  0.000000E+00
  3.566334E+00  1.267754E-01  5.000000E-01  7.573938E-01  2.664185E-02  0.000000E+00  1.285156E-02  9.882270E-05 -3.895323E-19 -4.631748E-01  0.000000E+00
  3.533236E+00  1.265311E-01  5.000000E-01  7.503646E-01  2.658997E-02  0.000000E+00  1.286553E-02  8.884597E-05 -8.671459E-19 -4.683372E-01  0.000000E+00
  3.500138E+00  1.263147E-01  5.000000E-01  7.433353E-01  2.654401E-02  0.000000E+00  1.291583E-02  7.714234E-05 -1.450347E-18 -4.748742E-01  0.000000E+00
  3.467038E+00  1.261319E-01  5.000000E-01  7.363057E-01  2.650519E-02  0.000000E+00  1.298952E-02  6.342829E-05 -1.885814E-18 -4.824786E-01  0.000000E+00
  3.433936E+00  1.259875E-01  5.000000E-01  7.292757E-01  2.647454E-02  0.000000E+00  1.308098E-02  4.786451E-05 -2.017052E-18 -4.908978E-01  0.000000E+00
  3.400832E+00  1.258856E-01  5.000000E-01  7.222452E-01  2.645289E-02  0.000000E+00  1.318775E-02  3.065102E-05 -1.794981E-18 -4.999378E-01  0.000000E+00
  3.367728E+00  1.258296E-01  5.000000E-01  7.152146E-01  2.644099E-02  0.000000E+00  1.330821E-02  1.206208E-05 -1.330670E-18 -5.094136E-01  0.000000E+00
  3.334620E+00  1.258215E-01  5.000000E-01  7.081834E-01  2.643927E-02  0.000000E+00  1.344035E-02 -7.602418E-06 -7.702704E-19 -5.191345E-01  0.000000E+00
  3.301512E+00  1.258628E-01  5.000000E-01  7.011520E-01  2.644805E-02  0.000000E+00  1.358107E-02 -2.804841E-05 -3.259788E-19 -5.289378E-01  0.000000E+00
  3.268401E+00  1.259539E-01  5.000000E-01  6.941201E-01  2.646740E-02  0.000000E+00  1.372683E-02 -4.885855E-05 -2.040208E-19 -5.386549E-01  0.000000E+00
  3.235290E+00  1.260942E-01  5.000000E-01  6.870881E-01  2.649720E-02  0.000000E+00  1.387410E-02 -6.955748E-05 -3.906263E-19 -5.480957E-01  0.000000E+00
  3.202177E+00  1.262817E-01  5.000000E-01  6.800557E-01  2.653701E-02  0.000000E+00  1.401931E-02 -8.975607E-05 -7.470791E-19 -5.571033E-01  0.000000E+00
  3.169063E+00  1.265141E-01  5.000000E-01  6.730231E-01  2.658637E-02  0.000000E+00  1.415957E-02 -1.090577E-04 -1.134445E-18 -5.655747E-01  0.000000E+00
  3.135947E+00  1.267878E-01  5.000000E-01  6.659902E-01  2.664449E-02  0.000000E+00  1.429302E-02 -1.274940E-04 -1.452526E-18 -5.735326E-01  0.000000E+00
  3.102831E+00  1.271005E-01  5.000000E-01  6.589570E-01  2.671092E-02  0.000000E+00  1.441897E-02 -1.462257E-04 -1.775429E-18 -5.811939E-01  0.000000E+00
  3.069714E+00  1.274548E-01  5.000000E-01  6.519238E-01  2.678615E-02  0.000000E+00  1.453972E-02 -1.662583E-04 -1.875029E-18 -5.887921E-01  0.000000E+00
  3.036593E+00  1.278533E-01  5.000000E-01  6.448898E-01  2.687078E-02  0.000000E+00  1.466021E-02 -1.875128E-04 -1.525414E-18 -5.964199E-01  0.000000E+00
  3.003475E+00  1.282975E-01  5.000000E-01  6.378564E-01  2.696512E-02  0.000000E+00  1.478506E-02 -2.094237E-04 -7.801972E-19 -6.040533E-01  0.000000E+00
  2.970356E+00  1.287870E-01  5.000000E-01  6.308226E-01  2.706907E-02  0.000000E+00  1.491621E-02 -2.317656E-04 -2.531010E-19 -6.116460E-01  0.000000E+00
  2.937236E+00  1.293221E-01  5.000000E-01  6.237888E-01  2.718272E-02  0.000000E+00  1.505355E-02 -2.543814E-04  1.381661E-20 -6.191312E-01  0.000000E+00
  2.904117E+00  1.299017E-01  5.000000E-01  6.167550E-01  2.730582E-02  0.000000E+00  1.519597E-02 -2.768876E-04  4.068420E-20 -6.264165E-01  0.000000E+00
  2.870996E+00  1.305244E-01  5.000000E-01  6.097211E-01  2.743806E-02  0.000000E+00  1.534178E-02 -2.990511E-04 -4.974480E-19 -6.334313E-01  0.000000E+00
  2.837877E+00  1.311882E-01  5.000000E-01  6.026873E-01  2.757904E-02  0.000000E+00  1.548961E-02 -3.205737E-04 -9.550169E-19 -6.401036E-01  0.000000E+00
  2.804757E+00  1.318906E-01  5.000000E-01  5.956534E-01  2.772820E-02  0.000000E+00  1.563839E-02 -3.412432E-04 -1.416286E-18 -6.463798E-01  0.000000E+00
  2.771639E+00  1.326289E-01  5.000000E-01  5.886200E-01  2.788500E-02  0.000000E+00  1.578769E-02 -3.606910E-04 -1.671809E-18 -6.522036E-01  0.000000E+00
  2.738522E+00  1.333991E-01  5.000000E-01  5.815867E-01  2.804857E-02  0.000000E+00  1.593722E-02 -3.787383E-04 -1.291027E-18 -6.575469E-01  0.000000E+00
  2.705406E+00  1.341981E-01  5.000000E-01  5.745537E-01  2.821826E-02  0.000000E+00  1.608689E-02 -3.953471E-04 -8.785388E-19 -6.624030E-01  0.000000E+00
  2.672292E+00  1.350219E-01  5.000000E-01  5.675211E-01  2.839321E-02  0.000000E+00  1.623691E-02 -4.103531E-04 -5.123536E-19 -6.667590E-01  0.000000E+00
  2.639177E+00  1.358669E-01  5.000000E-01  5.604885E-01  2.857267E-02  0.000000E+00  1.638720E-02 -4.236776E-04 -7.615482E-21 -6.705895E-01  0.000000E+00
  2.606068E+00  1.367291E-01  5.000000E-01  5.534568E-01  2.875578E-02  0.000000E+00  1.653795E-02 -4.345335E-04  1.933094E-19 -6.737644E-01  0.000000E+00
  2.572958E+00  1.376019E-01  5.000000E-01  5.464251E-01  2.894115E-02  0.000000E+00  1.668850E-02 -4.415684E-04  4.099873E-19 -6.760746E-01  0.000000E+00
  2.539852E+00  1.384764E-01  5.000000E-01  5.393941E-01  2.912687E-02  0.000000E+00  1.683644E-02 -4.435905E-04  5.723180E-19 -6.773223E-01  0.000000E+00
  2.506749E+00  1.393416E-01  5.000000E-01  5.323638E-01  2.931062E-02  0.000000E+00  1.697779E-02 -4.401283E-04  5.403134E-19 -6.774076E-01  0.000000E+00
  2.473650E+00  1.401878E-01  5.000000E-01  5.253345E-01  2.949033E-02  0.000000E+00  1.710875E-02 -4.312701E-04  7.200076E-19 -6.763286E-01  0.000000E+00
  2.440554E+00  1.410054E-01  5.000000E-01  5.183056E-01  2.966396E-02  0.000000E+00  1.722719E-02 -4.172902E-04  9.106620E-19 -6.741290E-01  0.000000E+00
  2.407460E+00  1.417862E-01  5.000000E-01  5.112774E-01  2.982979E-02  0.000000E+00  1.733312E-02 -3.981744E-04  1.013143E-18 -6.708355E-01  0.000000E+00
  2.374373E+00  1.425209E-01  5.000000E-01  5.042504E-01  2.998583E-02  0.000000E+00  1.742737E-02 -3.738640E-04  1.219416E-18 -6.664824E-01  0.000000E+00
  2.341286E+00  1.432010E-01  5.000000E-01  4.972236E-01  3.013025E-02  0.000000E+00  1.751001E-02 -3.452370E-04  1.333928E-18 -6.612088E-01  0.000000E+00
  2.308194E+00  1.438207E-01  5.000000E-01  4.901958E-01  3.026186E-02  0.000000E+00  1.758184E-02 -3.133991E-04  1.171099E-18 -6.551848E-01  0.000000E+00
  2.275097E+00  1.443757E-01  5.000000E-01  4.831667E-01  3.037974E-02  0.000000E+00  1.764514E-02 -2.788681E-04  1.149103E-18 -6.485172E-01  0.000000E+00
  2.241991E+00  1.448619E-01  5.000000E-01  4.761359E-01  3.048298E-02  0.000000E+00  1.770232E-02 -2.416908E-04  1.141401E-18 -6.412345E-01  0.000000E+00
  2.208879E+00  1.452747E-01  5.000000E-01  4.691037E-01  3.057066E-02  0.000000E+00  1.775466E-02 -2.016261E-04  1.139242E-18 -6.332933E-01  0.000000E+00
  2.175760E+00  1.456089E-01  5.000000E-01  4.620701E-01  3.064164E-02  0.000000E+00  1.780169E-02 -1.583369E-04  1.385146E-18 -6.246040E-01  0.000000E+00
  2.142637E+00  1.458589E-01  5.000000E-01  4.550354E-01  3.069472E-02  0.000000E+00  1.784167E-02 -1.114466E-04  1.784794E-18 -6.150569E-01  0.000000E+00
  2.109507E+00  1.460178E-01  5.000000E-01  4.479994E-01  3.072848E-02  0.000000E+00  1.787223E-02 -6.068209E-05  2.179866E-18 -6.045679E-01  0.000000E+00
  2.076374E+00  1.460790E-01  5.000000E-01  4.409628E-01  3.074146E-02  0.000000E+00  1.789062E-02 -6.491855E-06  2.452607E-18 -5.931700E-01  0.000000E+00
  2.043241E+00  1.460367E-01  5.000000E-01  4.339262E-01  3.073249E-02  0.000000E+00  1.789427E-02  4.943302E-05  2.491210E-18 -5.810668E-01  0.000000E+00
  2.010106E+00  1.458905E-01  5.000000E-01  4.268892E-01  3.070144E-02  0.000000E+00  1.788343E-02  1.056803E-04  2.362087E-18 -5.684634E-01  0.000000E+00
  1.976970E+00  1.456398E-01  5.000000E-01  4.198519E-01  3.064819E-02  0.000000E+00  1.786114E-02  1.620672E-04  2.192250E-18 -5.554388E-01  0.000000E+00
  1.943835E+00  1.452839E-01  5.000000E-01  4.128148E-01  3.057261E-02  0.000000E+00  1.783001E-02  2.185875E-04  1.961167E-18 -5.420181E-01  0.000000E+00
  1.910699E+00  1.448220E-01  5.000000E-01  4.057775E-01  3.047452E-02  0.000000E+00  1.779084E-02  2.748926E-04  2.011550E-18 -5.282301E-01  0.000000E+00
  1.877561E+00  1.442546E-01  5.000000E-01  3.987399E-01  3.035401E-02  0.000000E+00  1.774347E-02  3.307037E-04  2.308612E-18 -5.140929E-01  0.000000E+00
  1.844424E+00  1.435815E-01  5.000000E-01  3.917024E-01  3.021107E-02  0.000000E+00  1.768730E-02  3.857360E-04  2.150282E-18 -4.996312E-01  0.000000E+00
  1.811282E+00  1.428037E-01  5.000000E-01  3.846638E-01  3.004589E-02  0.000000E+00  1.762151E-02  4.394152E-04  1.836536E-18 -4.848991E-01  0.000000E+00
  1.778139E+00  1.419232E-01  5.000000E-01  3.776250E-01  2.985889E-02  0.000000E+00  1.754595E-02  4.915329E-04  1.664099E-18 -4.699154E-01  0.000000E+00
  1.744992E+00  1.409413E-01  5.000000E-01  3.705854E-01  2.965035E-02  0.000000E+00  1.746025E-02  5.418128E-04  1.459304E-18 -4.546964E-01  0.000000E+00
  1.711843E+00  1.398606E-01  5.000000E-01  3.635455E-01  2.942084E-02  0.000000E+00  1.736360E-02  5.899808E-04  9.866917E-19 -4.392436E-01  0.000000E+00
  1.678692E+00  1.386831E-01  5.000000E-01  3.565049E-01  2.917077E-02  0.000000E+00  1.725455E-02  6.356965E-04  4.789675E-19 -4.235407E-01  0.000000E+00
  1.645539E+00  1.374124E-01  5.000000E-01  3.494640E-01  2.890090E-02  0.000000E+00  1.713123E-02  6.787199E-04  3.977034E-19 -4.075339E-01  0.000000E+00
  1.612385E+00  1.360509E-01  5.000000E-01  3.424230E-01  2.861174E-02  0.000000E+00  1.699160E-02  7.190315E-04  5.259541E-19 -3.911396E-01  0.000000E+00
  1.579236E+00  1.346016E-01  5.000000E-01  3.353830E-01  2.830396E-02  0.000000E+00  1.683332E-02  7.563805E-04  6.878090E-19 -3.743391E-01  0.000000E+00
  1.546090E+00  1.330668E-01  5.000000E-01  3.283435E-01  2.797801E-02  0.000000E+00  1.665375E-02  7.891238E-04  4.623316E-19 -3.573489E-01  0.000000E+00
  1.512946E+00  1.314551E-01  5.000000E-01  3.213046E-01  2.763571E-02  0.000000E+00  1.645240E-02  8.151023E-04  5.086766E-20 -3.405537E-01  0.000000E+00
  1.479807E+00  1.297776E-01  5.000000E-01  3.142666E-01  2.727946E-02  0.000000E+00  1.623353E-02  8.339545E-04  1.216324E-19 -3.242490E-01  0.000000E+00
  1.446672E+00  1.280452E-01  5.000000E-01  3.072296E-01  2.691155E-02  0.000000E+00  1.600379E-02  8.461768E-04  3.265275E-19 -3.086743E-01  0.000000E+00
  1.413540E+00  1.262689E-01  5.000000E-01  3.001932E-01  2.653429E-02  0.000000E+00  1.577025E-02  8.524821E-04  3.362921E-19 -2.940678E-01  0.000000E+00
  1.380413E+00  1.244588E-01  5.000000E-01  2.931579E-01  2.614986E-02  0.000000E+00  1.553956E-02  8.538676E-04  1.985843E-19 -2.807033E-01  0.000000E+00
  1.347294E+00  1.226240E-01  5.000000E-01  2.861242E-01  2.576021E-02  0.000000E+00  1.531673E-02  8.512570E-04 -7.008900E-19 -2.689397E-01  0.000000E+00
  1.314179E+00  1.207726E-01  5.000000E-01  2.790914E-01  2.536702E-02  0.000000E+00  1.510348E-02  8.452482E-04 -1.703255E-18 -2.591314E-01  0.000000E+00
  1.281074E+00  1.189126E-01  5.000000E-01  2.720606E-01  2.497199E-02  0.000000E+00  1.489603E-02  8.363039E-04  5.768312E-20 -2.513011E-01  0.000000E+00
  1.247974E+00  1.170499E-01  5.000000E-01  2.650310E-01  2.457640E-02  0.000000E+00  1.468183E-02  8.242811E-04  1.670634E-18 -2.447420E-01  0.000000E+00
  1.214880E+00  1.151912E-01  5.000000E-01  2.580028E-01  2.418167E-02  0.000000E+00  1.443903E-02  8.084788E-04  1.047349E-18 -2.377484E-01  0.000000E+00
  1.181795E+00  1.133417E-01  5.000000E-01  2.509763E-01  2.378888E-02  0.000000E+00  1.414110E-02  7.879212E-04  7.118702E-19 -2.280760E-01  0.000000E+00
  1.148718E+00  1.115057E-01  5.000000E-01  2.439516E-01  2.339896E-02  0.000000E+00  1.376931E-02  7.613580E-04  7.862402E-19 -2.146719E-01  0.000000E+00
  1.115646E+00  1.096876E-01  5.000000E-01  2.369279E-01  2.301283E-02  0.000000E+00  1.333321E-02  7.288115E-04  8.181097E-19 -2.001802E-01  0.000000E+00
  1.082583E+00  1.078915E-01  5.000000E-01  2.299061E-01  2.263139E-02  0.000000E+00  1.288907E-02  6.935316E-04  3.589679E-19 -1.925080E-01  0.000000E+00
  1.049524E+00  1.061208E-01  5.000000E-01  2.228852E-01  2.225533E-02  0.000000E+00  1.255037E-02  6.629725E-04  1.552861E-19 -2.028011E-01  0.000000E+00
  1.016475E+00  1.043790E-01  5.000000E-01  2.158664E-01  2.188542E-02  0.000000E+00  1.248450E-02  6.480730E-04  9.116408E-20 -2.387881E-01  0.000000E+00
  9.834318E-01  1.026681E-01  5.000000E-01  2.088488E-01  2.152206E-02  0.000000E+00  1.287320E-02  6.605273E-04 -4.562446E-19 -2.973941E-01  0.000000E+00
  9.503976E-01  1.009796E-01  5.000000E-01  2.018331E-01  2.116347E-02  0.000000E+00  1.381126E-02  7.071260E-04 -3.827562E-19 -3.640020E-01  0.000000E+00
  9.173728E-01  9.929220E-02  5.000000E-01  1.948195E-01  2.080511E-02  0.000000E+00  1.518729E-02  7.833862E-04  1.073125E-19 -4.208405E-01  0.000000E+00
  8.843598E-01  9.758456E-02  5.000000E-01  1.878083E-01  2.044245E-02  0.000000E+00  1.667791E-02  8.747717E-04 -2.034698E-19 -4.570144E-01  0.000000E+00
  8.513623E-01  9.583595E-02  5.000000E-01  1.808005E-01  2.007108E-02  0.000000E+00  1.791040E-02  9.650263E-04 -7.012037E-19 -4.719949E-01  0.000000E+00
  8.183794E-01  9.402731E-02  5.000000E-01  1.737957E-01  1.968697E-02  0.000000E+00  1.867073E-02  1.043630E-03 -5.615504E-20 -4.720273E-01  0.000000E+00
  7.854121E-01  9.214231E-02  5.000000E-01  1.667943E-01  1.928665E-02  0.000000E+00  1.898101E-02  1.109041E-03  7.143725E-20 -4.643297E-01  0.000000E+00
  7.524593E-01  9.016723E-02  5.000000E-01  1.597959E-01  1.886719E-02  0.000000E+00  1.901174E-02  1.166705E-03 -4.716018E-19 -4.537370E-01  0.000000E+00
  7.195226E-01  8.809125E-02  5.000000E-01  1.528009E-01  1.842630E-02  0.000000E+00  1.894531E-02  1.224235E-03 -1.492100E-18 -4.423608E-01  0.000000E+00
  6.866079E-01  8.590558E-02  5.000000E-01  1.458107E-01  1.796212E-02  0.000000E+00  1.889443E-02  1.287295E-03 -8.813644E-19 -4.306132E-01  0.000000E+00
  6.537221E-01  8.360266E-02  5.000000E-01  1.388265E-01  1.747303E-02  0.000000E+00  1.889368E-02  1.357826E-03  3.727413E-20 -4.182450E-01  0.000000E+00
  6.208691E-01  8.117601E-02  5.000000E-01  1.318494E-01  1.695767E-02  0.000000E+00  1.892988E-02  1.434694E-03 -1.598724E-18 -4.049494E-01  0.000000E+00
  5.880524E-01  7.862050E-02  5.000000E-01  1.248799E-01  1.641495E-02  0.000000E+00  1.897542E-02  1.515324E-03 -2.083596E-18 -3.905916E-01  0.000000E+00
  5.552711E-01  7.593236E-02  5.000000E-01  1.179180E-01  1.584405E-02  0.000000E+00  1.900833E-02  1.597118E-03 -1.598616E-18 -3.752292E-01  0.000000E+00
  5.225283E-01  7.310977E-02  5.000000E-01  1.109642E-01  1.524460E-02  0.000000E+00  1.901849E-02  1.678429E-03 -1.108088E-18 -3.590465E-01  0.000000E+00
  4.898261E-01  7.015134E-02  5.000000E-01  1.040191E-01  1.461630E-02  0.000000E+00  1.900488E-02  1.758325E-03 -6.151952E-19 -3.423500E-01  0.000000E+00
  4.571624E-01  6.705664E-02  5.000000E-01  9.708209E-02  1.395907E-02  0.000000E+00  1.897064E-02  1.836060E-03 -2.997916E-19 -3.255736E-01  0.000000E+00
  4.245350E-01  6.382641E-02  5.000000E-01  9.015283E-02  1.327304E-02  0.000000E+00  1.891915E-02  1.910885E-03 -7.846276E-19 -3.092050E-01  0.000000E+00
  3.919369E-01  6.046249E-02  5.000000E-01  8.322981E-02  1.255863E-02  0.000000E+00  1.885120E-02  1.982151E-03 -4.161584E-18 -2.935765E-01  0.000000E+00
  3.593832E-01  5.696941E-02  5.000000E-01  7.631620E-02  1.181679E-02  0.000000E+00  1.876244E-02  2.049976E-03 -1.286117E-17 -2.785094E-01  0.000000E+00
  3.269046E-01  5.335091E-02  5.000000E-01  6.941854E-02  1.104831E-02  0.000000E+00  1.864031E-02  2.115346E-03 -2.285749E-17 -2.630792E-01  0.000000E+00
  2.945750E-01  4.960982E-02  5.000000E-01  6.255253E-02  1.025379E-02  0.000000E+00  1.846242E-02  2.178744E-03 -1.115493E-18 -2.458800E-01  0.000000E+00
  2.624265E-01  4.573776E-02  5.000000E-01  5.572497E-02  9.431460E-03  0.000000E+00  1.820161E-02  2.236613E-03  1.165469E-16 -2.261087E-01  0.000000E+00
  2.304268E-01  4.172336E-02  5.000000E-01  4.892903E-02  8.578900E-03  0.000000E+00  1.784764E-02  2.284395E-03  3.765938E-16 -2.046119E-01  0.000000E+00
  1.986088E-01  3.756584E-02  5.000000E-01  4.217166E-02  7.695945E-03  0.000000E+00  1.743542E-02  2.323324E-03  6.135524E-16 -1.845170E-01  0.000000E+00
  1.669282E-01  3.325337E-02  5.000000E-01  3.544349E-02  6.780082E-03  0.000000E+00  1.705965E-02  2.355726E-03  2.812491E-16 -1.717949E-01  0.000000E+00
  1.350509E-01  2.877420E-02  5.000000E-01  2.867354E-02  5.828816E-03  0.000000E+00  1.690905E-02  2.414146E-03 -7.895005E-16 -1.706121E-01  0.000000E+00
  1.043791E-01  2.432268E-02  5.000000E-01  2.215959E-02  4.883424E-03  0.000000E+00  1.726477E-02  2.602501E-03 -4.807493E-16 -1.769992E-01  0.000000E+00
  7.632629E-02  1.994081E-02  5.000000E-01  1.620187E-02  3.952821E-03  0.000000E+00  1.834128E-02  3.005489E-03  5.925303E-16 -1.883056E-01  0.000000E+00
  5.118571E-02  1.562957E-02  5.000000E-01  1.086263E-02  3.037221E-03  0.000000E+00  2.027566E-02  3.699299E-03 -3.896524E-14 -2.046099E-01  0.000000E+00
  3.264831E-02  1.206990E-02  5.000000E-01  6.925739E-03  2.281235E-03  0.000000E+00  2.325348E-02  4.944634E-03 -2.865405E-13 -2.132445E-01  0.000000E+00
  2.051015E-02  9.281526E-03  5.000000E-01  4.347893E-03  1.689052E-03  0.000000E+00  2.716866E-02  6.956469E-03 -1.020295E-12 -2.093927E-01  0.000000E+00
  1.247723E-02  7.038231E-03  5.000000E-01  2.641898E-03  1.212631E-03  0.000000E+00  3.199391E-02  9.833204E-03 -2.150443E-12 -2.170877E-01  0.000000E+00
  7.055255E-03  5.228457E-03  5.000000E-01  1.490404E-03  8.282795E-04  0.000000E+00  3.967022E-02  1.490325E-02 -1.880551E-12 -2.538396E-01  0.000000E+00
  3.418635E-03  3.731685E-03  5.000000E-01  7.180754E-04  5.104020E-04  0.000000E+00  5.346019E-02  2.672800E-02  4.671750E-12 -2.651159E-01  0.000000E+00
  1.108798E-03  2.437655E-03  5.000000E-01  2.275226E-04  2.355817E-04  0.000000E+00  6.095630E-02  4.945330E-02  2.263652E-11 -5.229118E-03  0.000000E+00
  3.747479E-05  1.328385E-03  5.000000E-01  0.000000E+00  0.000000E+00  0.000000E+00  2.435069E-02  6.083715E-02  4.684570E-11  8.992691E-01  0.000000E+00
  3.747479E-05  1.328385E-03  5.000000E-01  0.000000E+00  0.000000E+00  0.000000E+00  2.435069E-02  6.083715E-02  4.684570E-11  8.992691E-01  0.000000E+00
  2.534065E-04  3.443199E-04  5.000000E-01  4.585858E-05 -2.089911E-04  0.000000E+00  3.554773E-03  2.403324E-02  4.580300E-11  1.353060E+00  0.000000E+00
  1.848580E-03 -5.358626E-04  5.000000E-01  3.846343E-04 -3.959203E-04  0.000000E+00  2.546922E-02 -9.266505E-03  2.172036E-11  8.988776E-01  0.000000E+00
  4.867645E-03 -1.295684E-03  5.000000E-01  1.025809E-03 -5.572878E-04  0.000000E+00  3.186363E-02 -6.590962E-03  5.097433E-12  5.878377E-01  0.000000E+00
  9.380877E-03 -1.962712E-03  5.000000E-01  1.984309E-03 -6.989481E-04  0.000000E+00  2.868575E-02 -3.437513E-03 -1.518148E-12  5.016664E-01  0.000000E+00
  1.589077E-02 -2.551567E-03  5.000000E-01  3.366850E-03 -8.240062E-04  0.000000E+00  2.449169E-02 -1.726877E-03 -2.118192E-12  4.527202E-01  0.000000E+00
  2.547297E-02 -3.016696E-03  5.000000E-01  5.401873E-03 -9.227883E-04  0.000000E+00  2.066610E-02 -6.828429E-04 -1.051546E-12  4.064870E-01  0.000000E+00
  3.989163E-02 -3.229958E-03  5.000000E-01  8.464043E-03 -9.680800E-04  0.000000E+00  1.742041E-02 -5.543632E-05 -2.582466E-13  3.723522E-01  0.000000E+00
  6.092142E-02 -3.004438E-03  5.000000E-01  1.293025E-02 -9.201851E-04  0.000000E+00  1.495196E-02  2.504639E-04  1.776272E-14  3.583469E-01  0.000000E+00
  8.832839E-02 -2.351099E-03  5.000000E-01  1.875082E-02 -7.814319E-04  0.000000E+00  1.331102E-02  3.431663E-04  4.341450E-14  3.617472E-01  0.000000E+00
  1.189914E-01 -1.500974E-03  5.000000E-01  2.526288E-02 -6.008862E-04  0.000000E+00  1.235878E-02  3.371444E-04  1.828215E-14  3.719858E-01  0.000000E+00
  1.511926E-01 -6.467396E-04  5.000000E-01  3.210162E-02 -4.194678E-04  0.000000E+00  1.189224E-02  2.940643E-04  3.213545E-15  3.812655E-01  0.000000E+00
  1.838450E-01  9.286724E-05  5.000000E-01  3.903620E-02 -2.623935E-04  0.000000E+00  1.171491E-02  2.408984E-04 -6.251034E-16  3.867849E-01  0.000000E+00
  2.165049E-01  6.901987E-04  5.000000E-01  4.597235E-02 -1.355350E-04  0.000000E+00  1.166896E-02  1.896552E-04 -6.159347E-16  3.892872E-01  0.000000E+00
  2.491496E-01  1.151881E-03  5.000000E-01  5.290529E-02 -3.748504E-05  0.000000E+00  1.165680E-02  1.393690E-04 -1.962634E-16  3.913164E-01  0.000000E+00
  2.819003E-01  1.470497E-03  5.000000E-01  5.986073E-02  3.018123E-05  0.000000E+00  1.163400E-02  8.464582E-05 -1.947181E-17  3.944338E-01  0.000000E+00
  3.147601E-01  1.625983E-03  5.000000E-01  6.683936E-02  6.320259E-05  0.000000E+00  1.158903E-02  2.297117E-05  1.138642E-17  3.983300E-01  0.000000E+00
  3.477303E-01  1.596381E-03  5.000000E-01  7.384141E-02  5.691589E-05  0.000000E+00  1.152707E-02 -4.566983E-05  6.325504E-18  4.020699E-01  0.000000E+00
  3.807756E-01  1.359591E-03  5.000000E-01  8.085941E-02  6.627482E-06  0.000000E+00  1.145781E-02 -1.195387E-04  1.192837E-18  4.049933E-01  0.000000E+00
  4.138291E-01  9.020875E-04  5.000000E-01  8.787917E-02 -9.053501E-05  0.000000E+00  1.138839E-02 -1.959515E-04 -8.562764E-20  4.068420E-01  0.000000E+00
  4.468689E-01  2.181261E-04  5.000000E-01  9.489601E-02 -2.357916E-04  0.000000E+00  1.132356E-02 -2.736782E-04  2.218401E-19  4.077502E-01  0.000000E+00
  4.799091E-01 -6.988530E-04  5.000000E-01  1.019129E-01 -4.305354E-04  0.000000E+00  1.126768E-02 -3.532574E-04 -2.958538E-19  4.079612E-01  0.000000E+00
  5.129612E-01 -1.857745E-03  5.000000E-01  1.089324E-01 -6.766557E-04  0.000000E+00  1.122545E-02 -4.357525E-04 -7.986431E-19  4.075306E-01  0.000000E+00
  5.460360E-01 -3.269567E-03  5.000000E-01  1.159567E-01 -9.764918E-04  0.000000E+00  1.120207E-02 -5.221864E-04  1.353788E-19  4.063223E-01  0.000000E+00
  5.791347E-01 -4.946091E-03  5.000000E-01  1.229860E-01 -1.332544E-03  0.000000E+00  1.120293E-02 -6.133428E-04  9.191283E-19  4.041091E-01  0.000000E+00
  6.122565E-01 -6.898415E-03  5.000000E-01  1.300203E-01 -1.747170E-03  0.000000E+00  1.123354E-02 -7.098666E-04  8.736329E-19  4.006526E-01  0.000000E+00
  6.454013E-01 -9.136530E-03  5.000000E-01  1.370594E-01 -2.222491E-03  0.000000E+00  1.129966E-02 -8.125281E-04  1.256911E-18  3.957351E-01  0.000000E+00
  6.785693E-01 -1.166918E-02  5.000000E-01  1.441035E-01 -2.760363E-03  0.000000E+00  1.140729E-02 -9.221601E-04  1.003799E-18  3.891266E-01  0.000000E+00
  7.117575E-01 -1.450257E-02  5.000000E-01  1.511518E-01 -3.362106E-03  0.000000E+00  1.156229E-02 -1.039233E-03  4.997584E-19  3.805367E-01  0.000000E+00
  7.449560E-01 -1.763741E-02  5.000000E-01  1.582024E-01 -4.027868E-03  0.000000E+00  1.176994E-02 -1.163587E-03  8.205535E-19  3.696327E-01  0.000000E+00
  7.781569E-01 -2.106764E-02  5.000000E-01  1.652534E-01 -4.756365E-03  0.000000E+00  1.203475E-02 -1.294510E-03  2.509688E-18  3.561102E-01  0.000000E+00
  8.113578E-01 -2.478018E-02  5.000000E-01  1.723045E-01 -5.544817E-03  0.000000E+00  1.235950E-02 -1.430608E-03  1.702090E-18  3.397184E-01  0.000000E+00
  8.445597E-01 -2.875387E-02  5.000000E-01  1.793558E-01 -6.388731E-03  0.000000E+00  1.274292E-02 -1.569163E-03 -1.663882E-19  3.202516E-01  0.000000E+00
  8.777625E-01 -3.295766E-02  5.000000E-01  1.864072E-01 -7.281514E-03  0.000000E+00  1.317626E-02 -1.704978E-03 -1.468422E-18  2.975605E-01  0.000000E+00
  9.109638E-01 -3.734765E-02  5.000000E-01  1.934584E-01 -8.213839E-03  0.000000E+00  1.364054E-02 -1.829643E-03 -1.418971E-18  2.716718E-01  0.000000E+00
  9.441676E-01 -4.186712E-02  5.000000E-01  2.005100E-01 -9.173664E-03  0.000000E+00  1.410730E-02 -1.931546E-03  1.802463E-19  2.429550E-01  0.000000E+00
  9.773746E-01 -4.644475E-02  5.000000E-01  2.075624E-01 -1.014584E-02  0.000000E+00  1.454387E-02 -1.997343E-03 -1.910764E-19  2.121264E-01  0.000000E+00
  1.010583E+00 -5.099376E-02  5.000000E-01  2.146150E-01 -1.111194E-02  0.000000E+00  1.492784E-02 -2.022727E-03 -5.482002E-19  1.806711E-01  0.000000E+00
  1.043798E+00 -5.544935E-02  5.000000E-01  2.216690E-01 -1.205819E-02  0.000000E+00  1.526012E-02 -2.020623E-03 -1.673052E-18  1.507687E-01  0.000000E+00
  1.077015E+00 -5.979421E-02  5.000000E-01  2.287236E-01 -1.298094E-02  0.000000E+00  1.555236E-02 -2.003907E-03 -9.969599E-19  1.232526E-01  0.000000E+00
  1.110238E+00 -6.401597E-02  5.000000E-01  2.357793E-01 -1.387753E-02  0.000000E+00  1.581267E-02 -1.975154E-03 -2.476942E-19  9.725150E-02  0.000000E+00
  1.143462E+00 -6.810053E-02  5.000000E-01  2.428354E-01 -1.474500E-02  0.000000E+00  1.604700E-02 -1.934850E-03 -1.926919E-19  7.190634E-02  0.000000E+00
  1.176693E+00 -7.203501E-02  5.000000E-01  2.498927E-01 -1.558058E-02  0.000000E+00  1.625944E-02 -1.883289E-03  6.584113E-19  4.692074E-02  0.000000E+00
  1.209925E+00 -7.580493E-02  5.000000E-01  2.569505E-01 -1.638122E-02  0.000000E+00  1.645089E-02 -1.820073E-03 -6.712415E-19  2.238020E-02  0.000000E+00
  1.243158E+00 -7.939455E-02  5.000000E-01  2.640083E-01 -1.714357E-02  0.000000E+00  1.661922E-02 -1.744860E-03 -1.823079E-18 -1.428240E-03  0.000000E+00
  1.276395E+00 -8.278954E-02  5.000000E-01  2.710670E-01 -1.786458E-02  0.000000E+00  1.675967E-02 -1.657372E-03 -8.604184E-19 -2.416248E-02  0.000000E+00
  1.309630E+00 -8.597397E-02  5.000000E-01  2.781253E-01 -1.854087E-02  0.000000E+00  1.686487E-02 -1.557085E-03  3.687049E-19 -4.547887E-02  0.000000E+00
  1.342868E+00 -8.893252E-02  5.000000E-01  2.851842E-01 -1.916920E-02  0.000000E+00  1.692595E-02 -1.444190E-03 -8.767536E-20 -6.491052E-02  0.000000E+00
  1.376108E+00 -9.165155E-02  5.000000E-01  2.922435E-01 -1.974665E-02  0.000000E+00  1.693149E-02 -1.318944E-03 -4.503746E-19 -8.190334E-02  0.000000E+00
  1.409347E+00 -9.411619E-02  5.000000E-01  2.993027E-01 -2.027008E-02  0.000000E+00  1.686677E-02 -1.181838E-03 -6.734160E-19 -9.579931E-02  0.000000E+00
  1.442589E+00 -9.631406E-02  5.000000E-01  3.063625E-01 -2.073685E-02  0.000000E+00  1.671395E-02 -1.034262E-03 -4.675260E-19 -1.058089E-01  0.000000E+00
  1.475831E+00 -9.823353E-02  5.000000E-01  3.134222E-01 -2.114450E-02  0.000000E+00  1.645306E-02 -8.781405E-04  7.269029E-20 -1.111066E-01  0.000000E+00
  1.509072E+00 -9.986442E-02  5.000000E-01  3.204819E-01 -2.149086E-02  0.000000E+00  1.606724E-02 -7.163465E-04 -5.552918E-19 -1.108746E-01  0.000000E+00
  1.542314E+00 -1.011981E-01  5.000000E-01  3.275416E-01 -2.177410E-02  0.000000E+00  1.555151E-02 -5.534454E-04 -4.849377E-19 -1.044224E-01  0.000000E+00
  1.575558E+00 -1.022291E-01  5.000000E-01  3.346018E-01 -2.199307E-02  0.000000E+00  1.492322E-02 -3.985026E-04 -3.992826E-19 -9.124113E-02  0.000000E+00
  1.608800E+00 -1.029697E-01  5.000000E-01  3.416615E-01 -2.215034E-02  0.000000E+00  1.422552E-02 -2.659541E-04 -4.626851E-19 -7.116370E-02  0.000000E+00
  1.642044E+00 -1.034687E-01  5.000000E-01  3.487219E-01 -2.225632E-02  0.000000E+00  1.350736E-02 -1.645370E-04 -1.984406E-19 -4.546472E-02  0.000000E+00
  1.675286E+00 -1.037791E-01  5.000000E-01  3.557815E-01 -2.232224E-02  0.000000E+00  1.280460E-02 -9.317847E-05 -2.281966E-20 -1.674358E-02  0.000000E+00
  1.708526E+00 -1.039540E-01  5.000000E-01  3.628410E-01 -2.235939E-02  0.000000E+00  1.214090E-02 -4.841184E-05 -1.418766E-20  1.268448E-02  0.000000E+00
  1.741762E+00 -1.040468E-01  5.000000E-01  3.698996E-01 -2.237911E-02  0.000000E+00  1.153026E-02 -2.653507E-05 -2.922548E-20  4.141880E-02  0.000000E+00
  1.774995E+00 -1.041102E-01  5.000000E-01  3.769573E-01 -2.239257E-02  0.000000E+00  1.098062E-02 -2.449351E-05 -6.859421E-20  6.886963E-02  0.000000E+00
  1.808227E+00 -1.041990E-01  5.000000E-01  3.840150E-01 -2.241143E-02  0.000000E+00  1.049672E-02 -3.979621E-05 -8.413429E-20  9.477670E-02  0.000000E+00
  1.841453E+00 -1.043670E-01  5.000000E-01  3.910714E-01 -2.244711E-02  0.000000E+00  1.008163E-02 -7.042912E-05  2.897275E-20  1.188570E-01  0.000000E+00
  1.874678E+00 -1.046688E-01  5.000000E-01  3.981276E-01 -2.251119E-02  0.000000E+00  9.738727E-03 -1.152337E-04  2.542931E-20  1.407667E-01  0.000000E+00
  1.907900E+00 -1.051592E-01  5.000000E-01  4.051830E-01 -2.261534E-02  0.000000E+00  9.473642E-03 -1.737677E-04 -3.472466E-20  1.601045E-01  0.000000E+00
  1.941118E+00 -1.058932E-01  5.000000E-01  4.122377E-01 -2.277122E-02  0.000000E+00  9.296750E-03 -2.465838E-04  2.568144E-19  1.764523E-01  0.000000E+00
  1.974334E+00 -1.069259E-01  5.000000E-01  4.192920E-01 -2.299055E-02  0.000000E+00  9.225392E-03 -3.357711E-04  3.714676E-20  1.893696E-01  0.000000E+00
  2.007549E+00 -1.083137E-01  5.000000E-01  4.263460E-01 -2.328528E-02  0.000000E+00  9.283409E-03 -4.453084E-04  3.422433E-19  1.982434E-01  0.000000E+00
  2.040760E+00 -1.101120E-01  5.000000E-01  4.333993E-01 -2.366720E-02  0.000000E+00  9.497153E-03 -5.817745E-04  5.244942E-19  2.022208E-01  0.000000E+00
  2.073970E+00 -1.123767E-01  5.000000E-01  4.404522E-01 -2.414818E-02  0.000000E+00  9.888057E-03 -7.533453E-04 -6.360904E-19  2.003411E-01  0.000000E+00
  2.107177E+00 -1.151620E-01  5.000000E-01  4.475046E-01 -2.473969E-02  0.000000E+00  1.045739E-02 -9.580494E-04 -2.120823E-18  1.908456E-01  0.000000E+00
  2.140379E+00 -1.184515E-01  5.000000E-01  4.545558E-01 -2.543830E-02  0.000000E+00  1.117989E-02 -1.178358E-03 -4.205249E-18  1.716809E-01  0.000000E+00
  2.173577E+00 -1.221519E-01  5.000000E-01  4.616063E-01 -2.622417E-02  0.000000E+00  1.202209E-02 -1.398058E-03 -2.001328E-18  1.430027E-01  0.000000E+00
  2.206768E+00 -1.261634E-01  5.000000E-01  4.686553E-01 -2.707611E-02  0.000000E+00  1.295535E-02 -1.608229E-03  1.008167E-18  1.067259E-01  0.000000E+00
  2.239954E+00 -1.303867E-01  5.000000E-01  4.757033E-01 -2.797304E-02  0.000000E+00  1.395379E-02 -1.799382E-03  5.312937E-19  6.427396E-02  0.000000E+00
  2.273134E+00 -1.347211E-01  5.000000E-01  4.827499E-01 -2.889357E-02  0.000000E+00  1.499416E-02 -1.960492E-03 -3.346661E-19  1.620446E-02  0.000000E+00
  2.306309E+00 -1.390666E-01  5.000000E-01  4.897953E-01 -2.981645E-02  0.000000E+00  1.605677E-02 -2.079730E-03 -7.033571E-19 -3.736087E-02  0.000000E+00
  2.339476E+00 -1.433220E-01  5.000000E-01  4.968392E-01 -3.072018E-02  0.000000E+00  1.712534E-02 -2.145038E-03 -8.154525E-19 -9.634463E-02  0.000000E+00
  2.372638E+00 -1.473860E-01  5.000000E-01  5.038821E-01 -3.158329E-02  0.000000E+00  1.818673E-02 -2.145685E-03 -1.277197E-18 -1.604939E-01  0.000000E+00
  2.405805E+00 -1.511613E-01  5.000000E-01  5.109259E-01 -3.238506E-02  0.000000E+00  1.922916E-02 -2.072344E-03 -1.698649E-18 -2.294534E-01  0.000000E+00
  2.438976E+00 -1.545513E-01  5.000000E-01  5.179706E-01 -3.310502E-02  0.000000E+00  2.023747E-02 -1.915492E-03 -1.883343E-18 -3.029619E-01  0.000000E+00
  2.472150E+00 -1.574588E-01  5.000000E-01  5.250160E-01 -3.372249E-02  0.000000E+00  2.118825E-02 -1.665968E-03 -7.433657E-19 -3.808048E-01  0.000000E+00
  2.505329E+00 -1.597874E-01  5.000000E-01  5.320624E-01 -3.421704E-02  0.000000E+00  2.204643E-02 -1.316659E-03  3.662742E-19 -4.626809E-01  0.000000E+00
  2.538512E+00 -1.614413E-01  5.000000E-01  5.391097E-01 -3.456827E-02  0.000000E+00  2.276924E-02 -8.639207E-04  1.360692E-18 -5.480689E-01  0.000000E+00
  2.571700E+00 -1.623241E-01  5.000000E-01  5.461580E-01 -3.475577E-02  0.000000E+00  2.332907E-02 -3.100052E-04  4.931424E-18 -6.359216E-01  0.000000E+00
  2.604894E+00 -1.623416E-01  5.000000E-01  5.532074E-01 -3.475948E-02  0.000000E+00  2.375745E-02  3.329531E-04  1.119094E-17 -7.241807E-01  0.000000E+00
  2.638090E+00 -1.614080E-01  5.000000E-01  5.602575E-01 -3.456121E-02  0.000000E+00  2.420140E-02  1.018979E-03  1.767968E-17 -8.080218E-01  0.000000E+00
  2.671292E+00 -1.595580E-01  5.000000E-01  5.673087E-01 -3.416831E-02  0.000000E+00  2.475121E-02  1.684714E-03  2.249065E-17 -8.821206E-01  0.000000E+00
  2.704497E+00 -1.569064E-01  5.000000E-01  5.743608E-01 -3.360517E-02  0.000000E+00  2.497881E-02  2.259910E-03  2.361308E-17 -9.442128E-01  0.000000E+00
  2.737708E+00 -1.535698E-01  5.000000E-01  5.814140E-01 -3.289657E-02  0.000000E+00  2.368748E-02  2.580161E-03  2.091677E-17 -9.901936E-01  0.000000E+00
  2.770923E+00 -1.496649E-01  5.000000E-01  5.884680E-01 -3.206726E-02  0.000000E+00  1.959281E-02  2.411707E-03  1.388954E-17 -1.004394E+00  0.000000E+00
  2.804143E+00 -1.453076E-01  5.000000E-01  5.955230E-01 -3.114188E-02  0.000000E+00  1.292744E-02  1.719601E-03  6.202745E-18 -9.582901E-01  0.000000E+00
  2.837367E+00 -1.406146E-01  5.000000E-01  6.025790E-01 -3.014520E-02  0.000000E+00  5.983905E-03  8.364373E-04  2.232832E-18 -8.333153E-01  0.000000E+00
  2.870594E+00 -1.357016E-01  5.000000E-01  6.096357E-01 -2.910179E-02  0.000000E+00  9.962997E-04  1.495398E-04  3.412269E-19 -6.538506E-01  0.000000E+00
  2.903823E+00 -1.306840E-01  5.000000E-01  6.166926E-01 -2.803618E-02  0.000000E+00 -1.627023E-03 -2.281480E-04  3.073390E-19 -4.831853E-01  0.000000E+00
  2.937051E+00 -1.256750E-01  5.000000E-01  6.237496E-01 -2.697239E-02  0.000000E+00 -2.644630E-03 -3.811198E-04  4.483974E-19 -3.732507E-01  0.000000E+00
  2.970283E+00 -1.207882E-01  5.000000E-01  6.308072E-01 -2.593456E-02  0.000000E+00 -2.912196E-03 -4.179197E-04 -7.019716E-19 -3.259401E-01  0.000000E+00
  3.003515E+00 -1.161370E-01  5.000000E-01  6.378649E-01 -2.494677E-02  0.000000E+00 -2.953659E-03 -4.032853E-04 -1.922452E-18 -3.092270E-01  0.000000E+00
  3.036751E+00 -1.118334E-01  5.000000E-01  6.449232E-01 -2.403279E-02  0.000000E+00 -2.965096E-03 -3.663053E-04 -1.599338E-18 -2.957680E-01  0.000000E+00
  3.069988E+00 -1.079900E-01  5.000000E-01  6.519820E-01 -2.321654E-02  0.000000E+00 -2.962641E-03 -3.172087E-04  1.657228E-19 -2.771288E-01  0.000000E+00
  3.103226E+00 -1.047169E-01  5.000000E-01  6.590409E-01 -2.252142E-02  0.000000E+00 -2.920460E-03 -2.574487E-04  4.718057E-19 -2.546352E-01  0.000000E+00
  3.136469E+00 -1.021251E-01  5.000000E-01  6.661010E-01 -2.197097E-02  0.000000E+00 -2.824765E-03 -1.883516E-04 -3.305069E-19 -2.296606E-01  0.000000E+00
  3.169712E+00 -1.003011E-01  5.000000E-01  6.731611E-01 -2.158361E-02  0.000000E+00 -2.666957E-03 -1.186530E-04 -2.250846E-19 -2.019499E-01  0.000000E+00
  3.202960E+00 -9.920041E-02  5.000000E-01  6.802220E-01 -2.134985E-02  0.000000E+00 -2.432976E-03 -5.908673E-05  1.720507E-19 -1.714814E-01  0.000000E+00
  3.236210E+00 -9.872651E-02  5.000000E-01  6.872835E-01 -2.124920E-02  0.000000E+00 -2.107509E-03 -1.486336E-05  1.104697E-19 -1.394106E-01  0.000000E+00
  3.269464E+00 -9.878051E-02  5.000000E-01  6.943459E-01 -2.126067E-02  0.000000E+00 -1.681905E-03  1.199712E-05 -4.599050E-20 -1.076157E-01  0.000000E+00
  3.302721E+00 -9.926146E-02  5.000000E-01  7.014089E-01 -2.136281E-02  0.000000E+00 -1.156377E-03  2.106683E-05  5.566473E-20 -7.827296E-02  0.000000E+00
  3.335981E+00 -1.000688E-01  5.000000E-01  7.084724E-01 -2.153426E-02  0.000000E+00 -5.367614E-04  1.384651E-05  4.976612E-19 -5.356029E-02  0.000000E+00
  3.369247E+00 -1.011051E-01  5.000000E-01  7.155373E-01 -2.175436E-02  0.000000E+00  1.716426E-04 -6.270386E-06  8.426975E-19 -3.534512E-02  0.000000E+00
  3.402518E+00 -1.022785E-01  5.000000E-01  7.226032E-01 -2.200355E-02  0.000000E+00  9.694081E-04 -3.494416E-05  3.044831E-19 -2.504748E-02  0.000000E+00
  3.435792E+00 -1.034998E-01  5.000000E-01  7.296699E-01 -2.226293E-02  0.000000E+00  1.862256E-03 -6.699954E-05  2.344613E-19 -2.331572E-02  0.000000E+00
  3.469073E+00 -1.046882E-01  5.000000E-01  7.367379E-01 -2.251533E-02  0.000000E+00  2.852313E-03 -9.619841E-05  8.643391E-19 -2.989869E-02  0.000000E+00
  3.502353E+00 -1.057684E-01  5.000000E-01  7.438057E-01 -2.274472E-02  0.000000E+00  3.925278E-03 -1.154438E-04  6.367624E-19 -4.388010E-02  0.000000E+00
  3.535630E+00 -1.066732E-01  5.000000E-01  7.508729E-01 -2.293688E-02  0.000000E+00  5.043143E-03 -1.171515E-04 -8.102724E-20 -6.383536E-02  0.000000E+00
  3.568904E+00 -1.073429E-01  5.000000E-01  7.579395E-01 -2.307910E-02  0.000000E+00  6.149050E-03 -9.451460E-05 -7.349529E-19 -8.798723E-02  0.000000E+00
  3.602176E+00 -1.077236E-01  5.000000E-01  7.650057E-01 -2.315995E-02  0.000000E+00  7.180013E-03 -4.318470E-05 -1.204765E-18 -1.143389E-01  0.000000E+00
  3.635446E+00 -1.077682E-01  5.000000E-01  7.720714E-01 -2.316944E-02  0.000000E+00  8.077745E-03  3.747521E-05 -9.071576E-19 -1.408050E-01  0.000000E+00
  3.668713E+00 -1.074362E-01  5.000000E-01  7.791365E-01 -2.309893E-02  0.000000E+00  8.794693E-03  1.440701E-04  7.238502E-19 -1.652479E-01  0.000000E+00
  3.701976E+00 -1.066950E-01  5.000000E-01  7.862008E-01 -2.294151E-02  0.000000E+00  9.296595E-03  2.700923E-04  4.233667E-18 -1.856247E-01  0.000000E+00
  3.735241E+00 -1.055147E-01  5.000000E-01  7.932655E-01 -2.269084E-02  0.000000E+00  9.565311E-03  4.055816E-04  8.999097E-18 -2.001015E-01  0.000000E+00
  3.768500E+00 -1.038792E-01  5.000000E-01  8.003289E-01 -2.234350E-02  0.000000E+00  9.602748E-03  5.380636E-04  1.374592E-17 -2.071497E-01  0.000000E+00
  3.801751E+00 -1.017872E-01  5.000000E-01  8.073904E-01 -2.189921E-02  0.000000E+00  9.430037E-03  6.563724E-04  1.539065E-17 -2.060225E-01  0.000000E+00
  3.834989E+00 -9.924598E-02  5.000000E-01  8.144495E-01 -2.135952E-02  0.000000E+00  9.083207E-03  7.520229E-04  1.501988E-17 -1.969328E-01  0.000000E+00
  3.868211E+00 -9.627658E-02  5.000000E-01  8.215050E-01 -2.072889E-02  0.000000E+00  8.606258E-03  8.205438E-04  1.301723E-17 -1.809084E-01  0.000000E+00
  3.901422E+00 -9.290204E-02  5.000000E-01  8.285582E-01 -2.001223E-02  0.000000E+00  8.043998E-03  8.615134E-04  9.900443E-18 -1.594319E-01  0.000000E+00
  3.934617E+00 -8.915339E-02  5.000000E-01  8.356079E-01 -1.921611E-02  0.000000E+00  7.436212E-03  8.768118E-04  6.631659E-18 -1.340876E-01  0.000000E+00
  3.967800E+00 -8.506441E-02  5.000000E-01  8.426552E-01 -1.834771E-02  0.000000E+00  6.813043E-03  8.698293E-04  1.852889E-18 -1.064033E-01  0.000000E+00
  4.000972E+00 -8.067089E-02  5.000000E-01  8.497000E-01 -1.741463E-02  0.000000E+00  6.194772E-03  8.447188E-04 -7.861334E-19 -7.754419E-02  0.000000E+00
  4.034139E+00 -7.600782E-02  5.000000E-01  8.567440E-01 -1.642431E-02  0.000000E+00  5.592745E-03  8.060072E-04  4.313325E-19 -4.834524E-02  0.000000E+00
  4.067311E+00 -7.110007E-02  5.000000E-01  8.637890E-01 -1.538202E-02  0.000000E+00  5.011437E-03  7.573154E-04  1.277398E-18 -1.936694E-02  0.000000E+00
  4.100488E+00 -6.597071E-02  5.000000E-01  8.708348E-01 -1.429267E-02  0.000000E+00  4.452176E-03  7.008657E-04  7.739540E-19  9.138683E-03  0.000000E+00
  4.133669E+00 -6.064323E-02  5.000000E-01  8.778818E-01 -1.316125E-02  0.000000E+00  3.915621E-03  6.384473E-04  1.486752E-18  3.700275E-02  0.000000E+00
  4.166856E+00 -5.513852E-02  5.000000E-01  8.849299E-01 -1.199218E-02  0.000000E+00  3.403676E-03  5.719448E-04  1.289793E-18  6.405910E-02  0.000000E+00
  4.200049E+00 -4.947895E-02  5.000000E-01  8.919793E-01 -1.079023E-02  0.000000E+00  2.920776E-03  5.034785E-04  7.749858E-19  9.011100E-02  0.000000E+00
  4.233242E+00 -4.368588E-02  5.000000E-01  8.990285E-01 -9.559923E-03  0.000000E+00  2.474608E-03  4.350211E-04  1.050887E-18  1.150022E-01  0.000000E+00
  4.266405E+00 -3.780652E-02  5.000000E-01  9.060715E-01 -8.311291E-03  0.000000E+00  2.075908E-03  3.682365E-04 -3.683051E-19  1.386484E-01  0.000000E+00
  4.299502E+00 -3.192977E-02  5.000000E-01  9.131006E-01 -7.063214E-03  0.000000E+00  1.736185E-03  3.056238E-04 -3.376490E-19  1.608720E-01  0.000000E+00
  4.332522E+00 -2.617817E-02  5.000000E-01  9.201132E-01 -5.841716E-03  0.000000E+00  1.464362E-03  2.505127E-04  8.927830E-19  1.811968E-01  0.000000E+00
  4.365472E+00 -2.066784E-02  5.000000E-01  9.271110E-01 -4.671457E-03  0.000000E+00  1.265533E-03  2.054351E-04  1.074868E-18  1.991589E-01  0.000000E+00
  4.398350E+00 -1.551716E-02  5.000000E-01  9.340935E-01 -3.577579E-03  0.000000E+00  1.142931E-03  1.711967E-04  5.096579E-19  2.147422E-01  0.000000E+00
  4.431155E+00 -1.084353E-02  5.000000E-01  9.410605E-01 -2.585016E-03  0.000000E+00  1.099271E-03  1.467269E-04  3.929329E-19  2.281378E-01  0.000000E+00
  4.463888E+00 -6.771730E-03  5.000000E-01  9.480121E-01 -1.720265E-03  0.000000E+00  1.134236E-03  1.288595E-04  3.843416E-19  2.393295E-01  0.000000E+00
  4.496579E+00 -3.394345E-03  5.000000E-01  9.549550E-01 -1.002992E-03  0.000000E+00  1.239497E-03  1.126055E-04  2.285584E-18  2.484208E-01  0.000000E+00
  4.529252E+00 -7.717847E-04  5.000000E-01  9.618938E-01 -4.460243E-04  0.000000E+00  1.393691E-03  9.389957E-05  2.911593E-18  2.559723E-01  0.000000E+00
  4.561929E+00  1.075636E-03  5.000000E-01  9.688337E-01 -5.367764E-05  0.000000E+00  1.554753E-03  7.049066E-05  4.985378E-19  2.608780E-01  0.000000E+00
  4.594574E+00  2.131975E-03  5.000000E-01  9.757665E-01  1.706628E-04  0.000000E+00  1.660260E-03  3.390525E-05  9.724631E-20  2.601867E-01  0.000000E+00
  4.627203E+00  2.392382E-03  5.000000E-01  9.826962E-01  2.259669E-04  0.000000E+00  1.677554E-03 -1.980734E-05 -1.816888E-19  2.612454E-01  0.000000E+00
  4.659162E+00  1.878719E-03  5.000000E-01  9.894836E-01  1.168775E-04  0.000000E+00  1.642996E-03 -4.814960E-05  4.672499E-19  2.749821E-01  0.000000E+00
  4.689251E+00  7.151447E-04  5.000000E-01  9.958737E-01 -1.302371E-04  0.000000E+00  1.489535E-03 -1.986039E-05  2.853076E-18  2.451063E-01  0.000000E+00
  4.708680E+00 -3.729245E-04  5.000000E-01  9.999999E-01 -3.613162E-04  0.000000E+00  1.025631E-03  6.902593E-07  3.303333E-18  8.042042E-02  0.000000E+00
    1    2
    2    3
    3    4
    4    5
    5    6
    6    7
    7    8
    8    9
    9   10
   10   11
   11   12
   12   13
   13   14
   14   15
   15   16
   16   17
   17   18
   18   19
   19   20
   20   21
   21   22
   22   23
   23   24
   24   25
   25   26
   26   27
   27   28
   28   29
   29   30
   30   31
   31   32
   32   33
   33   34
   34   35
   35   36
   36   37
   37   38
   38   39
   39   40
   40   41
   41   42
   42   43
   43   44
   44   45
   45   46
   46   47
   47   48
   48   49
   49   50
   50   51
   51   52
   52   53
   53   54
   54   55
   55   56
   56   57
   57   58
   58   59
   59   60
   60   61
   61   62
   62   63
   63   64
   64   65
   65   66
   66   67
   67   68
   68   69
   69   70
   70   71
   71   72
   72   73
   73   74
   74   75
   75   76
   76   77
   77   78
   78   79
   79   80
   80   81
   81   82
   82   83
   83   84
   84   85
   85   86
   86   87
   87   88
   88   89
   89   90
   90   91
   91   92
   92   93
   93   94
   94   95
   95   96
   96   97
   97   98
   98   99
   99  100
  100  101
  101  102
  102  103
  103  104
  104  105
  105  106
  106  107
  107  108
  108  109
  109  110
  110  111
  111  112
  112  113
  113  114
  114  115
  115  116
  116  117
  117  118
  118  119
  119  120
  120  121
  121  122
  122  123
  123  124
  124  125
  125  126
  126  127
  127  128
  128  129
  129  130
  130  131
  131  132
  132  133
  133  134
  134  135
  135  136
  136  137
  137  138
  138  139
  139  140
  140  141
  141  142
  142  143
  143  144
  144  145
  145  146
  146  147
  147  148
  148  149
  149  150
  151  152
  152  153
  153  154
  154  155
  155  156
  156  157
  157  158
  158  159
  159  160
  160  161
  161  162
  162  163
  163  164
  164  165
  165  166
  166  167
  167  168
  168  169
  169  170
  170  171
  171  172
  172  173
  173  174
  174  175
  175  176
  176  177
  177  178
  178  179
  179  180
  180  181
  181  182
  182  183
  183  184
  184  185
  185  186
  186  187
  187  188
  188  189
  189  190
  190  191
  191  192
  192  193
  193  194
  194  195
  195  196
  196  197
  197  198
  198  199
  199  200
  200  201
  201  202
  202  203
  203  204
  204  205
  205  206
  206  207
  207  208
  208  209
  209  210
  210  211
  211  212
  212  213
  213  214
  214  215
  215  216
  216  217
  217  218
  218  219
  219  220
  220  221
  221  222
  222  223
  223  224
  224  225
  225  226
  226  227
  227  228
  228  229
  229  230
  230  231
  231  232
  232  233
  233  234
  234  235
  235  236
  236  237
  237  238
  238  239
  239  240
  240  241
  241  242
  242  243
  243  244
  244  245
  245  246
  246  247
  247  248
  248  249
  249  250
  250  251
  251  252
  252  253
  253  254
  254  255
  255  256
  256  257
  257  258
  258  259
  259  260
  260  261
  261  262
  262  263
  263  264
  264  265
  265  266
  266  267
  267  268
  268  269
  269  270
  270  271
  271  272
  272  273
  273  274
  274  275
  275  276
  276  277
  277  278
  278  279
  279  280
  280  281
  281  282
  282  283
  283  284
  284  285
  285  286
  286  287
  287  288
  288  289
  289  290
  290  291
  291  292
  292  293
  293  294
  294  295
  295  296
  296  297
  297  298
  298  299
  299  300
